1.0850175186952,1.07476122463394,2.2208564381378
0.680489015483497,1.29377635943128,2.12576727453461
0.776550293424123,1.6139112318753,2.60447919126527
0.897167456666186,0.58614018793832,1.55840777860409
0.747130923804689,0.393299571433003,1.22781329779249
0.00225399299156014,1.73770760127203,2.52696013316604
0.855090456790464,0.0996186337082809,1.251874445418
1.15706001398379,0.740321095292303,1.99752181652923
0.838184635921283,0.0865241539011591,1.22535719491559
0.875360293095626,0.124742928689485,1.2858008946667
0.119267230427971,1.54957934673677,2.26004833387575
1.63404769151018,0.0366664504412615,2.37681489351996
0.379734600277165,1.64532600853681,2.45551436766321
1.30186450487862,0.175694165378549,1.91032141198964
0.871841187466855,1.30890038631113,2.28697868892321
0.647510356686597,1.01626594416062,1.752324455362
1.73463822132763,0.383066891378889,2.58327039742697
1.1899095122679,0.217418936548531,1.78678253538606
0.694120345657619,0.518088210185047,1.25954936611537
0.262518038882321,1.44448869768677,2.13496933874864
1.29350754490894,0.342772341859562,1.94593012364235
1.02434438978403,0.460443223485726,1.63315985332062
1.23786388182381,0.956761219507015,2.2750991655741
0.321764253886996,1.11129010683304,1.68240355395113
0.66594571078539,1.51200283987094,2.40255708186288
0.556894668285181,0.967264581955063,1.62305677418274
0.885642286194505,0.710481560394499,1.6510963922931
1.60537351718663,0.411449188489498,2.40997355632526
0.832964901371672,0.889276507586526,1.7718721244384
1.41907388509509,0.12086445344714,2.07107519388578
-0.0535726204810238,1.76003206123976,2.56060740211503
0.810916528607296,1.58479759096844,2.58877332569986
0.864678926371772,0.691730732625035,1.61025658043503
0.184065087347177,1.51938041200552,2.22562277295579
0.445055497291434,1.14484172244222,1.78619179294612
1.10295136929256,1.21219840525538,2.38324341666862
0.538746119240364,0.799120241050157,1.40149613808214
0.763030301073535,0.887278878821238,1.70176277848183
1.21275737418795,0.684201669174027,2.02488524183294
0.935985298122599,0.632606663016086,1.64282327300811
1.20936339389509,0.950895802909887,2.2371684050608
1.29368831152381,0.0338988417700562,1.88191508205515
1.20031250095426,0.02700870208314,1.74592494424
0.553189372859189,1.61901948279823,2.4880017419864
1.10040425938349,0.209279597562944,1.62888006022471
0.811119395618905,1.38027715472499,2.32810401261794
1.76355678006075,0.0888739950517071,2.56780207599968
0.962702764599948,0.796022401659047,1.81654438205724
0.37010494958282,1.51896907331812,2.27349323824273
1.24270601303459,0.917803451805001,2.24656272794197
0.762694814610246,1.12025715554434,1.9707793834807
1.05890964336602,1.11273987544499,2.23372365453266
1.02424116648901,1.38692851165131,2.50722050660753
-0.189677851775572,1.73778250741617,2.54207557695626
0.949704744678782,0.449062495039471,1.52765901585317
1.6080793711341,0.566260012085684,2.47920073741478
0.807760410923154,0.638363957158202,1.4971705320503
0.897214170899288,0.276685641931167,1.36535114466162
0.991911674442182,1.11434448767633,2.16945174006609
0.617533372963435,0.955653549704172,1.65459869299989
1.20285300090942,0.502796924605198,1.89584296946566
1.53938581500847,0.09242060881103,2.24567479250716
1.12117559381554,0.848540373659669,2.04470543867115
-0.0962949095233678,1.76271509312228,2.56714567965124
0.941580844697253,0.911410320389278,1.9056240895813
1.06617309719785,0.11887674497272,1.56002644138666
1.01627027343235,0.795527436062972,1.87679007374664
0.468017405313117,1.36661213936044,2.10062296641004
0.867265485818558,1.5259570918511,2.55238179604395
0.954113329597141,0.571032300389263,1.61697238148564
1.26032856895258,0.533141607318612,1.98999381899781
0.249044474335116,1.27483091325142,1.88889056083641
0.915040702292263,0.418152447800723,1.46299879695281
0.310746442494875,1.17732000008395,1.77067974861509
1.11206198029737,1.31080173592404,2.49972061416013
0.860272301255646,0.333799517767786,1.34187246209885
1.64376338215406,0.509255783839007,2.50243318969273
0.316823876652182,1.28629094228898,1.92641656135052
0.944654886141475,0.930090303909094,1.92779868523329
1.12713028758108,1.08988974916223,2.28001238258027
1.18846031853399,0.327573128357578,1.79269442920622
0.595839421959417,0.659368412167239,1.29234212933558
1.36054683589906,0.947992133705492,2.41140437269387
1.49421134567627,0.432273041430062,2.2619687875113
0.737545819372576,0.486025473971273,1.28446653346981
0.324465899653384,1.35038039302281,2.01960074560958
1.00978461392197,0.824988476889803,1.89618362546086
0.961258280420611,0.121927988008936,1.40905282073572
0.691131677859482,0.706413757732451,1.43713718218506
0.746118658516432,0.764311747945297,1.55323993400818
1.38195353242685,0.149412382176808,2.02133515845638
0.430197033649836,1.51818594538182,2.29465468606109
1.01897623231821,1.19266780907303,2.26464172720819
1.69989208356642,0.0347182200293153,2.47248255109948
1.15539256078563,0.70214530432769,1.96608501009509
0.822497863171397,0.310762826173362,1.27859350830139
1.17698213707193,0.134344896634891,1.72266995884646
0.583504694034553,1.60056038034287,2.47736686526479
0.874063437954944,0.316138244353553,1.35163887072072
0.372830804823879,1.699659376013,2.53039388617049
0.929486326994098,0.228966648711178,1.39205658102948
0.27930244352262,1.46196762320678,2.16442927464563
0.589308275031,0.573385426663257,1.19567284952927
0.96441873871119,1.51946855986917,2.61709388838025
1.10384075609192,0.683528829157951,1.88802780350346
0.781740203363271,0.852648116072624,1.68217013691446
0.634347104538186,0.652158578148849,1.32299942027696
1.19235473830471,0.470433845529299,1.86398520806317
0.349608660613909,1.13233845909898,1.72333338492147
1.61210778671555,0.369132215944671,2.4049824254083
0.484742902730186,0.93382606688616,1.53001775065848
1.45766667316769,0.899093384049058,2.49051566783404
1.56143702984103,0.483528786309437,2.37700590545189
0.98378808073268,0.744058446391708,1.79370852918262
1.22450087437586,0.388294819687032,1.86804080978633
1.1780710676636,1.23087311627569,2.47763522544505
1.01493959476364,-0.443297818173702,1.62647452510857
0.87393058719985,0.35048097156764,1.36925118661326
0.88408363689256,0.0697804734882458,1.28962453153411
0.843414491848919,0.829055961594643,1.71981124713666
1.28968626215275,0.948813523833554,2.32831203651597
1.20515284888462,0.228620677985029,1.79045316704942
0.494224692698236,1.08194831184751,1.72973519974836
0.86788364174371,0.557322937992123,1.4998838153988
1.12067829912154,0.456670416436978,1.75979154044166
0.598224522887279,1.07851263174563,1.79347279527011
0.972497537198476,1.24104816225466,2.29280802733632
0.732594471773735,0.855137688615757,1.63746967577654
0.936457686837932,1.2951673700621,2.32416392431417
0.272480462263657,1.47864968277628,2.18644237264988
1.41989065847202,0.240126975403401,2.0941103840396
0.294729075682502,1.45945346935032,2.16516702195289
0.819107265305529,0.554177012789901,1.43814144679629
1.05066793983804,1.02667268184826,2.13620541068823
1.38741273965227,0.732486494686044,2.28148114495302
0.768071972750735,0.585706496930842,1.40462062188289
0.599054786633234,1.55813834657128,2.42752355045743
0.327551942620662,1.30460849459933,1.95603151384936
0.301877138223221,1.5051181734936,2.23231776679172
1.13037261111323,0.180524385523978,1.66460762871353
1.06125680928155,0.24640652924837,1.58432190167171
0.589403735809615,1.36591260527353,2.16333221570954
1.62711208405263,0.612876223902834,2.52841507385521
1.67184964754803,0.250224036795026,2.4582674649975
0.657992807460807,0.546835526172042,1.24414789074584
1.18911875407248,0.306266104419002,1.78563845530814
0.540336590933636,1.52848554396661,2.35750785153474
0.374518275528005,1.04561897727572,1.61512265594131
0.427780449509031,1.69248523368666,2.53859459328566
1.07326640819825,0.438598767362183,1.68602699072281
1.52006262809565,0.569277666250369,2.36039250774435
0.931055815534294,0.634323458284822,1.63829343347824
0.104720636471318,1.7870880804714,2.6032246090545
0.353301482223298,1.6171388403007,2.40709611950113
1.04858505037049,0.192927117954489,1.5504368730101
1.37547746653372,1.0752785300739,2.5388693873941
0.929617408673932,0.622982673144442,1.62732692428276
0.915909650483065,0.626082145882938,1.61334519973089
0.63256081755954,1.12580329833343,1.87785853793354
1.18840747606836,0.400064556259412,1.82346682747387
1.06032278417916,0.58905919370989,1.763876899383
1.63473280853145,0.452712462493277,2.4666861286238
0.893415585196448,0.985657827705166,1.93451773415858
1.23746539225521,0.762598526776609,2.11377347200019
1.059492515496,1.09023724104449,2.21072439944677
0.522140489926203,0.631683705341966,1.19177548714241
0.573591915635328,0.766805096910822,1.39253287652208
1.65933379585008,0.119205825162902,2.41920616782949
0.441709302578296,1.28279364416797,1.95382903662871
1.10056098375794,0.175852939375103,1.6207270216653
1.11203678987435,0.921546037367114,2.10022221126453
1.11040610724285,1.25609057399065,2.43799949954367
1.57332223182129,-0.0569475479275498,2.26957015344495
0.813291183740905,0.911729270871124,1.77666908298051
0.970765524985098,1.28049960436466,2.336710470394
0.523626583279418,1.17778415468885,1.87436100326133
1.03238554699431,1.34336560297933,2.46374863974101
0.695331942541281,0.89753121660415,1.65103394624153
0.288980632943629,1.42794277001221,2.11859664221245
1.36647965987428,0.186234892875191,2.00549176444932
0.903970481554855,0.357186063301083,1.41344369771701
0.881376815253677,1.33901550213565,2.33114849505869
0.43640710934298,1.50452391874439,2.27804575353061
1.16737586244002,0.177209026161006,1.71703482637913
0.434998601715503,1.03310743052579,1.63007871022682
0.386707002456165,1.09286056902646,1.68578670486889
0.962821801811094,0.922169177906697,1.93872663613652
0.911989881595992,0.474883658531421,1.49523041957527
1.11505727927223,1.14953090768586,2.32887339212341
0.637336285542471,0.62686114490857,1.29997840471645
0.759554769434756,0.317373939686849,1.19708210370317
1.07682420256616,0.669918792931821,1.8442103933732
0.619792172416036,1.64947359983632,2.56239168846311
0.751311760886411,0.905715498817042,1.71124925455643
1.53923343275434,0.407300101927836,2.31537688154471
0.707776802948931,1.16629103393612,1.98388199879812
1.00756337445442,0.96271802074827,2.02650205475961
0.520216166529209,1.53393901470256,2.35542683605487
0.69789805930838,0.528099625760876,1.27268754508903
0.826291092163923,0.928717471315522,1.8076899677799
-0.196722539050893,1.78528762458745,2.61186214942272
1.01092995660268,0.283030543381109,1.52661315683845
0.348145325854126,1.58660574768589,2.36211894847562
1.35698517326175,0.0568911605942706,1.97504850783308
0.86305241590037,1.25940607973991,2.22018430222125
0.893651909940768,1.29145485080761,2.28380588193365
0.990692779619624,1.45290899642499,2.55723318459983
0.588068356145164,0.958321131978853,1.63504559130274
0.764093306615716,0.923599431996315,1.74313387029602
0.442853962720688,1.60941403153047,2.42738042637223
0.516112519102419,0.713807347820796,1.28092074227497
0.753723559137658,0.35717108731016,1.21289465781737
1.01075664466144,0.0495607049622983,1.47159865191706
0.829920053539486,0.427877134289277,1.35781701931599
0.844838539770546,1.45860051180506,2.45119236051104
1.0600419478203,0.0859863734247259,1.54656608578456
0.929999808950362,0.701486076867455,1.69398057230248
0.919524786603322,0.217551651168529,1.37407893920848
1.23254160826526,0.450057987677683,1.90810140896015
0.689560235664023,0.266144329383951,1.08923645453392
0.740736389375776,0.946148646182392,1.7473826786366
1.18238063097176,0.338146496848589,1.78833930466837
1.31169309973085,0.269608856192534,1.94732772115229
0.239002007212343,1.74983897189869,2.5682250422024
0.830948338361605,0.31773284524035,1.2936815572318
1.03386175696065,1.06511463770616,2.15854952228493
1.00222415202351,1.44649149106604,2.55904111794298
0.678204856858981,0.517325637314847,1.24040635141871
1.64246257728966,0.562308521945601,2.52454946127551
1.21751294095696,0.603413838416449,1.97601224804074
1.57641789666477,0.0162729908575141,2.29253417573527
1.2178662100049,0.548559216563586,1.94237368313787
0.951053553122832,-0.294455961542676,1.45883954939407
1.52088491268123,0.308555396331134,2.25671324573145
0.888070158856733,0.190767417642809,1.32088285995375
1.31705746257655,0.109899380011479,1.92190869213075
1.18428784605742,0.396528864637477,1.81615119734228
0.61086912448998,0.984037107527096,1.68428299031589
0.81830581145475,0.261291127748195,1.2491636274588
0.630925276265669,0.594808586628425,1.26092994220072
0.344781781245339,1.64393809119261,2.4426103219845
0.699071703475793,1.34964635914675,2.21029625807691
0.516513231427082,0.631489075388088,1.18635962089277
0.708546421551834,0.495092510972104,1.25697479402851
0.979792629479961,1.47313415769026,2.57277417785542
1.19424354652287,1.17189501126882,2.43313311762758
1.51489375573129,0.943207942728507,2.59504547309247
1.35941006668853,0.682713523779597,2.21213574753683
1.35798478089477,0.0669403798259673,1.97716644193029
1.3037875678303,0.874111745010865,2.28263148499801
0.340022349878158,1.09313741962792,1.66475582549627
0.966614293520124,1.08848381322814,2.11690402931192
1.01783819238177,0.201795863397137,1.49093015730914
0.932852855310681,0.63904527052162,1.63945332270906
0.484202059356368,1.5618317301274,2.37784392932434
0.782305793755226,0.475274505564802,1.33111128075327
1.3758695333528,0.0546910142603949,2.00235656473544
0.60606266588751,1.47306040248512,2.31632926069202
1.62329886766712,0.353154464148086,2.41580285171452
0.960203396506233,1.19149523485191,2.22526865543635
0.779883152349603,1.37210136800377,2.29507941517147
1.51261098032087,0.946334707237799,2.59463679173325
0.257368484766551,1.62501661333225,2.39253795668185
1.15028285857074,0.345345956668837,1.74649103831703
1.16804188042834,0.359203937567445,1.77705973193636
0.495055395436524,1.01733679350458,1.64526352230968
0.174561145221491,1.42710317663481,2.09074732448309
0.654396080129991,0.663370121538664,1.35504825434392
0.897557011040694,1.37808795204809,2.39157323202581
1.36068245303188,0.243393776128291,2.01009815718392
0.488241183423427,1.04022451024327,1.67102030240986
0.939291009562722,0.646646059531342,1.65829935411988
0.430242551693539,1.20046549384939,1.85443570945711
1.3056291439747,0.951660110936799,2.34946277221357
0.955760595179793,0.180333809288493,1.41438151077254
1.23280767082845,1.28067909916834,2.58500676695282
0.83996549040783,0.593599373208851,1.49569861886411
1.19584191631506,0.298751972911489,1.79242814144896
1.75529754525555,0.0749248629256302,2.5548614521135
1.60197400728017,0.0461697764963295,2.33054279509222
0.522097011560272,1.05765101240168,1.71521204667683
0.377408299645126,1.65893090550984,2.47404308683066
0.7325809165854,0.481616790794404,1.27491096872474
1.15050858629171,0.597244948993797,1.88505480993352
0.885712977107992,0.794889470893736,1.73063142692747
1.03215882489517,0.930584730875591,2.02092719034903
1.08573502467194,0.523611692506849,1.75288166809094
1.12266759871904,0.94705883245343,2.13588022423336
0.795228130156907,0.499565851214176,1.36566521178801
0.644225114023242,1.01777925491864,1.75162104983087
0.497898835453454,1.09567351554443,1.75011318745235
1.11075999425096,0.566391300694193,1.8131294907076
1.55891551907088,0.424661114759799,2.34956638080085
-0.139723210338559,1.73907603572123,2.53709709180845
1.20327260597578,0.342882636213565,1.81944374025053
0.956854204103152,0.595867082948643,1.6391943844621
0.658637369416958,0.969264751147392,1.7041210905934
0.341262225724703,1.69894756169649,2.51994179563559
0.897550386198685,1.3628271455535,2.37300310458129
1.33442863914657,0.300431740331242,1.98908554847142
0.957378635158583,1.3977501785382,2.4636749745829
1.58206707817237,0.550925820589072,2.43612968713517
0.851856511065043,1.08683911194585,2.00808857834685
0.811131046376076,0.248450848572852,1.23363143759656
0.947199736312103,0.358251317637684,1.47263729185206
0.872050147559965,0.555367909500256,1.50345652146615
0.580513301242839,1.03278352527526,1.7228553099803
0.457595123254187,1.38155924470892,2.11638403435618
1.53361814341546,0.389597230371476,2.30101045973411
0.990917128505112,0.368691067905903,1.53749269950298
0.733743670651312,1.59476838072748,2.55278420959877
1.3536622879412,0.438544279899306,2.06920775499134
0.881684493429078,0.309040154997468,1.3586166870215
1.54874162476645,0.18968665006482,2.26899477517461
0.943708659289828,0.189993958704895,1.39986802901325
0.542693133385459,0.729373887151358,1.32203607435595
1.55273230374293,0.457871162242742,2.35409317723431
-0.140309586484505,1.75717101395724,2.5633947171055
1.29233913390452,0.32790805483436,1.93885878428298
1.62892804734364,0.587238510189375,2.51799958703353
0.655443216753962,1.13640125390119,1.90771492655199
1.24367492579122,1.05296816314406,2.36969233819118
1.13277515092354,1.33454539259194,2.54553596069035
1.41641178453214,0.184624292126722,2.07715660333941
0.785001525356015,0.767489208831036,1.59647812238486
0.199401922215032,1.64130613811123,2.40432148729305
1.47820923415864,0.463088841466253,2.25261292281637
0.640999845107318,0.856587610332814,1.55579576144944
1.00133737667214,1.02557647575119,2.08435970485699
0.473354379644143,1.11416834762969,1.76037290113707
1.09818866724214,0.546319359934676,1.78367199722139
0.0111795816050118,1.59527378566036,2.31988906003491
0.690883586043648,0.692284834328399,1.42226857347026
1.03883639098056,0.850000103312042,1.95191229758315
0.620767272309496,1.25885125887177,2.041084032238
1.27309012447754,0.939435341330251,2.30079292423893
0.323737820011744,1.25808441859501,1.88909518468791
1.3723678635947,0.0898895216905829,1.99996076216862
1.52770552757378,0.313335497301985,2.26782094679659
1.43581125399122,0.827017793814231,2.40953382844252
0.656800292744061,0.998045311262501,1.73742674538623
0.99532634683121,0.0560870855485206,1.4496903745818
1.57168665801002,0.785771780814282,2.55525583734358
0.943204853286683,0.645296472370871,1.66188149031795
0.443972914317831,1.19698136077019,1.85651580140257
-0.129550907230867,1.75385969265804,2.55739464867438
-0.133488727980798,1.79163221115183,2.61259621263874
0.386717888688909,1.69962530926334,2.53474923800125
1.2227189977669,1.26953142490241,2.56315342214067
0.843613632848003,0.173531627409242,1.23570657062998
1.01714497813829,0.017646216562254,1.47934521198815
0.354671242858717,1.299001141271,1.95813963885995
0.925981981721147,0.218535720200036,1.38354635527772
0.848362161526342,0.300406948673188,1.30874137216557
1.28759462787443,0.388353391784696,1.95572050103813
0.948270227020191,0.0968621090352406,1.38614089825995
0.604358020670471,0.914079111090182,1.59350972263912
0.666495052752213,0.538386889442974,1.24592490124353
1.63317332604291,0.514517323647149,2.49001556597564
0.371194798780903,1.24851754024748,1.8941252948167
1.22409185806866,1.01050906454727,2.30824042819619
1.5393818266191,0.826177571763334,2.54057779809004
1.3414584939143,0.847198505810316,2.30719888735996
0.661575191805549,0.991893483536028,1.73380405187203
1.23249722855788,0.728375813333456,2.07304843962127
0.573874155308188,0.822671039896473,1.45863301573794
1.05083765755636,0.360731978289175,1.61564914086894
1.05510743310291,0.79671614720866,1.92261829729235
0.998521542752304,0.325345118275283,1.52717340473419
0.977400299065523,0.207826645323356,1.45310188935317
1.27228820118283,0.753221376936112,2.15006868593344
0.915769714684153,0.758763242371448,1.72942075343159
0.330800574340635,1.68703144578842,2.49998330564966
1.70345119377542,0.192590588321679,2.49292424450005
0.852767880349009,1.00141933200328,1.91271877311957
1.33418325629169,1.04883858187295,2.46788921734533
0.627649982561016,0.851300788178594,1.53804803696101
0.405995688067195,1.04662890953802,1.63249623416259
-0.076610263259026,1.70540679217371,2.4824875020079
1.02315495724889,1.37388183913857,2.49104049031553
1.28028460373094,0.83994617801763,2.22668737527564
1.10355245651565,0.311531555645176,1.66749435759717
0.927663676594959,0.996503181518054,1.97982504719814
1.17872193839216,1.02254205324405,2.26917930695074
1.23426584463281,0.102183580805478,1.80099823611867
0.800730225924439,1.11035911360681,1.99073656990153
0.136192239335373,1.77721880972672,2.59199221208228
1.25788835715791,0.145076317679377,1.84133504231453
1.29252679869616,0.658349725407343,2.10935336625495
0.45761066685162,0.831484508655754,1.38015940015532
0.889303578768682,0.985157040879695,1.92996633946436
0.195755036879202,1.45516409384074,2.13514725143826
0.233764816787144,1.51334743156917,2.2267957277549
1.07392203211944,1.09584565029582,2.23121659164687
1.12599904214045,0.989117360296424,2.17945619854557
0.982874974777947,1.16554641286292,2.21712403866834
1.08451447777927,0.927576486767333,2.07525262964192
0.819171340681597,0.0768543646346644,1.19646243636905
0.721525015823372,1.29791135507561,2.15944716087632
1.33234924250062,1.1077204517075,2.51965494075501
1.05183454514011,0.848156052997904,1.96489323684342
0.487989809865216,0.848600887232939,1.42351629277855
1.18687212910954,0.732316138354731,2.02803670095553
0.80017492200299,0.699198011503012,1.54524958921619
0.82282946489234,1.51476549839691,2.50676593135875
1.32815985248302,0.71906387408474,2.19629066893591
1.41212050356528,0.591736881308866,2.22649676592685
0.631588542605946,1.0786526005809,1.81767743802704
0.889547942660434,0.35073411361048,1.39049057548987
0.914436552143582,0.388848037538634,1.4449979357628
0.704542954227587,0.637750566260395,1.38194520181281
0.775582240716285,0.693987396748746,1.51343888489953
0.817779309121751,1.60444522578337,2.61875759176501
1.05179728681925,0.1910558668667,1.55454255873152
0.84021710223032,1.24867577307488,2.18862007895559
0.765471248258843,0.52028110957924,1.34592283173561
0.386463315841014,1.51704826292578,2.27653490860696
1.4217165715924,0.172294760023609,2.08257326683789
1.35533273209041,0.0402049683975726,1.97177905889295
1.07892195371909,1.08528841024622,2.22539792002244
0.72161594443453,0.706580140947527,1.46864973352481
1.65821524650053,0.0502587313004953,2.41246829625177
0.632399134818712,1.07421118333865,1.81270459039516
1.17720675970243,1.35456066810445,2.60971519208888
0.891163868113711,0.0108962374925501,1.29601895927452
0.0385293711171903,1.72510370344135,2.50925515107619
1.0272905843639,1.32478708793537,2.43783535117104
1.16022489256282,0.861271782127987,2.10124795212847
1.04845385090444,0.15646731235539,1.54153631619403
0.517964231127358,1.41791347356459,2.19518510876293
1.03031297719908,0.432902057567891,1.62515085354847
0.929644940574173,0.00862068792263368,1.35193902922897
0.819232146304447,0.942098950513294,1.81552168814672
1.26314626145241,0.891147720423282,2.24797484555425
1.19855616741755,0.339789206942159,1.8116165766531
0.186758817545182,1.45688493951855,2.13592458561874
0.691968063906653,1.00736317973258,1.77720911259604
0.770384982291676,0.876267366273568,1.69669676167423
0.516402523826028,0.711261228363476,1.27816990035987
0.787129600768715,1.1021586081822,1.9695166505553
0.300912470718426,1.25026130614175,1.87003572682809
0.965962438907263,0.670921710986845,1.71027857771697
1.36790111553072,1.13258919377234,2.58253426359831
0.997336403212908,0.662140698177997,1.7408490643748
0.932788712429562,1.46503929604152,2.52562172157113
0.901526260599652,0.281935413350316,1.37360379286583
1.58537900458533,0.601552373169034,2.46582522161244
1.5499461473363,0.176461600676508,2.26847751583282
1.69020676108282,0.175641167776976,2.47111811266516
1.10113315918804,0.0916853143450441,1.60679861096967
1.09086163306779,0.152966034257607,1.60184072310514
1.11393692612289,1.27589219570666,2.46302124399609
0.947543053094466,0.923518456831897,1.92411129397462
0.666721829670366,0.712413643776598,1.41889897836299
0.954439898340798,0.598707356985484,1.63840626762561
1.21684430767002,1.02607268666256,2.31464716146084
0.60482578327441,0.661999387137072,1.30396175924243
1.37911004847852,0.730552999601075,2.26949359612159
0.918214836342887,0.844442186842515,1.81407058788384
0.904321812733323,0.144177438549878,1.33166470242809
0.615996606096611,1.65459804299928,2.56743780107449
1.1596853915275,0.00243829594709866,1.68640728820487
1.06096065933837,0.461279293961988,1.68235212638792
0.858580244300907,0.690705143150176,1.60240559530789
0.110870967275508,1.64287378123267,2.39448567976516
0.830592055326563,0.203866074003615,1.24368966342395
1.36374588219205,0.092472781828875,1.98770034257464
1.2174610020061,0.594586164626665,1.97027743088991
1.4383859171824,0.417620033655457,2.17806513035811
0.773630837675834,1.14222405744329,2.0061403373175
0.749855185774029,0.606580480666031,1.4025384815351
1.09621974240359,0.0371045041021595,1.59502531097401
0.938625221050387,0.202243100432842,1.39626497124611
0.805140809251167,1.4906143712796,2.46363356531722
1.22095243231649,0.573040344935586,1.96132525438932
1.01870805649216,1.18811363509623,2.27588030680133
1.10416716641812,0.913748330367946,2.0841758075343
0.447965656558005,1.01125735392893,1.60838648507396
