3.74993010125176,0.0173175724988177,0.817905351918915
3.4157753387136,0.417463548738605,0.890935651568171
3.04397446562334,-0.907916439920424,-0.128280491838227
2.55898605774627,-0.490799689802167,0.377858069328565
3.01947731578275,-0.570004079041321,0.248032832414549
4.95861909365171,-0.560805107422342,0.806344322759302
3.71987989187082,0.115092134800094,0.833863979276982
3.46982566607417,0.210682675984596,0.823487588220172
3.37110489257502,0.826445856431697,0.792711222626493
3.49533275185516,0.938683881565102,0.994828410339478
2.63399629074853,-0.173305723517036,0.453953001861191
2.16768927108533,-0.00563353783907633,0.45052045302951
3.97395087492712,1.14001544662903,1.24214397957631
4.04699026164743,-0.921248704913241,-0.14131433783341
4.95210112565612,1.49706266493285,1.69926620128245
4.37693107791897,-1.0895753998968,-0.0753188770807214
2.47952149042633,-0.388260499816073,0.269876427593412
2.76057040795888,-0.364595738184607,0.352278498469031
5.57209667563743,-0.828871904544135,0.640680181337752
5.392592187451,0.424178127240764,1.31947588472976
2.05882482399591,-0.0935285297858499,0.379839741344714
5.43620940900103,-0.956832298791886,0.505695721415221
2.93266602615231,0.288340193605708,0.73980853942557
4.67228356454892,0.350392434067564,1.13636779196558
3.66166360928437,0.8040539967562,1.05772739386012
5.07509751160896,0.00838691222146093,1.06575038211679
4.5019951664665,0.166091285607308,1.02147453916464
4.08690533952842,-1.25605264892817,0.193134711812127
4.96347008275186,1.97546681979434,1.56404161511475
4.9652038234138,1.57126862872193,1.52356351533353
5.36190598127775,-0.268386090862524,0.974770141043351
4.27735178557002,1.04062295718001,1.25810470171509
2.30746469894596,-0.408264922968416,0.212867079450898
2.68472794101542,-0.576590935451203,0.207527681035878
5.50293303457,-0.831633752601469,0.622579712894341
4.16905391010677,0.551632755909596,0.79454154061369
5.17183027399173,-0.604830109176393,0.716629793764137
4.64589573607246,-0.108867639520274,0.838696009683403
4.33197428705953,0.719806612407167,1.19043576668214
5.01275750517276,1.16985838649738,1.46372519928863
2.66482384284016,-0.547146117184224,0.179714280632796
3.3192688380251,0.77499240901513,0.969304431634948
3.06707352901239,-0.434582394675009,0.36927202743882
3.07563767885833,-0.00544191023573737,0.640527131325369
4.53166944059013,1.12706278253301,1.33799970325014
2.82105065316516,0.0138621761015766,0.597035514732164
2.35487159295212,-0.229796216614474,0.357765678469125
4.97128212947717,1.98673615151816,1.56702832480826
4.93515578722669,-0.255402506702157,0.892258992910476
5.39792623830945,-1.21228461144201,0.266729150370537
2.35920878023836,-0.46767049149918,0.0729661298438118
4.56468288702971,1.6940914794199,1.38493041211208
3.04896577528002,-0.584255307150849,0.242887492526921
2.45153917536207,-0.284561058040908,0.341209854125386
2.43189213352685,0.192251471293898,0.595424922586894
4.01590204045327,-0.069091117303858,0.803979305300512
3.03664354046245,-0.890263972136725,0.384398457158244
2.16291639072473,-0.352565891698194,0.224318362282754
2.24471340622664,-0.797394080103931,0.144472912796985
5.26966891848128,-1.0096966980949,0.419880191201611
3.22985517079361,0.343036518237348,0.824161195740159
3.18108408125884,0.427517611056476,0.842758229768385
3.2657749700859,0.418891866191369,0.722948797526026
4.83899459312383,2.28495991405593,1.53685879082121
4.16521538541961,0.361356860914909,1.03241085993854
5.49749099808247,-0.0369734492071485,1.13088975910547
1.46754596403297,-0.313452057742433,0.0877965726037245
1.82258478795443,-0.232279822381863,0.23877878413834
2.07070755792505,-0.0986598117397025,0.379363432825617
2.93749872838522,-0.119115670586071,0.525775226771406
3.72759405310019,0.352127262350291,0.934943340420263
2.94267555914976,-0.528532296756519,0.264830374173083
5.27408231918071,-0.862138048067863,0.621742313499532
2.39275886964874,-0.263719846767474,0.342861519533688
3.92541243336984,-0.0500067191363615,0.795162974743975
2.37664005813371,0.105718748188404,0.547344886318873
4.94075380018539,-0.208153571944054,1.06639825034901
4.0578753202477,0.797383584175517,1.07299206712874
4.56912633151236,-1.11971546769868,0.132963771383233
2.35946645856322,0.0556195328690584,0.307286912825878
4.47488365240874,2.15977628612193,1.35867295707927
5.30748285287254,0.879784922378801,1.45788865949884
3.02722035199582,-0.396481456675409,0.388766048723686
4.07500570242879,-0.902031163464316,0.21395207194409
2.1596608306848,0.0583309717435195,0.378628093184714
4.13789245425638,0.692506505023222,1.13854647983833
2.65384799735555,-0.367975691470558,0.32561497807857
2.54730653934194,-0.0240020081030719,0.520434697288066
5.40042507464229,-1.38630635233387,0.0917414322556343
5.10677999733036,-1.24041000527252,0.159884192915103
3.14354623315445,-0.580232271251404,0.269605869612091
4.69685407309118,-0.770330614754298,0.483302110574384
5.41914266979172,-0.780255936304105,0.64300466937477
1.86278282395759,-0.423469102421142,0.0871001190934357
3.03535415065645,0.151352312934868,0.706236347816814
3.79184682010455,-0.96938154705753,0.06864108764793
3.58073342027906,0.72921248313621,0.922523751634108
4.60618923737443,0.198146199675155,1.05781261913589
2.37185247582202,0.224093586829364,0.5949143218871
2.13899230981623,-0.770097125411511,-0.266512094262914
5.19451106165741,0.772551475628034,1.22571518879458
4.72918774363516,-1.05430160410303,0.0331766981774076
3.71538627763649,0.185411789646674,0.864525405193792
4.54477947027684,0.520699329599229,1.17330537486632
2.64567582292095,0.145845120480104,0.621596922684502
5.16624410575405,0.454669399810718,1.2830337312415
5.19015507020395,-0.189412350109224,0.984071976317235
5.25030611375776,-1.12674909239404,0.309117481931484
3.13761303615217,-0.110052782320628,0.757998234238887
4.21135746073702,0.0141075612104854,0.887970897732439
2.63486527860639,-0.672911176733941,0.0916176710525763
4.92032005666753,0.246407971239605,1.14527647700425
2.27524680693473,-0.455653985406679,-0.0425264385082161
5.1195568843301,0.399396359247464,1.2513513074459
4.2092821991408,1.29146320470226,1.49202208562619
2.15868075970972,0.0438814946922638,0.473127052646203
4.83701138832572,0.295615355029524,1.24135402584015
4.57709048198056,-0.98208634904152,0.269655395710689
2.73005150016415,-0.160904908109996,0.113666941492923
1.1233192874029,-0.717310428309859,-0.0480457423998431
4.35634326328186,0.225745899444083,0.983537757107302
4.86528562304213,0.968116339219943,1.38081029697403
4.18869591948189,0.695560559362352,1.15093415594627
4.60667409301359,-0.334015904330969,0.774769418490837
4.839734393506,-1.12107650591073,0.205938622807377
4.99431838072226,1.6345910374919,1.53972007924335
5.47661545649119,-0.305172099224997,0.977250363167308
4.31408926505926,1.33854256237407,1.31999662603908
4.71173828350329,0.569331768524209,1.23086994560344
2.94841105173894,-0.298153557061361,1.14615755017254
2.09604257954327,-0.488011781060626,0.0867450246562279
4.48631282498936,1.66093317775807,1.40406289972467
2.88861456888166,0.404036887526134,0.770435154576711
4.6172786220677,0.257105292986032,1.08592560399803
5.42648839729128,0.0129284252467817,1.14154013445291
4.28943770011463,-0.97852453327167,0.197263120156756
4.69882344139736,0.725164458403338,1.27460396201092
3.84975501056751,0.94381050301637,1.26089642857629
4.46288924380451,-0.700583889091852,0.073263057007732
2.45776738203195,-0.213245697354312,0.39098521811145
4.03533104695932,0.55396104874927,1.07288484429042
4.94211975687734,0.571906137837084,1.46469455767395
5.00649456872569,0.510286080474194,1.42259806071174
2.33917839343928,-0.368987171236178,0.25245651640017
2.74033697429097,0.11152627421241,0.534333477946567
2.28995063031747,-0.533088139819638,0.107745964503783
4.62640384087473,-0.477358881321325,0.685342092799913
4.51381637386612,0.181175272641121,1.19294459080204
2.55747556755029,-0.0117411449329761,0.528917169611379
3.65721243985256,0.308031364609256,0.902891298041718
2.11993473102409,-0.411274954921065,0.164450202256196
4.12575628426668,1.03466548317329,1.21989267887555
2.52336053195626,0.0713244433107443,0.562512281190452
5.19401508508873,0.44247331674387,1.28425013704797
5.12473592500025,-0.0369220929996422,1.22161167600766
2.32801298515581,-0.567229395187457,0.0710887423682554
4.90694233009878,-0.366348770349624,0.818641256860663
5.40109972634202,-1.01269942979621,0.449644432554471
2.66098266738853,-0.0558544019718984,0.325740777726664
1.85844131890898,-0.702428973111772,-0.12669257315097
2.47366904688106,0.158380216692796,0.590504950374385
2.56730619655321,-0.126185847647597,0.468084095977734
2.34452509649824,-0.345859220061824,0.228244323896781
5.21187241057013,0.329057951172778,1.36325021833056
4.56099477929447,0.921511294945948,1.29800277699467
3.37038210587196,-0.807523320523743,0.116765644756604
5.08313249510251,-0.590552077860546,1.14218424614524
4.0549474583512,-0.990756882589759,0.121016992595356
5.22177175444949,-0.575910966738185,0.747963663029791
4.18301896880001,-0.157506471974648,0.790372478765319
4.06336484384294,1.48705988277874,1.27011531967575
1.69418134897736,-0.126882826354771,0.360338945957808
2.7715429562891,0.390476785631365,0.891136100589545
1.44448667293435,-0.397883260605963,0.0850384592233611
3.62274138139757,0.814282880796765,1.05083658513507
3.19589602589207,-0.813337950321238,0.0617400920341514
4.20510795434711,0.428156539747511,0.811745179987604
4.85937494184211,0.0394015414377786,1.03614902282518
1.58761183483805,-0.327560886805142,0.10561891644781
3.28061888406493,0.0951337253471609,0.58660448196799
4.54629724235424,-0.963830645270211,0.278688210269587
2.1955993417334,0.0838322390249048,0.499827584009938
3.21003216946543,0.366514127621678,0.828273698183144
2.46320670858475,-0.408446721901439,0.249847231130539
4.03389696427882,0.617425577467244,1.14106174565964
2.17183993034532,-0.306881717651435,0.262134330674478
4.71649938722742,1.02477381427102,1.32659900601815
3.71247710592809,1.20076255657245,1.14267408225595
3.46067527298623,0.700578268624853,0.985213839542252
4.88500671222007,-0.180860342196063,0.924754304608336
5.0833310868867,0.330062610143434,1.14832764526371
5.39003823655366,-1.2783316924789,0.199854331028816
5.04390901860083,-0.283795063428025,1.06991381522899
4.62684765468655,-1.10144009849789,0.167445623826777
4.8191262928583,0.293825588755014,1.1442271657402
2.31561331459773,0.0643180274926595,0.515671357804353
5.49555937562137,0.453306689886987,1.35299237834314
5.47753886192056,-0.331208040189763,0.961806801416689
3.80081888545437,0.480883456330899,0.967875206400604
1.67840925422564,-0.370739869836999,0.0888728807538419
4.02875612471328,1.49834940140143,1.26146766936966
5.25255749446313,0.0680296834127534,1.0635276322756
2.23227768902752,-0.127903462269357,0.396227132306569
2.05616711387381,-0.469911032617636,0.0937326457645306
5.09044338698112,0.868221265577972,1.2687408465018
1.7635150763697,-0.18967465746638,0.255948783878151
3.35378958032925,-0.214636974379181,0.598365977924872
5.38284271309971,-0.337617267279517,1.26466796071211
2.95179936868475,0.0637790115890796,0.556359282490933
2.70203939400737,0.270954355963927,1.00798087671324
4.30799788988428,-0.284794733171838,0.741629588919351
2.04754325033773,-0.144868836900938,0.329593024751941
3.70909478199528,0.274912127632055,0.900795828458583
4.55963542145406,0.235480333819901,1.06442635766742
1.90283326169683,-0.347852907824292,-0.295860250601689
4.17699346591221,-0.663121449955498,0.855453925254141
4.41786650068187,1.34973363993304,1.34866954913397
1.93650433614018,-0.554792022180068,-0.257403395068835
2.66502942126184,0.223453973405406,0.657546287246673
5.30802266449193,0.246590973387254,1.22708380945827
4.02239185698337,0.567564678567971,1.07442250512171
5.03509857765505,-1.11021229621572,0.268494515742783
4.57268064030713,1.49158213060125,1.40908537004781
3.73118751530784,0.561812970996828,1.17453897795178
4.83727192287648,-1.24603924215599,0.229701056931072
4.86956040609124,-0.577695856131537,0.493097809223524
4.12499389114762,1.53760524370564,1.29190459014104
4.34044377873161,0.317374179048819,0.380772474703204
5.40637334965563,0.79367310310591,1.45390401142258
4.27385093351081,-0.10253438932377,0.839976534989224
2.77403090919491,0.0817626326104808,0.87322065836286
2.29555428892988,0.00635753512711079,0.483350636655408
3.99645703239301,1.17213093305962,1.21246563043948
5.0209143066241,-0.303447584460183,0.724934666389293
2.24561023405048,0.0559301686400059,0.497058773777512
2.26657878744658,0.142021891154354,0.529524094593588
3.17471754218815,-0.451431733513587,0.316641071901635
1.77445577869568,-0.469938617219486,0.507224717814096
1.60562513405789,-0.102977473105257,0.2883849799618
3.35092379101128,-0.357168628111722,0.639694167194448
4.13441739662816,0.302236192957571,1.00239012704848
1.53190888594449,0.211722002167868,0.0911579815098179
1.96751810414448,-0.0492350791523438,0.385584659191511
5.04296217745837,0.259692783152514,1.17693176227975
1.32721661152218,-0.333460289511541,0.0301497661671465
1.87128897906365,-0.448575542897457,0.0646028160790624
3.69410382650741,0.673279824962142,1.03201223641738
4.77270923481963,1.13308312693453,1.39782885563976
4.71299752939468,1.70660868643226,1.47144761275518
4.63517327480087,0.38411620525371,1.14186689260679
4.97673473352612,0.00894945692016269,1.04546086655772
5.13721853408636,-1.49259227843554,-0.150523578186237
4.92807567322288,-1.30004747326832,0.463288502414204
5.0351512863605,1.72685187955388,1.64228830240405
3.879781576655,-1.48049685062072,-0.0156949921410257
3.29495972044621,0.381918602576078,0.852199386550771
5.12300719251295,0.267240488277099,1.04716497103987
3.33249872841389,0.177393837499635,0.966423615081157
4.15573230199214,-0.896784448485737,0.240049569742265
4.74015900147776,2.06690299931368,1.50246158966682
4.43039951835871,1.75929450507603,1.39580305454602
2.59027015289103,0.24186057355654,0.648611831146542
3.80136089939138,0.949588948996292,1.12322064608527
2.07133405072546,-0.415479065575184,0.148556858675015
4.60372550613725,0.0368513157456516,1.04334326021289
5.30332798058803,-0.574852924242475,0.766622318954497
4.30433373132688,-1.14462229067411,0.121570079621679
4.60849353610131,-0.343402761353953,0.76926801392437
2.05969501962402,-0.484841435463949,0.0800032145180116
5.31262020525535,-1.0689147331688,0.00120119043897222
4.74460788153735,0.348000649437117,1.15080022545867
3.02771761946752,-0.340524085991684,0.429084774367036
5.01747417875929,-0.225508802188716,0.927095567543153
2.55423896646067,0.129695064107345,0.595311839766275
3.0316917257496,-0.663916574199555,0.165985821354691
3.52525973811139,0.252789621864484,0.928233146530161
3.82446472183671,0.381166586171329,0.876913167005537
5.06568337006683,-1.06480284186918,0.318983493285505
2.58264219970826,0.185794627686143,0.62494219505776
3.87945334330972,0.476174949952572,0.665341494989141
3.17159376662575,-0.158247678165244,0.576877161796047
3.31898723276717,0.391523877398222,0.860802432840564
4.46690927644111,-0.38404080533925,0.712896671476892
4.31767875942859,-0.0847350098898523,0.858793225139843
3.44666415031608,0.821963854009076,1.01025370997113
4.93670147608526,-0.218359159092581,0.914205014649458
2.73038497525541,-0.205716220521229,0.454342188050911
4.33580942702741,-0.638265188510798,0.503716267102991
4.65358039622196,-1.3724219834009,-0.0503835637523663
4.54306371159574,-0.913933093849248,0.323439027263753
5.00670830585481,0.0717231452243786,1.08285045111496
5.34033354110902,-0.820487276746452,0.593671345782909
4.74187046645176,0.785916456077443,1.3024906580187
4.91081947863562,1.01579600944902,1.40347351425475
5.17437819200875,-0.485443061524475,0.506642761672314
3.04946326454462,-0.52220896479251,0.295750980410586
5.16222130506749,-0.504624033640463,0.783685230156165
4.05252836476745,0.373373957857446,1.01285673068576
4.75692067370784,-0.585834311245744,0.895506219638887
2.45550926755215,-0.459446543999258,-0.158594040963031
5.09809570141975,0.180040092731435,1.15306292302751
2.03960309591108,-0.651506236720827,-0.242850251714095
5.17969002433338,0.447521597340757,1.28314689904538
4.53105350300585,-0.74355441368718,0.465904187256047
4.32757670972988,1.4227372242898,1.33498048823858
3.90056812687343,-0.937766900369049,0.131896773145692
3.3574644625245,0.111209028428395,0.756003635662503
4.56736652997996,-0.484109965261437,0.66780182811772
2.58966174313706,0.429544725946511,0.794672590388161
2.70787276399468,0.32643176739333,0.704736824000948
3.04064743181671,-0.520286329189552,0.295236904410159
1.96882825875914,0.0109552533197443,0.239355195477051
5.13208222491361,0.43587859297154,1.26842261383673
4.22360868868478,-0.123591010197057,0.817883335933864
4.32568849816215,-0.788891941869252,0.379146555604253
5.4094935107812,0.677731445758039,1.41663468161753
1.72469350853336,-0.399268319413774,0.0736241196385249
3.7706035170098,0.581384613351612,1.18932469369265
2.13191035308652,-0.274309621968153,0.277396753041177
5.47486328615597,-1.03046764310928,0.452376898534685
4.46954448181786,0.421610360107834,1.12080813780624
2.78999128645102,-0.579497959403426,-0.193747265280995
2.58964343287723,-0.370047383772112,0.309420379950899
4.79757970275225,-0.25439699028046,0.863772189352445
3.71866478231232,0.05397842728725,0.702012733374995
5.42343033748462,-0.772527558659189,0.658801437310742
4.45150395181379,-1.22451733744532,-0.0452059839373359
2.50055825393947,-0.286006069943333,0.351027243545199
5.25950051222853,-1.03747599205981,0.510306880281228
5.1694544686797,-0.372891739067357,0.870626916971236
5.25840661354887,-0.0900857901745703,1.05293129586065
5.46543751047427,-0.334783033740973,0.957074565187294
1.42282573949693,-0.359362397648248,0.0303592153475105
3.570880840496,0.438436853774278,0.932084570991635
4.92589157677332,-0.419026619770828,0.789052708106259
5.44712334899472,-0.53838211315607,0.822961663181259
1.93396184725954,-0.683135219656148,0.122360238774252
2.64448214412963,-0.330891157456479,0.350921387800512
5.1624856159669,0.0366297569468667,1.04961986433275
2.19209977070674,-0.13868734243319,0.38118609318884
2.61478475825597,0.218753742679318,0.741770609062992
3.39493022352021,0.0512048060783314,0.735504699985118
3.55664609301002,0.392340389875454,0.912815234782181
2.86426566673591,-0.523718222081225,0.016991547274959
5.04644005555447,1.30691315288918,1.50031901652941
4.88303165409696,0.632133311874169,1.28563986579502
4.72554724420662,-0.719540563929461,0.530417613331015
2.05267790175951,-0.435493306972375,0.194389466687982
2.89177363209133,-0.368579399642455,0.378827704019943
5.55855586874492,-0.237058140453696,1.03443674002022
3.30288835331717,-0.624331115647197,0.422509118482566
4.20172988132695,1.28587914351715,1.28301202133938
1.92615482166431,-0.352101916637354,0.317488513109957
2.58476509484624,0.229263044596756,0.453155812040858
5.23332486834529,-1.32450297202816,0.10881356223573
2.21543479919025,-0.374128987249006,0.21918836956802
1.66016001056535,-0.222935016142771,0.209129025258398
2.0719227967294,-0.348461632353067,0.206163062763425
4.56092922401596,-0.244391422490228,0.819657962773008
3.60387314718812,0.471058630185437,0.789446327925489
4.08201305272136,-0.602818864023048,0.499360047989817
3.93835124047513,0.243363107187765,0.936464079626957
5.34656724799632,-0.208439601295048,1.00617991966505
4.17498846155675,0.52466955632524,1.09388844922618
4.97862252927885,0.695158554449348,1.32747882207257
3.54698561706679,0.715066924070113,1.00902991801541
4.54020656336053,0.123622615663767,1.30263585348538
2.99267666743064,-0.448232203008206,0.536281125842298
4.44664268378916,1.30088192327868,1.29180681390907
5.18689285800931,0.5030369677299,1.30587529812495
3.02675800458045,0.056646699782539,0.661049189838492
4.66377098793344,0.33051859936403,1.12649423480248
5.04787774308663,-1.27570761983794,0.10690508008798
4.29055556743536,0.468110430967447,1.26338481259277
4.8054370224178,1.87275675810332,1.51151030396537
2.7600000831765,0.0291013759721679,0.591825908655638
4.12536278140753,-0.235733542753899,0.73263052399696
1.89059213420473,-0.465093165939465,0.0531922721566734
5.03683583693178,-0.852342432249923,0.496890983561535
5.31503308870022,-0.88735080248973,0.534212361433057
2.87954835919569,0.318803611350961,0.739451348614735
5.12470627857614,1.17395285968744,1.49151430774297
3.98703982405392,-0.00264669829634162,0.809497578001098
4.79075615018392,0.585209893249397,1.24946874049635
3.40250922719262,0.560027724475362,0.933450093327268
4.08316302881872,0.154430533404983,1.05643269235622
5.49647031480034,-1.31350811534186,0.369957328347789
2.42140786423143,-0.186077829151249,0.28054357813366
2.22449465628062,-0.441960759150346,-0.0667317320924002
2.59229448951752,-0.294129374330536,0.365570547488104
3.27992644890635,0.269516541118759,0.807103474916304
2.74547643283834,-0.663503291487582,0.089361261382037
2.94940518257286,-0.366533623123941,0.39320374881676
1.78599179093954,-0.740429595573613,0.197170584140087
1.40519801673434,-0.466170405216911,-0.338739758190236
3.51623258601142,0.732056423035624,1.00608092683753
2.32022139778627,-0.792618300386668,-0.0733242830009447
4.32048968373404,-0.126696927519648,0.836494030535845
2.89491180493658,-0.701357406988489,0.234074307943708
5.40536141624725,-0.750354248228712,0.485383406112546
5.50245895645335,-0.711276571515386,0.365559006212724
5.52095713943085,-1.2408321357053,0.271926002918027
3.87491514668911,1.32526281714847,1.20155344431801
3.79922104434983,0.717103778372106,0.66953951379106
4.10071840764962,0.991063314775283,1.20476238604733
3.84014926080177,0.961054880138585,1.01713222390769
3.03392524883575,-0.429009082197933,0.365946677939658
5.17055941214771,0.510195647926084,1.41639498749772
4.50914799221673,-0.0185977062515709,0.933628637709636
4.44933638266788,0.406259614295192,1.36931817122496
3.95128842476968,0.424780528096317,1.01010621517326
3.82583034125949,0.92486482027453,0.903535240177087
5.27864915877262,-0.389076881361335,0.883812368070274
3.15351191989412,-0.421099519782443,0.399007750697598
3.96051380290528,1.26957025072299,1.2174953532886
4.72159705323214,1.80151432571424,1.48221386429349
5.29273103060155,0.834517265618464,1.4196885396071
4.87018290952982,1.33117699613147,1.46099425043715
4.49258346179434,1.76729566700305,1.41426823750794
3.59002921885081,0.469241924986905,0.946711857415029
5.05966314644269,-1.21327207800453,0.174276805972887
3.0257524774999,-0.174881990729572,0.536159787608827
5.13075095263897,0.482928947171416,0.994264181635264
4.41062349719979,1.63417483307699,1.3804875890172
3.10362545022629,0.0459253882573534,0.800257874903714
5.13483572682314,1.5211197096477,1.56023743724295
2.67068343695048,0.404465355065566,0.785334532714812
5.00392636061954,-0.850589789795938,0.490507758169272
2.37694055912526,-0.40105018405366,0.23545664870788
4.42052603600338,-1.15964329971467,-0.145738678419781
5.08036564344722,1.88575073335346,1.59041614846116
3.01061583871037,0.350568649796685,1.11229143688493
5.55831749459764,0.0191706877496526,1.1722563367363
5.05034855466555,-0.538796072445731,0.552423191491674
4.09449176797362,0.54372154453026,0.850310701697479
4.93994587397921,-0.524132602207735,0.721911606464547
5.58787042859468,-0.372673848313215,0.959951624699113
3.45434513594125,1.21881952611676,0.954430096323852
1.91444422270303,-0.227529434238098,0.333928792065137
2.73155151953001,-0.862303997580556,-0.171704153838358
1.83595950428589,-0.297886999791031,0.19152410756815
4.26463061582625,-0.775991314601504,0.375298289435142
2.36895754442153,-0.519160382308348,0.129343616237192
3.48795022756634,0.0196505633712434,0.739430701025876
4.46212021226812,-1.05268804462067,0.0348903605975327
2.34967321888129,-0.183252599018514,0.384493755084862
2.63723703804772,-0.335582473664533,0.564877707497132
4.80840530747241,0.242035312224211,1.11976380618624
3.25038915064342,-0.112684180395459,0.61962945182527
2.78075003285261,-0.0975771754469691,0.529440908981403
5.34421555924616,-1.16492884381043,0.297713518706939
4.926667616318,-0.272870818046825,0.880105317826405
3.51977751765575,1.08827188362386,0.935466596531349
2.47873215688309,-0.151855083270377,0.0685098366067093
4.07622301250364,0.779188146836541,1.14854755449281
3.42595125465748,0.54619215241297,0.934620352160659
3.73990601328416,1.24438514714967,1.15555450897436
2.29326718648375,-0.4952919055811,0.261464217425212
4.98134225716801,-0.121777265923598,1.25500656700152
3.3313940555176,0.664733166210142,0.945949200028455
5.17356946835538,-1.08882754620547,0.324533287094319
4.75856747907499,1.93605365648533,1.50205454011085
4.61830460809756,2.15651158931729,1.48976448195106
4.34147340029259,0.827982639581138,1.29221390920166
5.31162079935101,-0.873471934748201,0.240970181450401
2.5376710105406,-0.518265766518088,0.1736587380375
2.10174922712276,-0.251305319816876,0.287304894216257
4.71272889336776,-0.16168363606855,0.944341505038852
2.29095607735532,-0.185929870477828,0.372748334140606
4.30853245953686,-0.224456099452981,0.778092746927978
3.20838368493788,0.530194683515954,1.08075932141012
1.42884583316056,-0.327010350778213,0.0646819369762385
2.4536603556291,-0.545085023957518,0.126964614720007
4.5950188423253,0.260847640461067,1.08282177253852
4.87058252740678,0.0457494250594157,1.04163418127742
3.75622233227783,1.51223223593532,1.55169742466875
2.00601902267308,-0.39978497839209,0.146195701193334
2.59483156078536,-0.530727865941201,0.176854987759387
4.76243294084322,-0.941926862785099,0.41889125261289
2.83559042693269,0.544931992566651,0.862175573633519
4.57500837474621,1.21349373426978,1.36563913744903
2.27495662914687,-0.429082965880028,0.187198919743209
2.71453534191836,0.287164720952838,0.69225238913932
4.10111705274788,0.342869956368448,1.0114842905331
4.49180223217547,-0.500835109984497,0.516915516288603
2.66147853529903,0.418779557214021,0.724399245895056
3.492102205989,0.494708900620232,0.666029471560578
2.07773481982065,-0.148156236243537,0.721938928076034
4.07755227271595,-0.952999431071602,0.165154639742797
4.59732735143447,0.489110447355956,1.17340287266511
3.31699757969114,-0.747159555209242,-0.0493411624604242
2.5939567160263,0.300371817266929,0.67079068196226
4.46951618588517,1.87852186558851,1.41391683103677
4.33769243271261,1.38145939338775,1.33221965322521
4.42672422488889,1.03679317877061,0.959521755835767
4.96522449688461,-1.17826825923744,0.183415910928244
2.83343826434065,0.10332891875504,0.681419205867307
2.63412112301861,-0.200002100334801,0.437352325797309
3.35989526926002,0.382076009202376,0.866394171778915
4.70713989792555,-0.628231346431745,0.977753133162551
5.46645479115361,1.64246520169358,1.35568432106788
1.49332093353035,-0.375002819017322,0.0341217820373035
1.50343868199121,-0.20022613533223,0.218169907430353
3.99845263001975,1.03112463689303,1.39351894345809
4.8664495258535,-0.924504527683991,0.394676785115702
4.16847242351975,-0.466195655889808,0.546194666589586
4.6178180619637,1.03157603462846,1.33801117870668
1.54896987532775,-0.347834401016214,0.0765767195646489
4.19293306961569,1.3196908307348,1.28559199420306
3.07082451782455,-0.649916619061184,-0.0837743178680545
5.15837217207417,-1.30480958794043,0.237734196186508
4.57991341851027,-0.0392187389954169,0.937764044018693
2.31370042295503,-0.245787831401062,0.655252734194895
3.41285293707812,0.466050768918653,0.937079372596984
5.09344298748662,-1.05714560123176,0.200054185425056
4.5380123890312,-0.834386139245096,0.391973569907503
4.95644880785105,-0.568851388579556,0.694412072917159
5.06019697312756,0.292989987430548,1.19488677124176
4.29530990263216,0.442472556254444,1.29234106182111
2.22545357767181,-0.552568035895549,0.0573693964102498
3.31730481536548,-0.798972284993312,0.110728619396533
3.19996000865004,0.0320129867421931,0.685315726386257
4.91587391127984,-0.598351508756099,0.664424156924739
4.29469761831845,-0.355652403836705,0.694201079518869
4.91544360968151,-1.19285703617857,0.154988814815622
4.28773882661475,-0.608442232975022,0.515554426852336
4.37143875126389,0.135905223707842,1.08884893113931
2.26806939873939,0.692951183213283,0.733221671800155
4.90674481929492,2.3229358357225,1.55838901809183
3.24199234595071,0.246192890701905,0.789732634081412
3.21081972457237,0.685016800330853,0.922729082450493
5.74584195000303,-0.0397290894778305,0.834447927087381
3.37486965950354,0.352493225333679,0.85899776370847
2.22771264919203,-0.412629188121858,0.10755899729829
3.711295975268,1.50559034457585,1.11158803171406
5.1428595499137,-0.169084584562831,0.985554612678042
4.05845816237908,1.12763765435484,1.22074506379779
1.78664371397942,-0.372723582491766,0.115107673919308
5.45975028916956,-1.35868940888331,0.137580828656278
3.604714859241,0.0711987138339568,0.789066741822564
4.00911044070463,1.51985794136336,1.25775883394393
1.99973336838647,-0.469744438266782,0.0786493340641303
3.72082677853909,0.117971218079065,1.05628296132042
4.49406531663489,0.854134363364992,1.26497396478532
3.99439604170499,0.880895004763648,1.15472623190182
1.55486392297382,-0.295124606302054,0.126329093760737
4.69616342338565,-0.689944362441476,0.446830741647923
3.46871168538278,1.0106912035209,1.05128079961595
4.01215806323383,1.18373173696873,1.21834638457367
3.40392269618041,0.926867650147362,1.23098097465207
4.73161853233313,1.43682806944401,1.60116540890028
4.5116014735716,-0.838093353045355,0.382343953562856
1.433510970507,-0.176273908138056,0.0177500498795058
3.40577573285951,0.160685734252435,0.788417851142975
3.53870549448089,0.157510515281767,0.698811595905265
3.70268674880322,0.0328784293002665,0.790925924167861
4.71215390550777,-0.923847498821109,0.356991148160467
2.72120937414072,0.319787503421199,0.853418753185401
5.49121678842135,-0.0781262508745163,1.10802766049695
5.28125816853706,0.712190916990439,1.30505637527322
4.11690105449486,-0.965094732261999,0.163879953516473
4.07920751368851,-1.42377064574941,-0.195123289246698
4.82151704268522,0.628247590882607,1.24153329798981
3.71843507476736,-0.0903927176006279,0.873819764715775
3.63764205228065,0.35378849379569,0.665326053264028
3.23324368381822,0.555650833942495,0.893830779068488
4.90042335036891,-0.821935347325828,0.489433400685983
4.73844591338737,0.990061045705941,1.35665971654618
4.24944715570417,-0.460036195389036,0.728441423840184
1.76985807339622,-0.306894628232539,0.168490731983307
3.59334904072348,0.881667230931841,1.05847527804219
4.89634921524677,0.413757187744225,1.20933998409957
4.76816130379213,-1.04988147808921,0.25565985302901
4.47044676978123,0.261875387380514,1.05691560963909
5.21955994544638,-0.716545115005862,0.645819075299802
4.18982879008088,0.335153069635688,1.16658093880164
4.50682566166572,0.954839064658598,1.29356195015473
2.85489058647017,-0.624653487219387,0.156821786012963
3.34029662460969,0.406827311768146,0.870762869645443
3.23707257643373,-1.0295385960965,0.183176129432169
4.97458772223611,-0.355497914704884,0.839891998398164
2.78195348766976,-0.619227038225663,0.142794166414113
2.61199390046343,-0.629567292354631,0.0867123281826085
2.54803552125297,0.348799012700482,0.677130681108015
2.03204795883773,-0.0120193107199074,0.00937136283504164
2.41111635172063,-0.178430038743921,0.403249535640996
2.61599727997387,-0.454199090884136,0.24855853107866
4.70138134320572,-1.04351412439906,0.244138474682039
4.68350856403006,0.270914009949941,1.45212991204661
5.2940383708807,-0.849563024705586,0.559814876560916
1.6990397650058,-0.367481446857697,0.097355949310521
1.77820394751055,-0.521200549151374,0.232785220356761
1.94645751004531,-0.20664677863019,0.28436393164102
4.5278726459124,1.01112669530165,1.3118673443236
4.69747023962381,0.956195340570839,1.33863620558096
3.18693313461116,-0.595010659536433,0.2675036963108
3.51383515485718,0.505461842886137,0.941669581462549
4.85327286909594,-0.458947818771013,0.505946904781851
2.41306258832785,-0.718191753469397,-0.0551169702287655
4.81332271354638,2.07919745008427,1.49209467159978
5.0266326459278,-0.910729849995909,0.241197538777148
3.72874540026059,0.953384651040474,1.10616115381561
4.2722099686108,0.719559060285238,1.32508975161344
4.69315064184016,-0.569593554268637,0.635504905863775
5.06438724245155,-0.598001438441262,0.697668852552806
4.47175774209836,-1.08541635679111,0.140764503173286
4.00942082049516,1.43997602823191,1.25062065567453
4.97428467961012,2.23703867727386,1.57849909607395
4.29645338787468,1.59815723580383,1.34530971091739
3.82166429013629,0.804796855080273,1.0957173371338
1.58883734995807,-0.39634406564602,-0.040278408472264
2.77429898500906,0.0936445347321222,0.625495992332346
4.45174984694229,0.232948734344314,1.04055903031503
4.24825811014413,-1.06152511854098,0.102576027385868
3.49642354443744,0.219390749517179,0.832782310422601
5.24409762670915,-0.51659831908998,0.793444725766718
2.95355982062082,-0.759970200597121,0.440896131500328
4.75037206608691,-1.21552187616035,0.0848371540800655
4.66386460871704,1.38432996135675,1.41756083250644
3.19571061007852,-0.792551633876138,0.0833368523956105
5.2329202599118,0.367267921716627,1.26250141629333
5.34038385385134,0.981706328571194,1.49422345451753
3.11378229136808,-0.334479950937485,0.929517690160648
1.97481805993298,-0.0708993718962605,0.3750931197923
2.24421277956977,0.118262679964913,0.52492455335181
2.89080668834777,0.504567217880038,0.801375240279509
4.71142641847358,1.49472698357663,1.42644666560965
1.78450608467368,-0.457226695059496,0.0312265638480875
3.22965479236899,0.807602323637772,0.778378131037874
3.96736973930862,0.630737688975661,1.08179019944575
4.39465967419559,-1.12472980264314,-0.0506157219908695
4.91678394687842,0.207560132415721,0.934469315477236
4.3136059867963,-0.0298158432973,0.886935750949626
3.12113566891794,0.0830784796574,0.828610000376947
4.29713142352842,1.16385234881286,1.2871488842094
2.52304816224428,-0.452541568548198,0.227590862297609
3.87361600281788,1.00311391367966,1.15162302190043
4.39116848213797,0.753020233233438,1.32758899042285
3.85478349872874,1.10014491296459,0.963018499949813
2.47428179548322,-0.414433202962912,0.247587956508367
3.30324370631782,0.815737888916081,0.974107915541551
4.58033243370889,-0.715349919801682,0.50001388814784
5.35072083754889,-0.896154804195794,0.535476005022994
2.71294164351659,-0.659818263929475,0.0840644032518199
2.60802134091148,-0.389175982677417,0.5606724221517
3.18278245996353,0.913554480860455,0.973493212229893
1.83839422155691,-0.452829771343745,0.051131313118983
3.43448443363093,-0.843285579149656,0.0982808002232288
2.9990085659896,0.454854412082528,0.579179122880086
3.30927048522329,0.768953350216562,0.965567253273679
4.57361956401251,1.01980526460212,1.11895027638697
2.32535372637451,-0.428608527150976,0.199950322042393
2.41853226861292,-0.499699913463975,0.160257462482699
5.16396081461439,-0.29690300809101,0.915985352936384
4.954798464367,1.52555934356221,1.50575198717009
5.12280587071865,-0.647969954733587,0.674722309820366
3.97803214575232,0.190000998133211,0.921910358892898
3.60277243634656,0.747553028534069,1.03021971009741
2.25664316051552,-0.518434121662853,0.100231694026405
3.47661582820554,0.48923475684027,1.19562475941208
1.70322739586659,-0.40339885590514,0.0637001502427144
1.73924179341726,-0.436368407479375,0.0401469372084352
3.84860455612072,0.507572446802635,1.01640906100645
5.19091421074456,-1.15094378179072,0.270730438389546
1.70680550700417,-0.595925281065011,0.180320451090416
5.47116789260254,-0.0881148631306721,1.12059633304772
2.91779361147775,0.232862569616809,0.715266413883792
4.15731233117428,0.656532681447056,1.13225546428567
3.9530182124357,0.96931235887982,1.06446550880332
4.50590093949087,0.402800756228328,1.12144490098852
2.35453257287582,-0.631123945428386,0.266641371412334
5.30469967774132,0.321170901116269,1.25856572516899
2.6599521844824,-0.419851427568948,0.286865701504642
4.13647420128375,0.275079200538074,0.992799285270455
5.30506657345822,-1.20233086017802,0.251618664885808
4.52719312805607,0.855169258257713,1.27289519149215
3.01752307898286,-0.0817798002191812,0.58792414448759
1.60462419954423,-0.240429938326228,0.183152653218939
2.32054554229048,-0.288703226794692,0.309134662226244
5.51075939361853,-0.427103640828965,0.909470860926884
1.55661644881857,-0.24596229542956,0.167665771286604
4.12202636383328,1.39932094117233,1.27696547201952
4.94200728969038,0.534418271533097,1.61864580430042
4.34436252804017,0.205127059499454,1.005765130773
5.03822983324814,-0.572269076097654,0.71006823425573
2.10940412802128,-0.755279619586708,0.342903872562999
4.01389367029563,0.972279242589121,1.17971887843016
4.16902455532986,0.693863620920665,1.14598819243359
4.69490879526468,1.02997150367604,1.35596848344054
3.00287382828784,0.0891520699371736,0.671395642026587
2.94525835304268,-0.00520229747630166,0.450348422943671
4.36551003015058,0.500583239279984,1.12717351295021
4.66189680437034,0.85317146410311,1.14467377865088
4.47302639211436,0.482890387443856,1.14421365874499
5.18946644295802,0.0310092099705642,1.10102957724184
4.76842915474191,-0.921215637496116,0.517100289817319
4.00059768874107,1.07627308794395,1.19699446290588
4.53824327623332,0.587266896072655,1.19478378914256
5.45942773141181,-0.358115303381126,0.470760529424209
4.97995323112554,1.32353875656159,1.48700979814567
4.98839548607817,1.76063750327996,1.55282292063569
2.62274341384102,0.105390697068278,0.598985349757172
5.53256290045631,-0.833217405267359,0.628188314719293
3.09780426057066,-0.47773442526373,0.342968463351789
4.52917732796892,-0.267014357494965,0.799416266779187
3.15146949487798,-0.20720955221703,0.543224533633189
4.25699719465403,-0.668425682475605,0.461885311593748
5.27786638843248,-1.11832487427288,0.324090855594695
3.11524987316789,-0.263389048012565,0.500060584915095
3.01683264558294,-0.588818392086183,0.230900020765763
3.17528485312224,0.041629984360623,0.836256500663679
3.25881817806714,0.666168718719237,1.04043306293954
2.45914257994276,-0.583770809181924,0.0906350253758036
2.41027202163164,0.1166129503363,0.559236306746026
4.08925707390953,-0.9016179863979,0.218097204953643
3.67967260274197,-0.0150172019526217,0.761965912369013
3.9336257885232,-1.00243137830428,0.074576369887449
2.01534960564781,-0.478320984185521,0.115018236350935
1.88143993023912,-0.242832406249887,0.244256354648088
4.57756070609924,1.54478239459659,1.41700127199499
2.31894145855411,0.0114711439216084,0.490809350079589
3.0654457081005,-0.011983219738121,0.800871187075316
2.73698183357367,-0.200610785531649,0.458963465510578
2.238576886506,-0.189144907389687,0.359416422613497
4.88910562484755,0.235800292989504,0.969736873753134
4.61265000472265,-0.973433189100433,0.286891687815434
5.51598002448722,-1.05344016153446,-0.0187426102794758
4.264511921556,0.0984883595453314,0.940285602297568
3.98449286954116,1.01947171346727,1.18216805608224
4.4438989318501,-0.233105827983092,0.801595104129629
1.65193496819523,-0.515126052507721,-0.0366926556695094
5.21377527880458,0.166740534315472,1.17124922862461
4.53733611362896,0.328739697327268,1.09888017753013
3.22661976737349,-0.91484585928589,0.316043836250809
5.381496771382,-1.06421401739422,0.399583723197157
4.84180502523271,-0.510932490090058,0.709484840490822
2.85334816305434,-0.0175954747772783,0.587787957051428
4.92834115948339,1.79127232940456,1.28903778476683
4.23027978203167,-0.324094616571054,0.448980323459899
4.84605068361113,-0.233443507835146,0.858302923011396
5.19370729612102,0.858535863662881,1.42593530326476
4.02749891787516,1.66137292983691,1.10314607437727
5.31699672829664,1.19980154648672,1.54335853244097
3.69557381165158,0.0548956370382039,0.493313369364163
3.8573262431191,-0.976115902541628,0.0803449679751315
4.56818978784238,1.11197222978144,1.3437737209335
2.78386809955,-0.216934924203178,0.458690829229217
2.85699668015471,-0.433099905249934,0.322187068778836
4.57172247181354,-0.00340608390798114,0.739327460723238
2.75806413839864,-0.698271671779293,0.0571030187019195
4.42802603390129,-0.171024196794418,0.531074863882402
2.77277201921087,0.236968999006053,0.383232363549756
1.66867829632132,-0.658482391421843,-0.238787424420557
2.94495679428254,-0.693899065120247,0.113721341608872
1.81919455643629,-0.311894973169913,0.176132519281993
2.8007382634336,0.208747010654386,0.680659907385646
2.49351438780723,-0.0295629003624648,0.541288287376792
2.21658290376303,-0.363497066919367,0.228120408469833
2.21417040601379,-0.0683745507665823,0.176373305429822
4.8916062885053,1.89373663946111,1.54775990800278
3.69074760241668,-0.00719245103962873,0.768290823187569
3.13545037632379,0.710821562397607,0.669724228784334
4.46820189444713,0.0404782989473902,0.954843273496943
2.44472517117611,-0.555540908045494,0.114525939444689
2.22529742751662,0.107693575652104,0.742767667523334
2.57851570880312,0.0442635604065474,0.561229996620424
5.24612544291838,-0.29724329819045,0.766796384976948
3.9129924160036,0.81795432091577,1.12041471317897
4.97518497841205,-0.684662112732549,0.614332310923215
5.07896292542944,1.85465505685906,1.58718616687502
4.98510344651808,-0.966912123933315,0.38690075716848
5.12546398626337,1.72011871551603,1.58546004710192
2.99474279954944,-0.297441987232913,0.0832969169432458
4.7463523903884,1.798429588142,1.48897524677955
2.6536787727875,-0.38657645587702,0.311424124134048
3.54891552221508,0.203251497400147,0.837069521117287
5.47502471572317,-1.18976949363441,0.308464443310368
3.24578973181107,-0.719930719777863,0.169029903855927
2.63189949258561,-0.418592300608714,0.28131662370101
4.6357732449376,2.00227243181944,1.46871897807335
2.39287958580316,-0.122114249250636,0.433638666316063
2.71866852080332,-0.172638991675437,0.051877414687454
2.17279525334142,-0.232847940602618,-0.308395969173268
2.31000969428191,-0.65268033544677,0.300182220854875
4.10683771442838,0.783283028728902,1.15670783685626
2.59038362584055,-0.478611140726343,0.131388364178644
5.0577618379784,0.754975837630269,1.36406450989935
2.85656179791218,0.482659532356796,0.605523983865343
3.36396769596032,0.931102633020618,1.01122025239172
4.53554052148201,-0.854952087946575,0.373651395596031
1.88105530395369,-0.344427310133559,0.163703862852152
5.00802167857644,-1.03284641484299,0.33355495582315
1.84982054098184,-0.105856894788383,0.328420944668019
1.97908314008419,-0.35065329921439,0.169886244960201
4.08080922261336,-1.00416331621647,0.114539713897212
3.79965070869662,0.670547214525508,1.05539392837246
1.89421696621677,-0.330360082224943,0.178747724692753
4.75058610681399,-0.593799096893474,0.0820819396182261
5.42102683933262,0.617321826272591,1.08139299611671
5.12273108008985,-0.100234031961832,1.01908087829221
4.45292467738986,0.694767431875629,1.23884706543748
4.53219328052057,0.956170784373175,1.29986005604963
2.35543659955957,-0.495131037685191,0.148302150698837
2.79109085860874,-0.396818323235879,0.335024664742926
5.18086091968076,-0.558876536419251,0.783388938877808
4.96365753374496,0.282965720172514,1.12299414226062
2.67128136948577,0.193205982772067,0.646811722290954
5.55809119034395,-0.20454484226736,1.05287082671301
4.61337525314434,0.588803790696784,1.15092551632983
1.78120805369278,-0.518314689312012,0.481293892801133
4.86034118459326,0.21717300263995,1.15730497498398
3.59961230660191,0.491944521064595,0.546610198363897
4.89285955785867,2.06797896036614,1.54835768628544
2.6659648720976,-0.115448620545917,0.495123039950491
5.31424906632703,0.0696861988337605,1.14622510707357
3.75277581262803,1.27210111540978,1.16235560656999
5.27989098315472,-0.955674137445744,0.423312067465174
3.02362182345471,-0.137191101327172,0.673013005948914
4.66348186036574,-1.07398565585874,0.204580560083859
5.42425171907861,-0.102820097440209,1.08084355240015
4.81487357295708,1.74174337902912,1.50308436227312
3.30628034332711,0.148730361167973,0.529451916515549
4.62296439069061,-0.944132814196062,0.316369411982703
4.535945245405,1.6679089626057,1.34411637214348
4.49609110953571,-1.13335969028208,0.0982495678821693
3.51561025990137,0.419399027207446,0.87386916366963
2.91509916402255,-0.320246778088017,0.418433731083262
4.17525567718313,1.54375690070595,1.30653185139103
4.03496007485861,-1.40314747864685,-0.309084204689416
4.70699870177496,-0.877245305634191,0.39644527459506
2.32733902615537,-0.536427452519946,0.101658276557428
4.53146723588704,-0.650664106903425,0.539040913202933
3.04768800903657,-0.403712288676017,0.388032609624339
5.01622692355821,1.28945363994925,1.4894563106762
2.45459144650758,-0.417446155158164,0.240442648057792
5.15568483957787,-0.93952999648734,0.452518952449775
4.15729500843133,-1.19556493717607,0.534529152154654
4.01796228370859,0.0568511583040365,0.86866008791554
2.89027009617648,-0.024122351601627,0.592126399561332
2.77794301206727,0.352911527293401,0.729139168200466
2.87149288020503,-0.048258842020577,0.575480083550331
2.49915398244418,-0.189347968679271,0.242672758556268
3.97804026946747,0.315042016453507,0.974207150073555
2.09069049762645,-0.306608366504455,0.243780366114517
1.89718462537426,-0.308771587173035,0.0793871565813063
2.47078158277477,-0.552759552918286,0.0934756323814851
2.81741610525804,-0.146118529831661,0.509194606702114
4.88218776038484,2.22143949695531,1.54976346717811
2.37805687921256,-0.0780927178198842,0.455771572341822
5.22817125875638,-0.167488409998885,1.13023961490907
2.6067842730324,0.395535873992625,0.661926961113426
3.65175783915357,1.11611906720876,1.11486097622848
3.10889876954393,-0.709912978506471,0.142293488465837
4.87995102920078,0.367534047341547,1.18750702908863
4.77048416044316,1.49678464039065,1.41267788545167
3.43589251007954,-0.857678786594312,0.0838507778956929
1.73435624943946,-0.450546769938439,0.58791549795653
2.68958633223512,0.447879090962822,0.821849856949253
5.04171648205355,-1.02042734498541,0.353373520535596
2.35308451065416,-0.445637514405879,0.124440982015271
5.098236491234,0.406577621121074,1.24965954178833
2.4582174174275,-0.0183600286586658,0.504732930668914
2.4408921711484,-0.616025887145331,0.0804067590674624
5.16952599201461,-0.00346724159703471,1.07949087395627
5.26092529122575,-0.168605646121754,1.01061426753171
5.32456906322894,-0.425829731945788,0.870364525820161
4.93261823514222,-0.489761389302437,0.741868641305612
4.55027915645919,0.1827031630523,1.03913425606468
2.54692311331878,-0.571966518849662,0.272536239573399
4.00425978686577,-0.276253950318332,0.74431788915725
4.22826070967684,0.303017138862079,1.02267196295536
3.35477090547254,-0.824732510411521,0.0949556007250302
3.09466961308634,-0.0590656686042837,0.398301200870515
3.24115902502135,0.482214558292869,0.69167740340823
2.31257291169027,0.0825715550522055,0.523458545096454
3.78963973705652,0.916105928187448,1.11341710376225
3.16906114457942,-0.261305121917874,0.574815342547005
4.80099046728306,1.15202871138901,1.40873827591488
4.11324844099915,-0.211688535080347,0.338353589863052
3.61841077458814,0.0894262452672597,0.800596002859715
1.66263788452397,-0.35559386119068,0.099027695733369
2.23330152109699,-0.268541367006157,0.304211017198433
3.70956618929704,1.2123586272774,1.14341364654682
4.77143944610391,-1.08344969632691,0.141481403719329
4.24879310349465,-0.627742926717053,0.395928646285342
1.76960845969694,-0.413593298296909,0.0716721044404882
4.5124146533014,-0.664309923846977,0.520012609471776
2.69919236303998,-0.568731413375748,0.168707736285307
2.72432069659455,-0.0595156865327538,0.344114127446554
5.32341605518304,-0.856791946987433,0.560905920551151
3.43965000384527,0.00321979641684011,0.364515488176893
5.26492033999443,-0.684538926337322,0.67983476182667
2.7772344134792,-0.305800398258134,0.39815852792863
3.54054390840169,0.854661529509605,0.818824084886721
2.82399484850714,0.762138823681615,0.754025502385947
4.28752074726322,1.06416402185279,1.1326731381112
3.30417629052711,0.279032318041426,1.21036828691011
2.48458128948024,-0.611995294104164,-0.177435379338095
5.41028301363875,-0.0518319912685693,1.10491755281252
5.3199636853685,0.867381821637483,1.45705332367296
2.61590712084075,-0.0143472069110018,0.806577023414651
3.8230687226441,0.31451094416176,0.612952171494117
3.99304008982388,0.0185594620331385,0.571404080265165
3.54078465567251,-0.878819485322225,0.0916259636464136
5.41613537857282,-1.18873381714446,0.294030715155091
2.5399297228386,-0.372872069664578,0.295869367070608
3.85385689750647,0.0442838452299235,0.828174223194389
4.86500808400367,2.20783137237014,1.54421008929852
2.71415022884306,0.120498831755877,0.624970634921891
3.22512115632033,-0.747657569210134,0.136654156169285
2.93357362550723,0.18280056921899,0.698188197235226
5.10417315955222,-0.657884769050832,0.638462953621474
3.825200326922,0.335054891585637,0.950087939459478
1.91293293701484,-0.112150694908927,0.338015709988659
5.5515517018951,-0.859995511318071,0.611597250833317
2.95327213240247,-0.21999772586215,0.455566359474557
3.4370149854875,0.188126168053687,0.569255700141309
4.3277580819557,-0.636463397438128,0.503256587934427
2.07236764877408,-0.303500442905607,0.241967993895852
4.32007349497349,-0.877877879047564,0.530427859701471
4.84623919884674,0.187463419847701,1.1035105398313
2.92203764186958,-0.659054680047623,0.141676037257087
5.47091075702133,0.174106097007019,1.22861771581117
4.73227405543658,0.561458856689679,1.22846947330197
4.36080555528281,-0.114515797394022,0.851658971001095
4.26347226089162,1.68578274483028,1.34273135310896
1.46354200292822,-0.376681802871079,0.0238174623290562
4.90913033282603,-0.999214721689842,0.338998706602277
2.16221841335312,-0.380583465243012,0.434217406343046
4.59918844574419,-0.610224294780236,0.748523007801581
4.22054636837542,1.25843435350963,1.28370684880853
2.62565720484676,-0.259973647228765,0.39637969292658
4.18463796172212,1.2497964238817,0.952256605793302
4.79781604882276,1.77700883591987,1.50161984149849
3.78112837315199,-0.620204483566332,0.689550782949532
1.87330081631284,-0.617195086201774,0.399735309140975
5.01207977729324,1.59863120612066,1.53966843641429
3.82998849869993,1.63792439293336,1.1136235544653
4.56418159894538,-1.04169439655011,0.343925970711519
2.27025943419542,-0.237957930562742,0.647911054989716
3.48930791855932,0.190567830253369,0.819040636413241
3.17515304912992,0.483152531234282,0.859182794421147
4.46808266627373,-0.820729487473878,0.386616925975645
3.1348345656972,0.258713158849345,0.713312900308515
4.71403372265634,1.20615887951272,1.39862247449009
5.24002083244731,0.501012543027518,1.32703325384315
4.02089316032515,0.139218536088121,0.930279642299692
2.29605634563843,-0.670268955225597,0.181439087032248
5.15124972743917,-0.39678501875179,0.851696123387824
4.17958331550197,2.20222745949331,1.83110612104416
1.68301131293331,-0.169086857666199,0.184158283333778
4.56561982926528,1.75378898789914,1.43417207819878
2.48532375637706,-0.414891540730025,0.258918769342775
4.09536999041156,-0.148229252678135,0.642988272293782
5.38948309559007,-1.01832489684536,0.441915607330591
4.26503593084623,-0.411747100852696,0.656069934702493
5.3667126307338,0.219946159826176,1.09259791020096
3.83958555774338,-0.93878400529446,0.113929359972153
3.55993436631221,1.16233754166109,0.985142711705892
2.18300985891685,-0.272764057172247,0.289963683859881
4.32504692277995,0.791607944096805,1.1811482498085
4.50146851959636,1.3971143071897,1.37739220937117
5.22249011452285,1.14359516214265,0.983407490994969
2.82820663693086,-0.75767292493816,0.471576032244206
2.54326934531538,-0.522730387130967,-0.0273730233921768
4.97563004841591,1.13586038913543,1.44723936365444
5.05653996581011,-0.490658309871291,0.770081116533136
4.46775598386491,-0.0818461619099609,0.853486631256271
5.08565175537178,2.10017101583723,1.3737891689991
4.52485292650126,0.484931606951163,1.15618564062821
3.74514804341721,0.218906688722426,0.88523403104178
4.09296957580421,1.60300703110649,1.28797458006195
4.35806729109744,1.48144375914919,1.35032194728155
4.80837107742474,-0.632566141990818,0.219764490984828
1.68052080021901,-0.26488284989811,0.181534586900232
1.97213425869562,-0.0892837802345708,0.364023469223661
4.26313450074135,1.00920880114356,0.747355571952521
4.21183811656227,0.597928136743897,1.07899988030031
5.10775733487993,0.140634920214775,1.13688468608925
2.83059083336825,-0.295618707728819,-0.0282115753803369
5.15761317410121,-0.506131496431084,1.16163794481219
4.8605830136936,2.20581474022249,1.54280537044609
3.76328647128091,1.06208011419815,1.13481349811207
5.13587799402804,0.507617305019067,1.29659214558646
4.84015511174684,-0.337762885597297,0.822253733397113
5.29079183405973,-0.394017877588561,0.883302453983105
3.03887092594191,-0.133134338104705,0.563493336778905
2.69534252784341,-0.713311084189965,0.163987869955259
4.76741928674044,1.80045455457038,1.49509376816762
4.86560026796968,2.28006059482525,1.54523694620733
4.84603100505028,-0.0873741833573887,0.968030884140747
4.27561358468149,-0.0372068853041033,0.875147550443843
2.90228014008727,-0.373313029769813,0.377721677002727
2.6870639771016,0.231440064396107,0.665377349781345
5.20344960307371,-0.866240412534682,0.525020015524084
2.38415985859682,-0.225569804744261,0.158553377373153
5.02725127703635,0.482819399151879,1.2639053829562
1.75125885418622,-0.412026702921462,0.0682319062009183
4.56482205520383,0.248060152547531,0.951463292691292
2.72297896230911,-0.240320994352002,0.430522398327883
3.98931593658169,0.505192418003372,1.04654811170874
1.49596326724654,-0.380172620017496,0.0294693666541911
5.53889099847263,-1.07852262771567,0.42617960436222
2.70766439776426,-0.338665055783434,0.270730180383387
5.51469342694903,-1.40530643024448,0.00386072943139187
4.7932857290624,2.01134605167879,1.51618992009527
2.77107920278106,0.364726751523175,0.731591855167402
3.36228898272982,0.277031980982041,0.82766492812313
4.25381967525048,0.617623867387013,0.758800694281385
2.94838641824277,0.0090434434643965,0.751115770795591
2.37838355832169,-0.08969770489584,0.449309692075461
2.12434822184758,-0.331458723891626,0.232157758407027
2.98789009902702,-0.0952838053794881,0.64154006879946
3.93594084649762,0.270858893864053,0.947383044445672
3.92527484199311,0.410223867507417,0.902770396985058
3.08202079582936,0.439040926560836,0.824574693358269
3.38528536029064,0.0014247291385181,0.708785935352059
3.20423320388262,0.582547120594808,0.692850326392593
3.31928482645965,0.695871668548188,0.950913688559955
5.2231076989664,0.483068806962046,1.1040439007328
2.43133906570126,-0.458062104612762,0.20051493614878
4.80131003333899,-0.478083413965308,0.62874438335318
2.23669077833289,0.300267765107069,0.595324135888238
1.70618881282014,-0.592697887540519,-0.29327988227802
2.06028723323457,-0.278482511794575,0.258179357922931
2.52914155186909,-0.34242143121995,0.316510658954886
5.48039059780216,-0.418628028770624,0.908337809933939
2.92184904614479,-0.472184705930569,0.258011610140227
2.6402639628004,-0.592757089118827,0.604819786174754
3.95063394701511,-0.00951782494976916,0.821461027723244
4.35933705960958,1.21164033856919,1.31131740110604
3.16377615237561,0.733595126172038,0.922771987445087
2.44919284490211,0.00564194480346469,0.368474814184247
4.71255029519938,1.35361860763026,1.50138738330141
2.61193127346161,0.274078094312891,0.665273092037391
3.29615895731684,-0.00720033347096233,0.811475610778588
1.69293669277933,-0.187226328511101,0.24213904751686
2.29890764895518,-0.32048981223593,0.326099067520834
4.98229083033715,0.325719280101254,1.19215298229087
5.35373823618267,0.905308099008385,1.47579388982229
5.28748699385827,-1.58121681848364,0.160603904798848
3.94173214301545,1.34771771076367,1.22222674232592
4.540512009754,1.21358425014204,1.01249416763771
4.83175243069639,0.775373114005009,1.25099512785863
5.02596221618491,-1.13150734686558,0.245691332357819
4.44444082657924,-0.113521627810006,0.86974023480078
2.40246131501681,0.107166575804219,0.553424352595622
5.19772997918407,1.04467491072306,1.13635515775597
4.19554362784995,-0.90617790553942,0.239029818090721
3.85262226250155,0.118740664662313,0.456351350343449
2.01847332090008,-0.143634394148343,0.341173212196467
4.74505041821387,1.49170689321308,1.45462952645413
3.14264512603219,-0.476049672921297,0.354675307239691
4.43267833856402,-1.03052920709249,0.427749402525721
3.15313790799454,0.456785908664602,0.846026196527083
5.18536575670008,-1.15551094459466,0.264899460906753
3.45211254340735,-0.866133837757494,0.0796712036922214
3.20379735155668,-0.0438555736218448,0.647381305232407
4.87391921890956,-0.451997096183225,0.756224308216488
2.66776228818399,-0.678447207092646,0.0520458068590395
4.10450493921171,0.245526031784727,0.972554772501034
4.23555000029598,1.53310211079043,1.32232349883973
3.92536686841606,0.700501104645954,1.09248781665261
1.67910100295544,-0.3784140130669,0.0817021649060104
3.02221442094555,-0.54794002565811,0.612186504136524
3.22173115806366,-0.301951232828452,0.472711735536803
4.04534794428021,0.728091619251045,0.846174611359276
4.51367407043808,0.297870232175397,1.19367764878358
3.7312703497214,1.1527998557313,1.00918635232076
4.83473646219275,1.72604583565296,1.50701617698271
4.28131388323217,1.05862168041137,1.26281333188644
2.25524814543313,-0.534388037853387,0.0840995892803086
4.83926106665722,0.684422734289037,1.29312964428622
2.69501828720557,-0.037352495585041,0.544329960039669
5.44397031545209,-0.337124784528713,0.811596079002336
3.41452060468677,0.61598938892664,0.952159471313089
3.2626369396053,-0.697312961223879,0.194770346401029
4.57319230394653,-1.14703371755404,0.105938463996981
3.2919221571625,0.0196409860051437,0.625780007191136
3.32518039722889,0.487506093388227,1.02088403945413
4.59121139798114,0.0898062442640334,1.00458931841316
2.37066925894276,-0.528271856671802,0.121117453595028
4.94467808096308,2.07110243471148,1.56390117612088
3.1611598590166,0.734406050375851,0.673153879604886
3.25288720336533,-0.68148525027402,0.206924788490672
5.44396502246567,-0.813535536414548,0.623058826840257
4.62378298871102,0.370861739282269,1.13420443653439
4.53716106090518,0.922463086037251,1.29267602615287
4.387591811885,-0.169715403946833,0.72356907882605
3.50323649868876,0.929895085023772,1.04584363407122
2.47773126081539,-0.713832171673078,0.310599532312098
2.67310248580173,-0.327243254808824,0.359943064377001
1.19587750470035,-0.520129488129575,-0.061962577084042
4.9457127816886,1.83399912972992,1.54810571062993
4.48879942843553,0.68358670350707,1.09521035965776
4.69402763129715,0.732161696196195,1.27566406115292
5.40730403862249,-0.052069884815056,1.10417001288457
5.01921351755567,-0.849815997228475,0.49477837784501
2.76596861335571,0.374383346017736,0.733655204999757
2.45656167495878,-0.131530814772982,0.441535689215374
1.51096411731065,-0.146739298539373,-0.213909509478584
5.429540736494,-0.893876236479354,0.555959845753489
4.88646857499889,0.819333628841827,1.22416211650238
5.26066451442307,-0.619494357130211,0.725904662860072
5.11369282154682,1.36517644145084,1.52808273138626
5.08093019846103,-0.145276908503783,0.98577900925179
3.12671157054766,1.16413486168081,1.04295047609364
4.99756380034875,-0.972497326598272,0.711795052910494
2.40317592803359,-0.00582719377007501,0.499676674534663
2.61726225163502,-0.0109517490454918,0.541828987304594
2.26476562807411,-0.351208577628958,0.24920892697589
2.30155836378561,-0.234567787987763,0.34292778800101
2.36169890288913,-0.37542258569861,0.203257286266309
4.90596343211372,1.41035481033231,1.4837364081752
2.90258264985835,-0.557829204031326,0.419447968875344
2.61991308923389,-0.423362470108596,0.0190899108112024
4.35745884801944,1.54024742313116,1.35666102100897
2.03894705885871,-0.676931470165134,0.268615740752011
3.02396947400348,0.645716263486497,0.630715246379831
2.48706532164732,-0.213631020892597,0.367647408185233
4.42821695980192,-0.380165640425424,0.498250628035862
3.86462427729258,0.668956536892142,0.91325793173945
5.06057335712523,0.729480924583953,1.24998548349888
3.19727752641808,0.0945183681401772,0.714672970071044
2.48426512810111,-0.210280219780427,0.398619492978406
5.33012977795998,-0.80407316377185,0.459706045024104
3.36339769852488,0.0586973389909319,0.732527481191592
5.29453754696919,-0.999482530567698,0.336056412933394
4.18871978000621,1.35728551842521,1.28958586659191
4.26971375634987,1.08248571806118,1.2648134724611
3.65627731687571,0.23369026098615,0.541764686615488
4.24927139553999,1.47106932530787,1.07784515964864
3.10145132268658,-0.151945153563854,0.565761599594163
5.2760768461749,-0.800830074148456,0.594196410779245
2.96679320241744,0.541845483572607,0.829133795176706
4.9383100837292,-1.54376787959919,0.246042860315148
4.28177556759903,0.389139292529959,1.06810821104545
5.05032884793071,-1.04975355955499,0.250586203484247
2.75789411464217,0.14221661190775,0.509672846646178
4.95763306263237,-0.450194282375927,0.775532716782127
4.91599375607658,0.17593188222904,1.16108091230934
2.74877727285427,-0.428438615782899,0.300752937323974
2.33792403459842,-0.313660005111756,0.294721251048235
4.17133044901734,1.08604616116605,1.34028023023902
5.47738765389991,-1.10117928973149,0.390598122275248
4.6272735212682,-0.272225020476623,1.07708789155604
4.50862624906648,0.255891672107447,1.06244118062204
4.81091734547464,0.403085601249604,1.18688896124954
5.05438290952931,0.896499065923253,1.40517801971185
2.65925825180229,-0.25084848199994,0.409792235777264
4.23944346426442,0.567311911362171,1.12234208934314
1.90903066313121,-0.247458022241195,0.3599792114223
3.78831601970061,0.33063495043706,0.939756493738853
5.38021209486364,0.813562427097573,1.45427755132068
2.52055015732475,-0.108015119163755,0.468770578736243
2.65227012294802,-0.306469593221013,0.370131096251714
5.10891800466196,-0.485794176614468,0.784708436626417
2.28388977252303,-0.0111137627372738,0.472012628986867
3.11513097933188,0.108664994815987,0.703950356802086
1.50313513158172,-0.367607051855333,0.0445112290044338
4.32211623716422,-0.795638962460073,0.372513178546516
5.50843907056389,-0.888860075626996,0.57856393584417
2.2431604839595,0.234940071204346,0.447744136836533
5.46524729863053,-0.574602060219335,0.802294116743582
5.40633424025847,0.763650854658054,1.00882862087844
4.8643358388104,0.925016659398411,1.593898496937
1.39507332793768,-0.621058187681216,-0.151887746976549
4.32832975266591,-0.8276452424244,0.346349660948445
2.68297454895251,-0.609491096066444,0.125871016255432
1.72381720028656,0.0476920141810997,0.153994387797817
5.06056550570325,0.621755883207992,1.32106958252998
3.63314326554384,1.22098858780881,0.897077908681562
2.3136939230062,-0.0563818208073842,0.454253910137513
4.95656572539991,-0.566832093067862,0.638058613459147
3.23694494229579,-0.114456767587192,0.615807733281616
2.33950860898856,-0.658408677098939,-0.0676928585445459
1.87359468002874,-0.142690386001819,0.310805736733933
5.02264443551813,0.984532613853233,1.42162642069455
2.45153986697192,-0.543858080711405,0.127576814157379
4.15402685544247,0.461580896669342,1.06732930433781
5.17789962363549,-0.0488066717503091,1.05787615094448
4.83848383727384,1.66828308465142,1.50187209969784
3.05693749291097,0.120194080565069,0.696956379454676
2.63514226076921,-0.623591487817723,0.0990777223106478
4.32554670418345,1.22879369023908,1.30573048319745
4.15779362167432,-1.06825192033704,0.0696436252444452
3.82867090235225,0.764087394165103,1.08718408862622
5.11489110003881,-0.668708150728402,0.645037880671554
5.3148133390816,0.213559314795577,1.11274644211153
2.67722219451742,0.295411478887712,0.542636623333788
5.02579878380389,1.8946976121644,1.57584585070316
2.73757665627476,0.254378318751461,0.685028293464136
4.11114481334996,-0.813093766646704,0.469588986806456
3.24566990306536,0.516453281102092,0.842508046787542
2.12097210813377,-0.269205513408816,0.455532704742824
5.26690097513573,-0.7467710891419,0.633757150476343
4.94203060256727,1.40191282502882,1.49148421311657
2.82285144228145,-0.70610067356048,0.0673846626112077
5.09239161316827,0.384945689624977,1.2397711955034
2.14975516697196,-0.281394496301984,0.234321027178071
4.62872674520135,-0.441641094131792,0.709947690345036
3.1455021279528,-0.546161144393869,0.298846507052806
1.84435281356634,-0.30526163192453,0.18753693304448
4.1012503118262,0.434466979698033,1.03912971189335
3.92020778244228,1.57041514885457,0.843582000576991
4.25580708271826,-0.548769862038,0.552884755845305
5.37417258459144,-0.613115410028906,0.755525504664477
4.05207687435245,0.526381634862164,1.06746948795862
5.46268139021712,-1.25075258337071,0.246756731262454
2.21791604071927,-0.218601396544844,0.637154809060206
4.48132131737507,0.718701768319254,1.22380679424928
3.50253987409829,0.0934800757886167,0.778210935348942
3.99911169612155,-0.382452433541796,0.675450902728276
4.18626503667852,1.12141111627759,1.25165781814376
4.79140438238832,-1.07311170246745,0.239603098251996
5.06990615518236,0.356991607542092,1.17875015481443
2.50807644830453,0.0926468184258513,0.569119923888844
4.64627570254112,-0.586195119493705,0.613050304971379
4.19449577308922,-1.39009770108511,0.064390947443953
2.93351245269342,-0.0103271290693505,0.608299855667034
5.19476920300226,-0.378708207731182,0.988224904923266
4.31659546878038,0.625287606612775,1.15818208964918
4.53736129328211,0.477256323125599,1.15610530317973
4.65208467840229,-1.1267573888401,0.148905299506056
2.95977741625576,-0.38234167765692,0.384007710637887
4.82220850105052,0.209261748469845,1.10823377017138
1.28552121431455,-0.204910386111341,-0.110838450922948
3.57702623332202,-0.90270836841825,0.0770968713093144
3.45825206058342,0.21761386332761,0.823949622648885
4.69406398284311,1.59087667601048,1.45386774482576
3.70019099144906,0.796581714614088,1.06508397201628
4.45485025260655,0.188043563542379,1.02145394651
1.76037094591239,-0.284419953411119,0.0705383447257144
1.35735894107965,-0.238759956922989,0.342279195011266
4.86338309059373,-1.03744180507575,0.292188044304264
2.73338120559343,-0.469453854698267,0.263961578627963
3.80818346676583,1.17429945914743,1.29645150171352
5.13081755465608,0.366076203282644,1.20907136917385
4.72152597642668,-0.352046281376666,0.78799682971319
4.36149620209519,0.0168051706320933,0.920730346062722
3.43836756695427,-0.971647156460447,0.0416095577953516
2.64841033313112,0.000206461073169129,0.277280882860681
4.5443934708069,-0.976810612374119,0.266101958851372
2.88749324875299,-0.13615273054574,0.529831660256384
4.03364475020439,0.412365242920414,1.02339585458277
1.90229819201765,-0.140334530719318,0.0614534142586595
2.99206124575907,-0.20980268087102,0.524623779205519
3.06452500282697,0.616633266524503,0.687621326892791
3.21188509946864,0.513711602623208,0.876716017974669
4.42334540369133,1.89477536074838,1.40082557213668
4.27213945703814,0.749647702305782,1.18542668614445
4.51605511774169,0.0284739938648405,1.21946796448623
5.26322892002341,-0.643301540542611,0.709452195125377
4.59380724878882,0.7119358435081,1.0507924593734
4.38020773864257,1.25091201844521,1.32334266104
5.35438057491134,-0.25344292888559,0.931180896276919
4.76690312880905,1.24720841401544,1.27960789025815
1.86769029866039,-0.44470690518635,0.0674960319315744
1.36678192131284,-0.49618912785574,-0.374951607715421
4.54364808300668,-1.20694397190738,-0.174053979051551
3.55579901706173,0.873569759028638,1.04207779176486
5.12422163485007,1.62967176143713,1.57347147299885
4.47983601066027,0.874786610948906,0.944300569714406
4.16917526621764,0.711067474359001,1.15101150363555
4.97301172197411,-0.312194158450555,0.86624317620142
3.95704334053949,0.649952569579997,0.742828505075556
3.95908287124447,0.0744334421753887,0.864832826875511
2.02747063469595,-0.0508066154527619,0.440648549671668
3.12311693851473,-0.507896950255693,0.324858298932701
4.19474772575485,0.245725925147403,0.9917343963915
3.09859642732732,-0.846994786131978,-0.364949541583795
5.50036181090519,0.357533451476561,1.31526145634545
4.12133124738704,0.234912622407817,0.971604462125763
3.99166174933664,-1.23089126332054,-0.351698442205261
5.08845198814158,-1.62858216312938,0.14246712027178
5.48103756124766,-0.760764884510377,0.448897444079527
2.12902872176151,-0.411220200335201,0.101464363006508
4.51827061173303,-0.652436531174151,0.534666580074848
3.36155730051071,0.668430654704736,0.953919331462608
5.14015895663274,-0.905387072558661,0.477601146096011
4.45486658595002,-0.757642735805084,0.436369939236867
4.01241743056584,1.4535811441962,1.25278261960545
4.1910929424803,-1.07279433360674,0.0744471355270187
3.30136406353532,-0.822832052176701,0.081878332804582
4.55483675312553,1.69799561290298,1.42654122885012
5.18073669676895,0.733386530646293,1.38459206317107
4.38290022770961,-0.545399641810261,0.583790696093383
4.55533232711034,1.82232166965012,1.43602952915233
4.92912291815728,1.09450814713055,1.57844346731653
3.26799818185273,0.449335436175133,0.869103875438213
3.08963690270484,-0.399576924443534,0.400518335240432
3.35202139560308,0.941174657674955,1.0099652340949
4.69814582451705,1.79829323624485,1.47530381662628
4.94365789033071,-0.255822801915969,0.893807766646289
4.88521823441688,0.838978805772546,1.35035538246901
2.4850836698231,-0.462167497038905,0.210148274620997
4.71292694364856,-0.324866355329531,0.803131895730234
3.37027864480876,0.761296789043568,0.978464790480295
4.65161710154118,-0.997792567094628,0.274312077797693
2.07145942534118,-0.682175213584425,-0.0220387509853811
2.55320000955063,-0.590015319523959,0.158774236072264
3.77270176652834,0.309216837131154,0.928050671746477
4.8796965316278,0.988238609018818,1.36228060157408
4.30316020800533,1.35842227731544,1.62111336878673
5.46853134621048,-0.560431441975228,0.812695072897943
4.35151166702157,-0.552374756578727,0.57170477579007
5.07797356371867,-0.420181335369153,0.821027152745358
5.50620053022793,-1.09322291654077,0.404967022678694
1.85172352011027,-0.0985443997512875,0.333180386895372
2.80147676194971,-0.580015940242496,0.184540274815815
3.8266787213432,0.737933458651813,0.865768108630515
2.56136401878183,-0.109523253143777,0.47649964148177
4.73775057835693,-0.0129176037201922,0.984358157898101
4.53090790987337,-1.0878924032186,0.154642251350792
5.31008549531088,-1.07937942818547,0.367995683843452
3.80858641768689,0.40759624968272,0.891581985336037
4.13242967559571,0.193231312090132,0.870429755352132
3.3293151838212,0.00414850128240574,0.698458784268399
5.46676267419504,-0.735298942109906,0.687755378867035
5.17827021967146,0.693363996682198,1.11133868842274
4.36947940382453,1.40280495144451,1.34350234215231
2.32647660425858,-0.508852868133825,0.127968661244067
2.73404469743211,0.100215646416108,0.857974290546332
3.68311177142584,0.844957115946805,1.07222552038834
4.50722525868969,1.72706556477813,1.4154959218977
5.48017044766798,-1.04614326998147,0.440049639238736
4.22109838118502,-0.476007725736261,0.492844764293072
4.73974345132196,-0.683357645358049,0.561685315939947
2.85411618707558,-0.609924902675821,0.170453861508891
3.1865628901665,0.405399228869486,0.836586247514312
5.41251203351268,-0.280429371271917,0.97837284616523
4.52809547964501,-0.407410636757973,0.710825430989741
2.49073147812976,-0.924159429396861,0.332265716431318
2.87837333378502,-0.542127136943469,0.237517371651204
2.27462450198207,-0.149666320409669,0.36849473972941
3.46864640698825,0.672989466006697,0.978951526424697
2.52157686008682,-0.155754637529766,0.440776996083948
4.30803977315423,1.59402474837293,1.34818822646034
1.42802073187133,-0.361930446156799,0.0291550355031874
3.01207092926596,-0.151552371526915,0.547119504074732
4.48480837930518,-0.588626610137514,0.575038574548733
3.73475963563283,1.10188120641587,1.13410931290291
3.0011937776062,-0.773796514488868,0.382081187305975
4.92394890770543,-0.432148280515163,1.1023896010494
3.68306762833653,1.15364462529231,1.1284778566874
2.91116490507558,-0.232322696193383,0.963355938439467
5.09361651382384,0.918483441958612,1.56309086905665
5.12576191965301,1.26635414408149,1.51167051670252
4.32145232570294,0.273594266168744,1.03030835511236
4.32287141327921,-0.0700130696440154,0.867758822698707
2.71004654833082,0.326818024423072,0.705345516254653
3.26549543260903,-0.161600382101521,0.594738314023676
4.15216714671196,1.15217681392807,1.24866866153928
2.03598807218882,-0.111041772467005,0.364737798686395
5.0714056458435,-1.14626178938953,0.0139890849572639
2.31125902924237,0.223695192414415,0.453559572744967
4.43345931235642,0.0661096756007494,0.604762529094817
2.64893123917173,-0.525638718594506,0.195081455000393
2.09358687602878,-0.492725935409613,0.0814124955227621
3.35973796321823,0.477034571965081,0.366568938623312
4.01030254177487,1.13418781230994,1.20971020754194
3.29254365695816,0.974987605265268,0.782401906831262
3.90452875470631,0.986878621245101,1.15603030636501
2.59448553850365,-0.411838827533375,0.277957843828704
3.01935393810738,0.00849588769058895,0.635820859232808
1.99513013473368,-0.273558707688494,0.284586256615924
2.40423416798622,-0.88479369811104,-0.0778231011395939
3.71006327940857,0.139089526885314,0.842795506972067
2.96222689764616,-0.689837019511602,0.122438769120902
4.37875259803803,0.170058421208734,0.997368202495839
2.34242270481896,-0.28715242369641,0.0213791004981988
1.97536396653537,-0.333352005962116,0.195629452640359
4.8183718327107,-0.535590637179539,0.68727519879685
1.88825557715008,-0.0830580921930523,0.349944497931871
4.48679985317536,-0.912335512217151,0.31066490714449
1.64351850403213,-0.383873775887993,0.0668120760829564
3.0325095224197,-0.796071479587153,-0.0796564506702794
5.59610158870247,-1.16240486545226,0.0767431646520165
4.09876777684572,0.749499129404414,1.14573871073592
4.72752724357318,0.821037770862643,1.30937459358489
2.38463120513874,0.0835277109155825,0.539031194694315
4.68971495922808,1.61390915454692,1.4553471665691
2.1903717639369,-0.653745256095013,-0.250428748605121
2.72532471365567,0.088843970311753,0.450182795508966
4.98669947175887,-1.241756891231,0.124844499943808
4.01732797688827,0.0340247433252781,0.857320755384775
5.07528846522501,-0.459206167012684,0.795038969738676
4.98688751735298,0.9257012875039,1.39775762277953
5.30134695702069,0.0828343098273837,1.14992072789349
2.55655283921615,-0.142737163320839,0.376814390533535
2.2557468579913,-0.500686772114612,0.454079620936276
4.63711186649123,-0.404679610333217,0.736149763101093
4.14062083127871,-0.988374472539623,0.147160416407794
2.11668297392165,0.0936005384855553,0.572996326160271
4.75846904096369,0.915520918143958,1.34234629875307
5.07823143167964,1.53845185140684,1.54830691628041
5.45740606182282,-0.144462620572387,1.06519283970028
4.64292885799498,-1.05954742929434,0.213147037547486
4.60560424108635,-0.159858869028212,0.878278434557654
4.3315178190524,-0.452768337591974,0.637670090267999
5.06748761485573,1.66010306545231,1.81685145547144
4.7921166095278,-1.27014364617395,-0.305597165177423
2.16714086056664,-0.436667623259291,0.153656391387916
4.01308408033634,-0.132300434554912,0.768848227336423
4.58438471370957,-0.0463639743398868,0.93497052337317
5.23916113584873,1.08858682684316,1.49851728682606
2.62209058568486,0.44418953001896,0.690901775484203
2.87455398315923,-0.514853854906206,0.259919031172535
4.90536734950099,0.248752405795312,1.14314382657033
2.22691323087411,-0.269619425208927,0.302018324965377
5.24382176529536,0.199656423360407,1.19260079479651
4.28443513050609,-0.84255979916343,0.322308731415444
1.62827211184478,-0.351847077371938,0.0415149035747595
3.909253891992,-0.982425705008284,0.088560814665528
3.75394795513657,0.513170494632875,0.997367086728121
4.34327630051666,-0.262577634310336,0.7626679187767
4.18645073738588,0.667539638686672,0.588782268725394
2.01636292752566,-0.502602649985432,0.217546145137121
1.72997481476302,-0.242896004552143,0.327720972231021
4.35429409365626,1.16005611932222,1.30071256068519
4.57246841741794,-1.47212184732383,0.0853610250365491
4.1826410738463,1.61920210476636,1.31481926737895
2.14330657731728,-0.273371993696831,0.28063793255052
2.41373838441579,-0.153402282914548,0.419304694350572
4.57466766895618,-1.05246609118672,0.201727159924273
5.17251998905554,-0.124267275610138,0.868997763193065
3.0713184402445,-1.04254760049547,0.0458155108657619
2.42125693519726,-0.508973859701066,0.138260662178711
3.72065135769724,1.16770681099098,1.14031690557504
2.58505322212206,0.130159957665757,0.543498778896394
3.18229837196123,-0.176533283600656,0.568324176594434
4.61103996506508,1.0777144457034,1.34677730550413
2.1172474702981,-0.610888013430885,0.239516733292298
4.06590744152666,0.129852828420736,0.913304199510369
4.03744597155896,1.07038901703229,1.28551458719791
4.99951946478557,0.337204362604569,1.20056640718567
3.30328472374678,-0.466987316040498,0.475775342971214
1.94712679493308,0.155186620507664,0.21376968577284
4.97395370917651,0.359370588806972,1.17472018929077
2.79065359421529,-0.00107152587503234,0.583146045671684
3.08211743602578,-0.329229337427466,0.448889000972175
3.17124017066352,0.217314031650081,0.762940585656174
3.02941598978478,0.474407965269717,0.823857460934532
5.45158750059636,-1.04257923276473,0.591477202563563
3.96023629040815,-0.0722019730400315,0.790659081565362
3.5767223024641,0.645415865228841,0.350050289562493
3.89497341428707,0.727511181347025,1.09292491451024
1.91364462095054,-0.416950609203243,0.106778698896648
1.57151760488948,-0.319373642014562,0.108969911079108
3.39159870364806,0.355774722570377,0.863816175434994
2.61325786845683,-0.38543239196339,0.303025900245293
4.56732801929128,0.655677735715197,1.22357138179176
4.45930630271598,0.204937421234205,1.02989916184463
2.99439879228479,0.641731041860728,0.861228344059509
4.29170354792486,-0.776358832325465,0.975192886510036
3.98940809015317,0.0444357973342424,0.856613404232711
4.49421652066067,-0.381795328210218,0.720235743963634
1.99115077983681,-0.336918124940817,-0.212449405800347
4.35376638100592,0.788773388048039,1.44826551505885
1.82314620645142,-0.350682334725151,0.144076670813191
4.37367527204577,-0.203114912081435,0.666925422261499
2.38034772705307,-0.373081333425056,0.258804674417408
3.95946437767496,1.04214247737396,1.31936871819251
3.55886849897733,-0.136503814475041,0.587236843968907
3.71747568133168,1.28343866069524,1.52076515154156
5.20289059339457,-0.0377360973072254,1.0688652483147
4.28957750810036,0.358779849816719,1.15460261202153
4.63143927162688,1.18147304205384,1.00654640163634
5.46527388938473,-0.37618304841729,0.931676124472796
1.80960973627892,-0.324211656620209,0.193613111485927
1.20583536224277,-0.550261109431306,-0.0657159202775487
5.26591090016294,0.148488160361413,1.17372056367203
5.22767915703938,0.672571826033253,1.37497887604816
4.64579052672495,-0.528442752778788,0.83024370847729
2.97596607611917,-0.424648144242094,0.397548365674206
3.04669582870687,0.0208682890285247,0.906053152191579
5.30031534228042,-0.135460887709313,0.932096618865492
4.54940963074247,-0.521925307620742,0.26210424807796
4.55247459484582,1.24566449293028,1.36592438570079
5.19406711730841,0.712743047977131,1.10713152848585
2.00002840250901,-0.0764185818886762,0.377271691174043
5.05271896964612,0.237870101313155,1.16944745010629
3.84875299087979,0.771557680288614,1.09377063005118
4.65771378483818,0.748564253219926,1.60061802714917
3.44904316753123,0.521179166858165,0.932167667445532
2.5168167823997,-0.0214380777357974,0.515392273741422
4.69217088036619,0.717063929227183,1.27062803732021
2.12208333458076,-0.25540162177193,0.288894181502585
3.99489198172206,-0.357272699354008,0.368049994812052
5.02783693857415,-0.0866720801787811,0.999341977950036
2.81320681031231,-0.227785855903304,0.458059813825877
2.32928514970054,0.0341890068110138,0.605696009547208
5.01044152380424,-0.151929383643476,0.967306573421741
2.13828781082993,-0.237109340020386,0.0836315039735228
4.82874472367415,1.54053874553944,1.48340165444107
1.85048995858891,-0.237072018634557,-0.333019808805292
3.53211859137686,1.07475782622679,1.07761945053653
3.72002003036525,0.565429685177307,1.00642593343652
4.26657118539006,0.268634175817649,1.01660193739833
4.63214193385653,0.0193390896604298,0.987285418864531
4.9557385835527,-0.617167212562052,0.65974031792031
2.58655911417997,-0.525694596728979,0.17931920526152
2.24282970841801,0.0170682968011593,0.477677185598209
3.26909388062385,0.850982311438103,0.972753658956237
2.60491902952911,-0.162442368079447,-0.0065361496539724
4.53602779442541,-1.22534801927169,-0.29756578712931
4.28754105179028,1.63702497205753,1.06253049161325
3.42604663298495,0.799899427494218,1.00048082409134
2.68669777782146,0.0836273673299092,0.602493546835326
4.32221875000852,-0.365009092608419,0.694079931094148
4.44116784741971,0.514768411560703,0.716245486227103
3.94545099800832,1.30587758859116,1.21820675394478
3.28250380037575,0.474255274755677,0.880333298633884
3.50712044910438,0.59182491537174,0.966407151642592
2.88839403080695,-0.645696199266953,-0.168594240375678
4.5078480269489,0.585070214436573,0.972115284985353
2.18766500834143,-0.189974235530108,0.347910299498618
4.42370527500048,-0.827480226394432,0.42895488300454
2.79344253436242,-0.196013336727405,0.400808678558049
4.53659255647164,1.67774995034274,1.2337468455858
3.77702930258891,1.23284748342695,1.16400678322475
4.99172425273191,0.168937020451991,1.12564275787161
2.9952964131403,0.626009559923689,0.857621095154701
4.89797643708278,-0.0399312251704717,1.00431875116535
3.71290855483924,0.425628679401015,0.958628845595197
4.98648756483298,-0.39507838959624,0.817471610959391
5.11144869663611,-0.359900541588454,0.866349220615676
4.6742167415894,-0.278800529457747,0.742325732413106
3.95591639163885,0.0391166365973135,0.846987948133613
5.30384550460997,0.131696406990707,1.06255819371477
2.06182810364861,-0.182715997943854,0.325501538527591
2.20262635706216,0.105736122576375,0.510693527838666
2.80426873353462,0.320085158398629,0.723540636676755
3.87032076936064,0.93184827280088,1.13632383873228
5.47187899029187,-0.0835554631467288,1.10110108375848
1.50853515486324,-0.445887176334982,0.0959171750424551
4.12143855844131,0.0876316783839649,0.905150574935908
2.70442162654107,-0.230464455858611,0.432941430572765
4.55325569739263,1.89651169441239,1.4395901126802
3.04345539836994,0.344580016740288,0.778873685940072
3.40275620825603,0.950924568598822,1.02447257259733
4.4525962920424,-1.17936980787162,0.712321050456298
3.44284898437729,0.163694795218272,0.738288040483346
5.33986003771913,-0.621198386133707,0.742237592255194
1.8139289555642,-0.465530828179345,0.0309317032084167
4.8251123046013,-0.633544217959263,0.502594402385115
5.39323426740426,-0.492420324274447,0.949200236846806
3.35242974925421,0.708232388822963,0.961730555842706
4.7076260906841,0.251330534592945,1.10252658328856
2.21969429756079,-0.545135286748067,0.063392563076921
2.32049185992222,-0.295067800828631,0.198078836286425
5.26610659678073,1.11156805290742,1.51048748504576
4.54085209760343,1.70666456844569,0.914180104647175
1.40796767647786,-0.336317479844598,0.0498065258439519
2.99314272884682,0.480821211895315,0.440962197889279
3.56052445687857,1.07087097655089,1.08438478936482
2.53658919935789,0.121267957248345,0.587905508260787
5.57031297523828,-1.16796106150217,0.37173725548467
3.16531376504465,0.674938925106583,0.909562454909717
5.24929438979327,1.28846257946638,1.5922073063901
4.51401177367866,1.50597154413093,1.39523143960383
2.83965204060672,-0.187311375188256,0.489105187968525
4.49099159084826,-1.20545883850242,0.169845922786969
2.57504835985037,-0.565342389617248,0.139632278318371
1.94705217286145,-0.614134295720229,0.238528991516964
3.37687306539966,0.440499722095212,0.890207148871844
5.25928457569918,0.170064900623227,1.02731348885494
5.02405298611972,-0.234864103432272,0.301600048798767
5.43327176330173,-0.0748428800894293,1.09763635488077
4.78476143535853,1.83049335320552,1.50242790896345
2.27456630605734,-0.767078320918239,-0.0950617106329693
5.12826459694275,0.767780941511797,1.1756897609124
4.8317237582213,0.130846446472078,1.07442136658
2.12309084662139,-0.192677691741173,0.33219627285926
2.66516809033049,-0.0150259356186886,0.549750990546038
2.41814040123874,0.549731734483601,0.874022199277653
4.2969461487692,-1.15154939608644,0.0812474528881443
4.49994166343455,0.0637236048884007,0.972886929553848
2.46147922687365,-0.473120723308732,0.194824270522446
4.60151601840562,-1.17838528298036,0.0811723365673748
1.78441783345379,-0.236572851637674,-0.0860909308285636
5.07861087274061,0.278826672043054,1.35800546899775
3.27337865942677,0.688418006194598,0.938293448832129
3.73376513809089,0.674498403107864,1.04143617567257
4.70939191899324,-0.433009523720431,0.733164485570463
2.81902777123191,-0.0846606525261405,-0.0366726386391157
1.76963075472173,-0.180642682824243,0.263476253267785
2.9658722981768,-0.0107983574839528,0.335221714642377
3.04600204282304,-0.620235449652043,0.33253379376315
4.38502109238589,-0.75528903908286,0.277118960405774
1.65422742595085,-0.241563209037685,0.193685095248805
3.16846877419621,-0.589193764612489,0.267995981053848
4.13351512749041,0.693498215890562,1.13784389751185
4.64881921803825,-0.865149500142692,0.392624601978546
4.16732245888308,1.42019120621161,1.2916383512454
2.23159356823424,-0.525094865153717,0.0868893177311069
3.27439418475632,0.716671603086562,1.05204592221921
3.00557595586016,-0.701371233738856,0.122810405063102
4.74362806227583,0.51212496878076,0.732084507169266
1.96478710425498,-0.985482932615285,-0.0977673881512899
1.44302205664456,-0.508783165116373,0.335926651743008
2.15657969491023,0.0769800574171781,0.488139075849135
1.82977184499967,-0.519519739181451,-0.144715546560421
3.57098388848436,1.1443429142279,1.09770194935207
5.15770838108429,-1.12387016497891,0.28770492778729
3.08139704167586,0.465666898057984,1.14133821407792
2.45295397751846,-0.622075767571623,0.0496851287364678
5.25081178727335,0.67791819423854,1.38185923885754
5.65087547192734,-0.536033146487641,0.817190363561867
3.55462738472451,0.550135336046443,0.964704171444065
4.23416404570753,-0.546467316377619,0.420386955016159
4.3020615332328,0.433118723193455,1.08902781294362
4.32813918520951,1.1365392188417,1.28977714170152
4.97933884229561,-0.935552822490146,0.412860187399799
1.96001073255294,-0.393018787221462,0.140689811606921
4.53057561905555,0.742909150100679,1.01442099766212
5.38100661039732,0.216683470947615,1.22912613066927
3.71671681741864,-0.636311894390701,0.129256335941798
3.86678782418835,-0.0557856687997657,0.779839163108927
4.63384361606698,-0.501918147408393,0.517927541922857
4.59991822843695,-0.547913604811633,0.630296048449464
3.57016146059206,0.743943189729274,0.950655566082026
4.64751630134249,1.32719491328886,1.40409219597913
5.25429945275097,-0.362875236100611,0.894958958500916
5.42319322235957,-1.38757199346326,0.0969702152187414
5.44392417374275,-0.149388618861038,1.05965911032334
2.82022922726743,0.328033186916546,0.729816990407819
1.76503486945353,-0.136154487953723,0.291700629119239
2.81235518465943,0.175639935853094,0.669503152237587
1.85902875121214,-0.303206558455207,0.192659984837135
3.62089877057888,-0.0944198440793313,0.440833727137776
2.83555775622064,-0.442336140262507,0.309954115113962
3.51901667493408,0.778429377708256,1.18874641601166
4.43580158487294,0.622458863520741,1.1837417821359
4.25022511773704,1.26462512036046,1.29231865688661
4.20001938785096,-0.710166845360238,0.642983261713474
4.86131605741879,1.77314746371517,1.51897988292916
2.46055350550263,-0.532634559881456,0.140571092151672
5.17789605914948,-0.459066496796295,0.903965361326552
3.08844080713041,-0.201616507290535,0.143610677471081
4.2335234609722,-0.948362293307397,0.126920031644615
4.57931647725644,0.669503668785391,1.18695837027671
2.79339322832629,-0.644305426268893,0.12156764699454
3.87542560014848,0.827190182339136,1.11381639634551
2.75409900323377,-0.365227695152355,0.35035231247666
3.90073905717211,0.364652230444399,0.976920352390351
3.0781706931447,-0.652940632286945,0.188359933752411
4.68853059719278,-0.0305675183603096,0.964978140286975
2.7672475739472,-0.420295854205008,0.311439725667431
4.76074089077069,-0.94484402540023,0.35047265102744
4.03872265191288,-0.43361641788018,0.8488685508546
4.08359634865084,1.11842205776868,1.22543135311484
2.25881080068625,-0.474357788176941,0.142644474592288
2.78529325877945,0.360709040461033,0.733378605200506
3.65301346208952,0.385848835908036,0.931363440628416
3.91714828344545,0.887056696088985,1.13774053817984
5.36490206726063,-0.677464304515922,0.707429581358957
1.79919266143976,-0.428730418558636,0.335811469347607
3.07637068670911,0.66831503455052,0.886955317278153
3.92484970970499,0.87136575643,1.13597319358912
1.91547072338946,-0.468269179046136,-0.167818229979477
4.37221479907016,-1.06675822966827,0.132032862090281
4.3719651510318,0.0405883369412735,0.934762857050796
4.84313200767989,0.26843870888061,1.13851061696079
4.04358795055751,-0.373445971657538,0.669047384646209
4.08163766380655,0.680686092331261,0.881953799693877
3.36035044712653,0.374585505347424,0.863830105775698
3.35857809651234,0.476932807840439,0.859763850643287
4.20274311793509,0.601378505507376,1.11608734017517
5.01664244790286,-0.834832649912464,0.142826432426347
4.00600325996981,-0.447395953155755,0.430136191952258
5.08904867009809,0.208961531600799,1.16424921644953
4.5090784134838,0.774210888708202,1.24633531659373
3.20201605703205,0.278599802844544,0.793980010593743
2.36760101925356,-0.176349673784641,0.395255008441481
2.29646957891824,0.159173700832931,0.378386258290225
2.59039811412856,-0.234374014525225,0.405784762688443
4.23992198174125,-0.137575153989582,0.813537891097433
3.78917381351178,0.248400126092014,0.906949329304279
3.77058054066592,0.973942619172556,1.12050642725356
2.06449583412815,-0.163390982624909,0.110049421556349
4.51950166901758,0.00961346515935324,0.950160317198044
3.42587904704157,0.888807553967069,1.01882925276618
2.02261530573809,-0.227508012835627,0.286624110708192
5.13700942131962,-0.437655844417167,0.493694260217444
3.08760787942318,0.40844646742779,0.815842341517916
5.25900552924219,-1.23015013722727,0.211995735856548
5.01276931386364,2.02388310183134,1.58137797133235
3.35034145282035,0.749691110440967,0.971049851721168
1.95019910688489,-0.202643783679815,0.287927631432122
1.74096044801738,-0.431691345570513,0.0454778767701683
4.55820272129051,0.290233259428521,1.08744365408212
3.26793223208686,0.764309797879334,0.954599557908629
4.01298383150145,0.192287910606052,0.93028165093342
2.91122483980441,-0.676063115946754,-0.0187659901868724
2.05282786875024,-0.382510134824928,0.172964407451715
2.27284847788363,-0.52516313839573,0.098008873445859
4.06223013423368,-0.904170380042527,0.208537625691634
4.05622069371239,-1.45177782450204,0.17095982271453
5.00133992202431,-0.588455514636484,0.690477000896397
4.61763621189598,0.788662805416527,1.27513987535478
3.0572365993556,0.686620503370449,0.886675515279149
4.34970076435596,0.118916241236478,0.967760501816586
2.93509132418871,0.292859898377969,0.622313370288363
1.61112291958153,-0.423706869818531,0.419164484308705
4.06947502526667,-0.880479657822867,0.232899384418229
4.66472798437186,-0.946455811886735,0.324846622642917
2.74724455930192,-0.954472047951758,0.159102608421162
