2.79318052912989,1.26647327141761,0.919041535792686
2.61725620057401,1.59868133037277,2.09387048743497
3.06686329515156,0.0127100109236178,2.0854396516318
3.06668671625014,0.0352788874613532,0.336284942213384
2.94540812656024,0.85462446929542,1.71375673691321
0.939205972309794,2.91953834657179,0.731067468805645
2.85047924718951,1.13162718103954,1.05533590314828
1.91654458670237,2.3942992425149,1.9757178797129
1.38823159078684,2.73470749182924,0.643717832378689
1.89226411481728,2.41353444874945,1.40634120913949
2.6638311656296,1.51980773012443,2.17095298532407
2.56427658031794,1.68234884466881,0.727518283238737
1.12265903430053,2.85402324941984,0.404134846712256
2.32330649150502,2.0020137267402,0.880607646213607
2.41258882832998,1.89346960919443,0.117399649319673
2.84819095088313,1.13737431078471,1.46236304857767
1.46267248772119,2.69562631111752,0.586892980817758
0.973046321829593,2.90843478027262,2.05931470657435
2.62392502799031,1.58771202143575,1.98627189246925
-0.213303813077328,3.05946294287939,1.48953671190075
1.51560827376826,2.66622271688071,0.669867902099564
2.13678101148352,2.19999521010593,0.754674365376351
1.76171589856335,2.5104121391267,2.0979647924242
-0.115870276530341,3.06470000074107,1.14208269923593
2.21153183463652,2.124838572672,2.09094905658529
3.06641628424846,0.0538812325528055,1.08910599133207
2.22469435240712,2.11105354121903,0.537158180995793
2.87848780321231,1.05835720920846,1.86269882177938
2.77692618433085,1.30172692309226,0.511668456604624
0.0801293689015335,3.06584267368125,1.24625866773579
0.660678000004767,2.9948817331967,2.04506655563954
1.02954712787119,2.88891757013206,1.4964664676977
3.0465964804826,0.352224219264654,2.14470225830713
1.51795902065536,2.66488506827904,1.46269428074101
0.793462889632862,2.96247002656584,2.07163123309706
2.9611561530059,0.798352211145467,0.353987392762716
2.23137366215351,2.1039922992666,1.17391716469185
3.05033000541572,0.318274839700073,1.64408501982579
2.29222273208401,2.03752962237187,1.71704474551028
3.05816360903171,0.231186842012406,1.23673257687738
1.6477512213815,2.58664414405255,0.270424285710812
1.2059768194849,2.81982835051899,0.563624261143391
2.19955738474136,2.13723169702195,0.33871140188957
0.707708845041543,2.98411799468042,0.992463266084387
2.74833173524834,1.36106013406917,0.0363919598556901
3.05060284691937,0.315648991591916,1.5920389223379
2.3041904873362,2.02398572465196,0.661844555177004
3.05381832369013,0.282852720368619,2.01713152032726
1.13019861541374,2.85104596687644,2.07159620357803
2.8809759379989,1.05156533805414,0.80367811651556
2.17497878558791,2.16223941730977,1.40767971560746
2.96650654027988,0.778235801028369,2.21318670185845
3.04818172355885,0.338230979786519,1.75793579791196
2.69488155500448,1.46404420016002,1.69483623598305
2.32885283923778,1.99555918696982,2.20251734529945
1.54677385549337,2.64826408341157,0.865547972233708
-0.319021212558115,3.05025203572811,1.26795536643361
2.47106369356764,1.81649559257857,2.16112718673369
1.8727034713051,2.42874323963802,1.52472120779739
2.53313714504826,1.72888062627305,2.2338948636254
1.81884862855017,2.46933223401525,2.14924627405304
3.02170743409441,0.52449613751118,2.33097544856235
2.26689683165571,2.06566956945075,1.23364399444712
2.98352529177993,0.710203385541786,1.15734992272753
3.0535203007912,0.286052072500047,0.381083793112035
0.510220433514974,3.02415064518111,0.736732462892383
2.83172567638301,1.17776980316135,0.249372655460736
2.59764075559689,1.6303602425193,2.09732760217996
2.06741685114506,2.26530341877794,0.404480542614592
2.25705458373889,2.07641918252284,1.0002694778171
2.06199317536095,2.2702414321588,0.184862373780701
2.54497825703083,1.71140225743859,0.621039675045645
2.95215254753276,0.831027888594222,1.8422074757612
2.48556600341977,1.79660058392773,1.014133490788
1.21370452200032,2.81651084656202,2.26348954475956
1.88629949641785,2.41819896314164,0.602224807963879
0.620049829775425,3.00355626285259,1.8131383108448
3.03839147357741,0.417120209073681,0.279501390229078
2.38217440761081,1.93159444688829,1.58957627354325
2.98721446714544,0.694522672633924,0.565049076313994
2.16834448374284,2.16889239367645,0.716894132808356
1.21254511410959,2.81701018134023,0.904555931484652
-0.214042057309076,3.05941138345736,1.25496523074022
0.552989543693424,3.0166230424253,1.55321807805943
1.61527202120278,2.60704973351968,0.131481780431012
2.73423102210177,1.38916980002512,1.48598214439821
2.68300070277276,1.48570496547814,2.02283715622538
2.58616843047109,1.64849776001069,0.399317721921589
1.57490915865692,2.63162937312687,1.13949364390174
2.96432862409398,0.786490828873836,2.18520465339974
1.98929983297306,2.3342018314745,1.6907585025086
3.05132843586094,0.308555978765601,1.92070680349142
0.604702123201836,3.00668378079916,1.99369770345635
3.03118211073862,0.466633718309875,0.564882596662381
0.530610986705167,3.020639666745,1.7440901229501
2.0553195466774,2.2762850385159,1.12805966707072
2.7023579505546,1.45019775292885,0.888792484662404
3.0633564939608,0.147169991621073,1.21595954072851
2.85099005915426,1.13033963839597,1.49601164388365
2.38713540829731,1.92546008994702,1.72229408541275
2.98501871846494,0.703900039735397,1.58867758302567
2.57703505929899,1.66273940191161,1.19578759519581
2.5454402609921,1.71071502397273,0.676763531774808
1.37857260807348,2.73958930859993,2.23990586017448
1.90915543357873,2.40019531412808,2.10660806668074
3.05728404827807,0.242541261788598,1.14865657349873
2.7264949940848,1.40429237082456,2.38915695906731
2.79689835680737,1.25824147015341,0.339836848718359
2.54023768847889,1.71843082536277,0.0260537693908694
3.034414806223,0.445127846017522,0.856400326631784
2.66406531375482,1.51939725535292,1.38992033746155
0.719885345473705,2.98120396901952,1.77606513536113
0.715954566688838,2.98215041102272,1.90746559563436
1.61025170210363,2.61015353406613,1.26372156954592
2.23854704125376,2.09635854748647,1.20488209786128
1.38226123946084,2.73773005999674,0.547121558651321
1.24476247240195,2.80292318889144,0.738353018766592
3.05754228706502,0.239263825796513,0.60876717437409
1.86152638659546,2.43732056314601,1.82433289846265
1.01834046950432,2.89288691512393,1.23045881428644
2.00719488449425,2.31883175568769,0.626996353959671
1.81146905002315,2.47475087561026,1.4328909402289
1.23699819316672,2.80635840291788,1.63078718901168
0.399933502033077,3.04070143379404,1.04496276375147
2.74575748945072,1.36624588733171,0.444162739408895
1.48343871604668,2.68425438274008,0.807962551740119
2.77643063425817,1.30278353868872,1.47877754913118
2.7454162628823,1.36693143903671,1.43596588635355
2.90193608124424,0.992259540593279,1.94239299631333
3.06664942547305,0.038383808713292,0.950203721223994
2.5002049976749,1.7761720032494,2.15125409063018
3.06379993452253,0.137629854120719,0.241020307582954
2.06837359137825,2.2644298845437,1.08091092978254
2.98810499947788,0.690681205492717,1.63047466216464
3.03753597624131,0.423305101038629,0.104950280845324
3.01784421352647,0.546285931001638,0.659575061674054
1.93833634878312,2.37669186360195,0.118627987180792
2.49588208900286,1.78224145763706,1.89455289330485
1.78125239222598,2.49658805787314,1.78733766626919
2.5345315171781,1.7268358358444,0.123305101259341
3.03407751297897,0.447421122390176,0.981087295215237
2.66707218214942,1.51411293856511,1.22832790386998
2.88943642215524,1.02809006310162,0.939990507050585
2.94078689731338,0.870393267503543,0.872162420340089
1.46112566271115,2.69646505879317,1.6557472771806
3.06515370565128,0.103173524984718,0.0893146675869561
1.41693899697449,2.71994409765688,0.172889727879684
3.02079647666163,0.529717530495495,0.0998985315975843
2.96747000794153,0.774553915162171,0.449173177000646
1.68610165484283,2.56181053652721,0.56494177695975
3.05933104201434,0.215187339062954,1.31872902640967
1.60674789739109,2.6123118515512,1.99907897565031
2.99826385661098,0.645155687927977,1.10182394708057
1.15931482295943,2.83933111080622,2.15522857878843
1.92036426055821,2.39123673489185,2.11917236062984
2.31065000488198,2.01660818466664,1.3828386339411
2.93296318899973,0.896403339740607,2.34619835338937
3.06345754482657,0.145051323919185,0.452229548349793
3.03091085924677,0.468392334294211,0.821799854238374
2.38856298717289,1.92368887085029,1.41026024870761
1.35497704308735,2.75133589883748,0.676736071289024
1.28994857773259,2.78241705758343,1.47768822901332
1.80661410399902,2.47829729749225,2.02271000147448
2.80399443480865,1.24234746552149,2.2330723145745
2.41838577667791,1.8860599806707,1.16721252026223
1.95902278481146,2.35966983794664,1.2669254900403
2.27853622337694,2.05282359063917,2.36505697844655
2.89055361102651,1.02494479719989,1.98130211945652
2.4274211892391,1.87441681212013,1.67864237088656
0.922511579450768,2.9248563043857,0.836314771692387
2.74466839298441,1.36843247114278,1.31779293736948
1.85624478201703,2.44134539235236,1.85118751293387
2.36697876594649,1.9501855135048,1.57724145840261
0.686684287429887,2.98902604621011,1.47101330461711
3.0656042283766,0.0887847424113797,1.29402417536705
1.32781186448312,2.76454836601992,2.12740922685214
3.06682221149479,0.0203356486931413,0.104266716074499
1.93954774723598,2.37570338041545,1.11286318589558
0.478049181663564,3.02940274566396,1.88218376490137
2.50099889566285,1.77505395394584,2.33861763034669
1.29331786554897,2.7808525516786,1.53712668054423
2.60114309429628,1.62476663509574,0.856906010532499
1.50814947739928,2.670448870386,0.994312292200609
2.39725347901085,1.9128480788855,1.72866244417272
2.78187283059459,1.29112182613618,1.26598453184449
2.37304770610312,1.94279607784354,2.21233855183059
2.01803699783324,2.3094022367058,0.316466727192273
2.65032767850185,1.54323530678006,0.694149207590656
1.21870652482143,2.81435008872088,0.597931740063603
2.51425583586648,1.75622595566086,0.412979252435158
3.02101647764318,0.528461405718465,0.502402749854813
2.95898686953961,0.806355207968369,1.71532255125814
2.91421982208,0.955580893551976,0.354552209370098
2.93123338295904,0.902043718536991,0.593314521748251
1.57544738940946,2.63130719201093,0.557307319023469
2.01549146574938,2.31162414051614,0.42403254080152
0.357976764809659,3.04592591035665,0.809848988957608
1.95178419189902,2.36566068652684,1.69306508317351
0.761975703236944,2.9707246663402,0.800079278048942
0.824826363466795,2.95389124472376,0.90110473501546
1.20723648572468,2.81928928687013,2.23916544213683
2.35930328754673,1.95946421577348,2.02006531159378
2.4851747989854,1.79714168445713,1.28101706195853
2.88237357957015,1.04772828697212,2.00484371701135
0.651540254076974,2.99688293278914,0.987347460050062
0.289882207159681,3.05315907241955,1.1313358154146
2.39081272340817,1.92089212011377,1.28913435386468
2.73905958537106,1.37962480526861,2.39385348855063
1.25736688295757,2.79729164320904,1.94023823462816
2.75654717873034,1.34434358218403,1.49568177133181
3.06684174749622,0.0171380086317929,0.150544339129531
1.68977200145474,2.55939106012059,0.410936532661922
2.44244216970554,1.85480140801371,1.44589450057378
2.80666566155041,1.2363008856259,0.303294930023039
0.593554345607554,3.00890432788016,1.30267012458892
3.00393630343425,0.618206033968734,1.19351127660197
1.94164320248093,2.37399108881755,0.817265569519722
1.11669036390564,2.85636388555202,1.39915625003719
2.78231264219328,1.29017377768152,1.33478790683885
2.6425670412026,1.55648689306249,1.84554067143132
2.75956157892879,1.3381449501551,2.04137529898837
2.83408121728613,1.17209029914572,0.415866553384744
0.324334691330771,3.0496916276117,1.04548726945061
2.45195489127746,1.84220770453987,1.37468668481635
3.06638628625005,0.0555622085878578,1.00278442069643
2.99924609336708,0.640573873138654,0.243283501814099
1.12540943590215,2.85293982009925,1.50788748314679
2.18247574989454,2.15467204387299,1.01826082577883
3.04204396212434,0.38959023092016,0.738886459231623
3.00414289113608,0.617201348963268,0.599291902343475
0.650927942609297,2.99701598745418,0.594450644486943
1.77336036386389,2.50220003904606,1.29987948667162
1.23062441809674,2.80915922601579,0.241674700103348
2.48585789134131,1.79619669289911,2.16384658879953
2.15175065121741,2.1853560695024,1.36258219791075
1.91260910967113,2.39744414098193,2.17342623564664
0.67766550037308,2.99108366401371,1.86053096072353
2.98049811217491,0.722802198977947,0.940146691953003
1.6535057870556,2.58296934315899,0.12257237693585
0.641363216531712,2.99907739813524,1.95385343747829
2.29052910604634,2.0394333599998,0.794666224170822
2.99260310592969,0.670923740752628,2.36782905487495
2.76033403357441,1.33655079911553,1.87055661866522
0.93698350555346,2.92025237365648,1.5680127305689
2.97832343252747,0.731711382160571,1.68436669892378
1.41247325867777,2.72226584099455,2.01739572937309
2.43038868952967,1.87056751637887,0.852777929200078
2.54760191996095,1.70749420875645,2.36598912220555
2.59322192677913,1.63737963038431,0.0329719185110855
2.21239515497094,2.1239396634054,1.70719919746788
1.42358047168845,2.71647393805883,1.14878405852632
2.48186525666511,1.80170942809438,1.53374882981469
2.90994603593062,0.96851746680029,1.00962258148638
2.69900102865182,1.45643587667359,1.43636380862888
3.05752949371686,0.239427255292914,1.40269572082484
2.64431409494702,1.55351697216029,1.58661045887682
2.88116352807894,1.05105125469373,2.22546484485337
2.8788228834288,1.0574454224083,0.042462747945306
1.97279353949991,2.34816900286861,1.70125103791934
2.54960452625544,1.70450250079703,1.23313483469796
1.32297101398795,2.76686821364395,1.42409751930548
1.66600442817049,2.574925486464,1.13849066381881
2.50021372860614,1.7761597132057,1.72457760035856
1.88661597346138,2.41795206408356,1.92295217029621
2.52925492111576,1.73455514744769,1.19024383637883
2.89217247820458,1.02036776303523,1.74353115744163
1.40871846043011,2.72421076915296,1.12976940297417
2.02536116884936,2.30298157857215,0.62771901555909
2.97722912821282,0.736151298067635,0.265788333233026
1.59351647363399,2.62040402682156,1.32881157441988
1.88494351519999,2.41925607574541,0.326528586081686
1.90042687466588,2.40711231760656,1.27849264780822
3.06562196244546,0.0881702835291343,0.116454524846564
2.62225293062978,1.59047212592019,2.06865544022178
0.434437633585693,3.0359637609909,1.09368524689238
2.05180941113678,2.2794495291399,0.879335624364805
1.13856689975405,2.84771442218317,0.71983822103766
2.10690433412411,2.22862427124327,0.952369419352666
1.21669119947762,2.81522193452652,1.63198848008693
2.77608051534696,1.30352943497127,2.20682227583432
0.375800333607609,3.04377826472067,0.897342360504645
0.928849662493174,2.92284969165571,0.642039397936187
2.62761167291506,1.5816032725959,0.586849905361866
3.03782217851915,0.421246278586214,1.6866082025154
2.53809776044215,1.72158989714859,0.492577464890468
1.17821808896165,2.83153918397205,0.61948019476244
0.883729022265943,2.93680694474976,2.11907261854831
2.82195357697405,1.20099543085264,1.0559442589492
2.47867062333146,1.80610186771378,2.20165192009913
1.62456893806486,2.6012665724605,2.18669812268526
1.97275995574522,2.34819721755513,0.615347107207073
1.21345656717709,2.81661768351694,2.03806345887283
2.40471622970969,1.90345787189956,0.92961286338684
3.03024973056491,0.472650596039849,1.27323737254599
1.48046743409737,2.68589430024763,1.08513176735633
2.28328633621033,2.04753889398975,0.833957245118413
2.21068611889396,2.1257184430811,2.02547270271952
2.8157825065203,1.21539330732887,1.74328979334157
1.63761266972767,2.59307476935644,0.9500907437793
2.91969222982168,0.938727489021432,0.838184059201768
2.97430148605091,0.747892161745848,1.99643185595812
2.19397763703559,2.14295920253123,0.489230871802729
2.31434350082934,2.0123683002111,1.81077772544081
2.67613734396709,1.49803235337236,0.223864064073693
2.69763454344133,1.45896534762059,1.6312733396413
2.87869663265855,1.05778906812553,2.1365714889216
2.76225920945378,1.33256747495702,0.791280907036114
1.45120925416997,2.70181489301858,0.839133249741683
2.35193375176016,1.96830374761034,1.04897132520647
2.88650698820274,1.03628636128354,2.1210462433325
3.02918018789777,0.479457406630864,1.74286894258411
3.04293313536265,0.382583257915954,1.41022480768636
2.55892650318705,1.69047542626696,1.25512846294296
2.17785278078039,2.15934464149951,0.250827626924413
2.15658361953011,2.18058687226626,1.10037863739081
1.42786339822569,2.71422514385467,1.82059484914906
2.38442910954004,1.9288104720536,1.36825422527039
2.14173520853691,2.19517250165879,1.16103313044959
2.11275986177724,2.22307394883494,1.8685585396326
1.97929051533571,2.34269525790864,1.14312127710703
2.95472951082869,0.821818430897978,0.832902851308465
1.18224212532989,2.82986140519656,0.862880924581622
1.55381720985252,2.64413768436738,0.511104033494365
1.68844662852128,2.56026561086163,2.32569406738757
2.98099254994915,0.720760315689766,2.32087189397503
2.64619423821866,1.55031224891759,0.0475415646732084
1.97873360923648,2.34316566192054,2.32881153955708
1.93726449378663,2.37756562404472,0.387121562196997
1.25674692595486,2.79757022782781,1.71089325314452
1.06267641895294,2.87689604332984,0.849281642317931
0.941668811059634,2.91874491276697,2.06596353898897
2.57197878829379,1.67054994779934,2.22346879791024
2.65512172540041,1.53497252054632,2.42669995840229
2.2998715419948,2.02889203898286,1.9685059995943
1.19977838885014,2.82247122805065,1.53671219185935
2.51735045937376,1.75178728166871,0.733371126717258
2.7478390394914,1.36205456152555,1.4756199782644
1.57282389530747,2.63287618582329,0.100186704029143
1.29483801176646,2.78014505715263,1.77521046601553
-0.0546756908790726,3.06640222155419,1.23248578750899
3.04242331250485,0.386616609902549,0.31296519954598
1.25773579399545,2.79712579052644,1.41338282733024
1.82910187957269,2.46174700764908,0.95568487254145
2.49568143764236,1.78252241986824,0.774481779187452
0.0614296828514129,3.06627435328125,1.41565443044551
3.06347596571625,0.144661753772163,1.91332045081022
2.28331225612312,2.04750998936843,1.16348020058179
3.0327179559547,0.456545523639771,0.992755072755721
2.99889614302473,0.642210198359481,1.9403806436674
2.2000249638533,2.13675037707914,0.658905095608797
3.05580254215016,0.260543353233478,1.74757329248226
0.83433538154501,2.95121949143531,0.547631381816983
1.35386785871172,2.75188187186022,2.02687789321408
-0.00813061939685358,3.06687885456106,1.44637226063551
3.06400050017928,0.133090008741009,0.297437735218953
0.463591418906063,3.03164889323322,0.874678100903893
1.22152485823277,2.81312798077958,0.657130517150935
-0.265613976260244,3.05536597335586,1.37980127752745
1.30689173534646,2.77449923546731,1.79965094282467
2.91875114604251,0.94164949052239,0.551603112617266
2.89776599125926,1.00437257799423,1.02010166227922
2.69328579302511,1.46697772737511,0.754478526865184
2.43894224406466,1.85940117931617,1.57609695511902
2.7149228292146,1.42653638121674,1.82452424517777
2.92115675855983,0.934160161559997,2.09675105846797
1.66418882492968,2.57609929360355,0.39040790386089
3.05166766933683,0.305182652603099,1.8016163232803
3.00341399853038,0.62073856731905,1.85737148799926
2.90235899687842,0.991021830619514,1.93724858907004
2.98815401382128,0.690469119663813,1.55379648285555
3.0584950522835,0.22675985244945,1.83960702211883
1.30388111191275,2.77591535561204,0.472200402197555
2.74950861708931,1.35868111787762,2.13321770100277
2.57073006640504,1.67247090892688,1.16644646729198
2.65562284287085,1.53410538488987,0.209427696746847
1.97924281402076,2.34273555884413,1.02713121440021
0.387000859537956,3.04237445924108,0.936839167530874
2.16136274481602,2.1758499720447,1.8016090586216
2.30107148489499,2.02753101996707,0.634229801024435
1.45716109183702,2.69860956197111,0.979793437877757
3.04564354549145,0.360371210464758,0.594004250397499
1.2295045372493,2.80964955259707,2.0874309938523
1.72416465718734,2.5363493943918,1.8053225320177
3.0613797104593,0.183756044563598,2.22884181112077
2.96638066709787,0.778715450850644,0.429367732076499
2.90551515886359,0.981729941042557,1.31837127036788
1.45501674195894,2.69976634102745,0.241181314797105
3.02756261205771,0.489567815114387,2.34059769636507
2.44199273519629,1.85539308416683,0.39862328938947
0.822227096259902,2.95461581558442,1.143613833871
2.16025807534886,2.17694672957691,0.334551498151643
2.64542265928576,1.55162848944682,0.854982716004008
3.05349259969818,0.286347619361489,0.0293024374173871
3.0652813499919,0.0993089166056226,0.391790040267249
2.18078922844706,2.15637899187848,1.05586646529549
1.21631946237883,2.8153825638737,1.8836858101789
0.768297865256727,2.96909589029514,1.15557191027588
2.24074180407901,2.09401246008191,0.849204669396678
1.97793281780184,2.34384167208197,0.410386629322072
2.8138405151991,1.21988260523283,0.96310920188224
3.05098499592824,0.311933598937882,0.0839507476329688
1.87892359222923,2.42393443601306,1.58372142575708
1.73851698270907,2.52653333964896,0.302932678126124
2.68458861805116,1.48283376254917,0.775976168706293
1.52618126013122,2.66018472605754,1.76581649687055
2.33646879318688,1.98663675441421,2.42225232710388
2.93161167851134,0.900813511189456,1.65707268915684
2.64735381108203,1.54833129997265,0.364247429183182
2.87803077798524,1.05959938490698,0.405030587196687
0.375526302214274,3.04381208550574,1.36897629288921
-0.0850427139496958,3.06571031774524,1.46520417060822
2.34734312803896,1.97377614099822,1.24196540600444
1.57088747504788,2.63403199605913,2.13708021925691
3.06144412698067,0.18267970029836,1.77770317105159
2.3998439655077,1.90959706659332,1.09139171782965
2.33278806267991,1.99095752595169,0.367030688257426
0.587318954817202,3.01012764859532,1.32007456915241
0.825388479362163,2.95373422529207,1.26121382341561
0.148888622579465,3.06327344414304,0.977560271785098
3.06309842228642,0.15244694458069,1.36103735008709
2.73295234238048,1.39168369603247,1.94224141976956
2.88367821662643,1.04413215565835,1.15866700435171
2.14745872955252,2.18957370745865,1.98336472360298
1.12111752085418,2.85462913877781,1.10302326738698
2.18678127465639,2.15030222813858,2.22409612184081
2.86977785439335,1.08175185784868,0.00626339924229001
2.63300545917813,1.57260747405821,0.394458208792828
0.78199467313412,2.96551788844974,1.97105630655504
1.31778722003165,2.76934087072119,0.725798211476361
-0.0617857405276838,3.06626719934728,1.58017853085081
2.8796180232348,1.05527818881413,0.985615470397689
1.59866349601571,2.61726709413319,2.03039071073716
3.04047064666769,0.401684281840525,1.23427593425468
2.79430888453451,1.26398175356177,0.575889221052524
2.6597508538749,1.52693726486628,2.29276082401475
3.05997988580276,0.20575498537839,0.799707739668065
2.91761865094014,0.945152592554143,0.397956999637823
1.66134473959229,2.57793438080851,2.13349370220469
3.06548270820081,0.0928858506307584,1.37868716210512
1.44654892988218,2.70431289036278,0.369306382641425
2.99779431870574,0.647333946476735,2.2212614996717
0.678800679521381,2.99082624921724,0.769609733327869
1.5723121259097,2.633181838431,1.76276247955275
2.78361970098121,1.28735130241703,2.12778341282082
1.4969196935842,2.67675987837635,0.30585736697532
1.38891521106378,2.73436035518386,1.86713546139433
3.02994530781723,0.474598195489536,2.0408060488838
3.05524052019548,0.267053139433404,0.233474317695254
0.47873137374966,3.02929501490253,1.8903044204145
2.78441760396911,1.28562460393089,1.39058002726504
2.86591502422546,1.09194463662052,0.396350774395145
2.86001147819903,1.10731493266161,1.08263731964084
2.2285354942703,2.10699823595156,0.95615090090781
0.818297300217534,2.95570660654644,0.527766228511265
1.75918725768515,2.51218474796814,0.111940185060513
2.21722648963847,2.11889563432723,1.98437497530509
2.22723825691607,2.10836945587225,1.85292097853846
1.76326283122679,2.50932584642562,2.38320791037636
0.0288461998320608,3.06675396996251,1.045813452502
1.27841970519992,2.78773296297944,1.23667667706651
3.045345951725,0.362877458431515,0.304383254522886
-0.0569500147855227,3.06636082536636,1.47748146630089
2.70816880891174,1.43931710125432,2.0694899801675
0.305341045507038,3.05165182507019,1.50968076767514
2.57580382029487,1.66464611701103,1.38033808111845
2.31620101227842,2.01023005803962,0.00498500242749
1.68631160789486,2.56167233982112,0.709267331159378
2.25847878651423,2.07487001674581,1.30702688407766
2.54119014493598,1.71702203329072,1.53911754602024
3.06559027900773,0.0892650927230922,0.228929763197952
0.654189282447648,2.99630579184705,1.62428507248544
1.55781613964359,2.6417836570377,1.64524976383734
1.16596922164415,2.83660497597111,0.748370557498678
1.65462657614554,2.58225151932155,0.901072890171767
2.67267766767535,1.50419616414715,0.729110533553341
2.15152089830732,2.1855822655925,0.471107942529776
2.94433335741564,0.858319926329985,1.6681337380553
3.00057133950188,0.63433717539289,2.06767342900694
1.86480068832202,2.43481629868852,0.555978216863769
1.41736742788429,2.71972086617326,1.93651451415848
2.89216353226523,1.02039311942048,2.10245008743307
2.69837344600742,1.45759828533364,1.71544237479642
0.977656125668874,2.90688845941286,1.96938334587482
2.83992574431069,1.15785741018785,1.37644900660526
3.06685403847391,0.0147757308387383,0.941986344548149
1.23226420400778,2.80844030505308,2.04357091362496
1.24851521012583,2.80125360965587,0.730535309535397
2.96319693181475,0.790743927456421,0.303866184779711
1.42452865519468,2.71597682723082,1.65101031651359
1.82475269979025,2.46497253537109,0.0143612253887693
2.86289497823414,1.0998383331778,1.36818260951883
2.67001753639814,1.50891297656688,1.90340109258303
2.33385567421729,1.98970593491836,2.00440320349392
3.06397907655581,0.133582311530182,1.92601676370022
2.17995595121232,2.15722137628468,1.83995723925598
0.313378834734289,3.0508368887022,0.951432005550145
2.44591255293526,1.85022263496025,0.995132933423676
1.6586677680245,2.57965758402975,2.01707519105386
1.84232537503937,2.45186647842243,0.0208289005151621
2.95099342218623,0.835134622524499,1.37785654613897
2.37729938927113,1.93759119251112,0.851717814182391
2.80392747373504,1.2424985865422,2.2214846193925
1.19137162302939,2.82603001954436,0.478280576304398
2.9427327544939,0.863791613269256,1.34960180036124
2.41650837776119,1.88846479335346,1.93122143686987
3.0359060693865,0.434840606875393,0.0568349917110709
2.71628575006069,1.42393951400429,1.66363889637389
3.04026220074288,0.40325893202706,1.51715428313267
1.91135595383729,2.39844333542744,1.4097438356304
2.78730456836092,1.27935345339742,1.79776468632421
2.24725278031887,2.08702346821369,1.81158320900072
2.74756168377342,1.36261396198106,0.883806678877195
3.05214264611524,0.300395211829732,0.139723228705098
3.062158396856,0.170287897661035,2.23790418511071
2.612709288827,1.60610154959225,0.788022609869903
2.50758445359853,1.76573843578162,1.64057453799084
2.88681263236796,1.03543461460699,0.521469340593657
2.94022632052047,0.872285044950445,1.65550952984259
2.67788259230825,1.49491031080061,1.73848647779263
2.11852792555853,2.21757783271619,2.15690275051166
3.02364482844978,0.5132094766413,0.826108138589187
1.22284054997424,2.81255631141214,1.47019055618714
1.48002595907864,2.68613759438695,2.29676789319566
0.0815468752280068,3.06580529757943,1.06023576894887
2.80690671985365,1.23575348737763,0.655886822011689
2.46349825398213,1.82674255661616,0.355841854820935
2.93266179016806,0.89738890120941,0.647307164550341
2.85338971846922,1.12426826427667,2.04906706190012
0.988146535552123,2.9033391878666,2.05126168730572
1.22340921356824,2.81230900003572,1.13105292053215
2.99031755241458,0.681038142284864,1.57756197179241
3.06607346498344,0.0707497197871859,0.243628498033563
1.87199880081014,2.42928641894919,1.20560025230763
1.5925935186021,2.62096507035713,0.925197755363233
3.04909248434706,0.329919743913282,0.221915019169606
1.37368398043443,2.74204382485462,1.49876324397491
1.90198365538093,2.4058824140405,1.0584590707827
2.5478393809188,1.70713986086814,0.801006587828354
1.80870262780621,2.47677346959556,0.218385250477892
2.16293834920246,2.1742837241434,0.817805026145184
2.81266046447128,1.22260096807003,0.0728669572942517
2.87997171328739,1.05431254672893,1.01936201811101
1.82473640848875,2.46498459529895,2.18606466609788
0.980860467739325,2.90580879590377,1.07055104184863
1.76490035476538,2.50817438653587,0.117012234375117
2.91974556419065,0.93856158877007,1.7811133204278
2.92387672449191,0.925611643995481,0.816694847247259
1.89058089155177,2.41485318560464,1.02445044003693
0.294371783103164,3.05272947848941,1.61033180921008
3.04153245362477,0.39356365313991,0.138787739391806
0.0345535286240658,3.06669497491765,1.52748002135676
1.65303823083342,2.58326859287389,1.20552145187674
1.04100366629475,2.8848090720681,1.72833980874003
-0.317198876981841,3.05044208074289,1.32289917935929
3.0381342714851,0.41898945565877,0.713614019069488
2.98415867513083,0.707537290301345,1.71683437991167
3.0658018701045,0.0816756315514237,0.347858922143324
2.48413230117103,1.79858242118739,0.0464280240842961
1.54559020318225,2.64895506555936,0.522375412534418
2.20900366471791,2.12746676232284,2.20429864975912
2.53171905829269,1.73095656369625,0.691524857957284
0.462147162328748,3.03186939294506,1.08557996333035
2.83817751931249,1.16213612988958,0.703459593228149
3.0633522193235,0.147258941634661,0.807775756793719
1.06954380869788,2.87435002336208,2.08543484151295
0.922675532851157,2.92480458776367,1.50291699254889
1.50499788115864,2.67222629903112,1.61187117339872
2.98943518962519,0.684900914407467,0.131507886363752
2.89271771484958,1.01882100376904,0.0585512480848776
0.478674791818426,3.02930395622545,1.67494069470399
3.0469835624222,0.348859836975333,2.28041368754199
1.12867967405866,2.85164763056244,1.2216462610792
2.39957747419559,1.90993192571324,1.22454003170533
3.05881116029071,0.222455166733826,0.691128869637876
1.16137197832215,2.83849029300677,2.19075287532607
0.509077841160233,3.02434319599565,0.752923918085657
-0.306115780761594,3.051574207568,1.33887866567304
0.54984231743317,3.01719827679344,1.49629536043394
3.04373385739021,0.376159834248797,1.16312144263399
2.87613708034825,1.0647288436834,2.10294516472055
2.97999442131975,0.724876033835233,1.22566149337231
3.04968473945643,0.324399453532433,2.16413497117943
2.12927810699077,2.20725774630318,1.99769466325295
2.05200503113526,2.27927342978439,1.54833800589235
1.33868437671149,2.75929993930963,0.589139145621606
1.13764317086064,2.84808357168811,2.10207261449915
2.42626682485102,1.87591079482819,1.9297293889396
2.78629244888991,1.28155624331695,0.218489309345043
2.7605660870558,1.33607144065091,2.37723047828008
1.36695239018081,2.74540583129426,2.07980348979111
3.06540854555229,0.0953019642007767,0.58329327242001
1.89531337351958,2.41114064950251,2.18289976483785
2.34217784351578,1.97990276651893,1.57789910635002
2.89867659041122,1.00174150344664,1.97487714093559
1.5236173523487,2.66165403070111,2.07437847015773
0.998341837152402,2.89984923603223,2.05932663734758
3.03450358457461,0.444522227486311,0.916278297377813
2.56956287762475,1.67426360930958,2.32443367147021
3.06580930813998,0.0813959559672232,1.32879304369171
2.93667430136794,0.884169702721515,1.7528753313682
0.97077546081324,2.9091935343336,1.80881947650136
2.52801850800095,1.73635665654559,1.89477177035739
1.84587660536685,2.44919406607254,0.0283624983441965
0.222599877002704,3.05880063264737,1.06362760703179
0.181508729651011,3.06151377533828,0.918106272426237
3.01238470005858,0.575630466860923,1.04814118093551
1.41926324263817,2.71873203233083,0.559781131734187
2.37297357133326,1.94288662697529,1.59687405511368
2.91881431936057,0.941453655057561,0.698946562786269
2.57353104061439,1.66815766596559,1.40959650419997
0.696784915625441,2.98668759613094,0.821291293582039
2.71761241234892,1.42140592083072,1.25373715734511
2.74152773059202,1.37471368579807,1.42984570895672
2.90208211655693,0.991832346864142,0.0591168205984453
3.05123849580201,0.309444110077133,2.02632907837519
2.82023710711527,1.20502061192978,1.90767776029285
0.220312228269803,3.0589662530993,1.59914078418265
1.39704573143041,2.73021523690306,0.0970320803222235
1.38190091628687,2.73791195495601,0.490313438146094
3.02477070194561,0.506531554966712,0.969125549283341
3.05110848134539,0.310723431024758,1.80471695443419
2.93727078117461,0.882186133184728,1.49092977360359
2.92261056985181,0.929601781687193,1.7967896794272
1.4287409305884,2.71376332217586,1.20900455285904
1.1045355860666,2.86108600965404,1.82552531841905
2.94557424278132,0.854051752406598,1.53693372593048
2.66031612248353,1.52595220894356,0.0768082070659911
3.00182527147406,0.628376523324379,0.451840809085492
3.05549003096109,0.264183054382631,1.89189690984265
2.90517126261587,0.982747144690046,0.170715618170711
1.96232003907409,2.35692852665791,2.08685094679629
0.608034870512425,3.00601157878117,1.55322976294422
2.19363598615004,2.14330893148727,0.568945431379312
1.60075216314633,2.61599016200518,2.21570088121932
1.84760659042716,2.4478892749746,0.325392670376504
1.57700757255247,2.63037243211636,0.123106843773438
3.06367593478102,0.1403630370474,1.84045256591335
2.72756986076719,1.40220350525879,1.83613859357923
2.16638400782572,2.17085060429375,2.34070046572172
3.06673703529839,0.0305936571006528,0.893764021998395
0.431155509923481,3.03643161322434,1.6923075633094
1.05548858153862,2.87954091302193,0.931101282268249
0.714009528699119,2.98261670491741,1.19860312022355
1.23752293173444,2.80612704790018,0.977443060688116
3.03738067532103,0.424418011766635,1.43156859180879
3.06443646987064,0.122642315912248,0.515466832743552
2.98875107026966,0.687880117089841,1.47526158160199
1.94482897084373,2.37138193669693,0.20720767382665
1.86786240662693,2.432468303069,0.227905397758125
2.65485085234693,1.53544096836002,1.88310491435738
2.83349256986552,1.17351262116878,0.0617654104305443
2.97799854406979,0.733032527957486,0.352279654125091
1.53083838663733,2.65750745051132,1.03998701681322
2.73990001920351,1.37795497034343,2.28257159938485
2.59556475565897,1.63366325009365,2.10604663061054
2.10272924773846,2.23256393553036,0.0363900548628372
2.75201648413151,1.35359421046118,1.9698750895961
2.72248422289852,1.41205229067276,0.627646147100744
1.88646351093816,2.41807101579429,1.81346431788088
3.0656166378175,0.0883552231737133,1.47499218730048
2.39848962735703,1.91129786349126,0.333403826535249
3.04670428790762,0.35129047463726,1.82690692070009
1.62675635577374,2.59989918544456,1.94766625190539
2.74769514714398,1.36234481460715,0.746925220481899
2.51611002520548,1.75356846361528,1.65170338286248
2.56679784796467,1.67849957498044,1.73964140403406
1.703692366514,2.55014594402114,0.347481401156389
2.58708137654943,1.64706465162623,2.18465969193069
2.98875384470789,0.687868062399603,1.61153420453136
2.98729628726366,0.694170661744167,2.01316192471985
3.05293427292215,0.292240210687856,1.89808192224403
1.40346250816219,2.72692225846441,1.63077740539467
1.10466558764601,2.86103581854479,0.782344998036583
1.8832679303845,2.42056066189444,0.419759535943513
3.0664848812429,0.0498245786162446,0.505538196472538
2.7978021810518,1.25623046103307,1.76052658248537
1.24965648542963,2.80074466596818,2.1467688175471
3.06487884770905,0.111039021929992,0.4182864843929
0.800301192868221,2.96063000326269,1.6500632837884
1.4844177670047,2.68371308237791,0.0397120245975621
1.89703558496973,2.4097858836179,0.522874400652557
2.55013331331355,1.70371127244437,0.591766018189153
3.02296006083028,0.517227692752956,1.99995481704983
2.59589807538383,1.63313355171709,0.767702848412563
2.10644436039431,2.22905903288552,0.520341341502859
2.75118678226833,1.35527978830852,1.52560071268434
3.06561514928784,0.0884068548384166,1.69528028817641
2.20286244147665,2.13382498801028,1.63569370941855
3.03127111881181,0.466055168175314,0.0237179849214588
1.85978286822028,2.43865120478511,2.00350689761428
2.78423246201759,1.28602551023416,1.4438152479178
0.432512960073861,3.03623855368673,0.910378481966359
0.255142277832503,3.05625824065768,1.22840439118067
2.88352899718176,1.04454417711149,0.849001279117969
0.265463083656704,3.05537908723959,0.941756622594891
0.632781027436574,3.00089989617146,0.942281202769205
2.8753613592836,1.06682194815456,0.208661623282758
-0.0370047116960769,3.06666637683949,1.65353500938193
2.4608615160707,1.83029304053962,1.81558004893268
2.8539344135932,1.12288484647092,1.97163457060064
0.507048371815896,3.02468410981451,1.6356274843431
2.99626357499792,0.654382613358741,1.7858501265088
1.56861021075821,2.63538878009121,2.34053243958566
0.280720491865234,3.05401506560994,1.22289792981666
1.26499184145126,2.79385175995207,0.15160108515954
2.52408098803183,1.74207553836848,1.73995249125106
3.06642030730069,0.0536517893408911,0.713288249664474
2.38741963263005,1.92510766277062,1.15869099062554
0.330678303865259,3.04901031072024,1.01233156588975
3.06523977578668,0.100583957273406,1.93363498327502
1.95241810369992,2.36513753593112,0.338437907726395
2.93234319840617,0.8984293974969,0.56142300806544
2.57236744042619,1.66995142652735,1.89480690516187
0.863166987335612,2.94291603133686,1.89979224568115
2.59196629850587,1.63936656149115,2.23767429014553
0.917844919694245,2.92632409669828,1.24040725006596
0.971049166341352,2.9091021865987,0.521990922256902
1.58476737994981,2.62570454677836,0.607886679653684
2.44232858476627,1.8549509695836,0.257082789141082
0.897392268512539,2.93266075977762,1.67463215874233
2.17662759002726,2.16057963284339,0.669036049709268
2.4843046654889,1.79834433425738,1.14345177373917
2.02197462935399,2.30595546656355,2.24297367699275
1.2341322387449,2.8076199231406,2.26841006979018
1.57679560261044,2.63049950448844,2.24257606945455
0.716576332572139,2.98200106893392,0.987600769200189
0.093232419188213,3.06547218736981,1.61923597031311
2.12028287523129,2.21589994009803,1.75913941830836
1.00710351284973,2.89681800082975,0.671774966558315
2.82724384653396,1.18848821944579,0.404214822033614
2.29507357507829,2.03431789563551,2.32316203501279
3.01982760775083,0.535213261225345,1.78456607636567
3.06188352195904,0.175160821764666,2.1229545367857
0.750421799975255,2.97366426108387,1.56702611875131
1.58734392551917,2.62414772405117,2.26646372780186
3.02684003972898,0.494015576089468,1.56577927813003
1.69165414079903,2.55814743192081,0.439511957528525
3.06316206002558,0.151162857691379,0.308565040153713
1.9801652495824,2.34195593465629,1.16778888234539
2.20786572321987,2.12864768427196,0.00374953448279071
1.58731961026096,2.62416243216889,0.255780546490292
1.30225090892868,2.7766804975942,1.95880228459549
0.867526822996228,2.94163376831781,1.62625117767235
1.52190500756902,2.66263350152849,0.413498273189359
2.97284757415097,0.753650659384223,0.164913087218327
2.4010424806123,1.90808988829684,0.476834117160386
2.68329450827739,1.48517426498507,2.39315384647542
1.86464554783906,2.43493511134271,1.67270049726611
1.02357086237743,2.89104041916011,0.785955664233276
2.73890719564652,1.37992731299922,0.0556274559838698
2.88923375799608,1.02865947095303,0.443390282832923
2.75538237061115,1.34672937416944,2.42146635295764
3.05445273149305,0.275917608354705,1.03710721505196
0.951236936715186,2.91564063384949,0.371158290726587
2.36504303515949,1.95253257523892,1.08325257856565
3.02147823511908,0.525814882089935,0.719849984216747
3.0618355775012,0.175996908704255,0.43570787455389
0.819947081929285,2.95524936314369,0.982386849371979
2.76191758719519,1.33327538680779,0.0292397878715846
2.07500319220328,2.25835643065299,2.07669573080312
2.93903905388004,0.876277042546166,0.774554470390605
1.50437148274803,2.67257898993089,1.16634978317046
1.53793541852478,2.65340661489576,0.201161180377737
0.542650009887455,3.01850012130109,1.40109558850369
0.712647717370855,2.98294238067913,1.82897611240506
2.97839885008537,0.731404337788412,1.54897697140598
3.01499643286664,0.561790463898253,2.15917115385396
2.96329059692032,0.790392847721404,1.74974888370714
1.9178258117739,2.39327310836422,1.90260342049884
2.9917156639586,0.674869914539297,0.573655706625577
2.77180594179227,1.31259431530485,1.80943287298032
2.81397237749403,1.21957840019661,2.27311256081832
0.188989418160858,3.06106109304417,1.38097308306109
2.30979844898824,2.01758349036095,0.979582180200828
0.53857841159352,3.0192292576237,1.08491722362393
2.35670502366127,1.96258845583461,0.240054668811328
2.99882657557993,0.642534968014268,0.26944114355369
3.06574662791616,0.0837235268382193,0.609386249648201
1.5880505665735,2.62372014771605,0.701744234196034
0.908074743919655,2.92937062779376,0.525182348653496
2.78750861555576,1.27890880586849,1.3241160232328
1.44512893392494,2.70507197313834,0.184653777353255
2.7734058604733,1.30921042946423,2.16179212748654
2.12159517481746,2.21464352204069,1.25723206244998
1.84567579574788,2.44934539673685,0.910618785834312
0.538181276647847,3.01930007269752,0.906678015058776
2.63684864208046,1.56615492665445,1.06195449625815
2.28881405298473,2.04135794175964,1.540182143141
2.95765811755908,0.811215430796567,1.84974897970178
1.2736370861741,2.78992125126275,2.15992276991302
2.98464547068045,0.705480991857495,0.00690767493603747
2.55252473671798,1.7001263141215,0.0397143915516088
2.5774172035961,1.66214697729546,0.238347618932298
1.67982435473751,2.5659310498835,0.565874569803742
3.00012513015338,0.636444199398275,0.153590264265925
2.80214875594562,1.2465048596287,0.415114073499689
3.01997051089689,0.534406333082561,1.51220429978272
2.73839369927797,1.38094603923552,1.52044448173337
3.04465955276304,0.368592218168442,2.27525045683878
0.542897895514585,3.01845554722467,0.943418931196589
0.389046460864301,3.04211355258388,1.35597430835634
2.67804885465742,1.4946124405991,1.10930086457763
1.85828529717411,2.43979256696795,1.63527655567447
3.04165783784936,0.392593444895715,1.08334693728938
3.02934526155704,0.478413316921103,0.264047179927798
3.02974936422916,0.475847460304823,2.11076533513112
2.24887745034977,2.08527269891347,0.497324161228997
0.904902508195487,2.93035210617889,0.431342544899128
2.93030898562372,0.90504213399071,1.15409186740934
2.47997492952479,1.80431049557831,0.385554625934499
3.05482484417861,0.271766787732987,1.26597995590803
1.59252523053366,2.62100656344834,1.69940155149071
0.789647244166799,2.96348936986542,1.83681298933409
2.54629033599621,1.70944948458205,1.60262396166957
1.17923511413235,2.8311157802398,1.39221394496748
0.436572432931596,3.03565751136879,0.960603044085011
1.49505259077253,2.67780316049367,0.951678284333281
1.12441294937811,2.8533327066426,0.309704651568477
2.99114652824774,0.677387970130142,0.575418682439052
2.81216047003928,1.22375058989732,0.918826112207089
2.52904909485297,1.73485523642433,1.18888814261106
2.6091907809311,1.61181124336248,2.09718737260722
2.22188012147605,2.11401531245994,1.45799015209084
1.90678721032131,2.40207713241699,2.35291674429482
2.57154681180454,1.67121483066165,1.84317283045219
-0.257341851905879,3.05607381893553,1.24034847435341
0.98510306656222,2.90437324801329,0.96634816485445
1.66078177509796,2.57829709518279,1.00448806428392
1.56099123872894,2.63990878026818,2.39790583833752
1.78402769569821,2.49460561943312,0.763664030702228
1.67621606630218,2.568289647722,2.15566211831261
1.63678030310875,2.59360024963,1.43950869222862
0.513614130118643,3.02357611792196,1.22561056591471
3.06179748637516,0.176658336775481,1.74809311088968
2.6940748463358,1.46552814297996,1.21688328704027
0.162370415550699,3.06258842544659,1.34201102444464
2.95374618065396,0.825345694722946,1.01556173203572
0.880619286271102,2.93774091576724,1.52164532773109
1.18141611642477,2.83020634855082,1.08808633014906
0.975553882914612,2.90759464799614,0.843549264348448
2.19696825322948,2.13989310710311,0.0446224077507145
3.01415275701136,0.566299543462955,0.85491851594395
1.62211438762987,2.60279790398135,0.34437846610027
1.49172327423761,2.67965924860296,0.0616069230222766
2.77749533708816,1.30051207913617,0.0285077298695205
2.6148002504043,1.60269512572141,0.483460490788725
2.84224745770228,1.15214643370992,2.24202890625989
3.06681313489537,0.0216612824818174,1.05537264441834
3.02761767863345,0.489227153326307,1.69300470855978
0.901217959882789,2.93148737065508,1.4018383886544
3.05657485787879,0.251320818295713,1.43781235296645
2.15409982933341,2.18304052660305,1.48019432363994
3.0056412333005,0.609862929033591,0.584130975376774
2.54415248096799,1.71262960651449,2.27244380095004
2.06437664797955,2.26807430892427,0.224188150994326
2.30621913678246,2.02167388781275,1.73622186368739
3.02237510647136,0.520634930933172,0.445731297992768
1.87323123487979,2.42833621152349,1.66782073308202
2.26072126320314,2.07242644878576,1.2757204907577
1.95378757284605,2.36400637387421,2.38780859315067
2.86355837276882,1.09810994953655,1.96077287981416
1.90752368302657,2.40149233065989,1.57712549315949
1.41547587796986,2.7207058007824,1.73264212376331
0.328104432760949,3.04928835906481,1.78188598516331
2.55717458592257,1.69312437600941,0.478074752923032
3.0021561662,0.626793721468911,2.03904470580073
2.43032167129369,1.87065458852398,1.89471539635445
2.83937448936833,1.15920857685313,1.78648878409992
2.74598385556187,1.36579086265764,1.10271835989178
1.74702226910605,2.52065967690466,1.53812488151739
2.29802139286582,2.03098736910317,2.22248257275679
1.08460481995349,2.86870082093954,0.956076648301859
0.532660980895346,3.02027884390782,1.17874089238384
2.65572680479191,1.53392540686805,0.396107307011018
2.76072501309221,1.33574302079874,1.19685359704028
2.93070950864627,0.903744317523443,1.58088731022166
2.91714785144534,0.946604684297192,0.485938162852922
3.05022224104938,0.319305959438963,1.88977855529911
0.91352143210677,2.92767665711348,1.71438814900783
1.434736851294,2.71059812275161,0.187954790333316
2.3411238618576,1.98114892902238,0.952748126150524
3.00374960446986,0.619112533529011,0.847506912850171
0.518709377744154,3.02270617112643,1.03100594459291
-0.206401702635128,3.05993633147405,1.21854400486318
2.92393673102978,0.925422070441625,0.880360338337895
3.02125281551365,0.527108565929657,2.34577156180532
2.97877496727341,0.729871022764173,0.87108393578831
2.70848635643183,1.43871945581764,1.11070527295368
2.45068424043906,1.84389771115135,1.0506269502699
3.06509039758375,0.10503747029252,0.217780440272024
2.38396751714839,1.92938096100975,2.03753385774305
1.65022713787254,2.58506526203006,2.40795928294426
2.72741960756958,1.40249573966217,0.681082825381984
3.05029172759427,0.318641478931258,1.943396611917
1.52930645459048,2.65838932127584,2.05269002425399
2.74931296050475,1.35907698852058,1.80457689922047
2.29255176227464,2.03715940289831,0.0737865851180634
2.83697479095788,1.16506911854835,1.66726683339302
1.94758348926674,2.3691202096688,0.928341712406327
1.17722306151712,2.83195301496296,0.21318659783791
2.44838115936698,1.84695471357106,0.0253620002138503
2.13830526708872,2.19851372528492,0.261984354200159
2.91306820498295,0.95908584008052,1.09342090962629
2.59764762162878,1.63034930287098,0.329302950567355
1.76345921360968,2.50918784021059,0.463556472641535
1.12110660711316,2.85463342497995,2.24992018259756
2.18898890102169,2.14805484257953,1.50186812030746
1.37932232338477,2.73921192019493,1.59024639909582
1.78461811225068,2.49418327493237,1.00398740722925
0.931319698580075,2.9220635918067,2.05044151205172
2.5534763412006,1.69869673292626,0.139819364068676
1.76295644274546,2.50954111273512,0.482191196884026
1.87510056618022,2.42689305125631,1.2752252025722
1.15684316228913,2.84033904902046,1.28989433272493
2.42849492916578,1.87302546553474,0.65593238746624
0.845874928328273,2.94793277079909,1.48651146238815
1.94607184358942,2.37036208101506,2.34804782027663
1.23778965113943,2.80600940751411,1.26703256323677
1.2651279649985,2.79379012234354,1.14767320232385
2.33568178561592,1.987561976862,1.85378670291646
2.34027013759525,1.98215733447309,2.18395473650858
0.504609228141057,3.02509198908074,1.26352946385734
2.51735024591338,1.75178758841516,1.43206340766559
2.93853099128858,0.877979287205619,1.34495674714272
3.06609881054669,0.0696426556769128,0.0285395946105171
1.75701136220134,2.51370704112889,0.840005291205126
2.59979081028062,1.62692954927556,0.66270890633621
2.64219449632185,1.55711921802156,0.151132936477159
0.670518050507167,2.99269403037959,0.898458012337879
1.091658759097,2.86602393032793,0.551940503931044
2.2217780329565,2.11412260472223,0.506958049150563
2.11712805204914,2.21891433515406,0.743958301139388
2.74128449574667,1.37519865070631,1.10895057413901
2.98904423651552,0.686605103155285,0.512569564266381
2.96438702127709,0.78627069359699,1.83455780317117
0.516224606313405,3.02313151737765,1.35942462159525
0.657340536613179,2.99561603588488,1.01962948300637
3.05419287551845,0.278779293811236,0.407723504726053
3.05104237480749,0.31137187197085,0.27449180144484
2.81011189033673,1.22844746705493,0.82418467958598
-0.0085103142584529,3.0668778244457,1.65639920403786
2.61883995679231,1.59608561682437,2.19438397546097
3.04425673954774,0.371904449077621,1.6719165023432
2.18368212653047,2.1534494156578,0.498539613746732
3.0563627763606,0.253886972495403,0.54563445973187
2.8250765497765,1.19363080700377,2.26489914646681
2.83233298479119,1.17630858144851,0.526535908448858
3.03600024199875,0.434182618386662,2.34729355363007
2.07866692368534,2.25498466422769,1.96330195767071
3.00207838913846,0.627166135081771,0.42493823123685
3.0641729499339,0.12905870144611,1.84148141498771
2.24343878893389,2.09112276440968,2.0897450572582
1.79248143044419,2.48853819280282,0.331296327471454
0.591688152214527,3.00927186310152,1.30138826753266
3.06683236901356,0.0187412885428488,1.82027332677391
0.262550575576022,3.0556307386185,1.20259566659071
1.42047655384371,2.71809830129557,0.16888997564494
2.89903662470405,1.00069908771324,1.56242250311495
0.602067168367528,3.00721251997584,0.653904457931867
2.87600938017175,1.06507373486047,1.87599726545413
0.401654873175154,3.04047453177628,1.26293979448551
0.553491912474617,3.01653090790576,0.874178219051328
1.59478924542942,2.61962960706055,2.15815546671506
2.89948122528682,0.999410145903477,2.06664924776213
3.0665580662269,0.04509591981858,1.75888062607692
2.53940203643895,1.71966546539007,0.212027197390653
2.73723168300567,1.38324789140468,1.80332029274211
3.06214179488654,0.17058617627054,1.54319489060831
3.00014176101239,0.636365798385666,1.73137559063965
2.13764570285396,2.19915503423373,2.33691009467635
0.61665240941502,3.00425561853318,1.90513643246713
2.4443134031572,1.85233474368744,2.21165530189299
1.92184720765277,2.39004504684803,0.464358377921434
1.65256793667675,2.58356947462101,0.182865505542128
3.04450148641715,0.36989554570083,2.16467715031878
3.04679485792338,0.350504078802563,1.84070874438814
-0.0331320557687332,3.06671066167092,1.57624550932665
-0.121601848308219,3.06447793368032,1.47524892122565
2.64635723852207,1.55003399370704,1.84195679050401
1.67807527854803,2.56707525699024,1.60710899957789
2.87480221142356,1.06832778711395,0.0584472058031389
0.223151339632519,3.058760450762,1.43261214388547
2.32709291245435,1.99761122151691,0.589027289315646
3.06577960396097,0.0825071843083886,1.58898009037197
3.00121043609717,0.631306529181324,0.684590452119701
1.5015791741929,2.67414883638808,1.22009943494105
2.59060342189836,1.6415193955522,1.61580785708761
2.26433429235502,2.06847823967056,1.8377807981565
0.695514788389835,2.98698362811995,1.55521445050043
1.84089989379979,2.45293693284876,2.32417142267486
1.82923690565562,2.46164667621351,2.01498861538412
1.60123945971354,2.61569191767338,1.35650754678739
2.81580994690099,1.21532973240145,0.299280109745708
1.31209472259952,2.77204246981392,1.39443687870616
1.03028017041352,2.88865622495621,1.46571525117797
2.1197171995626,2.21644106833546,0.398926831474989
1.41404992203195,2.72144719469752,0.637146220445207
3.01201409495251,0.577566539312088,1.69608995414946
2.75857619180341,1.34017514136807,1.17708559585612
3.06549047079984,0.0926293094053671,1.45914954826556
1.93153146749863,2.38222547328924,1.8980103046595
1.25877257756982,2.79665936672377,1.96562256114651
0.731958893761786,2.97826261323084,1.43667766308333
2.91357090947012,0.957557607152172,0.221463231279643
0.563102836089146,3.01475160030042,1.21051126508755
1.356222708992,2.75072208322469,0.696842602863161
1.52128412820921,2.66298828701598,0.736111002087218
2.71007072824136,1.43573279667733,1.16174730977112
3.02944335699196,0.477791756210647,1.71194683992174
-0.228333074627693,3.05837800517801,1.50368889911827
2.34312245453177,1.97878477318645,2.06539844483253
1.76443649084082,2.50850072459923,1.46233805103243
2.60961817116859,1.61111918126259,0.362217668649222
1.17889576566961,2.83125710404615,0.637680323320449
1.11630797072012,2.85651335197864,1.51671223983081
2.16848144842666,2.16875545494529,1.62977590094077
2.73665562683684,1.38438722748653,1.96465898835414
3.02522197024878,0.503829382082499,1.90027723007631
2.9714579285369,0.759111187152943,1.37413618603702
2.86226905190478,1.10146624552623,0.0495979679731259
2.33333485802333,1.99031667225565,0.374838023064458
3.01820856272059,0.544269315179215,1.31126312768499
2.8380458001785,1.16245776336809,0.0117834244211403
0.907168309677519,2.92965145937915,1.51412318553819
3.05950982278297,0.212630336076656,0.17681799891821
3.05932808806029,0.215229331483689,1.13312307628089
0.932698292053783,2.92162384839758,0.427689735478135
-0.322796499873627,3.0498548219866,1.36823540425719
0.485697931753563,3.02818584875761,1.49724794509964
2.25843081523884,2.07492223186923,0.585398770459794
0.279282082268892,3.05414694048094,1.10747008545666
2.24924962081677,2.08487125712385,1.1370769594473
3.03191949800204,0.461818333504202,1.56697657139678
3.06622276999802,0.0639526408462694,1.131531261126
2.56272702024231,1.68470835317141,1.42607858275201
2.40836846786422,1.89883473175601,2.35733054244946
2.95525012138146,0.819944349087455,1.58850558174717
2.68348918187731,1.48482248981923,2.00367489396212
1.55807502622395,2.6416309788051,2.36131169887261
-0.00838262495812367,3.06687817611401,1.21542385517442
2.55025752625955,1.70352533449962,1.97432677235713
1.46318762845692,2.69534672713107,1.67903500864326
2.48199706183587,1.80152785173133,1.96312321614774
3.02806487154344,0.486451589832115,1.58484532188358
2.37027784273602,1.94617444330159,0.374898393048761
2.97827541778532,0.731906791429909,1.34375408213222
3.02208569774606,0.522312216020543,2.02678333900888
1.05770787699865,2.87872646537676,1.38353551902766
1.14672998332479,2.84443709033431,0.960659893163595
1.30327265786239,2.77620107247185,1.39294601747022
0.978566234399285,2.906582209472,1.28339458226354
3.06665224108193,0.038158194306155,0.0954453471131004
3.04978821508805,0.323425197898392,0.87298502621581
2.66068521915859,1.52530855241703,0.218649102244258
2.61442984741625,1.60329928225038,1.9623471316308
2.83144819258899,1.17843673916342,1.3114970815721
2.05149248180928,2.27973476803894,1.14620180074327
1.70934278387601,2.54636196616596,0.917499390503911
2.8408122212542,1.15568072541611,1.38562892698341
3.04103615233374,0.397380341391889,1.48876247365133
2.14658534862993,2.19042994788075,1.8565281534119
3.05708548174106,0.245031371162058,1.66983152108584
2.94626078202762,0.851680350725285,1.18112537153314
3.06178285193009,0.176911794836839,2.05993044559583
2.94937071184703,0.840847441349779,0.100024981614162
2.63691114379909,1.5660496911764,0.530332476069097
3.06217341915978,0.170017547673349,1.04987149267462
0.698446072787033,2.98629956617449,1.45515087202462
3.01490092291487,0.562302801462542,1.36255171960687
1.6528802461396,2.58336968075555,1.19790573585932
2.16247533645412,2.17474422283476,2.20200560184423
1.69513015555206,2.55584541223909,1.37605114209535
0.907725215371483,2.92947895519056,1.74254525577471
1.92934190562204,2.38399912473479,2.42730877787205
1.07211065175559,2.87339359745889,1.01916668003293
2.94948001449993,0.840463954962401,0.362023468814381
0.999154552255708,2.8995693121966,1.09132621688853
2.00928808521227,2.31701821446219,1.33814155177361
1.69715594183116,2.55450068010027,1.80536383650341
2.55551899737226,1.69562220721334,1.90934814836191
1.02510203493228,2.89049785218797,1.07576700935391
2.02536236680576,2.30298052502676,0.440265534484958
2.88351287984416,1.04458866894983,1.84337049124301
1.80724267499135,2.4778389635357,1.26786421175654
2.74815284890127,1.36142129210666,1.61348448866886
2.2588348666863,2.07448235966658,2.35092485840167
2.06761951114382,2.26511844561448,0.646686653042776
1.32151222944084,2.76756525541203,0.490008333949697
1.88771360460589,2.41709523240426,2.20625479024657
2.86803301275468,1.08636948285326,1.40454553112181
2.57977181639354,1.65849009368979,1.25275787274733
3.00407175075973,0.617547513810012,1.49211724187137
2.16183406967197,2.17538168391919,1.1537261825716
-0.166782388499012,3.06235132707077,1.50662014396914
1.95633247194953,2.36190077579931,2.21740521380199
2.44051642806606,1.85733453633567,0.338273964264065
2.11392377269268,2.22196721370283,0.329918206149132
0.759251757896954,2.97142201372608,0.624337936979327
1.44478900985283,2.70525354311459,2.14964838650224
1.84514741155139,2.44974346517564,2.23458465767559
2.80562135355838,1.23866897756536,1.43871198940757
1.97477609964444,2.34650194370229,2.40912840495744
2.20445544040945,2.13217922013482,0.833060001301441
1.8272350584903,2.46313297581546,2.38101605353559
3.06681322139237,0.0216490327382012,1.31626252858954
-0.0269076023737822,3.06677159183074,1.55181404735072
0.839127277985181,2.94986057753019,0.71909207897271
2.54754576350346,1.70757799188825,1.31355556084403
2.36009152244281,1.95851474878774,1.92417106480087
3.04199828425348,0.389946732419198,0.0560120076100968
1.03008196103451,2.88872691147447,1.62319226196623
3.06620140897133,0.0649687243819001,1.82772325283745
1.85237997767175,2.44427912355491,1.78968753205426
1.12357399089761,2.8536631725738,1.24661224833402
3.05551468370744,0.263897770308473,1.43741170002131
-0.166586461105011,3.06236199142134,1.33980647784005
2.18747095625523,2.14960062129349,1.15166192879849
3.06459139317213,0.118708080688851,1.80522468776486
0.870308725532179,2.94081191812535,0.610512555249562
2.34227742642954,1.97978495629302,1.41830050794998
2.9430597218037,0.862676932241906,1.79722278266754
1.64700984945285,2.58711626552245,2.03190099354393
3.05134644364771,0.308377846746539,1.87888759242261
3.06647346521999,0.0505222983172108,0.235371764626058
1.74641031035418,2.52108370416656,1.36120001092396
1.49346427599223,2.678689319772,1.23230879997178
2.81084903717547,1.22675984028467,1.3727097451297
2.96271588230091,0.792544393890653,1.56965525615786
2.00295711696863,2.32249322993852,1.43204087752708
2.65721516737454,1.5313456728643,1.4719386962574
2.00593998953676,2.31991740669852,1.67275153285209
0.0101135992256918,3.06687295638999,1.51307885153238
2.89582502990872,1.00995515330123,2.08476763017714
0.254134504783335,3.05634220417218,1.79861017519703
3.00764228524061,0.599916577165667,1.49436095770336
1.00649978072601,2.89702782294614,0.903741778541031
0.52760233627125,3.02116662736213,1.86335575835265
2.27727091835205,2.05422714906448,1.2467440530514
1.63604534931053,2.59406392182709,1.53707373920764
2.80560429332176,1.23870761877856,1.68147255558852
0.27758174829346,3.05430194783356,0.917876345358869
1.73451740433512,2.52928080481075,2.30024719282567
0.0882643177450814,3.06561925648613,1.63177752433754
1.91919537847783,2.39217497578144,1.37609747816049
2.57997096715837,1.65818027492353,0.682167206818832
0.86489811698594,2.94240773224238,1.40861371293959
3.06585520738104,0.079648370354544,1.56742306131
1.81585977447469,2.47153096176647,0.207651917574163
2.57634259003029,1.66381215115215,1.73026563586563
0.0368042009047994,3.06666878979803,1.32127439747945
2.87457898158687,1.06892829233049,2.28751022706006
1.8651056405821,2.43458270859595,1.74083024257386
2.82290473549069,1.19875805309903,1.71125211953516
3.05693665641426,0.246881133739162,1.73433234374914
1.35834423743705,2.74967506228411,0.492237962906771
1.56610972280362,2.63687549036081,1.95558751712444
2.11901818844075,2.21710936414576,2.24214753771744
0.200278976348288,3.06034317473685,1.22225664445593
2.66338565102859,1.52058833660547,2.28009149034498
1.14659220924415,2.84449262984213,0.739237028371898
0.748369083983943,2.9741815226483,0.794249328082352
0.366036101213729,3.04496791249658,1.60366066493627
2.23577201228667,2.09931787126227,1.07653496934198
2.99762615435073,0.648112223521519,1.12402129160153
2.52777547956672,1.73671043655146,0.589817031186272
2.86661769134325,1.09009863186937,2.24799012910877
2.70810836195375,1.43943083037767,0.169704717623425
-0.0587316509366466,3.06632721813961,1.54869271920159
2.46585678959744,1.82355759676566,0.285028859843862
2.40923642979293,1.89773334293418,1.29419883968577
0.715345110384862,2.98229666340792,1.37826318757271
1.32058756569824,2.76800659263101,1.65982801787441
2.23534476042005,2.09977280142119,1.39606061032829
2.9312891471145,0.901862490368841,0.692608959860605
-0.278239924551787,3.05424205980976,1.30762492129726
3.04619215439713,0.355704053975913,1.31203202361929
1.71930524106907,2.53964594059054,2.31255471472528
3.05252425626373,0.296492294077119,0.0992083638908486
2.11822894785825,2.2178634177922,2.35329129096527
1.25539856517748,2.79817555883756,1.10557929987346
0.836581882389973,2.95058346256845,1.40171144455413
2.10447696368779,2.23091656608511,0.836927420980968
1.29454178034775,2.78028300618114,0.810967877745399
2.56416216078677,1.6825232327415,0.153091049380832
2.71897565353181,1.41879646568027,2.29804595934542
2.71777448450378,1.42109600903872,0.57795927941423
3.02178519147272,0.524047967386325,0.352699615789932
1.16757287000944,2.8359452760488,0.640468983099821
2.01121987157063,2.31534158251542,1.48219325036296
2.74758433514221,1.36256828702516,0.443980452963576
2.0862716639808,2.24795074670162,2.30534941000264
2.86383266084669,1.09739441687723,1.44157483347296
2.34052562203547,1.98185565269548,1.26742390531985
0.569063372957043,3.01363217614299,0.789960952010441
2.96725947534149,0.775360059276774,0.488107507772843
1.58180572047351,2.62748980553738,1.92968740784104
1.74545998824071,2.52174174827168,0.151369109606919
2.50162393507715,1.77417296309426,0.416228867924211
0.31165598331187,3.05101336666876,0.957392897035047
1.0106247055322,2.89559142837754,1.73721105350102
3.00387644677564,0.618496813275652,0.997653616814955
0.760370910452965,2.97113582558295,2.08774872356245
2.16806507094191,2.16917169990925,0.869564791454227
1.40698835787089,2.72510472759146,1.18387224927936
2.9137797738494,0.956921859417845,0.654595204549946
1.37666704682973,2.74054736461508,0.438935928285144
0.180051707532268,3.06159981025285,1.02681330627624
2.45231440173967,1.84172910346385,1.08929716858488
2.40030310019535,1.90901991679452,1.28110376407607
2.77813138930161,1.2991528005984,0.617266934960319
1.63808992367876,2.59277330622399,1.14056691325635
0.968734689584347,2.90987372865585,1.49813321956295
2.85099389037306,1.13032997508737,1.04002487860236
0.940471373012868,2.91913096863927,1.18888218095834
2.49678635314114,1.78097443055584,2.41899266012243
0.141853879151624,3.06360726799229,1.66867981856698
2.73344118422845,1.39072330385642,2.13659534739319
2.28583336946113,2.0446950439084,0.695020745409305
0.0537342693940199,3.06641886307436,1.14279378832189
2.22685986856457,2.10876910573494,0.485519139401349
3.03814208240235,0.418932814018521,1.62200345048168
2.65716098307583,1.53143969046941,1.84913972789469
0.436510365248895,3.0356664369716,1.19938427008893
2.94964870018645,0.839871752718213,0.0637690171202188
1.08790109218906,2.86745239352625,1.39918309331619
2.74707184382269,1.36360122484624,2.1951502145866
3.05667176654826,0.250139415351331,1.27399447805544
1.661404436967,2.57789590797455,0.117152099164935
0.969911088448777,2.90948182603529,1.14985943320198
3.01810428722877,0.544847251013396,1.54227908255134
1.90546346395125,2.40312733808936,1.45480713923859
2.50486216251878,1.76959813582273,1.94472929584016
2.92928202823374,0.90836050915502,2.09456462069188
2.48054474102937,1.80352704534118,1.48613415568304
2.53640176951551,1.72408760772883,1.71902422809396
1.83289356408562,2.45892521201013,1.31138849945253
2.81602358046412,1.21483464298464,0.047456078364804
3.0667664009895,0.0274928588446053,2.08020174401311
2.34016312744259,1.98228367104299,0.877378769950568
1.69763662042155,2.55418126226963,2.19880824960278
2.09078068027157,2.24375759887932,1.13311582850271
3.06479110366186,0.113435031805202,0.623243783391376
1.94210680349883,2.37361184259961,2.05978736082519
1.94412512701195,2.37195900176338,0.951148221837324
2.22101899040879,2.11492001261727,0.64968408336201
1.44594891699215,2.70463375431403,1.34060386684321
0.0319376077364655,3.06672333358222,1.57530279397786
2.15881557007785,2.17837722856143,0.663462990326838
1.64758570562642,2.58674957391338,0.970788782885812
3.06597460472064,0.074911539389113,1.8577274821647
0.602748557674893,3.00707602028056,0.662982426258974
3.0147222758604,0.563259811238699,1.83385556064123
1.68814302574149,2.56046580531081,1.41488116566893
0.126018728805758,3.06429947875787,1.52790828243847
2.02462684261673,2.30362717549549,1.21510476445172
1.92773594951754,2.38529791105079,0.550868968680778
1.61850065873807,2.60504657025359,0.52748813441479
2.10596460007711,2.22951230513483,0.547019746717357
0.556819618565331,3.01591842195811,0.690518855927947
2.76384651630552,1.32927215040088,1.89991780211927
0.435137010999997,3.03586359989765,1.38740973171164
1.07638742442188,2.87179423498133,1.24949405459186
2.49623341212645,1.78174935602882,0.498581866607715
1.77390809322226,2.50181176196894,1.0264210922777
2.30513776290225,2.02290679705407,0.905129370148378
2.40340958861539,1.90510744181979,1.827912317446
1.34404533892301,2.75669260934999,0.902329493368564
2.06319272917324,2.26915133426844,0.625003188942085
1.33578077840372,2.76070674421836,0.544989543950072
1.28805752872187,2.78329298102597,1.45504269316219
2.1865186469003,2.15056927865224,1.85646669780183
2.13935999580164,2.19748738878956,1.48250731892608
2.39551838084174,1.91502054886493,1.98139218045801
1.74856208697146,2.51959176128427,2.40909596739314
2.41532081329999,1.88998343494472,1.87221888261695
0.986781957207811,2.9038032620091,0.374197288072349
1.54569607941441,2.64889328694239,0.850773922620124
1.33774837429689,2.75975384818856,0.344819946516914
0.67595812815977,2.99146997720189,1.45094880988836
2.15296045749138,2.18416420719781,0.0583860339561084
2.61104289719665,1.60880918835159,0.0216110627765301
2.08091090234895,2.25291407559428,0.10367382758788
1.1118479472731,2.85825229076618,1.27560619816646
2.27940779955355,2.0518557695072,1.59797418608393
3.00895002417429,0.593322650458497,0.0120100034741261
2.06189610795105,2.27032959183064,2.17741442921593
3.01181281844137,0.578615210824797,1.9779294904611
2.78717303744545,1.27963997861221,0.669894341710286
2.92413850380457,0.924784313282355,0.430695648813481
1.78938127247172,2.49076829055877,2.01577985878213
1.73041591948601,2.53208861636297,2.11899048493734
2.48046954444715,1.80363046508859,0.404114476575646
2.08005997811615,2.2536997366475,1.49491679177764
1.95726499355078,2.36112806949268,1.17364206936968
3.05144273698985,0.30742354886614,1.82340708117309
3.02469267567836,0.506997271415983,1.10606660433356
3.02207362790825,0.522382046999154,0.40276754334214
2.96359296218708,0.789258367076811,1.49977968981942
3.06445440477663,0.122193357309811,0.629446376867454
1.1312466940018,2.85063026940281,0.308547129242166
0.124750430272974,3.06435137438125,1.61980641568495
1.49674472849184,2.67685771628928,2.05884738902881
2.26310515794047,2.06982295369164,1.54975588537765
2.88869374979928,1.03017495378024,1.19758476462821
1.0866544554362,2.86792505306645,0.701248563230708
0.292742256395796,3.05288617325407,1.58957814138802
0.0317849696755098,3.06672491939337,1.01921887428326
3.03441657695046,0.445115774887593,1.27657836999137
2.76699669210788,1.32270227995176,1.60146716903489
2.93218777754296,0.898936512081503,0.782198984446123
2.52775944190521,1.73673377907629,1.73245948194604
3.06420876095286,0.128205634920182,2.25125644528596
2.95579169306626,0.817989903804471,0.883999693973514
1.89838281580896,2.40872470410523,2.18626712097747
2.39832214758368,1.91150801513756,0.186045078075182
2.86128892137892,1.10400983868795,1.09136896546802
2.1888937865828,2.14815176525886,0.275227975901514
1.49032460276689,2.68043738854562,1.95998526998609
2.96513272548005,0.78345385046778,2.32146667540761
3.03374192231076,0.449690965374857,0.577298762290041
1.34066316112776,2.75833904803606,1.3617268223565
1.18811326571484,2.82740143654168,0.778949676308045
2.91320108064166,0.958682157586028,0.0305329889121685
2.73465241609959,1.38834008032839,0.26501173069217
2.61881505354788,1.59612647708023,0.939246895911307
2.53461087439451,1.72671935499856,2.25966322836038
1.4339743100747,2.71100160338782,1.46870628526372
3.04303146202545,0.38180038848694,0.325750448683175
0.398501968481275,3.0408893759297,1.29198508409792
2.19195343014143,2.14502964446106,0.481420871738011
3.06646024158932,0.0513186347977124,0.27111478572971
3.05738269030895,0.241294634264343,1.9670369098201
3.06276124281803,0.159077292588611,0.05870362169478
1.25562180855841,2.79807539022773,1.00550228781619
2.57633322420755,1.6638266536421,1.50309592699574
2.98295567128735,0.712592084337311,1.31768177124962
3.05479954000213,0.272051072279294,0.630555388663399
1.92916701213857,2.38414065331765,0.773139900808764
3.0148505683441,0.562572720704435,1.5621249247456
1.71631035787383,2.54167086204736,0.182692371393141
1.6013984071579,2.61559460870329,0.197274382166578
2.18539130483534,2.15171486500318,1.80245259411204
1.24470109928435,2.80295044354443,1.54774519006777
2.97893274352126,0.729226799495511,2.01255022732037
2.58395476897683,1.65196542560897,0.80507501223738
2.98868341903649,0.688173986940748,0.928248836523176
0.682184174640469,2.99005631508767,0.874159474146919
2.86308412688845,1.09934584998761,1.66894391997
1.68368659021387,2.56339842425237,0.964542474545691
2.97074682258574,0.761889317172966,1.54769043003764
2.88396631764893,1.04333613672298,1.63944848915813
1.82672658477752,2.46351009740018,0.110812982981652
1.73419180014876,2.5295040651919,1.96376465007926
2.87040225314875,1.08009394065707,0.137805543508889
0.431802845415111,3.03633962497889,1.3875370143909
0.540346614344272,3.01891330645519,0.717489386684725
2.83570105047404,1.16816589911963,1.44300988975318
2.76270481686927,1.33164338708712,1.33363664131668
2.97505279630574,0.74489789549909,2.12820473144946
0.359477509862936,3.0457491583235,0.901393174304411
2.73147451582437,1.3945820108289,1.78904170654862
1.59868710811408,2.61725267138566,2.01975547302194
1.86757740187613,2.43268712816243,1.30089318951769
3.01760990617661,0.547578733763806,1.11407713079985
1.31067184428646,2.77271551590139,0.500728470736556
1.50264223127648,2.6735516341208,2.3138733133147
0.124768263181255,3.06435064834759,1.59051739742725
2.96180411931785,0.795944956838944,0.841542514951494
1.51593576917265,2.66603652624425,0.893750011349419
2.39099113242745,1.92067004458831,1.71480166895826
0.757015488391856,2.9719925245297,1.09988008122477
3.03639192798799,0.431434902592417,1.31103102872945
1.45979062669767,2.69718804345028,1.72021230246643
2.40397531598641,1.90439352436769,1.79238027359771
2.00594376476771,2.31991414240163,0.933522232217207
0.896034216021514,2.93307597911208,2.02205611985585
1.18065110466032,2.83052556684972,1.27247125714981
0.637732440734828,2.99985155458732,1.74191142221426
3.01837795210987,0.543329139419731,1.66271126751143
2.28533403490495,2.04525312967139,2.07104431583728
2.66015020598664,1.52624142818717,1.40554533960264
2.71372039189752,1.42882246977193,2.01976811406974
1.76054946448662,2.51123029581546,0.163619840664029
2.81253790985543,1.22288287303061,0.238969713561266
0.289076919279498,3.05323542332808,1.42199415839957
2.67651038960486,1.49736573684014,1.2423461007115
1.79026189249519,2.49013541234309,1.41918924447421
3.04057458133264,0.400896783323819,2.3434037280396
2.80043830629515,1.25034287623849,1.06428175891572
0.746307979431137,2.9746993823516,2.08055493237112
3.04511822337661,0.364783526471848,0.876256154924823
2.31613195178934,2.01030962725299,0.864443674302576
0.758325686291953,2.97165848795507,1.61020921624836
0.321566839487682,3.04998471853015,1.54167524072996
1.96943183192069,2.35098921200057,0.878421219554466
1.29846924430866,2.77845094200169,0.729215371030156
2.32384210865202,2.00139198299115,2.42121110155715
3.04821992806825,0.337886498181196,1.21008771759417
0.367390084669099,3.04480484451999,1.163069703629
1.57844644317454,2.62950923967861,0.516569828069296
3.00993337523379,0.588313770176496,2.17594686552478
2.59820048532888,1.62946808915127,2.34320221388083
0.0887672255200412,3.06560473564337,1.30013236503368
3.03302048296027,0.454531369070416,1.27825243621818
0.608521302405189,3.00591314579192,0.725156806409294
2.08225539109389,2.25167149064555,0.73199966613888
3.06456568484706,0.119369924115928,1.42574334758135
3.05085692428981,0.313183720902747,1.71332512361839
3.02574605638743,0.500672365705814,1.05643153539349
1.98989520174884,2.33369430337019,0.371970968195391
1.24697529493647,2.80193944069883,1.88173485118563
2.21828569955529,2.11778671510472,2.10314624003441
3.03168268326768,0.463370395580524,1.46334027773747
2.36030105678849,1.95826222371997,2.08830947004514
1.66624041884614,2.5747727826216,2.31866603926819
3.05508227815974,0.268857377060527,0.779012851874758
0.828580546762374,2.95284037717119,1.14989604515937
2.7709924975639,1.31431069156808,2.22420381126801
0.110742370112155,3.06488958088012,1.70930162721907
2.53089056153394,1.73216771158683,2.147779404185
2.70897689465013,1.43779560431144,0.205227246062325
0.895291920796311,2.93330264242925,1.43641905796597
2.84137823974055,1.15428840168063,0.653550060684558
2.91749028706769,0.94554875093314,0.0791370927796199
1.78030513137989,2.49726363340116,1.36640563710941
2.02499782406824,2.30330107194966,0.610564736961789
3.02978363621703,0.475629197208383,0.606286766108026
1.89039798512965,2.41499637128989,2.09181392910144
0.0262617604534222,3.06677719038463,1.25271471966697
3.06009318439735,0.204063025387875,1.67567929664626
1.59806062590514,2.61763524033759,1.00514310647229
2.61018433162743,1.61020177942152,2.09284204637712
2.83823646488295,1.1619921621656,0.721658199995515
2.05455859118189,2.27697189506727,0.83203190732378
1.27185611176028,2.79073360364324,0.324041745100367
2.91599896832885,0.950137901691439,1.01763371785846
1.44001524706934,2.7077976482251,0.367623269297936
0.298316299431035,3.05234654012603,0.860655933414555
2.74175388426852,1.37426258539773,1.66056696317247
1.75010458674759,2.51852058775992,2.11860623861048
3.06501059408647,0.107340922593637,2.0268750629035
2.86854906804696,1.08500611045858,1.03655226571647
2.69102036208766,1.47112930307133,0.421745313542008
3.05866135823372,0.224505481388351,0.396367910184553
2.98424160007084,0.707187448935714,1.51119665546938
0.798589181736483,2.96109225360153,2.00619114197067
0.966930670078128,2.91047368907328,1.29824331161542
2.18072739819172,2.15644152026006,0.820730389517236
1.05285611474069,2.88050447268854,1.06138798712612
2.8740717816493,1.0702912731835,1.29621603467839
2.6729747341351,1.50366821014509,0.719801515333517
-0.384415627479048,3.04270219391833,1.42481984652769
1.90506509600635,2.40344315420687,2.14085851086388
1.58611519068882,2.62489059150885,1.93626351937064
2.84284668067393,1.15066709595207,1.79344592817497
2.35082139639618,1.96963214275445,0.743561012528514
1.9426433409639,2.37317274241345,1.26617929406289
2.12318983654387,2.21311475832645,1.03618144497745
1.33170618216409,2.76267454831573,0.473000165035111
2.88916159010362,1.02886214907318,1.81966589715434
0.125088371007908,3.06433759807306,1.49448817187943
1.45564403913581,2.69942817034533,0.591868330027288
2.96389275731342,0.788131802854449,0.630331937738816
2.22838398726573,2.10715847074282,1.34780221971116
2.82628571407281,1.19076491296708,0.00913794846046662
0.45282107283953,3.03327629660043,1.00699553673406
1.51748392825904,2.66515563204123,1.82180169906838
0.215468050372589,3.05931128438971,1.64864547910328
1.30922191564002,2.77340043829473,1.60799350385517
1.63110449658313,2.59717348992166,0.57199586360747
1.2213593669514,2.81319983511404,1.60876381069575
1.5033599306156,2.67314813179985,0.470079543505505
3.00659876168258,0.605124699359021,1.67128007090219
0.276644644835269,3.05438696893657,1.16316665629818
1.00608019523295,2.89717356336923,2.08987348083188
1.77274671702327,2.50263483009583,0.917153929406062
1.27840658317503,2.78773898053966,1.98351567098731
2.91935398625287,0.939778866795273,2.02339827483236
2.59099324236923,1.64090402934557,1.1207221603286
2.28276941390703,2.0481151868135,2.0152447527614
2.83895968359824,1.16022408629943,1.1314869806737
1.14739881467019,2.84416736069082,0.627177687268943
