4.66272355300125,-0.361385776689494,5.2753065611074
4.26345214453751,0.716626618385267,5.33882391725592
5.34798602183602,2.56492916209876,5.64956359291329
5.87231061350782,2.87024169743052,5.1323679439252
5.21473767129342,0.847109732687135,6.64845708982208
4.08688847368736,1.46181074255667,4.86042364745507
4.32025422353613,0.821214654120632,5.53552904675986
5.65513391378413,-1.26837669835865,6.07311698920891
5.22949173933524,0.131990257056455,6.56342512254368
5.5193502310477,2.68066971478129,5.61618293828344
4.40110970696666,1.08867891600947,5.48575836576545
5.08442101406316,-1.06071958265366,5.56863989970657
4.80112600713547,1.86941670655603,5.79993775197381
4.37693606898074,1.22670455536085,5.11905338153231
4.67877365048452,1.91531957699455,5.47914266326716
4.29070061980523,-0.639928034713872,5.18744189695242
5.25571055613718,-0.529719847069909,6.06658633472599
4.45732080136152,1.36434780449535,4.47662975731628
4.538713508538,0.318649284622142,6.25228970827492
5.54437540903072,-1.00845480409996,5.60975424601177
6.08257105664673,-1.36240368195604,5.95759837146195
4.73658745885043,2.24146831637823,5.05429073832054
4.93614213640002,0.0456466303162062,6.13195930786466
4.51673304141907,1.86116079225687,5.12318204683523
6.1380839935477,-0.884896285786118,6.24992230332929
4.84048287426188,1.38909413173348,6.2831491182632
5.75410461517932,-0.138422232736496,6.62285813391087
5.77450259110263,0.199280400584473,6.56150917959453
4.6069069779154,1.72781616258613,5.4535244585615
4.30989426494305,1.67866818505934,5.00827851427005
4.71667790178156,1.30699618384647,5.96401527162539
4.84768460857889,-0.369168126365928,5.96602987256878
4.6131665476179,0.766360361564412,5.87085183040592
5.56558511371881,2.95528957233096,4.92098884272796
6.20015961531216,3.14107986343725,5.05191154824896
5.7923906859274,-0.279877239723303,6.74665313027397
5.51187335572532,-1.23121120328851,5.89057235589161
5.43141690563231,2.81128040119093,4.96177737181816
4.98722717175509,0.351475758775728,6.51822732488524
4.42692517397238,2.3628103585664,4.8098431356934
4.59085782707086,0.511162303038021,6.04979264960421
5.05632418425629,0.77660541756514,5.91868562892413
4.71012351381034,-0.146570647285986,5.61455937761473
5.47652729211618,0.252893394334713,6.66060719931924
5.23056505296907,-0.0775149746540567,6.05334904838546
4.92864659297082,1.63283897751281,5.79734238768985
5.85965467788864,-1.04931186991666,5.91965882153718
5.3524557429908,1.05170188630851,6.56685270629433
5.33585894030083,-1.03662777900524,6.33690331708589
5.22550759718815,0.877239967682928,6.5193616681585
4.36168082821752,0.965596865785446,5.56618952037223
4.36287592772278,0.938752442859129,5.95634796656801
5.15164733521816,0.903894089060712,6.70933920165665
5.15813218260879,-1.13213491333959,5.73554882645005
5.58990026819134,2.54618478418051,6.14379048314335
4.46205244862371,-0.0728807568368917,5.25176627052308
5.3926251647845,2.78015863135143,4.70016333609211
4.93890279991456,-0.355731199953742,6.1272819283131
5.02525749938181,1.79265105123434,5.66659139952013
5.98960497532458,2.89963174317596,4.6949159116947
4.88469840452699,0.896671721958251,6.24302603105173
4.53981304215295,1.55172359060041,5.22858803461719
4.09865338572109,1.50938510070005,5.30471392501551
4.35615857726835,0.266161353750099,5.25094582966424
5.58769516034187,-0.788573828068284,6.08178586698348
5.2432641004864,1.73002497576953,5.9851107727452
5.05632884372895,0.175574984296343,6.53626783420814
5.0087942418821,0.670521470350494,5.89341039654094
4.43811666821449,-0.302602961628763,5.80602319550964
4.56555193544407,1.67443565240923,5.46493490097414
4.47245571134264,1.16947594458721,5.69025755382051
5.8267296807862,-0.719826877376067,6.31447644017132
4.93456634122695,2.35053342676201,5.34570776711916
4.55472461444626,1.67876618959835,5.10522589260061
4.53794504100479,-0.770279697533053,5.64786760853654
5.30303559831895,-0.758811254806446,5.44482888293029
5.94024387221078,2.91787011344443,4.96468258204153
5.36006011270572,1.43081788134936,6.72885451554333
5.421317191255,2.38892358923411,5.9355998345199
4.78924519857388,1.97469478932593,5.61944567216611
4.58018041581633,2.22047393133136,4.61152890790478
4.9600524256982,0.34974039620393,6.26500469282433
4.79556300871356,2.07933867719663,5.69691066690501
6.15120367335404,3.10611020169191,5.15664237285512
4.71614073805166,0.0491334727361452,5.82636836605771
5.86220155500268,2.9288666299078,5.43790066724704
4.86595966851435,1.73331494887216,5.61934211953179
5.33041578224179,1.16479014607588,6.57325583058284
5.42835204477243,2.27066426841254,6.06608136787211
5.48029617481784,2.69446855958867,5.32719658086142
5.29273193656375,-0.498799402279463,6.49520610260296
4.97305369082662,0.562843640759042,6.50418804938978
5.74941861461692,0.010157176309475,6.85358645184173
4.74902573083345,2.08800108273522,5.34749969301168
5.21273704020921,2.71047573782066,4.9587989343723
6.06479543017522,-0.613405413163576,6.54050184492927
5.14123457947076,1.81159883013736,6.71502318775742
6.50764000065264,-0.982451466558225,5.98600737409625
4.9179291783199,0.934302541391899,6.1643278605133
5.14168020761775,1.08720118915214,6.51209147350563
5.04244002082631,-0.0336248043282831,5.84801584860218
5.21047887656841,2.62812565649755,4.83671379646473
5.43264089367873,2.91864455337144,5.13856857965593
5.5913986973408,0.314985152595207,6.68704943088092
5.69737582340085,2.31948931925552,5.96300893439192
5.19386325413671,2.26553477746484,5.55533617370011
5.09893108081616,-0.0309656325598601,6.25503662989083
4.17968152946966,0.347346101194486,5.44420433184267
4.86328091818687,0.870964971670503,6.57003057905922
4.08372592200786,1.21927336172682,5.01867334296325
5.89274795572769,2.86931921731913,5.59062194983193
5.43488968576601,-1.0085494740241,5.67980452846948
5.57139467308899,-0.364230716161264,6.75709759264474
5.63126832776323,0.324084465367913,6.71989198289581
5.85405512909103,2.72175935216909,5.81934193271893
5.43595951145524,-0.589313097276168,6.17268486066969
5.12267046439067,1.88327156596225,6.31302608440909
5.30394216243136,3.03658193465834,4.91244814968026
4.82180271481386,2.33415922515106,4.94721966760935
4.60826332127206,1.60121624779665,5.63960909091417
4.33152600833043,1.57628826729397,5.27629242034834
4.34570008122379,0.75589796020262,5.11095438481143
5.38962745927329,-0.772982869766998,6.10615747910225
4.62329263217412,0.145516788605692,5.88717051640385
4.92446184988152,1.91492979541065,5.50376110267274
4.74298953764744,-0.586469603669213,5.93412198623135
4.67377513502076,1.72092050098846,5.59031278416284
4.29491189275059,1.13283826988404,6.1389665151131
4.35349844318924,1.26326693678876,5.27797655908951
5.28011198807005,0.0310729958135331,6.42776851245935
4.4387310650555,1.65549752210365,5.43505467502242
5.6172181547993,0.259257546757939,6.69842961715034
5.22356662517088,1.17433595113826,5.98771215442711
4.46985559623547,1.09079372169889,5.633547625368
4.39148307055596,-0.199377722559571,5.58835420905433
4.92033184845383,2.1020685604752,5.68643256487896
4.52726803958568,2.03036566459585,5.27095918539326
5.67451107439662,0.809150573887213,6.70522344076255
4.77538203484194,0.0907732437297804,5.96373872570827
5.77004347316445,-1.18150207822535,5.69746131315402
4.51305850413298,0.270236819753986,5.54782348903511
4.79305141619484,2.05422785661719,5.53220923376569
5.27758783613542,1.56460056264167,5.8010503513456
5.41148029281507,-0.986729078605528,6.37782492176011
5.20853695746544,-1.31098461855288,5.80155793019999
4.44270815861942,-0.302545030721244,5.62375153336241
4.54825634093511,1.74512929145511,4.89758493992
4.92407482251923,1.48923338618004,6.13985777669697
4.78069211444501,1.26607736231782,5.88924261419386
4.94087959453481,1.12172003585809,6.27074213635574
4.22118144843923,-0.144995519423446,5.3607887850967
5.1880582665785,1.99521300667052,5.66289077876462
6.25225281769655,-0.583853403978359,6.36026141036154
5.26083151890987,-0.352809449142665,6.59694958870884
4.39401818268419,1.54493353954759,5.15817798685808
4.52773658931744,1.36017899508823,5.63947881158905
5.9627856869291,-0.960537866515046,5.95681691469782
4.95984164146128,1.28643190324154,6.14967247758702
4.84658988571629,-0.178297933875606,6.04902754865253
5.6625545746398,2.90572449783547,5.90076448058616
4.34812175453796,0.0102925350946,5.74898565587216
4.91577112002496,2.22694619219585,5.51740925568457
5.4403479895946,-1.56461953653893,5.90620350875278
5.17693423026226,0.269836411091104,6.56577987718232
4.15018557794485,1.89239530202193,5.20198036691027
4.10991536411159,0.316100563730343,4.74767031517272
5.09889031888003,2.09338740837869,5.68066063717627
5.99121311523403,-0.338220400577637,6.61102874010888
5.10274209537612,-0.216015844737393,6.34610854130668
5.12351159400949,2.61831696349148,5.13074946775126
4.27383349010767,1.81196807496846,4.7061102521787
4.5111535103814,2.06430003513116,5.23872799205633
5.54057577130751,-0.475268220682401,6.40011780947279
5.04940665196192,-0.240922551228334,6.80495430346674
5.69705682665033,-0.29381720703435,6.5202852083229
4.47971833311543,1.66288138140829,5.58018227416345
5.45705573377912,-0.901599142759281,5.85354539182422
4.74406524875494,-0.0511228997726885,6.05677123482411
5.44941852362088,2.83172029255525,5.17476105533653
4.30262289307869,1.72428095877696,4.94372922212702
5.39980369419273,0.0503049119804204,6.07405746077943
4.56848834039014,2.01590794737509,5.51376926492081
4.61232459118021,1.54899615895106,5.32892938374558
5.5147248022639,-0.838825315726882,5.97757676043805
5.09011007899525,1.64303787773272,5.96381516736542
4.44013203841272,1.81089215577674,4.91261481759077
5.52552947387678,-0.983375911600648,6.32849036510813
5.51276231962089,-0.678723434932351,6.167970189344
5.5203457795341,2.80679861772622,5.35698368307649
5.11191634706928,0.642904654357142,6.44634921437691
4.5231038298295,1.99994630041753,4.78388052700748
4.96379332491908,0.124790157366189,6.19506643521885
4.2962124419076,1.85027814344189,5.43623764158923
5.05866213928256,0.101681283752886,6.87223147526161
4.60975822068998,-0.295747910673905,6.03775620564486
4.15990630048133,0.000512351029561792,5.69323752829531
5.12764365104417,2.60632364518186,5.17655465694809
5.12419044097069,2.56549877589477,5.12553202556386
4.53002452562602,0.536302688687249,5.73370859265841
5.43529430256986,0.477598506546021,6.64696662616098
5.15561909630671,0.551572373480901,6.47137103018747
5.19539546210045,0.612231104844245,6.52854043901979
5.42644490770836,-0.866346225313215,5.83323288183451
5.42068898361998,1.05710653878513,6.64493907786588
5.73253514824379,-0.453191683417276,6.44153324703155
4.80348918788282,1.67494077910311,5.91232733126629
4.42577666954149,-0.289447001655546,5.65919239066105
5.36120942654139,2.45259316091464,5.26722479268813
4.73859416277698,1.24810341333054,5.45750948349913
5.25544696350491,2.61762734383475,5.05015185939625
6.09792626322923,2.84224002592706,5.6979240026762
5.49240928281596,2.91796025408573,4.90342881702925
5.51744019935127,0.614236105154604,6.70718223083477
4.31338203648448,0.856160306796186,5.92171966253082
4.83183486996593,-0.368846249105714,5.45104650015421
4.58837161966999,-0.437938061569691,5.88450552585315
5.96205140146826,-1.07157682275663,5.97423023451533
5.53848567345607,-0.659521836347652,5.85801367096647
5.6389653944953,-0.522499661984134,6.51796489609681
4.16849636739502,0.523933683560088,6.20499346578225
4.64268223891422,0.293536031447224,6.26599297641239
4.79911096856141,2.29626437632005,4.94770050347744
5.29891323533827,1.65745123796386,6.39449954974795
4.37693532977862,1.51350142935427,5.13302641099645
5.07997618976245,0.598194450094993,6.41632077052408
4.86995127065188,0.194208953812295,5.44741627149367
5.01017036783463,3.01453865682297,4.93783319626855
4.97012720198117,0.244714057949845,6.71838337113064
5.27295958255737,-0.659638948916869,5.85767382216853
4.6783059117713,1.99288284693967,4.99873753574259
4.81576710633022,1.9776299014318,5.33019717582301
4.60642639521381,0.0964160550152667,6.11072766667364
5.34954226862561,-0.155012882122115,6.69072820162631
4.36354062460107,-0.0219544094863962,5.60577437392103
4.38372779016366,0.878221182055465,5.21499386942997
4.85295996476491,0.960004841979016,6.59663510612296
4.62237986939338,1.30097419829156,5.82959264043539
5.69724437918826,-0.47319114321481,6.09456279687652
4.23180687075418,1.60814870322964,5.38130160975306
5.12853632397661,2.82621740714472,5.48263982618728
5.21202169746264,0.211728083811973,6.4416137572122
5.23070683601966,0.461033850679453,6.36196448577954
5.72932908697414,0.583460180439712,6.56159469408203
4.91007022448954,1.56412657245661,6.08954292674061
4.65486680376903,1.35999364653236,5.85494992883068
5.51391836453629,0.817551709385492,6.71234905077174
4.54708304857609,2.07782638483019,5.21460290692035
5.26455121515612,2.85280258535884,5.43901505585242
5.73483542874284,1.92596973937136,5.88393842265665
5.53758996019464,-0.107203234417716,6.7819876821322
5.4058352950332,1.22983883592903,6.60699153258442
4.68364090764239,0.603038708037396,6.00002345084544
5.40145437491818,2.19508905001054,5.74075296112358
4.26654995646706,1.1272379623443,5.50045716122841
4.55807556124148,-0.17274728153161,5.5034812023925
4.8519641299422,-0.087672319065132,5.86857462410623
4.8008216049153,0.119518614516819,6.00985701754078
5.39530399072264,1.14677636918673,6.61666531345891
5.95830284936648,-0.918668670982021,6.26451370411111
4.59392820338626,1.81300186522676,5.88814419038685
5.3298203721166,1.98649517895304,6.52203047062888
5.05746869525646,-1.09107502511662,5.66279639189479
5.8799966399144,2.86492683864766,5.15861936946294
6.22096507664635,-1.1050624274879,6.02766603051793
4.88451913787883,-0.534392046700149,5.87594025357109
5.09781236997715,0.678008285479149,6.43739228281281
4.64450150429386,1.52306282257994,6.09433874741716
4.24186731667149,0.534363343449127,5.04510887902616
4.31825391533066,1.56434072028224,5.36361940252244
4.54683378720078,0.704879773062875,6.20259945215328
6.06166747804644,-0.827823300182344,6.2806621845396
4.936037709889,1.0905063981864,6.59342376291162
5.10693327696065,0.309709700509738,6.38650523587095
5.65239171805674,0.294239160245555,6.72293418844323
5.15541339889891,-0.467538468026968,6.42001830776921
5.24502540629681,-0.265786900307349,6.09123636161558
4.63469559912062,0.166115841839987,5.63194005376404
5.00317565186384,0.159090238974634,6.18639132941233
5.49230828849033,1.33709530334356,5.99113385366542
5.92677332765612,-0.714500548274805,6.66310970163565
5.72385133836483,-0.21868615952913,6.98287436516098
4.70299566502673,0.809575551495736,5.83676958327194
5.77341904707514,1.37234670422873,6.83190473383553
5.08494072946242,-0.366130034105412,6.03500662195953
5.11713267988574,1.65413865035573,6.25045701690716
4.73139141967415,0.0459323206468582,6.03515092663047
5.43037472904386,-1.0581710150246,5.94262943017783
5.53377812492722,0.157635211841649,6.62890326761572
5.25701538097586,0.123292573957417,6.44579929684335
5.84452675729034,-1.19417640857163,5.72507691234623
6.30353553413733,3.03409958347807,4.9294262307224
4.53570257995134,1.06428758761169,5.40337455439122
4.86564437768624,0.429044580523462,6.42609916557854
5.59324028213949,1.4706774449974,6.67865376446686
5.23721543415161,-0.291319924171564,6.1054623653196
4.92603921473667,2.00453035925161,5.79709856373571
4.55260894106337,1.99453865773655,5.2330039879145
4.24504750166587,-0.0636775499414916,5.51659735680741
4.82535341625966,-0.562650673118518,5.64373001344666
5.13018648015535,1.06011324261666,6.2051418453197
4.20219211718833,0.678499006357296,4.95323537615494
6.12851405147685,-0.58326935787512,6.49807730808458
4.91408827014267,-0.601987107233214,5.5765028418857
5.99537144689235,-1.00471123049879,6.07147744889079
4.76309285882057,-0.356871603980746,5.61429538415118
5.45015155734421,0.406067813031423,6.09270768993831
4.50083602838527,1.85920648046625,5.06593669190498
5.30469942747895,-0.9119259386836,6.03866688844449
5.11982850393409,-0.363189214747862,6.32213262146485
4.65724144568711,0.812889406562352,5.97613570806942
6.11803399763674,3.06199307438106,5.2812557905549
5.58932522961758,3.12558551719949,4.95169396342934
5.58218484611295,-0.0562338398673664,6.40316637132701
4.84284419692799,-0.222523211274498,5.66144184993967
4.65083166054478,1.4284762241164,5.31678847093404
4.67992042873857,2.48601406437666,5.38770287531754
5.70446037704795,-0.939218258156971,5.99564264557017
5.3243328965283,0.255616756794068,6.81507304196733
5.55538800252552,-0.61225326647013,6.22620712963901
5.31451428755614,-0.652395062471995,6.00640334377131
6.04681114341544,-1.32536105759546,5.49584003001737
4.60833703728232,2.5069842305044,4.92802779811363
4.5960695174972,0.415955619461622,6.45276462339201
5.48699953623384,0.303694123522785,6.68929637348629
5.39604405224675,-0.283621763951679,6.86893792027925
4.61508035960547,1.55139156939867,5.41970634133338
5.00300080185974,2.52375364203575,6.09480332909538
4.71048918949971,0.870708138345217,5.97678233752118
5.13799956736862,2.68999932422909,4.89387743993903
5.07011998597121,1.64863676657722,6.21035668989688
5.44705853789968,-1.40863554837234,5.91286210929313
4.18786683642201,0.881542387028333,5.17221250555987
4.3256720107007,0.526107173238483,5.35233358795018
4.91084408599415,-0.116932267625887,5.6669718037635
4.12285182211711,1.5441457376682,4.7215799045537
5.80011399716965,-0.221706297194974,6.34693459837125
5.25819398094161,0.651074747502714,6.65921327295072
4.75846433781097,2.19802613972396,5.60958914823564
4.3245756918995,2.25410698052404,4.8726766342593
4.98078385325718,1.48911449604755,5.86456200447969
6.06602125239611,-0.985683493117981,6.12080105852919
4.08186468472858,1.46360663376736,5.18974689259744
3.87466183620559,0.54482317346451,5.47810697138583
4.64495008016997,2.13665137131266,4.62253392448405
4.56369450898467,0.431088278965291,5.41832058063134
5.74053532704969,-0.358537075809334,6.50385721907679
5.11809027844087,2.07463414974455,5.45115342615301
5.34106107561391,-0.186224167344218,5.95663049577831
5.25945921669583,1.1458690766221,6.28176481507383
4.29739868160956,0.370719219599636,5.11677845500852
4.56705001277023,1.05954208347996,5.62553599784987
5.6432247182959,-0.826926573144906,5.90228795640209
5.708324276477,2.54510569000624,5.82405789878534
4.9423975224971,1.30669723644645,6.22635697113712
4.8700284414586,0.876189172196719,6.2289711935887
5.39646823563078,1.28627985401557,6.58854112427758
5.04827865123918,2.13712731392167,5.1100920896158
4.43460877454958,1.7743802607887,4.94429585810811
4.40086440593763,0.711561349836912,6.06333322851115
5.75368459174191,-1.01621454473728,6.10515325219174
4.74327994034707,0.467882526789796,6.05396693382704
4.44352711226681,-0.0438832237630302,5.22915487904162
5.39842855219053,0.72848024129533,6.12306083133832
5.68054163472996,-0.725830622850754,6.06779496169506
4.95676362965407,-0.546932863080605,5.71041147549066
4.684187821234,1.67488553406685,6.04074104864636
5.78351257984172,-0.524750765719707,6.41675557848595
5.43540362232712,1.62380063518564,6.50031037295882
4.7096572921328,1.89020515093758,5.4497144440517
4.44604953080085,1.00533293745483,5.49407750319294
6.25705798371033,-1.16293624434937,6.72447639536462
5.01895224859438,0.609393018035177,6.19749779525719
4.67068280440587,0.91903302989511,5.6670485732092
4.59864186715442,-0.0564837961919075,5.68763061937604
6.13103391490232,-1.19271187772011,5.98889080242556
5.25290528880259,-0.818308904548306,6.23200349258321
5.431259704839,2.78486636056016,5.28072214518878
5.1628173252544,-0.279257849101518,5.69412300593852
5.342135457975,-0.428880785694304,6.26469279682842
4.3162600837475,0.0875343215729185,5.46222210464553
4.54558999662544,2.39366584494181,4.93814191757418
5.07324450850939,1.41604174376617,5.99960074270579
4.88067583762563,-0.777966551034899,5.75045455689102
4.95718935556712,-0.410364785254868,6.24631817674752
5.1208495208846,1.89313309911983,6.11062840044369
5.53558976191859,2.08675691227331,5.94189564524595
4.7026601822674,2.37628368177567,5.29814055934461
5.32000615048158,-1.00603144025388,6.48694280655369
4.31870368290118,1.28858477475227,5.13989923706248
5.15518780636793,1.24386549252746,6.43217756933355
5.39881329989256,0.118426027737994,6.53914260153391
5.16602344277955,0.593699018155097,6.48402890510385
5.88722811139039,-1.3065615880258,5.98030814771561
5.57002356796887,2.42053223306203,6.01811919750138
5.25576395214619,-0.867605232544953,5.42142291000143
5.4848783855276,0.463919493352858,6.62698343226286
4.41989587799946,1.8760909139114,5.3533545752243
5.28233937613104,2.29865505115828,6.24691827890056
5.05496268589688,-0.215207327297092,6.07657131187185
4.0896554858867,1.24597136695502,4.93442173201404
4.47242838430295,-0.425737759359012,5.01484042828546
4.9651554067081,-0.390417245296828,5.87874546132437
5.2403294032277,-0.0677638096369346,6.26284285335705
5.3313412343612,0.901213941544995,6.34207287033249
4.74092715368253,2.4556792304414,4.87554235701101
4.40852461814519,1.98061039416289,4.97971219358901
6.61082872232662,-1.12495474692919,6.05951704839136
5.01138068171219,1.41682820988451,6.50061899265201
4.5102757191093,1.20845936496479,5.67349811109867
5.83084251360074,-0.444548670438544,6.24294862192944
4.66708624495166,0.182041715707167,5.85591332566872
5.48605293945278,2.50771153631312,5.46867224609853
4.64052145662693,-0.783501857233829,5.84277286820834
5.16004692967021,-0.534088966235715,6.25013540045823
4.99130483547364,2.79868403613298,5.09570756820222
4.80078318494981,0.72665904528437,5.63988954792866
4.43864885849097,2.01011979424058,5.03690532065473
6.03787636520033,3.09842949682863,5.08129142563578
4.82433361316775,-0.544972206228858,5.49533319132197
4.9486093674662,-0.684921579487884,5.5168033901767
5.08744252255139,2.34622608371413,5.48960954832786
5.06228727851735,1.58151568284855,6.23594296352458
4.81889384890679,0.982904861567749,5.91291270691011
5.09863774870404,-0.385247478444431,6.15611934252928
4.9905732696976,1.83620467563915,6.05664701495692
5.66337384806355,0.380507486918522,6.74564489876381
5.3507123381594,1.3415481167997,6.54576812362114
5.76477014128192,-0.204565563910202,6.50744080454159
5.83662087866507,2.83462086308717,5.61717917741017
5.07947246845332,1.16890584539559,5.78745681458553
5.70537777228219,-0.349641015599398,6.3205276674718
5.46354352995228,1.4577168393833,6.57933427985267
5.61594257278211,2.7441873843055,5.59847559123183
4.78377016173833,1.70243349012751,5.67477860130831
4.6868317832585,1.13582320337898,5.94711253809621
5.10068428779518,1.19202244183844,6.44333192115551
4.81159812032666,1.99634625833087,5.43257355819027
5.24448340480371,1.71494238671915,6.3279363826496
5.39164549295351,1.6099793433715,6.75876291478676
4.70184262577332,0.639713510418921,6.40586893593203
4.62094048414905,1.21326566835005,5.70277589822211
4.32515087430292,1.14726635531457,5.71564311806154
5.9991781193986,-0.806794821522445,6.41263133742862
4.64977338789103,1.59702133882509,5.02717210987281
5.40575337651145,-0.457985684401356,6.24485291787813
4.11161836609133,0.667180465214266,5.95305435321171
4.95408315327691,0.256212055493018,6.40192385194561
4.40822212246942,0.093866620640668,5.65664786481163
4.72350916666773,1.30632546060582,6.09961205417482
5.0337878527636,-0.868186751530763,5.22499847065215
5.39558660195715,1.91999298413307,6.05354642390778
5.44578070103188,2.15802667993897,6.18060105334262
5.04469567423925,2.2137279337087,5.73172567460722
5.07436035966817,-0.614514369063553,5.8573767071561
5.23873917721838,2.226258138871,5.4950690326882
5.56575268204351,-0.882423086203003,6.00367758185334
4.95626371055424,2.69561495236029,5.67289937345054
4.67951945034461,1.35498553356645,6.20121185795333
4.29125015613471,1.07045784633285,5.99203513962654
5.2199352055386,-1.13375478319785,5.50830657125364
4.80254997930044,1.18380278272146,6.09477470082603
4.84988047005213,-0.422680817912224,5.97829666763552
4.25698884252924,1.60489098242205,5.2104552006751
6.67782972187715,-1.00845002010955,6.06069697207323
4.75294070512551,-0.570015719573968,5.48568262584932
5.36470486090861,-0.346398242387968,6.29215383376455
4.89136692718891,2.10328746611418,5.20360069517936
5.8736293841456,-0.61188462905502,6.38224066275167
4.61167551780805,-0.304806360798944,5.09622639611486
5.01482154365392,2.69566894238216,4.64169142510068
6.02011808427518,2.4441263030477,5.53605439348098
6.50244157789973,-0.958699308799475,6.09912635616396
5.14873451268099,0.887786160944331,6.81655304261039
5.49966797104815,2.68174705399106,5.50163864047438
5.29974381866958,1.07895643298764,6.19478888376201
5.29086658215941,-0.927044146080198,5.63681137607773
5.25219697434967,-0.450981637127098,6.12823583485939
4.86516698045042,2.91763822878537,5.64957449104694
4.64307736371807,2.39992115556187,4.9380531749674
5.62924167894763,-0.737698504824959,6.16164721783605
4.15463934364576,1.67581221918813,5.00780239456157
4.08546389251936,1.15107384806608,4.90907761694754
5.38403745163091,1.22716607539106,6.59443043800021
5.62431852082044,2.87099701004643,4.78893736900453
5.45949553496588,1.06647942019412,6.85189130266295
4.31973571108776,0.474512721217799,5.1476904198538
5.18158183467949,0.741846187529665,6.13936430320387
5.02109982583278,0.260444304277993,6.29780468946238
4.53826613553824,0.103360620333827,5.59150136486992
5.40041019499484,1.35444191599343,6.14599814615177
4.76982172795969,1.06727976150036,6.09540382933068
4.0741238605629,-0.113704513513256,5.20765413786249
4.4752870218845,1.87386381623148,5.12373537352571
5.08014012194946,1.6911242323825,6.27041554902297
4.76176769335494,-0.578538927055784,5.85620185098543
4.56181189172706,1.51085990388166,5.25725072798319
4.48534262990723,0.942790410232473,5.56799583618731
5.36117859467789,-0.135113474112062,6.00440870838167
5.06361545864243,0.425188970003805,6.37655193623421
5.33566953512624,0.691232455553055,6.59325017563485
4.42802912920588,1.50046890986068,5.66771943913554
4.88494621293723,2.15381562055669,5.56621935117289
6.24202101567644,3.021729920697,5.43973077300203
4.55010549223402,2.07111250206025,5.84654295624241
4.96542581515642,-0.637357481035515,5.61180569809621
5.74070680088271,-0.508718075473994,6.54202970346053
5.22112136261455,-0.71056311733569,5.7962735114579
4.53656275987656,1.17986813747755,4.92209732680464
4.87145919178127,0.0735529372482709,6.07329770692627
5.7466248985988,-1.31243018363322,6.43037729519979
4.97008732442357,0.110887678716603,6.73926259843407
4.23708896761054,0.525540865695631,5.40601910384625
4.38972055871732,2.17961336788259,4.98294746328918
4.20566266730679,1.13994504534475,5.28812557580736
5.88297966896182,3.03545085034803,5.14870680780455
5.18298239681138,2.54716910040372,5.42351250455116
5.23272281790721,3.22923402422053,5.00615508760873
5.06348897773325,0.5441791005067,6.39615225618872
5.46302707313073,-0.184403647155897,6.45116484985158
6.39754785783985,-1.11930206869081,6.04809483293179
5.22668140844383,2.41681094821449,5.58052701804313
4.51020397494915,1.02641399842082,6.19672660948831
4.72911027920913,-0.481819141426912,5.39040257167251
5.15755594466007,-0.129392731893026,6.25660846865873
5.06747664333777,0.171639438756475,6.31073449983096
5.4717791508589,-0.770495183581735,5.75410905026407
4.55446754858698,0.78870927917614,5.72216491434848
5.01471899926087,-0.574564438335393,6.08707678481729
5.1831416586488,-0.284273997659926,6.49662474168677
5.38738825054063,-0.339060776161662,6.34326361628963
5.30817503525343,1.22446657183161,6.73754428749254
4.71305977815543,-0.3114166237255,5.4930846634145
6.76846602653647,-1.2207659893014,5.9240826318697
4.04190637213396,0.157171032330567,4.78735098275486
4.98074373547638,-0.447968845120335,5.62958247204712
5.6549142299291,0.197883103345057,6.69991522764076
5.61869488816549,-0.742407138080681,6.21263819468803
4.76320113208943,1.07507685646366,6.08600863361844
5.69104300774924,0.692321490635932,6.67728223239964
4.6952073789681,0.480537189523035,5.95709323549204
5.64264796792627,2.82144888349454,5.28224045468469
4.12368903200311,0.113685943202268,5.34589253807262
5.77400026944347,-0.454576121000014,6.64778112953437
4.87512726646457,0.675625838235698,5.80328430315641
4.28653022807918,1.19027290905752,5.03987977799667
5.55188156273702,2.91444538619896,4.9836240219456
4.80159897001796,2.19919180153413,4.99602466592872
4.94236261224352,1.11419606045163,6.35054971415989
4.92402366024666,1.71510497488413,5.90713829779623
5.58625824828959,2.94994792326195,5.0005849535362
5.04297267482693,1.96997402513005,5.67916757080363
5.89632804913748,2.64478999611456,4.99669499204967
4.16093572819163,0.666203781590641,5.09513096234408
5.39599928857777,-0.0387110858914189,6.53941495970496
5.27808948721542,1.34401579851027,6.135935821115
5.87773231662644,-0.576809180795033,6.48236991393138
4.60081161413371,0.447027379957071,5.78194127797212
4.32586036784291,1.44122577506864,5.00638876775447
5.97598315530185,2.89545983433372,5.06987305965981
6.65696260314732,-1.29670765984122,6.44858099110236
5.52332162511795,-0.0131353470884455,6.29994761403271
5.28749781463739,1.08691249370229,6.4610343070899
4.89468936201189,1.52144247876828,5.84692805190701
5.37500419899923,1.88363323354258,6.32701715317707
4.6739858153628,2.27838156011414,4.87009991536082
5.53539349381119,0.30333129937309,6.66844270891994
4.62309331545886,1.12814603247655,5.8973747480161
4.48269562506896,0.552608401272523,5.82356152675436
5.60024319182203,-1.08255795731954,5.79167677280716
5.09428181960309,0.950253659318989,6.21636584976719
4.56965704510672,1.19806050862936,5.78193672901457
4.97678706653842,2.48915232272229,5.07598333238189
4.81033877341575,1.37543150962821,5.2300489095101
5.30400690593871,0.970701704042626,6.1009096085792
5.28288667611755,0.701943376906929,6.50174594747085
5.02225979547619,0.44654734136793,6.45913631328481
5.26110109611133,-0.401584625350615,5.9678126510046
5.92968438252931,-1.38140590206517,5.83392724749476
4.74093952396523,1.50590516299014,5.90939916719113
5.5890434572622,2.3608603399026,6.09436809736595
5.18230365446555,1.35773552114419,6.42246237321158
4.59134293044816,2.36911805686572,5.30278348802753
4.16917975763364,0.546458842450738,5.66779560550974
4.8847431888077,2.21867370956704,5.35969737540306
4.84730093993793,1.63201682411447,5.80743211549575
4.82562854031053,2.08423375771546,4.96229525675215
4.5892795103165,-0.596739285101745,5.42186475942261
4.28868030220585,0.265692082246871,5.97177934601825
5.32624256981511,1.69091577731543,6.39805139713834
4.2966290528367,0.517839340002201,5.1964936090109
6.10858413003337,-0.837092843222862,6.28685612466325
4.63383622051693,1.23291211045823,5.31447574879181
5.46086048073409,-0.865978467727884,6.32313846233527
4.47898881704231,1.61363373997522,4.30993535191931
4.77748127050776,-0.429164365226608,6.19223569165474
5.49051751427352,-0.0201896366139623,6.83961103525715
4.50062866686204,1.63698918017006,5.37760207647557
5.30181889264146,0.311635064201509,6.45281232616717
5.68707843972209,-0.942194753909255,5.98079679681465
4.50522451565679,0.296115070978071,5.19228673017405
5.60238852728964,0.371635338790879,6.93496838949987
4.17179336899892,0.245742190539588,5.42783775133054
6.04480984946123,-0.833566373793775,6.56883620474215
4.79184676150475,2.21216543812383,5.3071795828127
4.78879304830895,1.70466498488736,4.43625950576665
4.51883289849797,0.916899937037502,5.75652791502847
4.4059262664747,2.00668588655688,5.26310692227624
5.76697994740563,2.57176425635239,5.97176995155085
5.11070270534439,0.890687139394027,6.48398662113846
5.62783212727077,-0.897582682981582,5.60909710603343
5.92653576862368,-1.03409903334267,6.20589182160623
5.31035311718288,0.353912801807219,6.60722121630729
4.31686890035274,1.43103174901997,4.97478364237231
4.80661030735295,2.26609410246816,4.96697448922092
5.48502985277559,0.27041150720784,6.63372824787831
4.91032229583547,0.882872728886162,6.2802486830057
4.58815296279903,2.39554006185402,4.96336826972861
5.24869905042323,1.29842619092621,6.48836058441836
4.74445211688246,-0.0851535098480157,5.81818113698879
5.03016116148152,2.1673408904708,6.1106173216883
5.47628492579553,2.87639774313563,5.44024338643579
5.12532903720586,2.80152744237105,5.51179260575714
4.9725907473816,-1.03633082087942,5.8348467260991
4.13049393237324,0.521824337910276,5.12184227094139
5.25396658591792,0.0661959812619414,6.42260294289821
4.35373769789668,0.625827523875036,5.52214681433971
4.92182899038833,0.00846498778050927,6.32401479942259
5.93941330748712,-0.819352143372434,6.24348596374255
5.95826271854318,-0.984041473580313,6.35293830785502
4.77271566058203,0.093462628860995,5.70233149740632
5.48713402455121,-0.251074647247452,6.35416911526344
6.35448766097259,-0.952074418911523,6.61078614574026
5.26025925350232,0.174890412996329,6.46541018500758
4.51089736016233,-0.103127651129767,5.35457221913605
5.05887261728825,2.5115976633334,5.26673145736549
4.99163498406764,0.216425065466697,6.27517912591365
5.19709770889329,-0.216651773028359,5.9305471778991
5.14914889183575,2.67304534850282,5.13808532965506
5.20914547433663,0.555713412023496,6.1716849162201
5.1768501592824,-0.656038992007466,5.86549276163037
4.43860536557493,0.38876980234015,5.53413461553619
4.7722054541999,0.707813040519383,6.14681513475735
5.06011833237884,2.23043887912241,5.7321434694373
4.50054297022187,1.39190568553679,5.56773672841753
4.92007414670711,1.45028127956653,6.20148749551633
6.32140393986491,-0.885358592775604,6.29442375587488
4.48752032628122,1.94966463055138,5.5864774433604
4.70989744782718,2.46859611227226,5.09514536167458
5.73967918099908,2.85092518938872,5.50381325868371
4.86416630287821,0.0278494822079133,5.84435369096465
5.97933065749887,2.78771223261104,4.86030402759657
4.73497729560877,-0.138253022231797,5.76554869663807
4.90809601920254,0.426014906540188,5.92591482849893
4.96141745093153,-0.558483170311762,5.81756957856169
6.03437278473471,-1.02324844047785,6.06543940457208
5.72095681499302,3.0010850544375,5.04331583356195
6.42454142864099,-1.22977724008049,6.07703918412337
5.34323889537693,-0.13985646710475,6.3413929311908
4.99165698456947,1.40343472962107,6.24264127762752
4.71030289388134,0.884569222787123,6.36646578335978
5.76442281510072,-0.2041361431263,6.48495957949082
5.67731853926251,1.92813798155492,6.22701139926599
5.19867777740843,2.17810038105108,5.94955770607637
5.18229410199005,1.09949444977765,6.53649713559887
5.07264973233877,2.61981651726703,5.12226151763237
4.9445963624014,-0.110413450326536,6.24432426819884
4.5427341148632,-0.37649733747815,5.4022000868534
5.06921758915339,1.0430957949552,6.56149936338134
5.17243902377856,-1.0014168864711,5.42901536681756
5.44157199182847,-0.433942198357883,6.40928338078936
5.79220479747407,-0.35005271658797,6.17042485846868
4.58805167529291,1.6523861948817,4.61981215085642
5.01995698420697,0.374343329893566,6.39355993744126
4.15302286216476,1.34011170079148,5.64558665072306
5.24589745314845,1.30478052171134,6.48469255266957
5.52761785353884,2.68604285920807,6.09508901156119
5.57237372129998,2.86080780704694,5.28837516006706
5.51886696802988,-0.541733588105452,6.37446822161802
5.27846758107236,0.922791726408115,6.74304105105445
4.91844818995422,1.31286099713181,6.20002603310906
5.33092609899108,0.337326814684317,6.55749695916433
5.35268524282896,0.0840190583867573,6.49776759683028
5.57879231132441,-0.889755554344126,5.58144011843644
5.11462814198743,1.395870746159,6.28331544855923
5.25817982855338,1.72745423208221,6.42315922121802
4.09956571659073,0.958633306895477,5.47090654138697
5.14532179461368,-0.834452986801575,5.59629527741359
4.13259134195681,1.03964459205598,5.32740458169357
5.64717784789977,3.02100043090893,5.1883478161532
4.71678521925092,1.80961516898917,5.96434984143633
4.72801604867798,1.2566280013708,5.95721633359301
4.99302107577291,1.39889835140205,5.70715750083246
5.1005043922896,1.19634724485086,6.2969436136428
5.81857863830836,-1.16329051660574,5.67389366279869
4.64022006583874,-0.384769446792276,5.35394364292286
5.6083583662722,-0.809304860098413,6.07727680310609
4.61233390581747,2.25762037285925,4.78978852719545
5.36994932088803,2.20714532617071,5.57765293757134
5.9690414092,2.91101045837746,4.81184957145563
4.66442120503552,0.641165774892903,6.17685788254216
4.82653008395114,2.26915683904355,5.20934079857675
4.35157249505999,1.68839299979502,5.89957757894758
4.98834589219268,-0.087088275991083,6.488553002578
4.40700024321593,0.83609284315843,5.54382455538457
4.7559377575241,1.22233417266517,6.28249712746722
5.13499180326054,-0.982162362994864,6.35682339325076
5.61261740917589,1.7073952776158,5.76383570732634
4.29453630833257,0.423048789957592,5.14040270929439
5.85597076882469,-0.648577953583519,6.28898556004903
5.0785877591935,2.64695716734741,4.86459017708268
5.6677274568398,-0.377271399111825,6.25879899312496
5.13066717428245,-0.14181977006476,6.21114016245407
5.53120258930948,1.93788376652363,6.39511054713135
5.21577220373699,1.97247338960224,5.83497286516885
6.33272610270608,-0.60522063825793,6.43741981927908
5.05693149823095,-0.426660757396473,5.75346626597333
5.24338333571821,1.85288735529481,6.24598812609418
4.88272196625462,0.336763146537892,6.18280278753895
5.02380681130332,1.09615767061207,6.55514507913633
4.39292696848147,-0.119996860553271,5.56906534846836
5.24189609124722,-0.114495599989909,6.49443018646116
5.31187839036363,1.22500784372366,6.51088021302765
5.15105357627573,-0.177699921959366,6.28257251091304
4.63549319445929,2.06033788417714,5.142629287684
5.01663723319223,-0.00186444497689684,6.51576782966134
5.50700560667978,0.654353686155282,6.44358749011887
5.15406599028603,1.89976055319346,6.13742957733799
5.03449730137882,-0.755700140476058,5.55132520882537
4.92378366897554,1.49898685147941,5.70400198466863
5.41300879977485,0.314794823749493,6.37371522783045
5.04947696084995,-0.040452169626935,6.20468352360592
4.66569837909742,-0.544647813483244,5.71886220466739
4.87170124762409,1.58591802707783,5.72699568519037
4.2319596807729,2.14383949644452,5.47119350558647
4.44075124928727,0.223919891493727,5.45546067733968
5.35225057159119,0.124802861511526,6.51172651999839
5.06898117169565,-0.24582725641389,6.2725419480512
5.08571398928842,2.25619043940749,5.73431663916613
4.26799245151576,1.15908759252001,5.02420290985207
4.38645043841819,1.41193356208116,5.17101440399089
4.89771822835258,2.13262961661249,5.61473109524684
5.43532302171349,-0.242810108310018,6.29253176798534
5.92088280651482,-1.26138008963194,5.64727189471785
5.29704981154153,2.78132190026879,5.01034473315069
4.46788975241393,-0.125080494347059,5.63093977565616
5.53520446739377,0.528556959505053,6.70761822861876
6.23383444363107,-1.07017643221984,5.74608510974315
6.4793313961644,-1.34416652517933,6.19036098078544
4.56801042199195,1.98964581692704,5.05293166762363
4.17044386485325,-0.0251699204533657,5.55443156300387
5.0105767392848,2.12888617391173,5.45573832047209
4.9741858183826,1.40223052575489,6.25173064073396
5.04526655365067,2.45976845215098,5.4882968713687
5.64462087975129,-0.543283382661918,6.32806827630413
5.49014002807332,-0.555619559174567,6.16238380135383
4.93663944413962,-0.525957426635855,5.70513259382883
4.35242227060425,1.10450688076055,5.64659974202772
4.51063934411152,1.48744276436688,4.93960323742699
5.05411042292233,-0.321689245540697,6.03642315935715
4.8156501476867,1.83166438908717,5.7723127955269
5.42055823718175,-0.0495387564991896,6.71948510156254
4.62863336276341,-0.824473958107728,5.87693651077867
4.29689525328609,0.909474440332929,5.24170965273957
4.82063335996547,2.13654678795367,4.96153290327507
5.59651798819176,2.83762886632632,5.71400451621695
4.63021795938056,1.56965167428977,5.34522974862154
4.78137588124824,-0.0225031534025912,6.13310827382643
4.79562709325914,1.81483269920852,6.26844614341544
4.78672038251516,2.46897309968046,5.41308891058052
4.3120469147323,0.449938910091685,5.75862492045056
5.53861219575271,2.11128343770831,5.78721884674311
5.17567321185835,0.461610839348155,6.95125834250933
4.52014310022615,0.77302982825313,5.76522841856177
4.27191675855572,1.10382665090101,5.57945148151909
5.75724843301821,-0.107461772732039,6.63771317750259
5.38623943179284,-0.452434452518792,6.08969100200855
5.3540120885882,1.89912274453104,5.936213564771
4.58279867633951,1.89917076232318,4.8725412686336
4.85240243691604,-0.619374588829906,5.5328766948346
4.46718587394169,1.59318008541993,4.76208043859933
4.9492597184294,2.10123180905863,5.08581245662647
5.23865254346708,1.609055785912,6.37192770130373
5.23314059727832,2.19666828963776,5.965785308916
4.8616133657024,2.65099603567874,5.04660066544414
5.58594857901643,2.55804166254874,4.92169931359218
4.62318526142607,-0.422009247704272,5.2933168530249
4.58467508180643,-0.163729689958169,5.3412266328937
4.71006265482332,-0.0791369752181917,5.2982358221796
5.64936944672965,-0.97884507745275,6.29811682434262
5.18120583082954,1.92475716138384,5.44407258390383
4.42280707332004,-0.716864328001759,4.96758142057323
5.6140841329927,-0.982859734576194,5.87768497177026
5.83131213791648,3.06929724168952,5.38554485610564
4.76570873509648,-0.556260840548433,5.12069284510141
4.10572449010558,0.238120073680955,5.37608318792295
5.25879664756702,2.01300061811829,5.39385307159369
4.89792595460432,1.24956166259864,6.19737821585213
5.71429575850772,2.74540317767251,5.68308615906865
4.8490368278703,-0.10634709338416,6.10426769067982
4.27468311045362,1.89757390842073,5.22123021206596
5.12633692410813,1.49678034114543,6.32903825348515
5.43091807134699,0.103143257648289,6.40432318417787
5.34612274125726,-0.905301042731148,6.12487886870746
5.19401737357133,2.16900991970192,5.95371300647368
5.78029422745037,-0.634868935766216,6.20459568975193
5.75062526618544,-0.735409068573768,6.23305685537541
5.55424891266119,2.7478867396826,5.18401054722861
4.92621189490347,-0.764267919590748,5.7528295895691
5.18985062373705,2.33743581913861,5.69827105782769
5.90930519181313,-1.29624646027998,5.9369770733671
4.90559118300838,0.019269784164976,6.08580744951117
5.37018546590116,1.21339748979319,6.58881500109566
5.45010784945968,1.81793473040544,6.12865734085155
5.16185802874383,-0.88302191496664,5.99090691843916
4.65094441662364,-0.154594023151414,5.60990135578191
5.86561861697038,2.99595973605542,5.2610544884074
5.56510482877225,0.872325465661717,6.29879656375527
4.85829303105547,0.403005341178574,5.92321867572658
5.30669542732599,1.4007694078771,6.21566598480683
5.71668473480258,-1.04047423923832,6.16789900666086
5.49905215088854,-1.05009284761306,5.67928193724334
4.49041727723956,1.46531204948115,5.96354368615957
4.87950769547856,-0.0905444738281586,5.99501833959389
5.53679050600183,0.575080840453058,6.76913371650395
5.46467610209774,-0.887048370547462,6.00732069377574
4.82318056269771,1.31442708845941,4.65768469934857
5.42507133748371,2.82880529924004,5.11197997466236
5.26629183325453,1.14659038824569,6.50649417635453
4.53838193026268,0.0810890582611548,5.62469211045277
4.76521570059719,0.43955374081754,6.07479197002647
4.45265419876035,0.545974183210034,6.40409885039981
4.86867836331049,1.77290282220269,5.9689262404693
4.27620036272733,1.11476527749246,5.21151636251735
5.24819231811431,-0.642619904432331,5.92790178843164
5.70073608624959,0.715002620640304,6.35784091380448
4.61954083537605,0.85637032019504,6.3480427029788
4.93441183690348,0.740476787079558,6.29521415942722
4.90844180454377,2.40009311046003,5.87746410049199
4.35479774864898,1.22852386449511,5.30302432412117
4.21864881403905,1.48926801392548,5.32014778473859
5.79586315774038,-1.16419971496783,5.46331426327921
4.97045114828515,1.92355996682599,5.9257689609538
4.93601554092012,2.04566080122019,5.76993053501337
5.35114436489371,-0.130949535118414,6.27023191916418
4.8666824403828,1.81145995782374,5.40754175628296
4.67083475815857,0.915254278844866,6.10222040847527
4.30448271298278,1.4226231429967,4.91695371787484
4.2928328305681,-0.411108903831823,5.24011307496391
4.11191169123292,2.10129907097737,4.87582656881483
5.18808801303159,0.427295486996196,6.47661001359261
4.95850020109074,1.71333960836881,5.45972690271074
4.80354446190031,2.55554720904411,5.14330414052963
5.3659234072393,0.657543784672797,6.06839356106765
4.07891238216939,0.956808566305587,4.90257773479348
4.64772267242306,0.991424772921917,6.04863957205892
4.29754787635804,-0.382525789439305,5.28616147821473
4.59370250710757,0.0508470179481729,5.66262639967573
5.8450086617944,-0.841899862820608,5.84530524593469
5.3226142192747,1.39347011609727,6.51234396364508
5.18931605160699,2.29331977860201,6.31969606436527
5.02365392407311,2.77219457939054,4.43216501532756
4.45685163981417,2.19896341763395,5.01402348743202
5.2755020407649,2.84333828980891,4.91800826695634
4.32426525475696,1.94268140188157,4.67649660047831
5.1136428775815,0.459932582367427,6.42466075182898
4.91336413849651,1.11768407187745,6.24413295989685
4.76581447496472,2.13286171851533,5.36358053623029
5.73950880247228,3.2448283482742,4.98495788044333
5.9642411749715,2.8571646411126,5.2525077608441
4.53217346968327,0.851477733324064,6.28039433239147
5.77862465451797,-0.139603616178145,6.35039188598214
5.32890845730913,0.888592573743237,6.60415222427868
5.48985078368394,-0.099304508967085,6.34930518907754
4.5441661075104,0.8995954112195,5.80121964056752
4.243053923201,0.747050502937409,5.03976360767228
5.44399967323123,2.97239033704687,5.11156148262489
6.03926886648245,-0.903741999486039,5.70758239917239
4.83840070156181,-0.589838548174749,5.0976505115429
3.91509364530184,0.525941537317056,5.1456883699363
6.14607788462134,-0.825384163649652,5.76014764605923
4.25831682331149,-0.0180123084915819,5.35412309983088
5.46331725170515,-0.764454254201156,6.05930788718483
6.18298064898861,-1.28186552826674,5.99164088041129
5.72259119507454,-0.580866204961544,6.18065733460742
5.05266509019738,1.72233059450726,5.8589043799833
5.07360722131985,2.03863166486336,5.87501927236618
5.15629154316492,2.51073765547713,5.45050270032337
4.46533877146976,-0.00603127169173745,5.33492473416464
4.39684594789723,1.2140344654908,5.88532479606891
5.43878881788194,-0.962913162203319,5.75271363534312
5.26314582324526,-0.456061993599473,6.1337497990464
6.0563713467776,3.01566076092889,5.37078392592794
5.80685211890921,-0.569250709371878,6.62375668013364
5.28539907840114,0.516741652427536,6.04323997469119
6.59793801388621,-1.01216144325488,6.19153861940265
5.84216967956697,-0.161534169192986,6.64770199180909
5.26326545969853,0.593730055075331,6.42684169367523
5.07291849952909,0.379526134541043,6.05418700039877
4.54553494872561,1.45890687200857,4.9830478430543
5.35484222311558,-0.741137841475406,5.53171316257115
5.40241522439137,0.565796427656383,6.66136413881333
4.39945239639396,0.549516854218065,5.49810847244222
5.31207978524387,0.726956800840989,6.59476291548754
4.42314907144813,1.4475056251255,5.3459655494033
4.72610525473883,-0.264115216627644,5.64383706270626
5.08458898644834,1.27623417079823,6.71759087166328
4.39172305637895,-0.45993164203363,5.56728057258291
5.16266888275978,2.15968856036195,5.89274463195029
5.73191971466981,-0.302775088387234,6.6808781066599
5.11461999416328,-1.27923689035741,5.61528583113891
4.67041584514566,0.972885818822147,6.24015425449219
4.83469241638106,-0.0159568983701396,5.98342937328157
5.28970986454154,1.80153888875808,5.72816314146585
4.62602160815157,-0.382458673239985,6.10813266296888
5.09918992838989,0.403614939997327,6.40207414126317
5.71918845967675,-0.170601581258142,6.59296408890282
4.4280188455384,0.0566385362393823,5.64439270232924
3.98933402957091,0.603680957878302,5.57058297960516
4.82197839967359,1.76906719561935,5.08562365022796
5.30669981250884,2.44544609988613,5.75330043641513
4.66466498478528,-0.396378941042576,5.7668147115553
5.494482835449,-1.28833182178297,5.66061411579626
5.47966764783318,-0.178989816829508,6.46401796734019
5.49334297127103,-0.0703935701876222,6.69018650314015
4.49910298876735,0.164758473864142,5.55014243733093
4.7011515734739,2.20900289976858,5.70062202973118
5.44567383525267,1.95230088630841,6.3321516175811
5.03614687946683,1.82383078452113,6.4222237052628
5.53664145197933,2.57262526731147,5.19671160638952
5.27471248718544,2.11352150857113,6.08103526616429
5.05924524373393,0.500100991349698,6.38615230601484
4.55340388128546,-0.552936365855863,5.6694580769573
4.51467191503423,-0.475971450601249,5.56527104368724
6.31921798491841,-1.18200286841853,6.12814956293266
5.57657418127104,-0.174245590943041,6.53784310763774
4.65113023210277,-0.520848996982785,5.64151922189254
4.17704605250777,0.759054743883293,4.92710176614913
5.28638882276181,0.555821119749394,6.4991001126433
3.85446862645923,0.954332731563768,5.28513278636307
4.87268469516603,1.35693674049091,6.87330678594469
5.87420067055768,2.99555189469665,4.7185825629319
5.13925002860745,-0.747119138744831,6.03248224495489
5.81705235634208,-0.433185117225211,6.53976474713368
4.49126177335675,2.03174087044215,4.81644199899841
4.76722728632777,0.172200973924581,6.38291732208762
5.97803717730192,3.02729663154665,4.6970074574722
5.01296693468105,2.35246984954586,5.04085631950659
4.9599718649169,2.54520973506456,4.83876453021002
4.52492108469054,0.492658670163825,5.73707755597699
4.76376085522796,1.11408509720451,5.9317039842474
4.69611442872141,1.94394286757114,5.48039936287146
5.65065229940869,0.104221910445638,6.48218521975928
4.46914309191242,0.380681004021007,5.61938663315712
6.37221472688683,3.2763791592666,4.91313070280934
4.69030178071368,0.985878627711478,6.00783942644449
4.9307934288679,1.2357514231934,6.08069456602961
4.58726007740381,0.216190225860528,6.09957003268542
5.34399588748606,-0.375104764301336,6.35630997091151
4.89293537170077,2.32479922369252,5.12978368949013
5.46097298981956,0.637741179390564,6.40969181790554
5.86265178004571,-1.15086510361914,6.19637795064781
6.27765352549421,3.13517963370214,5.13274894764718
4.37684673563155,0.216015290399474,5.27774649676156
4.66036160764511,-0.441616505003729,5.6551936165549
5.5238655965771,-1.08457058162365,5.64708650530629
5.63118782349149,3.01271541978173,5.51858030311393
