10.5482336614338,3.93168914766827,-5.41865795983755
11.882087570448,-0.16416621551619,-3.37292158316193
9.9028835357925,6.13699606736049,-6.8517163529245
7.03959761777288,11.9925809667076,-4.64972057433674
12.6264307171438,-0.461524324064626,-6.17245031672032
9.7087890603307,5.64500133432579,-4.99280043109689
12.9730900706392,-1.5749508409367,-5.50840484847487
10.8849873837331,2.63627141867768,-3.48583512786992
12.4734501978828,-2.04873127853817,-2.16569289807331
7.78973909653924,9.77198588112019,-4.43588284691243
9.27134994891639,6.8799859608803,-5.44911968366074
8.5143122341308,9.8083868343268,-7.80696726203213
12.5032822006738,0.0696958137022394,-6.82091043029826
11.6468047749645,2.25030616457167,-7.08758974120196
10.3332385571121,3.18021395966021,-3.7446269691435
13.8833420944057,-4.45527686126965,-3.97878504722297
10.4537052023793,3.88600479259866,-4.8977222488176
7.65998939901003,11.5002690304709,-7.27089227715956
8.84171550391389,8.77479542006837,-7.24885797462098
7.97759395699856,10.5772170240113,-6.8872780187113
7.73356118915998,10.1255867402963,-4.88100569155603
9.59677777531145,5.71212085932142,-4.61586307578451
11.0556076141004,1.99671100833208,-3.89324113845881
12.6770202489727,-2.26845899449109,-2.42873817124077
9.9740600944913,5.40308325137429,-5.72103841579449
8.05592504783631,10.5901653699917,-7.11060052709814
7.24000799424268,10.9294025206096,-3.68239009875755
12.2070628780911,-0.0196501600615919,-5.13896713084968
10.4465059664618,4.73446441969542,-6.25628601340323
14.3114396130189,-4.28760700345778,-6.26023368223719
10.7818355882319,2.97582115644454,-4.58753865538133
9.35677041457213,5.69469382259689,-3.48858276141668
8.92722912996944,8.51616477504362,-7.12554573561401
12.5989224610712,-1.89169131913657,-3.21237313685606
10.9584076091229,2.01352000758955,-2.91704942377393
7.70298890611699,11.4418517784941,-7.82329168872945
8.37283199164231,8.48636768675509,-4.54235089497404
11.4515592819412,2.26164286128148,-6.22112173147391
7.57670669311042,12.0400656292426,-7.96168043556868
14.4199441133268,-4.47137377822885,-6.38999021972972
8.1256991788868,9.54399429833359,-6.16343493809298
10.3635048605152,3.53345203290996,-3.78822683845258
7.83771971867764,9.77904355577115,-4.66832482190133
10.8104024748277,4.11225140997874,-7.5872752752186
8.68595005276369,9.56283989353503,-8.10170665899987
10.8778156808642,3.41638028877282,-6.21410163992113
9.26575624517997,7.01211196488744,-5.68554812590696
13.7048862457251,-3.76151359187905,-4.62004318557856
7.68480664245505,10.6797770202316,-5.39754449346903
11.9633012834224,-0.247780355697166,-3.57694458631675
13.2294016526378,-1.46703654404002,-6.9246393467725
9.18326406369094,7.92650385733227,-7.12244700767612
8.84260234292912,7.19723677531394,-4.12590641178583
10.0341173966689,6.38491885345142,-7.94064016082379
12.6970843431428,-0.542521489853291,-6.33358125982496
7.23649281167398,11.8149142077827,-6.29216457751728
7.63466411503497,10.6839785169567,-5.23072288228913
10.9188030968394,2.5003529471764,-3.94522467476534
8.40608462392994,8.04144808440998,-3.71518353964736
9.22092251632399,7.84532871908632,-7.13300042959513
8.53319894520117,9.16899965032201,-6.62558311729747
13.5622165841815,-2.72913595761323,-5.93822730141204
11.6666840530483,2.16278783511963,-7.00462252440177
11.3253557727421,2.24683632985084,-5.61717679389054
12.5242790910367,-1.44081867300801,-3.76623321246629
9.17764780408281,6.73075496772706,-4.72669909384255
13.1313684850204,-1.22252271751002,-6.96296904331759
10.4947662543967,4.39361759771667,-6.09084521691226
10.609583721017,1.8671726296417,-2.40124321869767
9.27361719552912,7.82555040913135,-8.26794799996622
13.8702004994092,-4.36262470925324,-4.61650552706943
13.0688747682679,-1.94733266147223,-5.24174299677882
11.8067251608881,0.039874597983836,-3.43424528947573
7.53710472182913,12.0136658182737,-7.72904647964
7.48259360668179,11.4396326886382,-6.34302993261732
9.61362474768037,5.95188490901301,-4.42141923277066
14.3838641180531,-4.99412546886976,-4.61596223540391
11.0141367128956,3.23194240460222,-6.45262819004856
10.82011164613,3.40278753071951,-5.60812680854697
7.674908600614,10.3395384257642,-5.03805309312852
11.8151791876241,0.20203168013617,-4.61298279777963
11.0423960329977,3.0515281586736,-5.92391653840557
11.1287201802977,2.7103523472257,-5.6520446619548
8.24603249358091,10.0767717318888,-6.73887305696127
7.49521486857236,10.3604590460698,-4.26138814394725
6.71019235587058,12.8427363237206,-6.41535028745622
6.8885275279617,11.6351311504465,-4.8377878036963
10.1275024531834,3.81962228931643,-4.5894628894785
10.6995118700572,2.46279186138042,-2.82157191957297
11.1499365727,1.8027447882953,-4.71323767632784
7.2953781487759,12.3826998096953,-6.82445155783672
12.3414164425114,0.639026886093351,-7.05627946934302
8.9062802633509,8.32753286500122,-5.92720686738042
9.12681811867357,7.43805082585776,-5.88309587755216
9.45305311524782,6.91878086896943,-5.92197205795417
6.82589566171971,11.590509723214,-3.91791161393099
12.9913708450998,-1.14655522416392,-6.47614992025888
9.97247792315706,6.03524234115977,-6.96688162603265
13.9530882645689,-3.20772941872652,-6.38415009755315
7.97731928723348,9.97005723321566,-5.8212834891945
10.2145251635866,3.60846629121703,-3.94819833779346
7.1061283122963,12.0026051500295,-5.7449164762216
9.91814617823654,5.28868346074706,-5.23970638708518
13.7022022993392,-4.02051336153406,-4.01584317660443
10.9237673330037,1.74995643737062,-2.80387194198558
9.46462746835512,5.79740302333005,-3.36412054135703
9.8876564615579,4.49952860220222,-3.53664979275517
12.3537742835371,-1.06636963549486,-4.18200172662486
13.2458845358113,-2.50097416070509,-4.95024474304509
7.64844715213661,10.0694460115132,-4.21326272749285
9.97075218940777,6.04183436035145,-6.97209098134986
9.75976106670357,5.88263022674511,-5.69589330265627
13.9093063986389,-4.02777282412746,-4.31995706643922
13.7573115872075,-3.43858677456081,-5.42022933642042
12.2523675600112,-0.591136171417011,-3.23709657012086
6.25470959542215,13.1184537662832,-4.08026731126166
10.507703718422,5.16487920225885,-7.67852014531536
14.1414635025995,-4.15593485211719,-5.96568905860374
12.4253475725981,-1.83931263982336,-2.52592207863656
7.76374273756526,11.0773152168972,-6.90490775114653
10.5013744739265,3.87567282049885,-4.60914260307605
8.56153415260231,8.76019718128783,-6.3658068507543
13.3217913979949,-4.42874635861854,-1.40770949482166
10.255531093482,5.88179137350872,-7.9514373048576
12.5601471977394,-2.05649094606372,-2.52822627092365
6.51161992444652,12.1628262826713,-4.33162909169823
11.5629927026482,2.17418398764739,-6.83543781750192
14.2713795192222,-4.65529730997778,-5.34901817461636
8.99956250033662,6.58453407988567,-3.60758936338232
13.9769104799738,-3.9724821203793,-5.3617766647587
7.68588402306563,10.9595770239078,-6.984785104609
9.16532048208942,6.57335912717923,-4.55100576204848
11.3496470349513,3.10643930450252,-7.56073194468277
7.52023523467605,12.2542300978445,-8.00558093355954
13.1823201840168,-2.19451262079805,-5.2682994751949
13.8250718367116,-3.33692782651375,-5.93024238887392
7.33576551519796,12.0248741104209,-6.83457969231628
11.1980852716866,2.16740928042628,-4.88028506949445
13.0347630835728,-0.594646153756832,-7.34706577187406
14.1807739413641,-3.82477592562783,-7.02403247350834
13.2735330776396,-3.76269122873016,-2.57518903836281
7.19914243505843,11.1181238816751,-4.41521120676538
7.4001963111896,11.6870909995398,-6.45838514528539
7.76434174040953,10.6706406226021,-5.63933280203411
8.43731981924124,8.04264694511778,-4.36811864333021
9.99421026699088,4.57927540395755,-3.45834872323894
11.0501735781108,2.82835910500042,-5.23463287897271
6.46733111243939,12.7304924243205,-4.718036355273
12.637385444347,-0.758894444595009,-5.07107193655846
14.3358189456238,-4.75976281387945,-6.41273968073922
7.63244076191516,11.51175953312,-7.252913845821
9.27421952807418,8.10190768559563,-7.88424115703121
12.8926054551063,-2.36138938103617,-3.48679701283244
9.86103781395103,5.68436567396398,-6.29194177587722
8.82776023300854,8.05960405931257,-6.98003767372247
9.03599569689788,6.48495738832021,-4.0886648333152
12.7659083077123,-2.00811337047374,-3.74187989680928
14.0164488598363,-4.09852677211487,-5.29195026614862
6.578585868613,12.8860533730533,-5.21043664978398
10.1734201165371,4.80023240742175,-5.93031476926479
6.79499979565613,12.5493046793441,-4.55803119461654
10.2378276663257,3.46075894787943,-3.95648082001225
8.7599825349932,7.352671972214,-4.05784309287451
10.3220365918486,4.1964775551741,-4.9136539111638
11.495125697358,2.79565258753196,-7.47797462923089
12.6433577745716,-0.594532572695612,-5.66030629582097
9.0323712301895,7.29422041749684,-5.3024120004543
9.88039713661383,6.57842915232896,-7.02392660083423
10.5275621679884,3.65831112349252,-4.95917980209375
8.15590315192479,10.6482000657254,-7.83980793950036
9.90947101185719,6.39480458332005,-7.39272896062442
8.9023620332903,8.10855062038187,-6.60279786445837
10.028932611106,4.40288440445281,-4.22345482942864
9.62970404523652,6.57546547960813,-6.47706984254949
11.2897469160498,1.79078933292382,-4.5510894886917
10.3743455344622,3.77239886768717,-4.6889354206816
8.13422673103866,8.58609863273554,-3.65368127410316
11.5506721464125,2.51151908086029,-6.52321496968935
11.1114323125443,2.33827763298004,-4.82445022798081
9.42107405783121,6.51920330503575,-5.41567070394577
11.181169520706,1.63778149065664,-4.60934831034742
10.8623572747466,3.89508441048698,-6.11403004654432
9.19523642617216,8.19854886794666,-7.71619578333237
13.5803469109573,-4.72579366238195,-2.06305860270239
11.2224903779195,1.0989148736562,-2.87346237157714
7.88741792590691,9.85596859751365,-5.19695271945847
10.1057667398354,5.01063989933563,-5.54280028724472
10.2907734465448,4.44987473034902,-5.27359122234975
10.1344934300543,5.52726462907923,-6.69762892228409
13.353714686616,-2.48579048085323,-5.09428098004064
7.65274493688216,10.2968498266401,-4.85252740343544
7.80695305323643,11.0310140559379,-7.00986457119599
14.2595589142216,-4.4513032862531,-5.69955059101537
11.3284272970643,2.18241307510114,-5.46210631428814
7.06273456671878,11.8438072639785,-5.23258335253237
11.8887387077324,-0.231415439475607,-2.41655583032139
13.9797582317539,-5.12249991773645,-2.92559055858095
12.1722176029004,0.523452251866348,-6.10678105074343
8.41014193230683,10.2184301360945,-8.14546255498158
7.24659847356962,10.9128054152649,-4.22429919187099
7.89963918430744,10.0215652929652,-5.43095917039791
14.1303777844796,-4.62651111860123,-4.76410611989536
10.1206122754138,4.65148276098415,-4.46730023854116
11.5229486311961,0.174579380282915,-2.40923808075772
7.67973772615292,10.950252537145,-6.27057890506073
10.9947832233108,3.00708107420714,-6.01456911415146
7.36325962255808,11.6427012924255,-6.20222700665173
7.97191765300653,10.1589223940637,-6.03230316823034
11.2993260942708,1.06488604662426,-3.15583917373226
13.9850641403262,-3.25490481308659,-6.82125986610688
12.8984131032533,-3.3244263533026,-1.7360091065021
10.6272709027226,3.94214760223728,-5.79923950429894
12.1038484891477,-0.785231855319342,-3.15152613257853
10.6327203705978,4.63191674391697,-6.57154038315528
6.80296939022437,11.5042209017613,-3.94916423295343
12.6836111993563,-1.09811631060628,-5.17095562820174
11.4707940093395,1.48216123843989,-3.66320440640591
12.3261558261059,-0.0970157153719127,-5.52783743654165
13.101279181768,-3.84279398397975,-1.63215165492213
13.7234258626725,-2.80500244790538,-6.52182175769361
14.4590198494095,-4.68907483265096,-6.1363788722573
8.48231549774055,7.58229841828532,-3.24880284793086
13.3186203219863,-3.19264564228863,-4.39946893761335
12.5492314921686,-1.65481357854172,-3.45566551148912
12.3851299301598,0.18863830611194,-6.34006638210115
12.3915464931263,-0.613390945871196,-4.95876162771994
10.3187534529676,5.42162091470912,-7.24730512406984
8.94890712774259,7.9322560978535,-6.06683795375581
13.3171429526538,-2.83999698925763,-3.9586484121565
13.0821730904779,-3.45789857385281,-2.42143922387903
13.4037112299569,-4.81912353206798,-1.9167486122573
12.6752086421924,-0.568608694298923,-6.18227342984784
11.7413055900802,-0.258964072995131,-2.5440454717392
13.3025199978202,-3.91203524697822,-1.55915049092276
11.9280809400097,1.50139029881438,-6.88374223294269
8.25808764284695,10.1296652266589,-6.64805072672977
11.3278281477001,1.93365969452356,-5.0076640429964
11.2540745081749,1.88246495730176,-5.20284703269148
6.7790571342054,12.3956693858798,-5.03490405348191
7.62460821064786,11.6693900012071,-8.20547546058434
8.23795312652481,9.0496279287946,-5.04473422538579
14.4011696404098,-5.13384043223537,-4.9913898697731
7.5909482096178,10.043434925429,-4.19109404561591
13.1732191419655,-2.22489665469719,-4.92466096627981
13.8111790718599,-2.86054347865612,-6.81126430909414
7.8402461363528,10.3401255497857,-4.93566299412034
11.4011302504357,2.40342773264111,-7.1542306274761
8.11905478651812,10.8244896910356,-7.64681552489849
13.7588683556709,-3.25442576752788,-6.4340457533311
9.96602032643379,4.7384938224152,-4.36710473633562
12.5290336450949,-0.128837960354445,-5.35310366215733
10.4051718316971,2.94510736025429,-2.81173457767615
9.2971684237161,8.07148761834164,-7.92842815468804
8.8265775537283,8.7581782321635,-7.62676434647159
8.29778616558282,10.2311290861603,-7.65908597200864
9.80450729428366,5.1081398847168,-4.36444833892398
14.7411282309864,-4.91658938354662,-6.96982638678214
12.3791869158608,-1.27833833034238,-3.42770218852979
8.85234879534759,7.04070218134665,-3.86000317537591
8.03799333192879,9.95711252997712,-5.9331197383842
9.67278259972763,7.30162543342385,-7.71995519286561
13.5041165502233,-4.24120640709523,-2.6765213029318
10.7278875936385,4.4151316242867,-7.34484247286226
9.13002948670804,7.5215181864306,-6.29048979375464
10.872244601551,4.16380312173642,-7.35394676727809
7.23787660755612,11.9929064416277,-6.33511375074749
12.1647729008531,0.203810218796154,-5.60115532340555
12.4937359605782,-1.75463972979706,-1.98444511466264
9.66812153782835,7.25805857470076,-7.5299794592139
10.0230652269565,6.4357868198285,-7.99114934652447
10.7773275426588,1.95242672620467,-2.53847218716327
12.698267211923,-1.1979136427442,-5.03986817394093
7.84873819752786,11.3245796659427,-7.78200637163497
7.82200470860913,10.166378904717,-5.36453993896217
11.3758156747206,0.3124497302975,-2.79661510637941
13.4098091784836,-2.12128405961383,-6.44028457571818
13.3342262806938,-1.53505091543177,-7.26708261080172
12.8793258141762,-2.74675778859905,-2.42587447086341
8.47270312645268,7.69802174017066,-3.43442167090131
13.5552880888189,-4.84123860514569,-1.72013602113144
8.84563192626636,7.07745160143228,-4.32723743556694
9.69825446616641,6.21039891676693,-7.49627329372951
11.8702578533523,1.08286527927268,-6.75746026557594
13.5256970067831,-2.97900921242812,-6.08396685678025
7.80539866400716,9.65597753165121,-4.79942290473396
8.34149302096224,9.2511536051515,-6.64211533606233
8.84379640506402,7.91565604572898,-6.65551435819186
6.73737337231776,12.7891978067472,-5.97896496567327
10.3326605655667,4.5642322991477,-6.16330056344772
13.6472976942432,-2.72688924198721,-6.33004910185545
12.3943634726272,-0.248656867367966,-5.44499541864697
9.35231972475788,7.33335952999208,-6.71643293823281
11.21189855735,1.50817924772067,-3.63647007100235
9.47608018679237,5.27067535247006,-3.19131527518088
9.60604929377211,7.32013350608803,-7.84542994633801
7.2025493821321,12.2491561826465,-6.67262099816296
11.9962684670078,0.097453481703904,-5.57369866090599
7.15013457103862,11.6824295915716,-4.6869650741045
13.9708720967168,-4.45466283994372,-4.37852020772634
12.3341984626996,-0.194969234626441,-4.89705091021194
10.4949763131704,3.29026617006888,-3.90477159800371
9.81966981793959,5.56043619171341,-5.33001039471963
13.5928653862205,-3.79309377642232,-3.22358607456958
9.31364776113931,5.65181925423304,-3.20726361396754
14.169419648104,-4.88913085801687,-4.42130408758434
9.33624340848005,5.47538947252126,-3.49749273115413
14.4927788413728,-4.79125189992846,-5.81882319930568
13.1586459750678,-2.26227373615185,-5.2770085525547
9.75668357172917,6.26289896407797,-6.43563892974964
12.6341924915004,-0.115623233544171,-6.27677454327414
8.01513451534183,8.95172751253853,-3.83620119108881
8.11465374049307,8.81225724190809,-4.01285158797378
9.50630341489043,6.6876766511459,-7.20033368027843
12.6252828747088,-0.641686662098411,-4.49931734386008
13.7921307669592,-2.89350317671421,-6.65920696834355
11.9399623084351,0.775740240073719,-5.3670904770232
12.1775598035753,-1.54055533627277,-1.98994918763737
12.6528482290981,-1.89892341123101,-2.90689770145794
13.0156429689052,-1.48155603177246,-5.42521083965671
12.159728590043,-0.167946751034342,-4.77456114628386
7.47042620917205,11.0736692690457,-5.56223093148217
9.81033178650488,6.57101948217525,-7.29064277311281
13.368920474897,-2.19821373568843,-5.36339081601647
8.18482131022314,10.0799061090308,-6.84501513849947
13.0164726836901,-1.40714399457366,-6.07390564069534
12.1176781327558,0.238527555775223,-5.24375664805553
9.98489092208988,6.01869102586823,-7.85236452545729
8.97388375270889,6.8823450637589,-4.0994527434062
10.6335462328793,3.06705098905478,-4.09322047329291
9.77538316349667,7.06448610714091,-7.29096690603179
7.2110920430642,10.8018330292056,-3.95690137497214
12.9035271844554,-2.27302124061807,-3.84335674510756
7.91287103319368,9.16819461596057,-3.79967718655859
10.5169050026138,4.70017144764293,-6.7992832288938
9.57952079539165,6.90357987229702,-6.31597017246141
8.64106535854922,8.29635514091447,-5.38696177034922
13.8021687028277,-5.12058849291859,-2.29044749351466
13.1777692933347,-2.45936816320356,-4.72259089654404
10.1298566173509,4.48542089144631,-3.74774587968431
8.56997603514596,8.51093728281804,-5.48863524732492
12.5337075604509,-0.407498390337554,-5.8573767572389
12.2690009565207,0.806674796253694,-7.05888339749375
13.8316209860319,-4.11887431854939,-4.58137012178864
9.6651500806323,6.90868871980131,-7.29895827855891
11.0637715690046,2.72412384746182,-6.28084401871097
7.75805219910703,11.4743302370739,-7.36006248111796
11.3957859971581,1.032438216561,-2.95884104225888
9.37892675751814,7.75693653804146,-7.67717452469583
10.0032820912782,6.16214030841847,-7.35866421231262
10.3743305634195,3.6792977715747,-4.12660655236036
13.4470127981313,-3.64120848048622,-3.60582969385022
7.57984526322807,11.462125588481,-6.83039476930926
12.4267813784316,-0.499451645732687,-5.1882822462241
9.95832500906556,4.62375320383488,-4.75088569031868
9.51625239895556,7.33676728379464,-7.46956184883181
10.9929223938307,3.19805812718436,-7.21792030431714
14.5520456785045,-4.58183193975757,-6.5054951814713
8.50897736371008,8.58205322050092,-5.87723744961301
12.7396747373567,-0.557868692074993,-6.49707162587981
7.12719439998255,12.3660262828831,-6.37827532814435
9.5607301318433,7.00552306953979,-7.45044902302029
9.91330431447847,4.58130419153314,-3.66137319478656
8.92970675093528,7.70856513566213,-5.03875168919963
13.6417201409355,-2.77562048000219,-6.20806129242311
8.22842863043282,10.3749943999539,-7.68988411251903
11.2008987630206,1.00828340452574,-2.59551026636958
13.6423700960789,-4.54100650478583,-3.31673414330004
9.31840616527217,6.25072460476122,-4.41606046575595
8.52546875036087,8.99927656544409,-6.25890946596605
13.7672619445402,-3.14732393515518,-6.04286506403953
6.90051557580238,12.9284217668347,-6.64390170428189
9.73919626538493,4.508565510198,-2.87863344205648
10.5045467483753,4.31190640064782,-5.76287399313129
13.2778015242007,-2.43198850855302,-5.23230187475765
13.2676951996829,-2.5712645280912,-4.91021974062893
9.37277220934438,7.45868147970951,-6.97264653174683
10.1903980519552,4.39644787645521,-4.0564412384444
11.7371073484736,-0.25153679433196,-2.66664481375643
9.88822521003451,7.17964558360887,-7.67358483294579
10.4798587000516,3.36834629831556,-3.55466939269428
7.9213838951422,10.5373913744999,-5.91877913681202
10.0919923500668,5.89192902849829,-6.81160864206048
8.13941187633502,10.5183139470065,-7.38811317443914
11.4782331441918,1.43196325872314,-4.69800004268967
6.67162811051478,12.6492174589894,-5.04836247685396
7.96709059694172,10.2587226527369,-6.20814698469263
10.8512826856745,3.74783889494133,-6.18631499023558
12.5270623051686,0.338536239644627,-6.16489015508163
11.1122948268731,3.05959863059152,-7.28960775948905
9.16242983157696,7.13330584121835,-5.4553369436049
10.1266201196131,5.5050588830197,-6.46931629623767
7.34315065493836,12.6998413415961,-8.20610346148306
9.60692659763859,5.00570774013936,-2.99461133124652
13.4442723313512,-2.26766624998646,-5.57097781760151
11.3239507747107,3.03557873712634,-7.0091336386978
10.6609510086091,4.07767022663765,-6.30668219053616
6.41336565013809,12.7411862169212,-4.32049125618892
11.8695818306771,-0.378367960248668,-2.89139955870974
8.89298320580008,8.98762067549088,-7.90413210450805
6.80109079570928,12.5158354477205,-5.37341134743325
11.1071279415423,2.14090995013689,-3.47607160584654
12.7816066496372,-1.01633347151706,-6.26643579401413
12.0409822155916,-0.402147081776805,-3.46120028148089
6.91665939980637,11.8706199985075,-4.62066058413653
10.6039213823986,2.99929396766443,-2.98828233136885
9.05589380894929,6.51442458556599,-3.80307807378655
14.5291424498137,-4.97058830085623,-5.8976347109643
10.8042557538333,2.6762402458736,-4.09579585655904
11.2917682962883,2.7430739417347,-7.31866199390255
11.7821247438395,0.759886731752294,-4.74942767437549
11.0912965363674,1.22087055164068,-2.51788273141515
13.4492379455414,-4.18230426516646,-2.54341685280465
14.3498425921484,-4.89440006500462,-5.03618140396203
8.80037467101987,8.51237506918015,-6.92561930302934
13.7825073270324,-4.78510471176931,-2.86591646193162
10.3880556421428,3.69662399430466,-4.22343940691423
8.17166017242002,10.329966084708,-7.28075474538786
9.76345082067562,6.88274772347219,-7.69509530838243
7.64488750146286,10.2762258247952,-4.77587276577196
9.56261938892222,6.6920499530492,-5.34048343490419
10.376016069784,2.8275065286615,-2.81787909290497
10.4217281631647,3.19242705823604,-3.37734407733265
12.4828752848268,-0.847027762629524,-4.91505308144225
11.803323980061,1.68126110395952,-6.67226689343609
10.9993895592006,1.38060270550069,-2.41605287008277
11.8045788926726,1.69990479586194,-6.71493538917253
8.72660307544168,7.09710635238296,-3.39929423271092
9.62096204570792,6.03075096420605,-6.15282519588957
10.7111775189747,2.3131881116931,-2.95238605359136
11.1181647738872,2.01658181544355,-4.59319542066351
9.46702211770872,6.80589603473393,-5.90823274866125
9.76230198509689,4.85794961074205,-4.32363872783171
14.0227345652129,-4.62722986473393,-4.27258928690593
8.43131662051063,9.2687024564708,-6.35934781956614
11.4005540109971,2.55389244457562,-6.4028752458249
13.3400585260603,-2.00815696127489,-6.35585985270005
9.21538145141276,5.98225088605022,-4.01271761405957
8.02899355824958,9.93966907302938,-5.85756849377829
10.7656936635451,3.25564353489043,-5.06870108436497
11.3964595721134,2.68995515946012,-6.81924430169252
10.5917391496485,4.87792513091145,-7.4923359437081
7.14892419294821,12.4336015294476,-6.08138875075728
10.7952759215773,3.32092907838887,-5.33279410568179
11.5276520469284,2.77025050840375,-7.57571361940236
14.177142090611,-4.16152442723136,-5.89870341064095
14.599519773676,-4.37281252942762,-6.89559867428617
13.2706965474152,-2.29543968502633,-6.01410322103718
12.6295516581341,-1.92095669464481,-2.58796383231398
7.98855762667719,8.91768010615711,-3.96333248335871
8.94279931057076,7.39575582148824,-4.97559477778342
7.05588888009444,12.3682550765234,-5.86647262959243
13.9041870541074,-3.71988625008099,-5.53135985453988
8.65857345008897,9.33541532290717,-7.52626873335593
7.85285014426057,11.3247162221617,-8.51265696355076
13.385388288569,-3.02796927573145,-4.79784870615964
10.241121669013,3.6244313722312,-3.41136111405528
12.5451716459319,-1.69453208593074,-3.35845248118491
13.2731068375339,-2.32972335678769,-5.41363419688624
12.0457009764239,0.337541881792434,-4.78442463784567
10.5864991621644,3.30189268442216,-4.34451454650619
10.1303598278351,4.23618439290227,-4.11966851849731
9.98767772219083,3.95782849714694,-2.91829804715165
9.95168238471427,4.69923503825953,-4.22400749546606
11.992974735594,0.184608334678192,-4.69296264423975
14.5564482318757,-4.74505013005104,-6.52816974248353
9.40291648578068,7.91661173975355,-8.10290148403561
12.4163743324292,-1.71802217460084,-2.72548584554547
12.8651850616166,-1.02425216310655,-7.29886336396786
12.2659477180277,-0.487330616027077,-4.48004361920813
9.89761614646256,6.38242668155677,-7.59157269794585
13.4311504968448,-3.57163613392453,-3.67151394174157
8.47617033860154,7.37373138412125,-3.33051997469544
11.1000024281176,3.86160891309899,-7.7919121813542
7.51011720863452,11.6382630856881,-6.86206219133808
11.5598066524395,1.92131255468628,-6.03937205260409
7.78404742826715,11.5580869169883,-7.95032480640236
12.1916107364752,-0.81539034228276,-3.13270003038168
7.96724523391663,10.0388355900822,-5.08890482454414
6.72286983973101,13.0156062027098,-6.00790728102022
14.1437504408505,-4.05853523576328,-5.9508156079843
12.3450210503454,-0.785269865574977,-4.24949283366839
8.92885265729621,8.24297873706633,-6.59143639879925
8.30350734504143,10.1807187226237,-7.58521220180098
10.8830516574047,3.94274855627488,-6.96498283898119
11.65822934981,1.17044289000952,-4.81720828928655
11.187567102727,0.944534303290678,-3.3690238678026
7.13156385809114,11.9763233522197,-4.82540128450636
10.4886403075657,4.0677609684933,-5.41705099732761
9.71535283998948,6.28770873785282,-6.40592439495732
12.2951054783186,-1.62492326265924,-2.92297834773707
13.2369480891777,-1.59941107825693,-6.69660893324854
11.081518093321,3.85008933302398,-7.68492051437724
10.7216903255698,3.00353127099397,-4.36862757641256
9.51952079943144,5.7710091780072,-4.00905111043178
13.6289867750836,-3.54280946734593,-3.73329859451107
14.0553118112866,-4.10109585805552,-5.46379823990521
10.810900590493,2.47220918956887,-3.72162511887309
14.788241196984,-4.99701444252423,-7.02491234078079
10.1763605509321,4.03497698332325,-3.93027936601289
6.79451867939599,12.4700436651524,-4.25474778564142
10.2457635410133,5.07674347357609,-6.31122458707282
9.84171705179632,4.84474038544348,-4.01175923726926
8.70274230322089,7.27513666489161,-3.64354411067536
13.3573895907317,-4.43374884341476,-1.62683174820645
8.49746169822652,9.95274248804161,-8.01638536718479
9.34180951904619,7.66636780256522,-7.16868659675671
6.44288466462492,12.9286603664832,-4.56081266136976
11.6461573981421,-0.476035643183254,-2.14051427576847
8.30415516254138,8.21830113281279,-3.69831656930827
11.3776120696302,2.89630185037714,-7.51615695147628
10.2406564912869,4.95488174105411,-6.22538814343717
6.95997644274388,11.613139019229,-5.56052225051227
12.6411146476461,-2.16767704225915,-2.85742065699901
11.3297161186954,2.10756514815776,-5.36097000246597
12.1617689182583,-0.366834726907675,-4.93754915275528
6.74712877559552,12.7909617173779,-5.78269557047987
8.18776428135459,8.54184778876799,-3.31227721386425
13.4631643742785,-2.18890446096089,-5.88488767227976
8.9589811279273,8.81628911169731,-7.86500782313858
10.4573584086421,3.77328966427027,-4.69093450909035
14.2934087524334,-4.17320670438008,-6.4049012478331
11.5256619505981,0.69623551271231,-3.45560272693605
10.9492299261172,2.75438623060736,-5.0352708607558
7.63932257593417,11.9522619200156,-7.41920593039042
12.4248368931859,-1.89449414516481,-2.41421787090525
11.7886088007686,1.55034433377211,-6.60644084311459
10.2086612716975,5.88350125241042,-7.74143150814973
8.05473494393969,9.1917402069866,-4.49224515369096
9.69245423048027,5.04965971009116,-3.84829997132761
8.40680040189688,8.18750955509494,-4.10461912849207
10.1504533869605,4.90041239538867,-5.52776586897929
7.12077594008842,11.9255423653904,-5.59903006783345
14.3497410336478,-4.65249712004967,-4.80209732009347
13.4961364828956,-3.46703292673175,-4.17473198585063
10.0692832846481,5.61665835769146,-6.5779251852183
8.22961780967584,10.558884069786,-7.99838621430781
13.0092821987508,-1.44564310132877,-5.96485608746231
7.99665067359547,9.94056474776217,-6.26208219268815
9.99263434663001,5.24285988575434,-5.48801577071083
8.73874336331986,7.5406312750503,-4.3337098832714
12.3999059392469,-1.46786555456295,-3.14635931224999
12.686408920956,-1.55621648862734,-4.45963913843192
13.3241352577817,-2.73504588354279,-4.55216203726435
11.2601580955085,3.21903656728364,-7.24740232327851
8.53103259453197,8.30558184402003,-5.82222010710795
10.7495809832888,3.8090871433587,-6.09236043060373
9.3999723446211,7.53524802624225,-7.33356933394134
11.0432127446719,1.5286426747931,-2.90901718508871
13.0984471572899,-2.32303589925417,-5.2792925842071
9.8817526447175,6.40972198799833,-7.76816340556263
10.2302032158084,5.48495031674625,-7.04951482151902
8.34832660184307,9.23869832460418,-5.92202669877179
10.9599698833215,3.69661386402968,-6.82730543735763
13.1988542747518,-3.3740390985643,-3.00555615599693
12.0860603857857,0.900057447598319,-7.15172222852569
12.6941667647667,-0.716256333647196,-6.21205927473694
10.4858255804166,3.36208417337812,-4.00546442794335
13.6145372671997,-2.83048425257224,-7.02228154386028
9.45819577212134,5.77799328689247,-4.11547911352401
13.8724803564892,-3.53910879416745,-5.74533308009529
11.4138601998235,0.883699905031642,-3.31816334164201
12.7034713653941,-2.47866420571474,-2.52489709546369
9.26239006768007,6.41471265311804,-4.81311521531259
9.2582933838328,6.26808443400213,-4.17678124743783
8.79540983696831,7.33249503915031,-4.17914704665702
13.1421163798463,-2.37726769420135,-5.6547625154833
10.9094767229729,3.28024579512412,-6.69135347797566
7.7560146775821,11.6480174307573,-8.00095118375225
12.4291878574287,0.558269728894053,-7.29582226303824
12.0340471987366,1.91515554597687,-7.29097058156388
8.7433661176426,7.79906767815758,-4.86702182734708
10.6997816506432,4.5115060736324,-6.80081289485675
13.6069422321582,-2.63486338111594,-7.15293599165912
11.6612148048536,1.93514301728148,-6.80726046431338
8.13942205590644,9.74122867418221,-5.74994721613125
7.2652614061782,12.7828103701965,-7.11085084995732
10.8875267045728,3.03360640377387,-5.91400372125077
12.7570634591834,-1.06156777835639,-5.19975383709287
8.12426919495226,9.66341179650996,-5.95587121062319
12.317824188543,-0.493999641233406,-4.30770628070893
13.4258663506395,-2.23694900243254,-6.29303226208396
8.13278911649187,10.5216501810918,-7.48372795607243
8.33458062088137,10.3346812783157,-8.03186662983886
8.43053789756792,9.72739421833135,-6.88593023439487
10.6240598391028,2.3994229331466,-3.63339452179062
9.76076204419501,6.8591286701121,-7.63603651752408
9.53641594621524,5.41674444713421,-4.32122446501356
8.97342377824347,6.52341364573195,-3.38589545416516
13.4429303991332,-4.56367570522024,-2.71449829872653
13.7809076104076,-4.89803472648351,-2.63478658512339
10.138825319929,4.53269932462402,-4.74595429641876
9.13780650994295,7.60143513247983,-5.86558098277052
11.0467977127657,2.81616608761799,-5.4774294672975
7.51448627923871,11.2517864247746,-5.96707553946018
12.7943296540244,-1.35095112499928,-5.17388755725324
7.9106010861198,9.51029477803026,-4.57492648563267
7.44121179379105,12.5343321418648,-8.25880421858302
10.6520969381333,2.70602130784707,-3.46205838400949
10.1660102691272,5.33546539472183,-6.4609442462558
13.1441333792749,-3.27055058399447,-2.96154751133261
6.42763295133531,12.9954816939738,-4.64389015874722
12.7452166206803,-1.97422361302078,-3.71484732984911
14.1761315852155,-4.73930227472566,-5.54468589169565
12.6486676389082,-1.17882256181399,-4.45015428649897
9.20259571960721,7.28366619580886,-5.93624923343009
10.9274527416525,1.65337897228224,-3.17873028754731
13.571182278239,-4.19799603757728,-3.12938237656347
10.7551900041105,3.03947544945226,-5.83311805002034
8.91109951943459,6.97233195704483,-3.6260104556985
9.35031057914957,7.67517776808749,-7.3848272636522
10.4286483293905,3.39665697574147,-2.98895244305869
10.0945036636244,3.76878460067625,-3.02995206996093
8.5765647438644,8.99971339778667,-6.07569878114163
11.9814495282418,-0.770622123273848,-3.5484539679182
8.50991217013594,9.06825357643301,-6.31986419950047
7.6345636852914,9.41744162910809,-3.68885132234566
6.90545450376856,12.8994519301407,-6.6089651641608
9.1129032150202,8.55313943281978,-8.06937484218795
12.9664720173174,-2.0634270000328,-4.54539162687113
11.849549170341,-0.613424750953218,-2.33426973922081
10.0966209789415,4.80002638088063,-5.08368848913539
12.4344836831991,-0.0545975796934277,-6.10512665365161
8.37208153690813,9.26648952940372,-6.08526817034311
9.50894854643341,5.68352404837991,-3.5223403762393
11.6127632958867,0.954335931947817,-4.36376803220271
7.35393258537302,11.6764927777421,-6.30707579008193
12.7112197151551,0.0368394678284165,-7.30377385853897
6.79701814161337,11.8637082573328,-4.06224193866512
12.0468789253244,0.945623512872463,-6.32299706867165
11.129638537691,3.26963089406752,-6.23050540493023
12.6853848462495,-2.39686223843617,-2.60469581900997
13.5609355841772,-3.60412364278659,-3.47905188422428
12.5308880800158,-0.51091198684454,-5.63955653773539
11.5305728907605,0.982595807938726,-4.04557666005008
13.1728099085233,-2.22419994762128,-5.16615452055331
7.84888739686493,10.8725274235381,-7.22649802516518
11.8558296120414,1.8944799280561,-7.33395735367872
8.17677713067184,10.3478435825927,-7.3394881419331
8.52971028824863,9.81008085265648,-8.24575805575416
10.2165894303923,5.40402784015092,-6.82713009680482
7.21388606678418,12.9979449217075,-7.38091407510827
13.1299938879938,-3.83413712431674,-1.78004709943334
8.44311490522131,8.93128290964938,-5.98344304840053
13.962717763018,-3.43459321502207,-6.36334540704259
11.2204998277152,1.01103152321811,-3.65420022224746
8.65083442559068,8.70685724181076,-6.3534325754327
7.91529541524499,9.8310935286909,-5.12469351027103
11.7299459266663,0.585821422195009,-3.62232731821192
11.4020487554149,1.28394531666407,-3.32929894153461
7.83705212719518,10.286878846268,-5.67190115688002
11.3159373839168,1.28001064696969,-4.74890803070621
13.1265021695161,-2.19684164343512,-4.99070825733107
7.44751369271311,11.9173584060277,-7.36961215572994
9.0181936777109,8.67682342367438,-7.85815378946099
12.501453522751,-0.0949629712114923,-6.33002465145749
12.1544783641504,-0.431556142827732,-4.08308581870416
10.78319976889,2.14252811399516,-2.94202127941208
13.2751538817498,-2.3423691014598,-6.35800393024959
11.8591061151145,0.0730599856457576,-3.16435207372293
12.0147005510637,-0.199628822040156,-3.90640642946866
8.40490721768817,9.49680118770433,-6.20300582072539
6.42470350730278,12.5770634275435,-4.72289548982125
11.8141197159637,-0.161558922727675,-2.5622138820367
7.71195839948429,9.99771962663229,-4.52919533411924
12.2810548316239,0.342995254019562,-6.19467222247049
11.5912741812533,-0.289580908536072,-2.30553426745799
12.6511161758057,-1.20296623782603,-4.81517765530444
11.4262354304497,0.391551122601396,-2.39898440483125
13.6136543978066,-2.07473202686408,-6.63408320310159
12.2941873972023,0.339855320981154,-6.63439055384927
12.2075516545656,0.0620268821499614,-5.30309027199641
10.908308717289,1.8174591234425,-2.86729172370339
10.154274711059,3.91330626811889,-3.58855202891883
7.87758228314995,10.6125632185935,-7.06464818700023
7.8222180394341,9.56264476978095,-5.33078497065871
11.2789021523719,1.16981638088538,-4.29947719027004
11.3203460230916,1.74963269479336,-4.60882566367332
10.774604445017,2.51477847198695,-3.6407508216769
9.00709366603055,8.20460764794151,-6.87160429901877
8.41220511819206,7.7011933192591,-3.19670755093073
13.4938699273032,-2.97080743106206,-5.14801576148621
13.8307198639325,-3.64844877863418,-5.33847000922857
7.1573524736155,12.4207327490442,-6.80693649719911
12.7226242643095,-1.88242750221411,-3.1441164171369
12.471101744045,-0.205894703453075,-6.45916400690063
10.7317626275088,3.25610400562101,-4.91512814784009
12.3573908970666,-0.520046134184378,-5.12281319673313
8.7929061822689,8.16179195019591,-5.87742007495492
9.33271172127784,7.42755238339025,-5.96518056946896
13.0747351137133,-3.49586436218189,-2.19897180094676
13.2020527435209,-1.19313377905399,-7.35510533395762
10.8633526678155,2.62545098668997,-3.74428800930511
10.8706473880987,1.82121074150761,-3.41307043422115
8.77596776445007,6.71511381872701,-3.28252668053286
13.9179081051582,-4.62714714810773,-3.97937184066591
10.4067995010712,5.19590832726992,-6.8570049133429
12.1538452116633,0.852388407739782,-6.0503862268344
6.62816997559033,12.7617778035907,-5.07361431302521
8.09310618034851,8.96122602031792,-4.21002846255917
11.2924389418192,2.0569157696604,-5.09085391205588
12.9875053972543,-1.10748050965316,-7.37283498129234
8.29814837619307,8.62613295036789,-4.47936004302451
9.9952763969373,6.3289634215782,-7.68012975248363
9.90359786171692,4.44084235307299,-3.49290377136447
10.7063206348673,4.29040983010562,-6.53623122877804
9.99420182614494,4.27939599664289,-3.48992088625352
8.35066159763918,8.92683493207538,-5.31449154038694
8.51705064690303,8.60051352864861,-5.42522494280873
10.3885410205802,4.45784404725572,-5.53370653540186
10.9087054358568,1.82413766749813,-2.88233596507325
10.6620899599925,3.14163436874322,-4.37101502607587
11.2667597478217,1.34820093092337,-3.56914508280644
11.8837080908315,-0.559886003695198,-2.67076785510812
9.85888528837677,4.02204226610327,-2.9442823062319
10.5030320414244,3.60998898240222,-5.41263671763735
7.68829661593952,11.898345778636,-8.18882883704288
12.1789152836025,0.92179276470626,-6.87691291288429
11.0141914827323,3.46126103074536,-6.60766333646052
13.8716580650101,-3.48187502969896,-5.85503628955087
13.1653694104171,-1.80285732717835,-5.96745111044942
7.55910161041609,10.2994873401116,-5.06594609143526
13.6738583782413,-4.11012748036996,-3.7091648479434
8.95417651012478,8.85347717112625,-7.91684578200865
9.17385653750465,5.9643275353308,-3.19024832242218
11.8836572923763,1.46405840889207,-6.60748627903088
6.9551890913344,11.6602509302752,-4.37909637587214
10.5770156630449,5.08299197056328,-7.83177824375447
11.7966602730293,0.950505821135737,-4.234732813707
13.6834687356079,-3.59671395919671,-5.31680736573018
12.0160030147747,-0.939922826503504,-2.86145590276523
13.3597406321573,-3.06005553424503,-4.77644606479801
11.5605374200933,1.80633698049002,-6.3649043859018
9.21528133864839,7.61525758925375,-6.65127646543254
10.5740018428349,3.85476164420376,-5.12098614503014
12.5470171455254,-0.811234012144965,-4.22473815197873
14.1049330339653,-3.80948763759837,-6.2677372863283
9.24154317746383,6.91536698919745,-6.13493671347426
12.637967588503,-0.343554757941512,-6.2615411484341
7.16312442552106,11.6365764444775,-5.52779822811711
9.8417450795635,5.04741958348858,-4.41363145387335
10.1461203877659,3.76354856026795,-3.25458073458998
7.18273670393274,12.7995200110569,-7.67332986149229
13.4709120946302,-3.87087802611319,-2.5995394431004
13.7934313182797,-5.14576369286047,-2.20076526020461
13.1930379239681,-2.27462667220399,-5.48626318682653
12.0535297477313,0.562686992634186,-5.59423255601445
7.00399145084437,13.0312914529286,-7.31892542598006
7.99750483493521,10.9094579171359,-7.42221146656886
12.8358300753294,-1.40169247678512,-5.40536145117561
12.0892246790655,1.78200347682025,-7.2827906096463
12.5344633087425,-0.44062924293189,-5.79514664794193
8.33493749500965,9.99502609089974,-7.36023716025872
6.90237078567415,13.1050614740214,-7.00247825973787
8.21641877474977,10.5299030224662,-7.88084655826604
7.7891848950263,10.4210326170389,-6.82801803936162
14.2394817067771,-4.41121400564439,-5.71689662682434
11.0602760698136,2.62920741166276,-5.91023004854295
7.50588948957079,10.0773255308809,-3.74877022257909
12.6078057813484,-0.110186169867642,-7.00431844558256
14.5065753445572,-4.4340420303512,-6.85841411026736
10.1299490097852,5.10763352664115,-5.84515834479912
10.5252946904715,4.07301642119538,-6.63972250380223
9.59991025570603,7.17631124493111,-7.53239917055727
11.1922153448618,2.24312941784461,-5.00364987546177
14.2315539966504,-4.76768413018297,-4.82194912391895
8.42806502939788,9.30785221044217,-6.42214501378192
9.71259913752547,6.59460961711522,-6.89243241602477
12.3721701770235,0.572587445482351,-7.06460484217384
10.8640628693326,3.52743714400582,-6.05531041061466
12.2744137968877,-0.558511288207635,-4.37749690587977
13.7774614675099,-3.7327186107143,-4.92895107651045
11.8758532809919,0.199635183155485,-4.06565347939845
14.3649224672591,-5.22280762747009,-4.65001089189023
11.7763358064822,0.516650722029568,-3.4311516383889
10.9926629531184,3.54586684054984,-6.67734851593652
9.64856795953645,5.40412740942494,-4.24116486455332
10.9271578882097,1.7036298223035,-2.72748168358027
7.71312530671634,10.3114570208814,-5.15638900538288
10.7297595646134,2.56850492756486,-4.30678609686303
10.6451721772607,3.71536949646179,-5.43123003517313
7.37505186690139,11.8876818562366,-6.80316087942433
11.8828306694738,0.232163167987744,-4.53294934853759
14.6094896799218,-4.79226481912734,-6.29114014337164
10.3845819093722,4.71100143761652,-6.21829218844042
11.4758922203207,2.55836212415893,-6.92005591744679
14.4622140577682,-4.89795640039458,-4.7638632716618
7.47426957140858,11.4851170972294,-6.71011931470207
7.30606880520088,10.7585216496335,-4.79534232414192
10.1883456910709,5.09354485198183,-6.08310826161996
11.4058702439843,2.3219104852882,-6.41318476533768
7.31706430947921,11.8125146824471,-6.32850192338727
7.6594790562808,10.4876246701124,-5.26133553944311
11.2691830117786,1.70739896619995,-5.51680473416509
13.786005139586,-3.58791452697877,-5.25487612432896
11.4573845041746,3.12561248871579,-7.4140192630995
7.84116743280113,10.0685732816926,-5.14985530709428
12.0994569009341,0.714445904581717,-6.40055072903181
10.6362269786598,3.83155987513255,-5.25053913891482
7.34059712452629,12.3793144601336,-7.55913867320838
8.21545260317427,9.35650012559934,-5.55056372910738
8.73327518595249,9.26255330340895,-8.09611246152722
13.698546752132,-3.33419901054203,-5.35959137876775
7.92605536945049,10.6448113962871,-7.42655247631934
9.64116329106694,6.96394339164897,-7.27910491672006
12.8189875908243,-1.44433001509383,-5.31374070302011
6.8753282099203,12.3159407763017,-5.31518397294053
11.5115515754318,0.940636379176736,-4.13158545537776
8.22040993702656,10.208235675592,-7.26141870836597
9.76344467096038,5.55923684296847,-5.07164386388054
10.8540014112786,2.3250203496747,-3.62610689460175
7.46492536250846,11.2421844558012,-6.36033238664752
10.7002624124919,3.83292891328453,-6.44336769591883
14.3091236734142,-4.4028070687127,-6.0213432657006
11.2531605906832,3.29091230068978,-7.35801308238697
10.4525604067972,3.98744815053147,-4.76162941698104
7.89488380926042,9.51709761146416,-3.87179206221478
13.530301258272,-4.41036362548704,-2.46044012475493
13.1952742681209,-2.60457913696941,-4.95140871776107
8.19450876576841,9.08018116332312,-4.90749674825475
10.933372911006,1.51379620594496,-2.3794957712934
8.54377241557932,9.68002733677141,-7.56699154305579
7.33631785041516,12.9007182694544,-7.71670810320366
8.5657971307914,8.60814798646803,-5.6622971157863
13.6455956152862,-3.21870494559533,-5.53894636966793
7.13896015685392,12.3078589566675,-6.7610271802264
11.3980669072921,1.62208598504385,-4.70986424068134
11.9472980964366,-0.277230940539186,-3.44570711612574
13.9624696272158,-4.62817143485593,-3.99634082710988
11.0466371131008,3.60978432242334,-7.69688535396886
10.9158993710128,2.3904590619569,-4.03763468436774
10.5751358683938,4.08770350976275,-5.85038882774859
11.8082533913259,0.191023167044786,-3.74080536310139
8.8471153755056,7.78617552279213,-5.31383060310625
13.7439684448318,-3.9790995816523,-4.85109301064266
8.72051529049879,7.57001714621571,-4.36041824876272
8.1627702979351,10.4231127611125,-7.42491229910928
7.45095366642721,10.0992548572353,-4.70385418656867
14.2288155648853,-4.89759801631666,-4.94561515033039
11.704679787904,-0.104297980569932,-2.93995613310968
12.2011038208107,0.327665776645607,-5.80638959990981
11.2044738999976,2.97798233642669,-6.51606557665956
12.7710862739781,-1.55092451829786,-4.42336309598776
12.3467706781838,-0.32720093368559,-4.99719369409461
10.3655892544271,5.54635098916381,-7.78762468680542
9.09863011818419,7.36147479166556,-6.13130720107156
7.8309977347798,9.98617764791752,-5.04829505781115
13.4005550915953,-3.469688379645,-3.73429294210039
9.71049031699583,6.13206849689684,-4.84253429017413
14.1090991251879,-3.94056248831442,-5.21903245660372
8.62331707146044,9.20839461825094,-7.11397225321013
9.87666414184991,4.67822604195292,-3.84081120736195
12.7839350345608,-0.771924144050751,-5.68939941439646
11.8692744628434,1.11612213838193,-6.3482533594686
14.2793182443352,-3.96836724283647,-6.74677475333027
12.211381026862,-1.13226886988805,-2.95322803457333
8.06547222225132,8.75713711667376,-3.67967407238653
14.4148518867815,-4.30730370709995,-6.69202042176272
11.2361747435159,3.45623036246091,-7.6083661792158
8.98377109069528,6.84363605937998,-4.06774128779587
7.84753019369891,9.57816816477709,-4.68988036650369
9.98146059636848,4.26702345202892,-3.05830271308829
11.4562999865507,2.17813141196649,-6.07717195059794
11.0733646500315,2.46681135629243,-4.90590646407566
9.61585977471077,6.80734664903076,-7.61454005615352
8.42489308027236,8.43292028942026,-4.67343961937674
7.47079882806784,10.2537381433814,-4.16127469072374
11.7648754508811,0.0554119836253832,-2.70917612740843
10.241111025476,4.44337302221784,-5.03459415288712
10.5950492157489,3.57184786300001,-4.91853938351796
11.7747910479696,-0.524854979513972,-2.1694614981854
12.5511842345974,-0.591478461312844,-5.57226708866841
10.6597651761234,3.57418004565051,-5.21780947164287
12.1723435450442,1.18045133546976,-7.35969747670272
13.1398647389832,-3.90048499810543,-1.6934756443219
14.129935219777,-5.08669096760199,-4.10954036088611
12.0304912873594,-0.0379101708415686,-4.29885440773799
9.14429267255095,7.25862132133022,-5.62115628315737
11.257999600456,2.96087670820213,-6.07393019849814
8.25579921530531,9.65065985779966,-6.68110293577473
9.50246362031958,6.14430163274212,-4.88199625146639
13.5218949220114,-3.18583483109598,-4.84939078769455
8.52964378889008,8.73824163679436,-5.75556116203707
10.7521180417861,2.6669233734184,-3.83994882390654
13.0181492845701,-2.3806170260847,-4.45373739231892
13.8491643784543,-3.76155911152439,-5.19824271365016
6.76709372005831,13.0432525051563,-6.61043654936064
13.98247882913,-3.20119796890148,-6.91594521307237
7.65607829530329,10.3824041913002,-5.6967242910174
11.109603093995,1.10855642208847,-2.3786055379089
13.9092882869908,-3.00806792467208,-6.96553028345386
13.7518501499091,-5.22700003377846,-1.85042483664841
13.411814523655,-3.23277225875571,-4.25516436645119
12.2913758648854,-1.855007389394,-1.88484846951491
8.04214297206536,11.0272309379467,-8.07316927417471
11.3783951847282,3.12819803572197,-7.60567023473449
10.9838046246799,3.05695942748332,-5.66791959344342
11.5396024926403,1.20088576037449,-4.51937559064358
11.6887959274528,0.953637577205759,-4.21665053641382
9.82425778707085,4.03949773150674,-2.8313282132561
8.47990059469718,9.86797442198441,-7.11583437942459
9.14225782394772,7.8411219087481,-6.6404995884937
9.41738507636166,5.5287791833697,-2.85564976888102
7.87812787970048,11.6794575689087,-8.4752610839886
14.5577071695145,-4.97793135953519,-5.39845132798825
12.1295745740285,-1.15622694998584,-2.53327990932408
13.7553335562664,-4.81440720314204,-2.68411364034637
11.6821175772454,0.403373144001092,-4.26248362506068
11.4224174954682,2.673532021485,-6.92473304136288
13.4308509985345,-3.50667641411885,-3.79891154866064
6.91101894081975,11.7321118799698,-4.32043333813767
7.64126557580635,9.78396913634851,-3.78364599124509
14.1603702822341,-4.62876486112742,-5.10452056103695
11.793550130262,1.68379499347432,-6.6327898286996
9.23119983453832,5.98405252618876,-4.47842747885084
12.341325884903,-0.62031450306418,-5.05500403072007
10.2920410524116,3.0896878382085,-3.53814204619845
12.4270150958506,-1.2817143735467,-3.6387687033254
8.30569031310191,8.95404068268877,-4.21119869373905
11.4685854804702,1.9417552306055,-6.32082178836576
11.4578258455059,2.53953129587932,-6.30640539982888
12.3348013131652,-1.51606584733796,-2.75973452797644
7.3948661907018,11.6286463688132,-6.31827028564866
7.35662881321665,12.5710858923216,-8.01225340936188
10.0991330566504,6.04875839965931,-7.57032484127506
13.2204396728649,-4.00180873065037,-1.85948690917314
11.1659326624732,2.42957497174457,-4.82837255246053
7.21179978466268,12.0589823930429,-6.33778067936556
9.06291293657789,6.43612426458355,-4.27439357237818
12.3237471168187,-0.214638504969539,-4.55078136767342
14.2652413588894,-4.39360966912415,-5.86218546025053
7.23280893864863,11.5418989497298,-5.40848666579656
8.22926377177413,10.4055784891452,-8.05905184366498
12.878707612429,-1.77066078800584,-4.72611871886272
12.8438099761561,-2.91947058064678,-2.29009598152169
8.13678080190112,9.78587732774675,-5.23081673713973
13.5678354344203,-3.73758782139989,-3.96488659727138
10.3878345944243,5.39665186128435,-7.63875835560304
13.8741020204241,-3.63917619458851,-5.22878972844636
13.1438573243613,-1.81230462385369,-5.85078191853596
14.189324603683,-3.55755384933332,-7.15134185987489
9.33600420771831,8.06866196734359,-8.09964388138921
12.9135471479218,-1.75793102430587,-4.90997327659513
7.02210430020572,12.7632031383128,-5.93842722688835
11.3955093383295,2.62174721663706,-6.67971822077743
11.8704390661873,1.66924249933647,-6.95401433696064
11.3611567418923,1.18170458061123,-4.14532669681893
11.9342677470564,0.251356378123921,-4.43413071256639
9.39436514421765,7.90645138667785,-8.04382826929786
6.7355070228587,12.0195099879592,-4.09101155841514
9.92279704420194,6.28842130343897,-7.24253173064928
11.9949025268415,0.735460037761523,-5.6598308100852
9.12401538304944,7.35813527485026,-5.72608874651398
11.6912927919544,1.18667753447449,-3.98129659850335
7.59185761396187,9.84501963135439,-3.67970740162151
9.50283806203131,5.3217776360898,-3.41443544537991
13.4925523881365,-4.33353127437288,-2.44086689619487
12.0529628965918,-0.0541714132411076,-4.52914416070915
12.3308334433165,-1.35928133907239,-2.20410678978381
8.11245467014488,9.03023976435589,-4.43491776958381
14.1167911207464,-4.78638659591217,-5.41476845285642
9.08041485869148,6.4576713537086,-3.61001251953432
9.60575002489423,7.03836619672824,-7.28555671302826
12.7037612504057,-2.44499504441751,-2.59295492041478
10.2394478265516,3.97942179209994,-4.10739155396936
12.7424434765983,-1.91893603455399,-3.81181077056716
8.47851928432224,8.42095297594378,-4.89387478054446
10.8676590494337,4.54967227111942,-7.57437761536499
13.4951320802859,-2.51968786415799,-5.36313140012939
7.57981077916423,12.3005034170503,-8.49204507225315
14.4220346266641,-4.94852310260345,-5.51001838977348
7.95537136290339,9.44507675786733,-5.0066755124604
12.1801769367866,-0.389107934349167,-5.16979068310584
10.0989864837498,5.58914125431853,-6.65861822852274
13.9808452890335,-4.50258858296459,-4.75135077376664
8.77483896117326,6.85945173967418,-3.14783707218901
12.231317068142,0.610551205051555,-6.04856175916342
14.3862470009564,-5.02630311915257,-5.13660534754772
9.28157048436388,7.79913489291428,-7.31756243445405
14.3141522476261,-5.01824994106742,-5.8977040535083
12.4333589009809,0.400154635526995,-7.00140175609191
12.3279903958546,-1.90848290030373,-2.77949914121611
8.74667007895977,8.60568275927888,-6.8049809726403
10.1166644525743,5.75462920810454,-7.61156283317032
10.7072900753386,3.72123445932062,-5.72567389541486
13.1146027407028,-3.54780760999298,-3.22717354875559
11.4953965951013,0.934754606495518,-4.50968408858974
8.80528626628812,8.88943375710459,-6.74085866446482
13.5981617123665,-4.41118026970028,-2.76778536612768
10.3126308578038,3.52828422969533,-3.89025419598744
8.51200958001002,9.58404758672688,-7.35180492994499
9.28863432516406,5.36808803631234,-3.13327422815972
9.75233375122928,5.45349421856683,-4.00869750963193
9.62807117759509,7.53519315097631,-8.0214019981209
10.7480844630496,3.0548544755546,-4.59052957651336
11.0019789708538,2.50210612688467,-4.6508526206632
13.462328526859,-3.53797903417425,-3.88017945331993
13.7761678090046,-3.00780347427908,-6.84014476052933
11.169550009744,1.92144748826639,-3.95045958815198
9.56010144608849,6.79009742481029,-6.58561099115942
10.6278377133431,4.24109335624719,-6.58744104447883
9.15610013307355,6.83926592712047,-4.84368119211722
8.84869663571781,6.52803728295391,-3.11673114939275
10.0643667609731,5.97134015930133,-7.02919152795976
8.94197288066006,8.53839235149189,-6.91667255637521
12.8673990319745,-2.79999656283904,-2.63431312969334
7.13127340760295,13.1190156421753,-8.07231564831175
9.92523029139904,6.70894840296565,-7.27229432864136
7.30860832140718,11.8889420635641,-6.44149444796754
8.51414617711842,7.87891122392389,-3.98166271541369
10.3713697872637,3.75344502839139,-4.26009880415338
13.8076287337728,-3.36851529428708,-6.38507522255288
11.3668664817547,3.16159578172846,-7.1088782195104
8.98200863717491,8.02034215121561,-6.16904426024994
10.9575925480635,3.80208855636222,-7.02555035542738
10.8760281234076,2.9663023904767,-5.76864105202989
11.369350080154,2.08818376770193,-5.50300350729792
7.3553721557102,12.1863311641933,-7.24388268885507
11.6412553909284,0.908200218788582,-4.40204175410206
10.1583266175961,3.81822361439376,-3.74747979371891
7.80599715752632,10.1076162086944,-4.41421301087868
14.1563775303178,-4.72361866098365,-4.68999752146654
6.6809157753475,12.2223629162161,-4.75866299739538
13.796155157921,-3.92800155620619,-4.626978181304
13.6849347376892,-2.99802612394773,-5.96396859643779
9.1890019489632,8.84376366945707,-8.06162508903454
9.35297084034456,7.91892902775874,-7.88009566234885
10.9773434167874,1.95153911619999,-2.8764252084969
11.5359184178285,0.929309973011053,-3.96429289753332
7.0754083381815,12.7304835894485,-6.09727920174163
9.43048615819107,7.45326087325769,-7.30998415559907
10.1796844308425,4.1627634286029,-4.1987072090545
8.62746990863581,8.6635289178386,-5.67232572565726
6.52209885322976,12.3398519722773,-4.53899984023685
9.51040334990324,5.94683937812725,-4.68785825756704
8.5783529640801,8.90279174204572,-6.30349694611321
14.2016281661423,-5.12000227897538,-4.20454337212341
10.3369924370029,4.6265065592572,-5.83413739613875
8.31030724133556,9.89168856864272,-7.04326478599655
12.5155637974223,-0.495906716107028,-5.03948771956406
12.4688356461847,-1.85591985171104,-3.61353369609927
6.99817012769609,11.6381911446397,-5.47158776317646
11.1002930468892,1.51883317587095,-2.94659626790752
11.2691151127423,2.21092740232992,-5.28993935063736
12.1541679712849,-1.02246733664197,-2.84556267660574
11.5611456171696,0.474062317966187,-3.17677239263737
9.25308181413007,6.01199228009942,-3.64543516777107
9.64010722094129,6.14924948695561,-5.67960226773976
14.3429920958444,-4.71001490948162,-5.56660571938008
10.9874547630396,2.96580890347176,-5.50386259560198
10.1013802795645,5.2489477463745,-5.9951956801949
11.5655568753623,0.898731143323485,-4.0386223151637
14.5113178953505,-4.73598637873174,-6.28150161466398
13.8108429872742,-4.98775398007423,-1.78014453778321
13.8519609007561,-3.96855791666844,-4.80066828355377
13.6507419393954,-4.02212429541221,-4.11207134437753
7.91644892124826,9.20335775768292,-3.88566638572566
6.75976431126179,12.7724915385482,-5.96799059066593
6.55533522806392,12.1602756921565,-4.27527559996759
14.2321549487755,-4.82781982927379,-4.93143631827612
12.2190532177053,0.26650845207321,-5.26618339426953
11.3783019500932,2.94809301550906,-7.24824699183939
11.9528085388477,1.15228151698096,-6.84387304793791
7.86690296969251,9.88632653968154,-4.3371781805974
11.0876762954231,1.47937050242145,-2.274514967194
7.50641051097153,11.084383999503,-6.00535774008456
7.79679543428488,9.67984072523957,-4.28536251067577
8.33628780303596,8.3846405789181,-3.99486603411506
11.2073861597307,1.14579160568514,-2.89761155529123
12.9179014216233,-2.59312075532966,-3.27431002908125
10.9881847142671,4.04733252962166,-7.54180596058609
9.3523257917846,6.61334327010516,-5.28926599463366
12.3241916978639,0.743423636050087,-7.18478849114964
12.9075375898381,-0.380042538215455,-7.36978380737269
10.2112990465262,5.6064728789653,-7.20432380853034
9.64358987662453,6.37667507688432,-7.003244438671
14.2573170902409,-5.01473374117215,-4.36111577918962
13.6441382049065,-2.44466512604752,-6.87508031573094
12.6471658777508,-0.949549520107632,-5.29950721361572
8.04672212415896,8.64312331688469,-3.36831144499597
14.2977368184354,-4.73267667508499,-5.31564209146235
8.09747838943317,10.425429911114,-8.35309329693848
9.38635635858969,7.84670325454847,-8.24410088798392
12.914835751767,-1.15531925952469,-5.43782460680652
10.7566055498371,3.21258515236871,-4.94197449893245
8.85096175972456,7.80429893790665,-5.36726661341134
10.7071008050441,3.03123325288527,-4.35711253031242
13.0713080595189,-3.38129986252501,-2.41045496365279
9.42405301786064,5.28642410615961,-2.98565586767679
12.1685944742134,-0.904024825159984,-2.2589819954807
9.24843147617421,7.51259441546894,-6.59871090197813
10.2023354595535,3.68835551675899,-3.3614786923604
12.4772304010572,0.0934100230365762,-6.09913100732576
12.8653236663683,-1.22106524115329,-5.33395232881066
10.2547085953671,5.59806981607142,-7.50770175202048
8.53645568653582,9.5205633078259,-7.4898737439985
8.088603356756,10.6505037210451,-7.53796284823597
10.0307083744014,6.4116823957835,-7.97816900581341
10.8253667817842,3.38020477269951,-6.77914969927815
14.7500212907197,-5.12024498761056,-6.60663586388513
8.49928025085178,9.42820248670701,-5.98652564068585
7.00396928411934,13.112716193925,-7.97541743377354
7.29698426111216,10.9163232710369,-4.46067519664954
13.4174986933425,-4.03176345448088,-2.44825984568985
8.46740293223309,8.85680195483019,-6.99237292803913
7.67916123992294,11.4079465108023,-7.17518142639551
7.52475944484988,12.1514261418271,-7.94590365306611
13.7836563994558,-4.61684099530506,-3.2046753854769
9.73351508476333,4.5674169000816,-2.96942087266104
13.6591678440973,-3.0121025957161,-5.81875174756784
12.6738777967621,-1.68297131832048,-3.96735811818845
10.035433618988,6.08014603707329,-7.5583689093839
11.866402140117,0.199245297690631,-4.39490886845466
9.85678169233363,5.04383793584475,-4.46858214844325
10.8021642661311,2.81514486898778,-4.3616060217918
13.5396845077689,-4.57118956354376,-1.7229737003954
11.9295663392648,-1.47226786967493,-2.06801947763932
12.7437432239658,-2.66054020683984,-2.34774295395281
7.20893100550055,11.9240528120089,-6.89723600377972
11.5009704342287,1.15143783615756,-4.24547230453734
7.57991975910351,10.7674956700857,-6.08942861339108
10.0162915616273,3.85318079534353,-2.84114535951654
7.1474885452994,12.2587537951316,-5.59700088721931
8.69355300993012,8.39380488973648,-6.36568603587028
11.4757154765144,0.788304100398395,-3.41069545824627
10.1481746575512,3.80958277857801,-3.35518132574132
14.3929533721748,-4.09992425325357,-7.00337930825626
14.0148084615298,-4.00768246345673,-5.76901486229525
10.0176716859765,4.83024332248876,-5.72061311117131
11.7126542682076,-0.251324068623429,-2.42874176536448
10.8436750044114,2.1298478940025,-3.19222650682786
12.2964881343501,-0.533808033405198,-3.97018536235557
12.2534559721823,-0.238865473819303,-4.91566969061278
13.3668281220683,-2.47654926216379,-5.47847624958967
14.0457716597984,-4.74926776444656,-4.4871542034575
9.89622961170085,5.15048636302242,-4.86599164164333
13.727053173291,-2.9802228807239,-6.41836634039419
11.2587914746936,1.5637706864188,-3.96016196785082
13.071692414061,-3.07862588486736,-3.01215615498155
8.53520371448008,9.57332431524789,-7.10327938816384
13.5816167067247,-4.34373843594204,-2.63074407117663
10.377132704473,4.07445208900892,-5.70002147258585
10.2140720490669,5.1305319872805,-6.27355338262582
10.9761391235114,2.20636658549887,-3.94699955653667
10.6757490538975,2.76632090025303,-2.38230539302524
12.5475587548964,-0.21006100827686,-6.31179472878548
7.20175205522636,12.4390114041521,-7.04531613139793
8.60175690093835,8.78762986143329,-6.18178304234555
9.99597729436048,5.60609180309187,-6.01152984954217
9.51113256521356,7.45340424752055,-7.6774458788843
9.30340203397924,6.20896211728834,-4.26496734430459
8.99934822957112,6.13860249028681,-3.79340491481223
12.6774144288769,-2.46199284446769,-1.81497646181338
13.8364147471485,-3.99361572879017,-5.73063466734533
12.6448561790416,-1.61450777140081,-3.97093107631551
11.7379545359193,0.128691678570743,-3.29718792006716
10.6793075726068,3.193364229471,-4.55194300274396
7.83693087731487,9.34016947174613,-5.20123605448623
11.113134024991,3.49156690771228,-6.81857699574128
14.3314184223946,-4.89347702730765,-5.15025849218205
11.1890120746008,2.57935957945287,-6.733725086619
12.3593343107801,-0.895919182930632,-4.09533437399901
7.68108350040901,11.4930633027398,-7.51789646156795
11.4355105959266,2.26457061043761,-6.76231705326501
8.61489907941597,7.68269135122129,-3.63971776841509
14.727196196204,-5.20215241917225,-6.91630159018584
9.88029451631116,4.37464878674536,-3.83282089266254
11.5405882440852,0.287649642577806,-2.95097986526662
8.11071880799868,9.80119951570381,-5.30402922234117
14.1075460811564,-3.72437734777366,-6.44833736571189
13.0131708491627,-3.49628452079216,-1.91784112314269
8.80259334304866,8.21557122503988,-6.0367038353192
12.5366158071778,0.267788091396493,-7.20915035001927
12.8129451874032,-2.26840614897433,-3.44009105335674
8.41535009830141,7.94487945834118,-3.47035684152993
14.5737668729757,-4.79363535721144,-6.85528877254221
14.5865953684266,-4.89416453693849,-6.88830056577753
8.601191918388,7.17725831419303,-3.9333235245372
6.64569068507367,12.7468519033459,-5.12379922499373
9.87631938148083,6.39350019307051,-6.85128914950716
13.7435334732864,-3.41671389081716,-5.40085430568879
14.6704151498751,-4.93089618021914,-6.43774943286911
14.218104723034,-4.70982324358794,-4.99838203550289
12.332655653648,-1.04661194292558,-3.67516963260636
13.5477124938765,-3.91586674870711,-3.97458131390983
7.26674395312014,12.4787633275609,-7.42001482826243
8.02956583092256,10.3609112121171,-6.69514750548525
8.62836672769958,9.32055708197209,-7.35928805074766
12.7276098371837,-0.909517164228951,-5.74511394615386
10.2135646846268,5.78032368375338,-7.52727488069165
13.9893015558427,-4.64435822327683,-3.34417813364409
7.93763933353571,10.8545665021835,-7.25512116337865
8.45047324798756,9.28533423596781,-6.47953363664405
6.58988183045947,12.0190441919314,-3.88694226822076
10.7058090030931,2.47391464180477,-3.61936228212329
11.3790589107919,2.37934670657015,-6.2296855308808
9.02542352773882,6.86089331984826,-4.29158878445442
11.3308839702508,0.664836140758026,-2.59441781597465
8.52853168781282,9.61864228953731,-8.0197155989878
9.17552004593649,8.35996847952727,-7.94638956068312
12.9330685902472,-1.73971277184783,-5.03496472949607
12.4840134346667,0.00268287347351759,-6.44417178813565
8.46621274320056,9.79811529772618,-7.91905302458878
10.6583936105185,2.02296639810919,-2.41195334873519
11.3488143129427,1.45419738529271,-4.40584866071944
6.85452921529488,12.5818335374014,-5.74753221518141
9.49222132789618,5.64493629572695,-4.00665355868638
12.6149257467605,-1.86576370585974,-3.33662792820023
13.488713488629,-4.50536473434731,-2.26279893380557
12.7875850606875,-2.42514534450041,-2.32679642603896
9.6809457003959,5.06696771076516,-3.72027067630017
13.9378956557968,-4.63294925550573,-4.31719560372702
12.3624392586608,-0.473127194292518,-4.48710112977591
12.9818515740554,-0.941724222113999,-6.83881918475163
9.63647226389046,7.07170648119611,-7.13775701366544
12.2818080157789,0.73550199854198,-6.97611647717142
11.8437051252981,-0.525008828726406,-2.44619525192317
8.5133921994133,7.41265594524556,-3.50007919047582
12.9849544035725,-3.01587060403717,-2.10828040332982
8.45113296561262,7.39686666728894,-3.22425396343777
11.5971411662373,0.593556804339677,-3.4245701840626
9.27006680081084,5.92003012266705,-3.54048201963922
14.5093614603246,-5.20810516531764,-5.33677444730925
7.77511776511431,11.785340280217,-8.36012344465595
12.3368731008441,-0.501232342616615,-4.77540641316609
10.7840415088807,2.91389772732144,-5.3766098012365
7.64514374158507,10.0142341951673,-4.25772748399068
8.6941061650252,8.99794690940295,-6.46416079334565
12.346737308625,0.495680333134946,-6.25168800254124
7.59519857957426,12.0431422632079,-8.05197113102044
9.56013400483856,7.06819097270979,-6.37541595144754
11.5504998281432,2.4253246437884,-6.27075916406463
7.25279663610679,11.1824721374254,-4.8067965849293
11.1454776252889,1.4245897750023,-2.56658362888249
8.05214180540356,8.7907276232492,-3.68556369497895
13.4571645276688,-4.39464712967145,-2.1586063977385
7.05195952553308,11.9714501708097,-5.47708758088731
11.5057824227237,1.54771897919545,-3.90215940825742
6.77426295905563,12.460138902667,-4.98230949026657
13.4398556997406,-1.88544923504435,-7.09199151739072
8.49327707968903,7.48017633915167,-3.80998142912379
13.7165949162305,-4.25972839327549,-4.56425126586498
13.6991290826419,-3.67896619967876,-4.6788555405491
11.468399000778,2.49482823325214,-6.49523947405797
6.92420446180372,11.6538097381415,-4.22525795656147
13.2787071760697,-3.44472742759493,-3.22900463144642
12.9002519402204,-2.1954161326348,-3.98227129395807
11.3751346097588,0.206206218580144,-2.02885976205397
13.2148692690684,-1.26184736632533,-7.2651942205858
12.49905144142,0.033571132360372,-7.01153493104997
6.75159971166957,12.8508392573735,-5.81211632571662
14.2882800328425,-5.00775776798942,-4.72732853298112
13.0210879397602,-2.45272273665413,-4.02240386042298
6.8523022916756,13.1370449570827,-6.83791655625368
9.23795610992347,7.32137064636654,-5.81144331081159
7.39219294740724,12.6650482773118,-8.36042387278742
10.511836458122,4.66651418849751,-6.22325570593231
7.72367062668472,10.4417198213802,-5.46260412394377
7.96347633887537,10.7583485671468,-7.1820349715938
13.8553484760484,-5.13731387942444,-2.74916568951962
13.3483278347141,-2.2414673310382,-5.93104864983122
14.040394118499,-4.60983583530722,-4.38746993728268
9.12074635438747,6.57440767765623,-4.15772382218988
7.50307121016701,12.2871469615252,-8.11618034102606
13.2248422306995,-3.35277961850097,-2.11043504806361
13.3979326103761,-2.07246214107082,-7.00945207225023
12.9734927479442,-2.43809513412649,-3.83470062707179
7.24619845109341,11.9330436312023,-5.50399975320729
13.1904146354801,-2.41869865995657,-5.36991176703949
11.2067630384378,2.81533921873692,-6.2041015719108
13.9250213497497,-5.18190616520025,-2.86297116803742
10.7946469742046,2.89355655648016,-4.48280559759895
13.0845993613218,-2.34642409389724,-4.01772791217719
11.5457792850415,0.293716022986344,-3.3702054875429
12.1857575322089,0.458598894738682,-5.98993624668233
9.37133595791133,7.17188314334687,-7.02630759221774
9.48196338315202,5.90160170380957,-4.46870429278472
7.27154227948085,12.2451644284492,-5.96971586946552
14.0403364070244,-4.85256527776999,-3.67986415741334
13.0780565747249,-1.43749487682385,-6.29413224518053
11.210128676835,1.61193246869767,-3.83406843991192
11.1491062715866,2.30379276529684,-4.92762229899508
7.5419464598614,12.0090048975644,-7.74185184230384
13.1156872204244,-1.21535489914969,-6.48060920495353
14.2346894340519,-4.3821542219473,-5.72338675708529
11.2784751792579,2.68749410942737,-6.16818435377264
10.8305676283091,2.94633887366201,-4.36796071283812
10.7451699562461,2.30245298973815,-3.07298511849469
12.4876705181389,-1.98850849327021,-2.51394262126043
11.8069830659233,-0.477626975858439,-2.36704426365256
13.4147103119035,-3.12917540850892,-4.02258648495819
6.7500704415601,12.3679277470301,-5.215217641205
9.03743675371054,7.46197901906879,-5.53773816147818
10.6886997610771,2.6621474512174,-3.54174307482299
8.09310414474309,9.87073890952081,-6.28066012307729
10.773867928986,4.22005308815478,-7.01754155048713
10.671815726288,4.86251101640787,-7.35502850548636
9.45468182481346,5.80293093436521,-3.09847963256398
14.2939916832889,-3.91970516468841,-6.91003841640051
7.82339738930137,9.91195992993038,-4.53989525108204
10.3024636802766,3.80172924128252,-3.53840308625526
10.8224823900031,4.00126825617226,-7.09650422333459
14.1177735235824,-4.18601369447952,-5.5798605293298
14.3783778118972,-4.94109433554268,-5.52951914585076
7.72085871751041,11.3800795271727,-7.46313785951423
11.5581134836457,1.79868901098249,-4.83779708184632
11.6187035042652,2.31741203296208,-6.71257489789582
13.3570617915658,-2.31207933031452,-5.17483168815335
10.5355982531592,4.04015964264118,-5.57613676854439
12.973482808187,-3.15909807802413,-2.30721883912395
11.2266741603207,2.86133153158662,-5.94703565213231
11.0267356791344,2.41600146588236,-4.59289413834851
12.8119898912213,-1.20456315778518,-5.57155099624719
7.30356428844003,11.1888307154518,-4.50620836811562
14.158043454297,-4.82559123411864,-4.49545539219235
13.424046099598,-4.30135961680388,-1.87831233221867
12.0038357086173,-0.941512579282299,-2.38639988921201
8.55216938407463,8.11071719785037,-5.22322590745188
11.549872035518,0.820944795924716,-4.21707016909853
13.4910531532776,-2.95020579685424,-5.17602712300632
6.73610748557982,12.1480113346276,-4.02513038733049
13.2145057360175,-3.30590384986438,-3.21187181998049
12.8919128449446,-3.32504969517627,-1.70517830906575
9.72321195512483,5.2796809394263,-4.33433978179494
10.1076195794715,4.18774943243251,-3.92012741416551
8.89818737683241,7.29529851099441,-4.5733562608904
6.69830799042444,12.3266533414982,-4.53045724236378
7.85972696185348,10.3057779291779,-6.79476624419947
10.1915530496701,4.75937218902732,-5.19958730566198
9.58720260866073,4.85387564510869,-3.05673480915766
10.4038784670777,3.39409254759286,-3.69581090691843
10.5315052599967,3.38829194385914,-4.26538911386124
11.6944470351432,1.83313968075069,-6.14065680268189
12.6358078523082,-2.5077837305158,-2.21487165642259
13.8663400216704,-4.6687435086098,-4.25530584461279
8.60835504064938,8.34817590661257,-5.34075151068519
12.3761150207893,-1.24900506802689,-3.80572385265393
12.0125239471326,0.516589588221888,-5.00598195638904
11.9666548636001,0.152381596027459,-4.3854021862134
11.0835489238181,2.15343717786562,-4.83530867882015
13.6497504133126,-4.8889673051019,-2.05561007901408
7.00752293141602,12.6769957842673,-6.63272979924945
7.90967158100657,9.12054694927633,-3.69066453006293
11.2547563979631,1.67058054921012,-4.15350583799711
7.03161039387868,11.6143177690155,-4.33960442613872
13.3618842681216,-3.1002788493837,-4.29045980493832
12.0464219491057,-0.381258598213037,-3.69081069035615
12.9577311310619,-1.96369923703765,-5.52172001490865
12.5158935340753,-0.183779777213451,-5.93961915520434
11.9500879649888,-1.41320527618805,-2.06460653850826
9.88625459151028,4.28615362368414,-3.10732171272886
13.2355182794776,-3.62371477371093,-2.67758523078844
11.7545036611951,1.58815823959701,-6.96543750657163
6.75911699064388,12.7969379879115,-5.73950050408449
13.3400303125667,-4.25993658113221,-1.89232158812695
8.19266985397767,9.55902903973431,-5.79836368255028
13.2911765522743,-4.23594000259083,-1.71745908163111
13.0091873362272,-2.89393749621297,-3.09365861196653
9.15730778427861,8.39476420152608,-7.93244142217555
9.6415227239044,6.97983742274584,-7.70717464259242
8.49647696750582,9.95454009198454,-7.4087197577569
11.1573444708842,1.81289774317337,-4.36898339424533
10.3769255319462,5.03591933696781,-6.82747571377554
8.64237244473329,8.59729772506205,-7.01116391046027
8.74792483420071,6.93477519974087,-3.17460280383135
12.9706362663866,-1.62404567132095,-6.24903893175961
9.35528907075106,5.95774312282871,-5.12671408799581
9.0198424457618,8.7167207290952,-7.98439107154206
6.58762349504496,12.6449406867597,-4.05486863391825
13.7481708232673,-4.54454682173082,-3.85063926491585
11.9006101683733,0.0735912615767693,-4.61701321781581
11.4522978727577,2.10325579128355,-5.99146474014181
12.1009282090894,-0.206121871260724,-4.28612468483026
11.9573493025499,-0.455013967719226,-3.13907339729039
7.49359896323723,10.511071924464,-5.04623823495984
12.4422388247468,0.374267686094909,-7.50947349044342
9.28155414395538,7.99073659786514,-6.99864298010624
10.7897727068893,1.87090661602484,-2.43354745228773
13.444744499428,-3.76101212775546,-3.35803110129739
11.0993779352844,3.05970914494281,-6.22342306379514
11.5935037058759,0.230143894506709,-3.10755811223156
10.6456725582562,4.22635521200383,-6.44636874605432
13.3629321300233,-1.86099466520741,-6.75170246997566
12.584297010506,0.299119206159163,-7.30722318932659
11.0461025551199,1.37539826290385,-2.6184178304272
13.6664664708663,-5.08531109764383,-1.74253037864903
10.9579356604082,3.37265744226071,-5.46637935203397
12.4471702553768,-0.414071690463727,-4.93088090980675
14.2042455033457,-5.25391421998974,-3.20607259443541
8.6673842626012,7.23093305223461,-3.39494231843624
12.9242982720443,-3.1352400716711,-2.22886185057091
13.3941056219189,-2.91203257513937,-4.81029750814312
9.96810916077075,5.79575683455933,-5.60002165691073
11.3476782528893,0.728611909657114,-2.70943074194736
8.0171749776572,10.5125818138799,-6.93936970815425
10.5090292771571,2.5626712247903,-2.52653696566808
10.218515255682,5.46168526717732,-6.95018506361916
12.7702958934552,-0.754740406126867,-5.54260958316693
9.48360090439479,6.86057649546576,-7.34702057358558
8.07195463269236,9.51265131862099,-4.9690631503327
13.7422204541187,-5.08980920134919,-1.82093303658465
9.12417797295283,6.58577740571829,-4.19588447780042
12.2701070258571,0.928847853882026,-7.30608701378941
11.5689443425178,0.783983961388633,-3.82659680808437
12.5117401156638,0.38660862402385,-7.0267528005492
6.97998634234816,11.4749170962636,-3.68147577889693
13.1691390091526,-1.35144057922571,-7.14801303604049
8.95729870480193,8.3663124400742,-6.15976265426576
9.4770834621945,7.20421551846032,-7.76636635413417
13.6766611804409,-2.53437549685222,-6.84533398330901
9.82913457147661,5.86382117531364,-5.97446335122512
13.3458226271495,-2.02436283748245,-6.34998060734982
8.40161299065904,9.26288708430053,-6.21258218497949
13.3312989233899,-1.55970574834827,-7.20488448683147
12.551472023483,-0.916444106047895,-4.5192737722227
9.52548418798982,6.93828190845587,-7.57298709929767
11.2343981956331,2.02301627018576,-4.25015647460446
13.3713721200542,-3.1616373784254,-3.0950491085691
11.0363861436059,3.27384402180537,-6.33722174116258
13.6475933363913,-2.96449173804169,-7.07092855401024
11.2822857621991,1.5249206745377,-3.46449488375225
8.07236214936509,9.30441121142486,-4.79583367964283
11.0587532924174,2.65237397364174,-4.55958770018896
12.150729986514,-0.837246764456313,-3.23678666972826
10.0439119229899,5.18024711801279,-6.79004726309351
8.7232625222148,8.17626982558845,-5.52317029067788
12.5496779474443,0.213710889944988,-7.16143117247285
9.95320237714736,4.10328788320042,-3.04965939644043
7.84156237496389,11.0447483962276,-6.7758569455683
8.35867527691596,8.93029000700486,-5.35782581521198
11.1958439618034,1.1750315505081,-3.490780078736
8.36264907538581,9.41611489924,-6.11456582437471
7.15246975109031,11.1772788397706,-4.31996887250322
7.83864803125387,11.3235061729062,-7.89663624136286
12.490962315444,-1.49070569201836,-3.51565968209322
9.93882026907473,5.44949657575665,-5.65259301532377
11.172860968335,1.18438753535029,-2.81692442965101
13.3561040527859,-4.39842661842553,-1.47292320631301
7.11406724640072,12.4566990284567,-6.59342754086669
12.8283344293385,-0.742459823042328,-6.95321900772118
8.2954701268439,9.30230069780803,-5.04547538824579
9.54671242820843,4.9743094825807,-2.92545149054209
11.9991284567922,-0.0274575646381807,-4.17678044394231
9.0376475801826,6.7576271101892,-4.14255287877148
14.1332153907723,-4.98904896042052,-3.37697603070522
8.56221539250606,8.93954986302016,-6.18092354782641
11.5949263156781,1.84569355355889,-6.04937974926479
13.1477472338677,-2.05865887082622,-5.38017643234222
7.8418486783357,9.89942373881611,-3.97866587542916
12.3132746152664,-1.70426424781519,-2.28335048987255
11.4062815502544,2.91373887640856,-7.30754044149343
12.3206941863234,0.626595853877593,-6.93729204755149
12.7069849788844,-1.98768691612608,-3.51409474624349
12.5988024890093,-1.76878291744857,-2.60402311140891
7.99801275948415,10.3763908285572,-6.58217177655614
14.2950782625268,-4.63927785094158,-5.48867020871518
7.48736068619157,10.6908852131458,-4.88058939951062
9.55945002188718,4.8938618384165,-3.92195803676971
12.2042993032176,-1.47739545223374,-2.23688590777128
7.29648656842389,11.8882413887873,-5.45335144528448
11.9886956303317,-0.114213893483802,-4.8435305905709
13.2270231381198,-1.45128449671848,-5.79103642932315
11.4230449087882,1.68604230933982,-4.95035966111302
11.1165287495029,2.92887382556736,-5.51472025107953
9.85332202126842,5.18983042898235,-4.22403798248745
11.365749280973,0.277129335905316,-2.46209294555263
11.885331621625,0.606412476916008,-4.9151094233269
14.269879766342,-5.15006801924242,-4.36147029000755
13.1950924613338,-3.65223755204529,-2.20211257087927
9.03185656257838,7.77547342850753,-6.13373112187737
10.3515017077866,4.79385153629376,-5.03575714327255
6.63274968613831,12.5480225225777,-4.6707661328972
7.50226697199908,10.3757359336457,-4.32377727155194
11.0134978537661,2.38466137526343,-5.80619328636426
11.7991198468208,0.532004114613664,-4.37510313943528
7.46348534945727,11.0541050734569,-5.49185011588259
11.2660946989414,1.10146176058641,-3.07703820160145
9.32999755114196,7.51605459534725,-6.97693428230732
14.3514005814348,-5.22605169001736,-4.58201639480395
11.8327743518545,-0.545395283649736,-2.39274111036991
9.08142684910029,8.54738669132153,-7.88948446293522
10.2118874340461,5.22760917186595,-6.34904210859371
12.780758648526,-2.94850808918416,-1.79184569415582
14.1568753736662,-3.76149720336379,-5.35779155630501
13.4762098202584,-3.88556317907622,-3.25440919130086
9.33670048878302,7.53520913496217,-5.9914047178411
7.1416532378234,12.667829489058,-6.2655691534497
7.62620917909615,11.7654405957138,-7.64270836290415
10.9629491050508,2.96951329969905,-5.39963276702578
8.14032066307676,10.826783431794,-8.43688886457543
13.5203117293984,-4.2973386203243,-2.63899325301986
9.42029776358753,7.54045667936337,-7.43643400068951
10.6601722738273,2.603291286128,-3.29519647259302
9.78734233207994,6.47907957224187,-7.00373284892403
11.9159220511686,-1.07359545347958,-2.65343478556546
12.4144353091088,0.0387656463797162,-7.28761350661558
7.58892872208149,11.0622152569445,-5.15629921279777
8.58510673402744,7.7266485341821,-3.83403747174469
12.3029356388485,-1.6523688616734,-2.3391433160177
12.2169185027475,-1.26565857551048,-2.7140387194793
12.9822983651615,-3.33888361168226,-2.46906285938664
13.9296677285359,-4.10192838532051,-5.01059670938882
7.44235960042631,10.7568408656904,-4.80643786853651
10.7986044292449,4.15260246302555,-6.75879787659029
6.5855625866451,12.9439595026477,-5.45717542962089
12.2082806244626,-0.445525386975472,-5.3165361180259
9.87599512003461,4.54443242431868,-3.17009902378152
10.0875676298081,4.25658752490712,-3.96528106548694
7.92555840407016,9.11484565413498,-3.75169520449224
13.1315290422768,-1.01935752080027,-7.36640798947927
11.9092317585981,0.486408122854187,-5.47925349595888
10.6972811707126,3.17199475511068,-4.5914176266508
13.6845353833733,-4.20037030457121,-3.57889990531263
14.3633609017351,-5.09067060695545,-4.90481921801798
11.2280623191174,0.814468042681757,-2.57713649946116
13.4668010668832,-2.68177870670765,-5.59767714727408
8.73800819819068,7.60795845825401,-4.46381664391558
7.69954146718005,11.5642914597163,-7.57787344961372
9.9458353394811,5.68016580684349,-5.66377812512059
8.51829668782198,8.45201350927528,-5.13654581090311
13.6418905153895,-2.31867619145142,-6.81389442906057
11.2721208509299,1.36683175872558,-3.63048328194714
13.4206479561778,-2.85475363285743,-5.49611287505372
12.635396527712,-2.01039480184498,-3.21950414220735
12.6604775926139,-1.62182733442021,-4.02754567773227
13.4814494808906,-2.67824270984022,-5.70878346967113
12.5190594467855,-0.156783433196795,-5.88524723381265
10.4380563738036,3.9551797162908,-5.51233456911455
8.58556621613193,8.56200841474652,-5.87719310845742
10.5042379198073,2.80420429827366,-2.98348183694974
14.2223337588793,-5.3976676163554,-3.58774604252645
10.9658623880973,2.2617241805197,-4.00993844794887
9.0786983882743,6.56091282823267,-3.93953324691509
7.38053349746763,11.1817936172217,-4.68996638706972
11.7351093837333,0.868999186860977,-5.04282046596627
12.5024841422604,-1.40923724348135,-3.72960207268517
14.4375738408566,-4.69013488332512,-5.32645595010877
13.4185056954809,-4.23948599959113,-2.29015112358444
7.54066678812586,12.2991651151042,-8.31117243792519
6.56312385396569,12.3833602556022,-4.02737592805022
7.78640059535904,10.9187725817301,-6.69380897440621
9.97689760022321,6.06382519165884,-7.04366017725991
11.4652551352078,3.18135120830769,-7.39458889919984
12.5579292189689,-0.643676155761378,-5.49951183808859
12.1103111971811,-0.858573407355401,-3.03557497896305
9.66844048918064,4.63865083999286,-3.20722972578617
10.7679744412323,2.10790319900722,-2.80406894758488
10.5584588954833,4.70182945181759,-7.25431302084453
9.99894878254611,3.88523116148755,-2.82571415346316
9.95381952844378,3.94696861083892,-2.74261788543528
8.72291131684893,7.8007885968489,-4.01635523595051
10.6976110771403,2.682089366886,-3.25253971956644
11.2576425398198,0.659862148471766,-2.72120643651261
8.20246973596856,8.84419043312932,-4.27217333759624
9.55392011400579,5.49130826213741,-3.98304701232889
11.5223310004411,2.51147889775053,-7.03855796093248
7.67601229843916,11.4922741009301,-6.63092064472077
12.0205888213545,0.796239869467093,-6.02975407605698
10.3005019117918,3.75117854109039,-3.93294969006924
12.4380608486695,-0.181924394387901,-5.86902986036378
8.0166264744,9.03465908046529,-4.00737843650259
10.571870528139,5.01398154676421,-7.68209542127241
10.0938193356135,4.40979483982706,-3.54391724320933
13.6267562304895,-4.87436629520634,-2.34584503101254
11.4509196258606,0.584939914893155,-2.60168610988426
13.4789199274883,-4.45489174007583,-2.13824217913342
12.7355160766366,-2.83639773609821,-1.9617058161116
12.3573081831963,0.746163056392495,-7.340995562283
13.7206911054963,-2.5808658184898,-6.53334840050466
10.0940994759479,4.35111799613379,-4.1823955664472
9.39640251305939,5.62413000370601,-3.69772836902587
12.9652369490639,-2.9413291878321,-2.79961714410491
10.1797980377471,5.5871815207217,-6.47842707963273
9.13635467023373,7.41404338530998,-7.0011458937598
8.92899857705766,7.56412488129891,-5.24649707400239
10.7231527691467,1.55157899679546,-2.63944490037321
12.4917718135007,-1.8578901066866,-2.79152337209881
10.0426651485757,4.45511058845052,-4.1543496075194
6.68483764006046,12.7936364055818,-5.39476744479457
12.5034852169792,-0.859027558263577,-4.8247689800812
7.32502971030255,11.126882317256,-5.0057279993371
7.71496964743997,9.77813643877334,-4.10765415034492
10.9972428029995,2.43980781216853,-5.61093325728254
13.9999199611948,-5.16658332563757,-3.88455400555463
8.47202196203848,9.92757053471991,-7.25475441930968
8.39846681015423,10.2483986146797,-8.15170914529753
14.5756732505413,-4.78116088573291,-6.29098846009225
10.9197622042465,3.93189249978493,-7.1106048792668
10.4781542978718,2.8006707370367,-3.38772616189055
13.2029249471455,-2.74548039878021,-4.18284014173011
13.979984777558,-3.40742558319732,-6.4958117961741
12.9461310740544,-1.77993874957489,-5.94561695894158
7.40031439596625,11.2174023710169,-5.5279201097603
12.1736673100897,1.12892913083392,-6.59209029685851
7.75899604334273,9.99102789121065,-5.20537289939789
9.12726964979489,6.60690784073525,-5.55857472572296
10.5167020105715,4.53734206776279,-5.84873528481344
7.82024005102819,11.2588394504297,-7.00503687459571
12.5958935218139,-1.73758707840841,-2.92019002306189
13.2886912639268,-2.95313568583309,-4.24887985453145
8.36784577770023,10.148632628948,-7.81454056051445
9.56964314057942,6.46600459704871,-5.98664661652098
13.3784704899474,-3.78090010056298,-3.20275510901739
7.04999853313563,11.4910517875147,-4.36564791225587
7.64782568835723,9.88973567127262,-4.02316097461448
14.2538421914213,-3.6769210074446,-6.6763397522786
11.457723110109,2.22836125846115,-6.18321542443951
10.4319259904383,4.07097423291412,-5.16520385757879
14.326460496214,-4.84186729933214,-5.22998464604702
11.268348722575,2.03270353146197,-4.93318003464429
8.58835516197874,7.59923773840949,-3.76517073914795
11.9059311865381,1.30998044857423,-7.34881412515225
11.9401941604919,-0.31314595244272,-3.34217372956189
12.9912608513363,-1.52347738222915,-5.76148655725814
9.73606144506529,5.15160971992767,-4.13898370574871
9.28130938243742,7.69597164208816,-7.11188656359332
13.8220130083049,-3.22684757083644,-5.29123004410393
13.1530824589152,-1.64684261496553,-6.22075713571136
11.9215663821856,-0.95436437134838,-2.10835223430067
11.2734000373762,1.56174736970594,-4.02266318907065
12.9235818856893,-1.94420533450276,-4.58643341280821
8.16022968938715,9.11639749045023,-4.82321339075443
10.72507253936,4.68971005434391,-7.72631941288699
12.2707897195967,-1.42930184645085,-2.63494188780237
10.7494923654501,4.55598554889457,-7.57243650631725
9.45450282916047,5.67461914070452,-3.89376027659565
13.2164480909879,-2.75526189142607,-4.31218115043835
13.9598403079361,-3.67584155285471,-5.79751634146262
8.5828750656936,9.78930352391364,-7.36414241054619
10.3790782114083,4.64071558193137,-6.05391572269073
9.56162099444952,6.18961835178688,-5.53515510879727
8.50307421675827,9.03736883363231,-6.22751266129058
10.4373926997762,2.73543785402383,-2.65131251525429
8.18108940861968,10.6806254434033,-7.84833557564042
9.83339727956498,5.6328360977799,-5.53601949650406
11.6849708754128,2.21764593851014,-7.1966192478303
10.138701665038,6.13965163563162,-7.93064382479938
8.11670935533253,9.32709453625207,-5.04270565493711
12.7632879148063,-0.446880260646377,-6.82457872417048
11.9401916545807,0.116517372478191,-3.75906884750251
14.1556668046835,-3.48215709659959,-6.89363555532006
10.2055391375418,4.4176010913074,-4.82155345355053
8.06556629756496,9.47888032172962,-5.11072005591034
11.8111387549669,-0.117860792244991,-3.14168173449094
13.2280923144927,-2.54857366905576,-4.77488767276895
12.859191093846,-0.731455433645811,-6.69714294088149
13.649867876104,-4.20688892809715,-2.39331861182868
9.37509980964959,6.92389445808247,-6.00851974873642
7.58762033840946,10.5443315792154,-5.04657048017498
12.3803642686548,-0.644173912476806,-4.69008422285654
11.9035053635039,1.43768350697311,-6.41648614475585
14.1899075311966,-4.38436026146789,-6.11223260830883
13.1907263623716,-2.59817012901225,-4.50645445824008
6.9294263224299,12.834868971159,-6.59009280371852
10.1572183011645,4.09458315189867,-3.43494246876321
8.33708346907478,9.4530664530346,-6.29575154464098
13.2695253560401,-1.88852968121173,-6.27184878756694
12.1512675536768,0.20849527184158,-6.63925297879226
9.82168623325292,5.20441082587528,-4.39685277419979
12.5898668855256,-0.458846170590794,-5.35058047742095
8.39791926367476,9.03075508296038,-5.45538439481081
11.7495499910537,0.374855588859146,-3.83791992420819
12.311682943672,0.934276398961231,-6.39004269484656
13.8727188931923,-5.17069189893564,-2.5123441823888
12.3796797016961,0.274587801261369,-6.50810926177411
10.4530141678651,5.10550167144681,-7.31182603710149
14.4721059634475,-4.8805143962227,-5.72316664371093
10.8580745789803,2.11667566968496,-3.23167719037052
10.5822228699164,3.38038516680566,-4.4939038551065
12.7823711034271,-0.390439290768463,-6.30829240736764
12.0416898770992,0.164775377987071,-5.95185914934035
8.45764658678268,8.16825443308519,-4.2979513792721
11.0495008784406,2.47388040421521,-4.81126841136939
10.5638188012162,4.1511950512047,-5.92471402422607
7.58726851130796,10.5125275082075,-4.55095123233245
6.99481095370748,12.1245412439579,-5.84019550917707
