8.68420254157471,15.0530997909643,21.3259238027844
9.9681322813623,14.2391990794104,24.6254481990196
8.90950361665156,15.3293228391934,26.2521510286589
12.4651624520533,12.7946004691075,29.2582256090446
8.0660647301157,15.788796323196,25.4201745169518
9.02729312563069,15.1440636513703,25.3716492832603
8.72782889201746,15.4191613454479,23.7389959228841
15.1250477487485,8.92879996757668,15.6903020891994
8.8888260802011,15.441519369418,26.795873033303
10.3209293455264,14.1000130599017,27.8296811595476
15.1769330962071,9.1678253466156,15.0779867434133
11.0940632605464,12.9563116624352,20.0148464819193
18.4461299964042,6.45818937725416,13.383393853705
9.69866661151387,14.2244064607417,22.9045128595335
14.1622342121486,11.0158892718404,23.7629540853477
14.8650016391956,9.19826161767327,15.7423206935023
15.624592734296,10.3732480621545,28.5029703910615
15.5771686152275,10.6752804936698,30.1148672310566
13.466648199841,12.1738599988289,28.6501668597317
12.5126079182081,11.5419993410747,17.7527953918511
17.6557286519685,8.14622209380398,22.573678722915
17.2769328280095,8.77756145756485,25.7141342426811
16.5061114162251,7.46700724899393,11.8992774958047
8.98694153711653,15.2905436807536,27.1779930959158
16.8572974500561,7.90982103827163,15.7718211124115
16.5429162675904,8.64335237010315,18.3518906795492
10.003776036507,14.3767349985498,24.7422228522432
11.5490006025744,13.2801650695818,25.5855347084447
15.6899107893422,7.97854816279639,10.8316972884541
8.72957616428545,15.6972670498376,28.1560539334534
15.0264463853565,10.4537107676217,25.5710924940763
13.5269859766072,10.5640545824981,14.5556596515947
14.3602498229589,10.3567296487593,19.7593527272442
10.2812346145295,14.3802559967925,28.1704726022954
15.3653898184129,8.22645617763712,11.1473239619871
11.3551988216015,11.4930301576818,10.9347661260663
11.8833101409202,12.4671919939208,22.8661750879021
15.7185573641187,9.41092723869148,22.9931664467461
14.8508541008273,9.9090507100208,20.6487770921659
12.8248269046994,11.0226172878417,19.0147255662797
15.9417653991909,10.3053979515461,30.3666660945347
11.1816942676613,13.8633369978722,26.5919774999982
14.1318699294707,11.0816726875913,24.0970730243824
16.8448723301005,9.12165713751314,23.6039984287661
8.14590739703299,15.5385730173886,24.1145132191972
17.3075556407458,7.72215397926529,20.0324582687954
13.0748852786896,10.0116539307573,10.6938601509691
9.30582393950876,15.4307932026702,28.7910323954372
13.8722496802349,11.1281582381694,25.3101245844793
12.1333461424665,12.0841563127431,20.9050311923562
17.3314575697131,7.86345733961834,16.513155301049
12.2336936337773,10.947251931256,11.3163546451591
9.54790709490246,14.1019518081576,19.1066152562071
8.93343228010634,15.1499278791255,24.9147738499471
8.95386998770176,14.7276344149365,21.7238374440698
17.5617813469751,7.53594110132702,17.4031119329148
11.5279863015401,12.4062341062031,18.5274675331534
11.719451838338,12.4236254995513,17.3451581401167
17.7197807365744,7.41461403002718,17.2515722751944
13.0671427206755,10.9784604443497,16.3277258933547
10.1649515564364,13.9638789925249,22.463906104528
15.1179978050364,9.66051891904861,19.6257349447667
14.2130913444223,9.21719360243507,12.0494735167175
11.6840872343064,11.8684591208788,15.4651819633491
16.3464225090904,9.05429388079021,19.8349431042026
10.372018754522,12.9975799092553,17.7107038899609
12.6919193909359,12.1184905678055,24.4820337845923
13.6694960533631,11.5938356978588,27.3153693363923
10.3526483783956,14.1461106573835,25.1729091432009
13.2197384623005,9.6848065690965,10.5181289549248
11.7783147568706,13.0021098214516,25.1839331380403
17.7859204410878,7.80814766335506,20.6969936828194
17.8657566112337,8.13997006814382,23.572014695591
17.1695202143196,8.23747905391464,21.9648548029382
7.25889596209365,16.8621531060534,28.6708728053261
7.7833948052582,16.3666808427305,26.8145468830327
13.4644000759196,11.8528153132661,25.810392466672
12.3328894224837,11.2366687790717,14.3685300936581
17.1774235106379,8.92935784578602,25.6085065482553
16.3304608467738,9.72780765051354,26.9330025588298
18.3285102943157,6.53189863707848,13.9278383742419
17.3158857520061,7.7358403978175,17.039720498278
12.4981645893932,10.9806945484997,14.0672953841375
14.0231332653885,11.5115500732078,26.8339713827765
17.0361074454387,6.89565980395813,11.8541232175354
16.6487176104166,9.95316651416019,30.0946614066799
14.2880100374711,10.6631761510797,23.3539950607891
15.6231054061243,10.1307690324084,25.7619949848881
11.0983474974067,12.4370332656756,15.1509362141139
13.62401911641,11.1824577167876,21.7617550579294
12.0570049858385,12.8185659177744,26.3490916647377
13.2678457490874,10.111411114027,13.1022622332984
15.8496667893161,9.93421377950805,27.2652442214517
8.72101990025955,14.8640034918948,21.3750015414226
17.611368778856,7.03112161033923,13.4595787890647
8.35073300512043,16.0277130283963,28.7740522799691
16.6439448937937,7.62987895383202,12.3196315223523
18.078117988457,6.50632493256535,12.1797378335183
17.7445924377517,8.90584185498243,29.8575033345208
15.5813328627754,10.0895362984282,25.1772997042036
9.53643883326568,14.3276362011277,21.9241923934116
14.6937271299091,10.6869290178124,25.7455972583023
12.0074806842399,11.6557696169595,15.7026752671874
17.207984138377,8.08146065098589,19.2968977473175
10.916328293011,12.5486008872264,18.6263906874739
14.9147106700604,10.5772363803312,28.8538187614806
9.60903688788589,13.7610633363769,18.0962609745725
17.9131555634914,6.89522878551109,15.1440341641018
14.1095637953367,11.8688930967795,30.200351499335
10.256366207277,13.0754338070141,15.9846551720849
12.9480917206322,11.3896230589943,19.8510978757876
12.4276879853544,11.47291457892,16.6809995380539
13.0849750920301,11.8181812025728,23.4748194778277
14.0588529779278,10.499549403135,20.2034153186829
12.6788085218817,11.6481202294813,20.1695906014054
16.4032917088721,8.09384199285296,17.623764230411
12.295706105743,12.4783835442663,25.4908340620642
12.0480523083987,11.9300992194974,19.1523486078649
18.4572833747363,5.93166614369225,12.8728213377239
15.5371181264914,10.3236592246143,29.3776518971332
12.3043906990678,12.5388805395431,24.3708328352484
15.6586743895901,9.63265253370163,18.5464843908382
11.2611857807699,13.0880921372361,22.2864952062782
11.7625956166099,12.7081708265953,22.8378610275966
11.2352757319519,12.2533829543808,16.391671310529
17.9057047544391,6.51204919139613,11.2793209440319
15.3045611281354,9.91855967352404,22.5162428257348
17.0648260959489,7.01475842026967,10.8899908650306
16.4236025925285,9.67962258941702,29.0663691952166
16.575120071128,9.47041248934305,26.4023921604375
7.66327471727873,16.4884155848897,28.5974650289401
13.7195091692635,11.0448155605244,21.2598919908503
9.48488337619841,14.401334052009,21.2446180857638
9.65691091345917,14.8568662105011,25.9370556651332
15.0768114242255,9.49844829736624,16.9469546101313
7.51176386075404,16.7738214277975,28.9006332402278
9.25491771902826,14.4677000693143,23.014665460533
13.4946868507434,9.92115546291958,10.9641653041593
17.1684520290288,6.97992575842131,11.355164061995
13.2008270600546,12.5689744494938,30.1419858992863
16.7363994114605,7.59465883927771,12.5271186550835
11.1511684382127,11.7095321736767,11.5881376493285
18.0815142339928,7.21211284118676,16.7400676836358
11.482392311714,13.2107543322568,24.6241693072879
10.7870080021293,13.7754055736539,27.6545983751401
12.1040164598335,10.8383585650665,10.8748677136145
14.5890148952517,11.17972086894,28.2296565855976
11.9610392971336,12.3642509412409,20.3940313075455
11.0570334095448,11.9718368249711,12.1770419454192
9.63335658259452,14.3871460196958,23.5491339795613
16.1764146200794,7.94254757551932,14.695761252874
14.3231795073233,11.6880040171577,30.0846754349603
16.9144594893351,7.15829688767747,11.345300315903
12.7822446668252,11.7518995876456,23.6293175612058
15.7269577333454,9.93333490995543,24.8377214313157
12.6706781851953,11.0648323595527,15.9212515328351
16.2110181497538,9.19802547821326,22.3919958977766
13.1764663157081,12.0885031926469,26.9339877810181
17.3239764517123,9.11464542532832,28.987784148034
18.2562762770822,7.09168306180787,17.9199020060526
13.7335696935515,11.3587250979941,23.835290009333
16.8293581527027,7.46932613241395,12.1072201552963
11.9018525258256,12.2081175751584,21.1226908394854
17.9469980741455,8.39568391682715,27.5762290308501
13.6863667568974,11.8995523701177,29.1367713211536
16.7617677318102,8.3058193196713,18.9162426998651
15.1255633578991,9.67325237719834,21.5691278110616
14.4842516182368,10.419402239877,22.4604024930934
7.11019397578285,16.5914175713217,27.6054854367641
18.1053581934088,7.77545737432712,22.514291736261
12.815960053582,11.6480423177547,20.4656966903654
12.9463754886705,10.7130370352399,15.6209592399603
8.19637955751591,15.9935934167768,28.7181652418415
11.9529922325045,11.0254265627327,10.7295219824171
10.720350225108,12.4154198395782,13.6157690653792
16.6163935273148,8.1328476286005,16.0531402243529
13.0729137445894,10.4275594861668,12.0831672856615
16.4711250303438,9.03951537913703,24.2337271685242
8.94082997842568,14.8058119831853,21.7290732372861
9.8795366696597,13.3049591073033,16.1677457662062
16.3284735256373,10.0046406696039,30.3922183900672
9.99746183650299,13.7852617609754,20.1252755020247
8.39878704248286,15.0331548034438,22.4934698087859
9.80434108237368,14.3147433598975,21.982924036257
10.2775166459991,13.4192111591481,20.1644545461344
12.5229466696635,11.2070777695269,15.1614036608645
17.0745949950577,7.91333145921242,18.7846952605436
10.7500208051527,13.8407097815837,26.8235677862329
13.5056677954258,10.1590571501564,12.4599301172754
12.4907510485739,10.5726745723628,10.76199046211
11.1660818214261,11.7796219590334,11.9046981966044
11.3829731824655,12.1816232498304,17.6264910510477
13.4231622049741,11.6500051109857,24.8421437419882
15.1466126568825,10.4942771205005,28.3927005568129
15.3654976192505,9.86887077464537,23.2445661352209
9.72029628509009,14.143019051327,21.0021597601335
17.2734762694565,9.29060517913999,29.2869853143261
10.9784831179534,12.6344921114304,16.6082260986505
8.83353817710199,14.9282546580457,23.270796311613
18.267961246323,8.41469851401063,28.4806544972297
13.3087471762849,12.0287128961558,26.5249415787714
8.49668867438109,15.2558220359471,23.6515779235334
9.36102821097185,14.9581294319987,26.8953218943028
17.5210769856294,8.27003739988221,22.7242295637247
10.1383844377337,13.3388791595937,17.3450509807648
9.26429869801825,14.8247441200453,22.5793581054913
13.9125315837089,9.73741131871074,13.6340966824095
17.8100399503197,6.47889437837176,12.9359554705462
15.6196279962122,9.19680948397243,19.1335160500982
11.4229898290869,11.5775761209909,11.9476488339647
18.2021091765149,7.65494365315306,22.0510284262561
9.45572132978085,15.1577301929396,27.9209009477216
10.212134929157,12.9860673826906,16.3934201361277
17.0391150837354,7.09456392579074,10.7433787486834
9.23461531971272,14.1354575217217,20.7704701726114
13.128951986705,9.92023638478538,10.2849025367505
16.8239873828978,9.63369306149031,29.2495241856659
8.93163272299101,15.3352396216879,26.0596067136256
14.4732956557284,10.1639963068147,18.9290860849129
12.5355942435682,12.8771458859775,29.5654706143947
16.617227891522,9.22251033691117,27.2027316241068
9.72830814640357,14.6027597818317,25.7418563682692
10.3374455762225,13.2001957695203,17.1504489435891
13.978457664314,10.6957455243719,21.8938951248932
12.3358238447206,11.8388882734051,18.8710462215135
16.5824703920733,7.85922507855628,13.6745435123899
16.6368848486995,9.26066637204393,25.276235352901
13.2154680614085,12.0672552236786,27.9982815367959
17.5291601982622,7.70494310094922,18.2941479703118
13.9141751102728,9.51331094592155,10.7809653203878
18.1524558109921,7.90101622549769,24.9359417121066
17.4459786251922,7.34222816626075,15.6800041664936
14.3393287948979,11.2709386653877,27.5044777836914
15.4943695208265,9.13914638119173,17.106058816195
12.0520960813094,13.0405966219737,26.2310839588236
13.8011678654257,11.292775832199,22.8407799079117
11.467008194908,12.5638212399056,19.4004497268895
9.112515572692,15.4191371119448,28.3618001596351
17.0193268249955,8.5568936447919,23.3198244634101
15.5111208350117,8.94101480180539,19.3840952941477
12.6414360366898,10.8565441156184,12.2770044561395
13.067599146103,10.6076141665877,12.3214883695607
10.2688286633875,12.90973112531,14.9306709261418
17.044130536283,8.51725239281888,23.2914172521681
16.029214810547,9.7562659463623,27.4114367990268
15.7640666933303,9.54161428289189,22.958229611099
12.8418129904529,10.1939395675127,10.4982790843362
17.6946247946724,8.67141220357979,25.0308655053743
16.8634346397859,7.56287127062332,15.9609363895362
11.2784037495825,13.7935359153457,26.7507794987866
12.9305419081998,10.9473267394672,17.5453859779637
14.4682976976198,9.35908924927428,13.7004643466775
14.1131520763022,9.66420618802078,11.6484705667779
16.5086342139131,9.01695602014409,22.4844425945868
17.0220806286816,7.66557609455796,16.3092732473693
13.4941514813417,10.7793758980481,19.7229470895342
9.62914953505398,14.250805480691,21.4317775349505
17.3675619367857,7.77816827076764,19.1164793773174
11.1535096676749,12.862566475462,19.8340179013892
12.5228717889716,11.8059585786621,19.4455492207032
18.4211559329056,6.38357695774418,13.5150045378445
17.8879184944288,7.72615168228999,18.6294274717288
15.0050506916013,10.7697489514583,28.354055616918
12.2040592451326,11.1227917153964,12.8040592110005
11.2220857822559,12.7629466844924,19.0376259823627
14.1060539611869,11.0005673837313,23.2004481711667
14.3637144282907,11.4514332682817,29.4502397935839
16.3795132472377,8.66360496603845,18.6716277248362
16.1102761213572,9.34980047598271,23.9763482911169
12.7255959096764,12.2390086525746,24.5930706084949
10.1383583884352,13.3574078055838,19.3790258831186
15.8557192725142,9.65091982520383,22.9823645741879
10.2657702868803,13.5425760497028,17.9748013916096
16.5130581176964,8.91453155580519,23.0827066940813
12.0421873849662,11.8423384913646,17.137564245358
14.6697595025259,9.73010924277523,17.7573957310092
12.445496075372,12.2561338995533,24.3445792957843
17.1940645399171,6.86809585020657,10.9653724163868
15.7536169087301,9.37468194689539,19.0873658743755
13.1791968433567,12.5797451035719,29.109936954045
10.4626162947598,12.8210962838411,16.0979486891103
15.3467763627692,9.40846348741527,21.3153757109888
16.9395513193074,7.43880994964452,12.5453769541794
16.0506252352798,8.17547490467802,12.8993060012163
12.3789424140875,12.3487118836057,25.79995405163
12.7664656677342,12.5735152866003,27.4972184876295
12.7407075184704,10.7410852113282,15.4434336371502
13.7931366693684,11.2055637438899,22.1598390739613
14.4953726370308,9.43370947966061,13.3307493711216
10.4085202266332,13.2848692026089,19.2391481974046
15.7687389987611,9.4117086498784,21.8697178004626
11.7116510310514,12.5463866972193,23.7626542239959
17.5771927894583,7.05327713340027,14.2402023689942
14.7410864469991,10.5149591743202,25.0674047846545
9.95611145423842,13.8379642217486,22.526411337737
13.855237430623,9.61105442337017,12.8786773722885
8.7744107745144,15.4112669619072,26.703284795652
14.8836890755897,10.73059210308,28.0395621208494
12.2510913132507,12.0216681852972,19.9415134017366
10.5593279419271,13.8393556941861,23.5111992141561
11.8316486016221,11.2950396465989,11.8616766778289
14.4801550372578,10.773934197365,25.0392152217982
8.25218578831874,16.0211376307443,27.5514884128628
14.8262594764808,9.56425535938405,16.352845979158
14.483369619208,9.6433626367503,17.3349663144455
13.1004008999273,12.6193002097546,29.3310245428214
17.7313756628465,8.65937396883704,26.198216734672
15.7285174054809,10.4704771579457,29.1057174327822
13.8842738912493,10.4098776725761,17.0367298457669
13.8290933658023,9.78033871842346,14.3899721164109
17.7962415783548,7.09399988040213,16.3324283507369
16.5557918723048,7.27644800754523,11.0330178231477
14.12376001337,9.81717784634395,15.622501474652
13.9487385260022,9.74154204625474,12.342511166605
7.81008680209508,16.5836006452246,27.7704808349532
16.3716092270383,7.81127845104008,11.3327774751607
13.9465447347319,11.1817875445468,24.9104849498139
11.4237313367742,13.5245513642613,26.7498570829342
16.1296649399994,9.54877007640673,25.9734145429651
12.7180193384356,11.9589616203653,22.3261459131025
14.6365807718927,9.50852481543951,14.7681474773811
16.4815684512322,7.26246400676055,10.4963361061967
10.9192223456625,13.4521997546903,26.1342229495926
12.5378935681632,12.2207950451802,23.2902259103337
18.0397712027141,7.17021998089263,19.2999736609283
13.7329719857897,10.7786942022894,18.2013448426991
14.6881694348535,9.32163935803467,12.6348311406443
12.142717947894,11.2131865710996,14.5475214067418
17.4533658673723,8.86868293648056,29.1083735709666
15.8289094744562,9.20292809291005,22.2698870647413
14.9739438094597,10.1151562330953,20.118385111048
15.6275303242329,8.42465252459711,11.9296922835766
7.09617798970251,16.9996992843678,29.2916574764857
15.5637090316839,10.4174322826865,29.1037281804405
12.4756283056755,12.1429324062277,23.7397056398309
12.0732165363776,12.3138638367646,20.7168337320038
16.0869218853495,8.62936838785694,18.7561889623311
14.7123019650542,10.5113552692091,23.7344176115654
13.2977269246751,11.0189986169422,20.0697875765551
11.160314341962,13.0429037507641,23.3993014074831
16.1727361410968,8.17114758397648,14.7706618106458
11.0930043679849,12.3935987467174,19.0303452014883
8.20558474311914,15.7449015499484,24.3865144027326
11.4235388349961,12.4012510937094,16.9717258119197
14.9442819539047,11.3544727994886,28.6399684366221
13.794848409522,11.4061740985542,24.5896538294636
13.7263962763141,10.0557060455543,14.1328627909121
12.8632233875623,10.7006168246165,13.2463696311148
8.62890860148365,15.2459389546426,24.0720432812334
11.5871407899797,13.1129954890671,25.4981982924009
14.9876525050627,10.3126626518569,26.1028979942113
11.8044587051047,11.3181162709435,11.8771383035532
11.8032926571214,12.3066508706373,19.4371087531895
14.657334670889,11.2515817286538,27.4047832491964
15.2106640389012,8.49653962719733,11.7537146948713
12.8554605992979,11.021019990573,15.6684707038518
11.0925345693746,12.1821424450834,14.0634122346262
6.81095306429176,17.3669555742065,28.7962727602102
12.1834161989002,13.3593922918906,29.7549448772451
11.1516810899217,12.9824098665768,19.9322930395101
13.0564665838723,12.4940417215628,28.1989164885122
10.4528089365338,13.6047474562886,22.4378024359849
15.1051661257587,10.2826327143894,25.1992081993927
11.0957974208914,12.305948807908,17.2119767261146
16.250069178405,8.38347893448219,15.1073807238768
16.4419111111999,7.76555863090496,13.5662893166456
11.9860412142024,10.9834020358855,10.1209177178775
9.22455803900672,15.3800993469855,27.6048447910711
18.3268287179247,7.22164946951767,19.7129662333545
10.0645201050878,13.5974095461125,19.65712545863
9.24430675549609,15.2935421282708,25.9477900235757
14.3202119017033,11.5895349108175,29.1488574701626
15.3027856506899,8.97773515557147,14.6980238803918
9.51634416546412,14.2827514321447,20.9888338505139
10.2946429558118,13.6010010152033,22.4210449092008
15.9439497252163,9.07950891978886,19.0884763719114
15.4763705502384,8.41047350956743,14.4927425887402
12.5858838893823,12.5878259548225,27.0984151635333
12.674110669381,11.268543821719,18.5846978669612
12.4857408090689,11.8034074071089,21.5839273802758
13.0530098170577,12.3463373671171,25.952420325009
11.4798797040765,12.159407438971,18.5595990363588
14.6373620819043,10.938890911149,26.2177893617623
16.8472994670797,9.30281293100743,27.6606189933001
8.01346927832158,15.4269493013833,23.2089404493402
18.4178308053395,7.53951958904604,19.2450547014208
16.6039778502674,7.90716952554151,15.1448986513885
13.7517499607259,11.7095129663845,27.7187927692826
10.0193656326546,13.8483019063757,22.6504267269177
9.06713554547507,15.5112972570191,27.6552667115146
16.3009215599805,8.52069243089739,19.3013444214888
16.3581437153789,8.95848424240008,21.0047922056747
12.5249481756028,12.4737726496743,26.8833972822192
11.1074474110689,12.1631304398184,14.931557652146
8.76735638894235,14.9501610161133,24.1764288122579
13.7587444530073,11.4034850954879,24.3455115830529
8.66369001157153,15.0549978770283,21.8487077352014
14.3213350955483,11.3542250223445,28.0476646794424
12.7947294886694,11.9651997603203,24.1190107594729
8.54435143365408,15.3894008065054,22.7961364908869
14.4776546137089,10.724311463828,22.0462382649494
14.1620416274278,11.1565512176282,25.8305326814612
9.10806429047917,15.3104720095665,26.6166254515651
18.0181234905173,7.73377760967052,21.5404981358383
14.8441406791693,10.4107317877332,24.4807232129281
10.6469451250086,12.6925600728579,17.6209150145815
12.8562319198984,10.3888560961398,13.8371513534353
15.5379875782234,9.77305354593054,21.7074768026004
13.2748328538616,11.5602231069549,24.1076896569445
14.8679134847454,9.44706350525123,16.4825169103344
16.8614569195915,8.14846887832882,18.1821361513183
10.9915822617546,14.17357055873,27.402824874539
10.368529745681,13.6279847663652,21.7284148380505
12.1854063926767,11.8987179354618,19.9298993894963
16.8252855165139,8.73283659161005,20.9598957731256
14.7793291686282,8.75883978973652,13.1591142149099
16.9610063141824,9.70236802231138,30.7149236417272
16.0997584936343,10.3864086133508,29.7626543819487
11.0705954931549,12.1904249220665,13.3372684962588
13.1967408983396,11.0327954836132,19.28540016206
12.6098847572877,11.9084536462931,20.8757495039614
17.182142162895,9.12335632353607,27.3973750153676
17.2223543266016,9.03401714011783,27.6270766152553
13.3308645203461,11.3894542898639,21.9137807279654
11.672444569143,12.6024843797071,22.6374981022758
17.4362912198095,7.88502761182642,19.7633038673555
9.8527584707599,14.320528264275,22.8800974640561
18.243211419331,8.38060871398314,28.6991531304561
17.1499506643326,7.06903965925835,11.0434076383814
13.5911125478096,11.1802074216237,23.8340748417816
11.1745409201073,13.6607450260988,27.8479413139449
14.8536659468744,9.61428664312094,16.2401178005595
18.1517591107366,7.98192205133804,26.3826325619411
17.7832192057701,6.98978452196245,14.1924820274973
9.35781513078397,14.0045297500725,19.6767668924463
10.9983436199325,13.3920275759581,23.741732034909
7.33865840413926,16.33773847214,27.0512958975172
14.2430385421766,10.5363982630377,21.3135458261365
15.9112377055301,9.66238064780459,25.3697193451497
15.3330579733438,8.46769813254911,10.7873609213437
17.9606350625597,6.94131418527744,16.0711654039022
9.01438012068186,14.9479819577648,25.1388735774274
9.38596701890104,13.7826359168815,18.6894177425873
14.5794723469176,10.5961584956347,23.0104877105401
8.33125942577047,15.675995735992,25.5481552152616
15.2173243457527,10.8842123749882,29.23078651867
17.520535712323,7.60769985008403,18.8893478329406
11.2975491130582,12.3879359980115,17.5938231374131
16.4280784486043,7.70487883990833,11.4980462213873
10.8563404471677,13.7618375814483,28.0066307961576
14.379106680026,9.72754402361427,15.7803529039841
12.691344365828,10.9319863220295,14.0198337253185
15.2487028834785,10.4200814676357,25.0810077655238
17.2083079072526,9.05663632070624,27.8811681756383
15.3687544011287,10.3966949341438,26.300420439359
16.2281322010055,8.23243234044333,13.3941834233799
17.3532468262982,7.61360482100059,16.4843420917606
12.6333489104883,11.559480328474,18.6365638459823
12.6404500337383,12.7529971713516,29.5921950561888
14.8399718081961,9.00464803780264,12.6473139793918
15.6610779682922,9.03528704669234,18.0054245213559
12.5295039532847,11.6064791013429,18.7521152954769
15.7207940713175,10.2554912580064,26.3777507624542
14.7106825407874,10.0459663276045,21.8654163720183
16.4833388102963,9.74916555407021,27.2857989452381
13.2531539289784,10.3835013414063,15.540671580316
12.9072887089455,10.9024671587086,13.5676644683378
15.6314622424904,10.0331479114626,23.6304771805627
14.7285262690207,10.2397507715305,21.4821862848465
9.49345083950614,14.5777664933139,23.4907468641194
14.6077144082479,9.66623709527503,18.1084847788669
12.0496176229397,11.8967052166323,17.7073851664122
11.6866066452204,11.3762043376068,11.6708300885397
9.15929803821423,14.9548893117082,23.531033095907
7.83575161787936,15.588909502462,24.720015674567
17.6556236532985,8.21120446112468,23.0881995786552
7.57303425597267,16.1366286692964,28.3074516566072
15.4410798114703,10.5334693627455,28.4551470385023
10.2233153698225,13.0348848876327,16.0493529012482
13.5967521954013,12.0048728787238,28.1134347016455
12.3548815581219,13.0042242245311,28.234636873434
12.6634940348969,10.3633362345289,10.2829004822112
10.7814319656224,12.6257692203841,16.2488802651551
18.3072898148827,7.60732552712555,22.3226679699699
9.75923801929107,14.3683089452303,24.2531864198071
10.645487436619,13.8318746590887,24.7398651682403
11.488361980269,13.2421245137307,24.9097098907431
12.3123057083394,11.127019246748,13.2190496230553
16.0732712025724,8.94665913005913,21.7602702487528
10.1455778827232,13.5983479566833,19.9384372714729
16.5207975430377,9.07674211406594,23.9267517301125
14.591445434325,9.5758423533751,14.2668300346331
12.1566718223555,10.8780048821358,10.7430023178667
14.7284431595124,11.0256802075218,27.4857785199412
17.3102621411155,7.12937608598001,11.0351724087524
17.2854101619681,8.65546763327822,24.3605929771182
11.3816893564414,12.8393798396779,22.0105281843897
14.9385987370429,8.94801272780702,12.1607107332964
8.21144577937647,15.5713735586518,23.1513094770902
8.1080845565136,15.8923758185191,26.7156501980254
17.7794041888745,8.69632168921735,29.1941769533838
17.4168457387704,9.1244738511523,29.3875857736918
10.5699468417452,13.8646707967531,25.9907716904636
9.32267096764786,14.4128541933511,20.9853666453114
17.4071578459767,6.74526880087506,12.3891667613973
16.2470190238322,9.69575404027276,27.5195592628733
9.64664307546507,13.9409910490702,20.2916372794708
10.9238943080871,12.1984151055885,13.1516148947428
14.5593665237261,9.41269770035138,13.5041288757042
15.2183268743125,10.8319495274156,30.0116805375824
15.0725858097844,9.95609356388973,20.9795334958564
13.0714785285587,11.2147788332029,20.0488897524114
12.309266181309,10.5125783138086,10.6201235084764
10.318707306739,14.8336813434786,28.2676193687383
18.3195969559014,6.06811828187165,12.8384393682159
16.0160387944789,7.92358511379466,11.423096028307
13.1347000524439,10.3748288427877,12.554953990532
10.184876111895,13.555801347197,19.3517068807362
15.64473560414,10.0348597145624,27.2797050159574
8.85879451082032,15.0097490961742,24.2420347913049
17.5597528364586,7.52316998736638,16.351952304697
11.3447902853205,11.8664395230612,13.5074781882825
9.79026474574197,14.8178090132672,26.9212441875691
18.4725627724835,7.5384003037943,23.6723807419933
12.0438292055566,13.5117481472253,29.5240831614715
17.7628789360154,7.77776117167029,20.2352255465039
11.398053953061,12.6662673018039,20.3985226710617
11.0472253626589,12.8499680872143,19.0558048506463
12.0803815445566,11.8517166064128,17.7989642118794
10.9047045606551,12.1537198285957,14.0164197302783
9.53793400807567,14.6425183078444,23.9742498615449
9.38340976750766,15.1097693303583,29.4805735555718
15.1279872806797,8.65016807335526,10.9683074308499
7.37882251810104,16.7231028701895,28.3577451426233
11.8242654304048,11.9780994122598,17.1358137242813
11.7132827460675,11.4970976297726,12.6731188304128
13.7998639188959,10.6421581525538,17.9035417427374
17.8678946436457,7.70308489518021,22.4558152213543
17.9901124978256,6.65097048666186,15.3374091164168
18.2897647614038,6.77305054131869,14.7001077627477
17.3639856277824,8.81483092609628,28.1339083970447
10.9201249118645,13.2179910006493,22.1809220159353
9.16587248167552,15.0455904293927,26.307487124854
15.2909458257234,8.56547389786675,12.9472046899776
18.1019790439393,6.51552185956096,12.2341705159797
16.4540688819012,8.99926291736644,23.1341895098155
13.6560642159049,11.847371341814,29.9252324033193
12.3969464434815,11.1028008996272,15.0740491169377
12.5480987923835,10.8136094433294,12.1972877680152
17.2268822191011,7.7626546444202,19.7827518707658
18.0906496232026,6.32192311905679,13.4390354564462
17.4136124625762,7.19404397328994,14.7013847473513
10.2960008245902,12.8450006407673,14.895807759822
17.2120137088257,9.41673718959351,30.0103949154311
16.5187383908211,8.32280478897604,19.2396104939207
11.8029241296972,11.1196684954945,12.1499424694042
15.3228405316889,9.16313306640828,15.4272646583474
16.00543744047,8.51474578417907,15.0895020013058
9.05237116180488,15.6858574230648,29.008047486237
13.5317665094952,9.89824907934703,11.9842748881875
11.523659903649,13.3718433793912,26.1559481155996
11.1442338367345,12.6569409847203,17.133957536354
17.3583665911425,8.25277617656771,24.7103199166488
17.052557388861,7.34266755413906,12.4806210892282
8.12008471617114,15.6251933079702,23.81503027607
16.9728723789308,8.35395009940936,19.9522514182364
7.29661656960003,16.6989821058741,27.8910120739867
8.74041967870177,15.1367157945064,25.4572722591281
11.2584442553052,11.951554054068,13.2128997181285
15.2262060628422,9.31263052169091,17.4999753959447
12.3938103000574,12.3659299839988,25.1791376850921
8.25959096211231,15.2820093931386,22.1078660191475
10.3070655428649,13.7424266708554,21.5853615372315
7.75355757780354,16.2893030464605,27.6400701615302
9.52351777774927,14.0933224794927,20.5198079337232
11.4975947191991,12.229816556034,16.9412909482535
13.946514743731,11.7876420084389,28.5499103815974
16.5315481861772,9.62486446110208,27.7338947328773
15.8668990092564,8.96832070428755,21.1159244745448
11.0401678300239,14.0373798527903,28.17062180371
15.6420791293567,10.2100669907672,25.1515824770022
11.5964936370891,12.6851410474154,21.2910447050177
16.9840978588687,9.67558386575496,30.3265984478042
17.9344036206958,7.79318716946035,23.9162816736809
17.1521336350114,7.16111969491749,13.8071186600532
17.3633128585026,9.4482809651238,28.7573809640677
11.9424388170542,11.6273405643095,15.9013483862313
17.385963107885,8.02153587372949,21.1750665191527
11.1203772076528,11.6833755646265,11.6145663964957
13.5698805392167,11.4920073677701,25.4490721573688
15.3610357899541,10.8561766987256,29.8954744968339
18.1142907953367,6.49001945932966,15.2524712551351
12.489736901595,12.4301776170856,24.6529639272201
11.265025647623,13.3588469527916,24.4566908530572
15.8840743988095,9.20523512279819,20.6476254054149
14.6421075076689,10.4596670793935,24.3420131638537
17.1183756113795,9.254919141228,27.9719352622112
12.4035406948801,13.1623650752619,29.9256377260503
16.7129833284302,9.07018094281737,24.2612082737284
10.1227080804984,14.6229227167126,26.9514553479439
8.73867844799659,15.450420702552,25.4463602363015
16.0828015001319,8.64504609619327,17.2455822986363
16.1924725662012,9.53489482750819,24.5519952825013
15.0873694096323,9.43699020125113,15.9479747759827
11.9923754574513,11.5188512771138,15.4332444343597
11.8071694836627,12.1764618618581,21.755300402197
12.309446245155,11.7177584919821,18.2892667415215
8.08090193144437,15.7986044701678,26.9501340019071
17.0397120230958,7.67426911181357,16.0326790746273
13.4841702552241,11.6852375407675,26.7844516250287
18.1339846997118,6.97346861154468,19.1421825296985
16.0469554114025,10.4283784544574,30.1982155646852
10.7780221997492,13.9941744776117,28.1062501353136
15.6229942724209,10.6615301892155,28.3473685867129
13.1529550464478,10.3199810687009,12.0169047106435
9.57677735831532,15.0961487573221,26.7309300514785
13.2319806771028,12.4527338061678,28.7418160241325
11.3752791886113,11.4253449201985,12.0056138276748
16.7633806202698,8.77437370779688,22.0462135405734
11.631798951728,12.8793822596128,23.1711263203674
14.2421805041727,11.291517320728,25.9489527062921
17.6707606180056,6.75212741572287,15.5541487378958
7.73607093045462,16.4444952628681,26.2013507609301
12.9308541357956,10.2575538021764,11.111653034671
17.534223382866,7.76480665986143,19.7018116886386
14.5139340938039,10.0276289990169,18.9581257654479
15.6973731839436,9.1600301709398,18.5245080612716
15.3170436435553,10.2205434690793,25.6044518366758
8.77704055795204,14.6158377570288,20.7842354503463
14.3037315211355,9.67392658763843,12.4858983700028
14.1545573476681,11.8003958145097,29.6137957602823
12.6211410215185,11.5938220027296,18.8334747139799
9.93384373336263,13.9047124822284,20.7021021977574
14.4596906425784,9.50824151967127,13.5394521330246
11.0234815433402,12.5085071219612,16.8670733058831
11.3880218002394,12.4086018367872,18.1787963731235
12.6745791921848,12.4922096198432,26.2855417294842
11.6986102841987,12.444692910395,20.6722733836699
9.40850476419292,14.8872588769555,27.7025549993845
8.4395724793214,15.921863459202,24.2331005175222
14.0428953903609,9.83578561842603,12.9063893139286
12.2781149611656,10.5192436088437,10.6491561932117
13.6028915147465,10.8448682667373,18.5399268914596
16.2005054251025,8.68329513446975,18.4562923931788
15.4834077237071,9.28582517029282,19.2757793865984
15.3942095182146,10.2259601543142,26.6657864878469
9.6954233527616,13.9039925097045,19.0913296505741
12.5139950441676,10.4058492249202,11.0014245343141
9.66612307733851,14.9072109625175,26.8638369283161
15.3797554997426,10.4679607574872,28.3665052590022
13.3479247387913,10.1138727473218,12.8379318706714
16.2849095601089,9.5217656065692,25.1839409355054
10.2076269524032,14.1875337545752,25.1493609467355
11.6246158342445,12.5250971855712,22.9837359706773
13.0103927355475,11.8391425520656,25.5636515937632
14.7206351681294,10.1811090085173,22.0864919384411
14.8849853220052,9.91833521350185,19.5223700972237
14.4014229012047,9.80812038226484,15.5999669251095
18.2550835843803,6.5609669488646,14.6965752262024
13.5243094688098,11.1575209115146,20.9486782092062
11.0823829977401,11.9605563287596,12.2440632518409
11.8996490463756,11.2208501443743,12.1558632213386
12.1337235006951,12.4299705423805,23.0950269678798
15.3641282646196,10.6507073651132,28.0593052351333
16.7378239876394,7.64650062871034,15.8330967712276
11.4886437392313,13.2039881927131,26.4083461118991
14.7006781963017,11.1739606809932,28.3392539252163
16.4924803341371,9.68408108426149,28.3706980378616
17.6640315655593,7.59376224151124,20.638356446815
18.1293332684368,6.43328553319892,12.8070431533856
13.7482244084481,10.2046636049517,15.2960992137249
10.4232051268969,13.0738338766044,18.0744180802523
15.313825358045,10.2870746413139,25.4184332040087
14.8195859514746,9.19013364767739,13.3456869919876
9.01858869817865,14.949337554928,25.0755805309829
17.0551130216004,7.44066414645876,14.0258444776721
17.5293850939508,7.00620491943471,13.3702427817169
12.8184289862178,12.2642652425699,27.5688896242358
12.5819200486497,10.6538410821152,11.756371675324
17.5460120311204,7.75284920394001,19.8227672228202
14.6805189727103,9.11264018197924,11.5462229564642
13.8798394262966,9.89531021808007,12.0422836351931
9.86175906135038,15.0159987521376,28.1738828561834
14.9301834733553,10.6026112642898,25.2261426667817
12.4053742739456,12.8151438773887,27.5495662034758
9.66186832398066,14.8350817659705,27.1998492036178
14.5073769227453,9.77430017758645,16.0499838854795
10.8501464344703,13.4023513215448,21.777041898371
9.39394778808266,15.2646184979125,28.468674609254
14.5050733132233,9.00818317714369,11.1484481731801
11.0360374666853,12.2059786291788,14.7648824723947
15.186710083257,10.2701855523069,25.383938138579
13.7133225974583,10.2050806372495,14.8316712320814
13.5753727620097,10.0675466160791,13.5459466854055
13.4418066454084,10.5669293891149,17.992718793394
12.5167318121224,11.28397996408,15.7327143574417
12.3322905615722,11.9131877717179,19.5826403910028
15.1740981184417,10.0747425065498,22.5466693925922
14.8179585729927,11.1058796501496,28.3474262152516
14.8283088695161,10.3548816556996,22.6334417594983
11.4919167798524,12.2165132743914,16.8007820746078
16.656996703646,8.67672599126088,20.8421292773864
13.7579640771247,10.3533057770647,15.1509196519358
14.2269494849071,9.51017112513125,14.8281235332744
11.6987419986536,13.6597830782635,29.5192453451292
11.258848119772,13.1483827739716,23.6925623780871
12.2771506641921,11.6622536316444,17.2529690597526
14.9968790235138,11.15982053976,29.7303082318989
13.7485229664415,9.59013497399597,11.817164168714
14.6094906443865,10.8830546453566,25.4702155562589
15.2003241676776,10.9678412474683,29.7888609313135
16.1403836175525,9.99536282933614,29.1423807127972
12.5726675998406,11.7347910767418,20.2299428975462
10.4781749143701,13.0500941632178,20.3574624104607
16.8391703273955,7.32094980427379,10.9914766997371
8.90952017809048,15.9389816168957,27.7305575070574
10.6244878860697,12.9137097414737,17.3783169984464
17.4475089576174,6.70320322558721,12.7270494405275
12.5641076175533,10.3705318280695,10.3260923641785
14.508389007218,11.3222447388617,29.054299578922
11.9575809090779,13.438583392932,29.4733683765147
12.6562203706158,12.2222951665594,29.4227980094375
13.7221207236717,11.8310755808968,28.3577815466701
14.1681317562738,11.6594285646036,28.901219536729
12.0554161787168,12.9561641147428,26.1423778155594
16.3705047694614,9.16250157049129,24.3278446872934
10.4501334792458,13.8120925235503,23.3203544323848
16.608950831518,7.7839364061804,15.5939038968661
17.474810351829,7.00475792341477,12.4077687177691
13.0979724160175,11.7329303476313,26.6509160370837
17.2148016812649,7.364649603033,13.6562208279485
17.0739336841037,9.28693124388421,28.7253081110816
15.8026277779792,10.3902063416382,29.0327723628856
11.8357814730479,12.5940151023534,21.0196664115548
12.5748207731845,12.7824590846938,28.6772235832607
12.0501380486146,13.2961574604647,28.7004467970034
15.8821117488759,10.4117533483283,28.3249687948924
13.9113456995846,9.97742885986317,14.955516331262
9.12173588736567,15.305486334935,26.1842149174492
10.8293842156482,12.9064230395392,19.7766644660689
12.2845218171265,11.4335465294652,17.151350942113
14.5449760267391,9.82840437700701,17.8508319464484
12.7440358412152,12.758580087285,28.4434778874339
14.7020916330316,9.5440146779669,15.4260495111976
10.9106452235536,14.0038634326278,29.3664957777228
16.882503652289,9.21057298349358,26.6670390356676
10.9944803406274,12.0337479737446,12.8833965037479
14.0157507500805,9.42282157087355,12.835702768322
16.5254656936929,9.04925470462439,22.2508587696536
17.6647128325498,7.25770162080086,14.2690832647008
14.4791775968453,9.34798679982285,14.2277739101833
12.2054337540237,12.6788900733739,24.8700672954308
12.6564603459824,11.7074031694735,20.4932532179898
14.2553889093929,11.3442747119427,27.4867635895261
13.5496362622186,11.8111760427845,28.3236981941097
13.4160468641712,10.4546927295171,16.1973492593395
14.5718176363533,8.90071970287645,11.0842624483484
15.7664564776042,7.74061786882424,11.4180534533561
10.6599065331035,13.219038871014,19.6136777975001
17.2643697131985,7.09359783269837,12.4822437442274
14.065749478078,11.2653235760554,26.1246460037544
10.5724677880451,12.5284493341718,14.8619458645411
17.7065778966164,8.71272907863559,27.5331371702355
13.1274877011921,11.7018395292307,22.1298606570938
15.1319149673603,10.7704949005508,29.4207062761703
16.5308341212973,8.17997194060667,19.6953468300578
17.0342642158949,7.85065230734743,17.8570772761981
10.329003044383,12.5811302062982,14.5910777812042
10.2314160083113,13.131194010418,16.2727261578209
12.6889547451697,12.2197529275505,22.9118673939448
13.4228818914401,10.7060686980631,16.7436589353696
15.6396827857703,9.66381991724463,24.0591123012721
16.0585796360852,9.78353438789654,25.6527323339572
12.6453399926149,10.5182771240691,10.4560922066982
9.69328268373964,15.1346466524328,28.834529510548
12.6120307391529,11.3393317014363,18.6838401123857
14.6060879225393,10.3573349503053,17.9450401974141
14.1686605871438,10.434455631195,19.1931114649421
12.0581769037372,13.121156541244,27.3956018536581
9.39892020559373,14.0611482464723,18.5072920586468
14.0271204279653,11.2947699021456,28.085315954592
15.2067855196147,8.89884722125278,16.2539561331916
7.62738324814164,16.6597531137268,28.1751097054117
12.7605329503157,10.4968220439557,11.2033081595556
13.9385974757883,11.016953506657,22.3911629517228
10.5339704791487,14.289980629347,27.0217548655069
15.2810280228812,8.37754682280853,12.1733395924161
13.853418794802,12.2363138377354,29.9988032059821
17.388902204861,8.93997050324803,28.2267755587672
11.2039337127181,13.1551830778121,21.5892898388629
15.3084482337504,10.7429961774392,28.673642233002
18.1345458796725,6.82672413674135,17.2090755311643
11.2305907924215,12.2460797443352,16.2616990846814
10.5076706808074,13.3659360905952,21.3556922733373
11.2139483919869,13.4765077601154,26.2091418679264
15.2173320268124,9.35977298738338,17.8571372338807
15.8021997077009,8.78407973020647,16.1443823700084
15.0073975071351,9.96429542964449,21.6466056753771
10.5527883342003,12.5321005526589,16.2135901823146
16.0172862411368,7.63325740017597,10.7018608407216
17.777493531795,8.62922299098486,28.1538839694819
9.51913788798984,15.0438467016287,27.9503456324737
15.203929198128,9.38853570201432,17.184711017049
16.6910889453602,9.59530783703226,28.7254894143682
11.2088789358583,12.7805564261005,23.3489208923715
9.08857106689344,15.2680273995303,26.15982483861
18.1378550136235,7.5159457078733,23.5721293730721
9.01031304320589,15.2832691099875,26.4395773322554
14.6107767219277,9.10724918261558,10.6494009038591
11.961769708649,11.8863301842287,19.3083408028631
15.931036496675,9.21484609513771,23.4712751722008
13.7225367353892,11.036516477109,22.3621026318126
15.3608743954263,10.7844618343343,29.3001977889985
15.6661555087991,9.82737226391903,23.9120374255926
12.7905546528514,11.8052205153335,22.3499997462213
13.9427149038659,10.5647929353629,19.7107205166443
8.69314513325192,15.315203837502,24.0933646376061
12.5468044280167,10.8932384947859,13.676104909864
11.8909822611695,11.6529906265655,15.5178439074441
15.1515962167491,10.1959421680465,24.7154043461354
12.0737048140991,11.0656740241149,13.0700593715411
14.3590734643015,8.93330589933221,10.429107047507
17.0228952195704,7.83179335390652,16.1752579144777
16.5685812650325,8.15082023149096,17.8048444835469
15.4870602213962,10.6735937224353,29.2257787443954
13.1782060870497,11.4475798187935,20.2192052173578
14.5738778051632,9.70300163048099,15.438651120892
14.1728127647013,9.68755148681276,13.2974117761782
8.11983343331856,15.8364847970431,24.6876574121891
13.3516942087925,11.0762274842164,20.4924963047229
7.78529749148934,16.2300997701704,27.8055537821818
16.9972509042415,7.89461081475275,18.7558918126354
12.3098788964879,11.5865951976682,16.8551523843899
12.124318608206,10.7309745762122,9.91047453681944
17.7625709553409,8.38885465278891,25.1566304684778
16.3051054437887,8.14368769083997,14.571706822531
18.6608260283331,6.54733965056189,15.4116883934439
14.4893760155007,10.6793958581549,21.5510135248726
10.3363104991986,13.4005108489435,20.4437046504167
17.9229775276061,8.41909313185292,27.4770365200016
17.0173646149827,8.37651653947314,21.6231376719091
8.36889744296253,15.764751253505,26.1079045753376
11.9886351050177,11.2660142976264,14.5316003910486
11.2293970312335,12.9733960292253,23.9414521483173
10.4339406074918,14.1178488608722,24.3520389168711
10.6774553922607,12.3955015381903,15.2360048198974
15.2063894867682,10.7306889040282,27.6262439412011
14.8850345993539,10.8644361450258,28.7903004038057
10.5102871804325,12.585658873224,15.7150265469563
15.8020585306009,8.3460701933052,13.2369612946751
18.4584017747167,8.28107085898487,27.7920533801257
14.1051412340733,10.7935724668631,20.9111918637471
17.4995260023459,8.56525170721819,24.4816826451183
15.810331638638,9.59744798319569,24.4877680614573
16.1837336999798,8.239143596047,13.3099629510273
10.5621395049462,13.7341151079332,22.1823952004286
18.3763034558133,6.41016869701096,14.0605328146315
8.66685669327568,15.5423872901111,25.0851273619456
12.0271715791335,11.9292725772173,15.6399483895117
14.548741836584,8.79132269699228,11.5774133255121
13.5943164427688,9.79525821043945,11.1451941402186
17.5876136556003,8.81565883234273,27.6338768561025
16.6904876880964,7.50179008292693,11.3069865950062
14.8836326780766,10.6847730464856,26.095686589301
16.2809096916511,9.67535350485146,26.2113382987367
18.3930463883362,7.71342604909056,23.6930818447647
12.771025755022,12.2788617806865,26.0378397922281
17.053033366786,9.47603030588937,29.3964867112437
9.18846023590469,15.0521279462079,24.2083962641178
14.6284070941783,9.78120141432272,16.8516626596868
14.9520968010965,10.0777017647127,20.3408297668333
17.3039808716724,9.38661630913554,28.3947745466135
16.4997025433097,8.32351898594715,16.8543538796444
14.0015437315641,9.66647767250882,11.3414064086736
16.6929316847407,8.68585193081276,21.9407759910215
18.0968349727197,7.95185926487972,22.5883814355103
16.6482203495665,9.72005109484102,28.8326395545684
15.0801213277386,10.8369136338511,28.4967125040146
16.0580566302003,7.93010158305262,11.2928555247813
13.871305885754,9.31941318258912,10.719589307534
10.4345312561711,13.2120036191049,19.2480170825437
14.7869272812044,10.1081793812856,21.7855235942071
13.281123888609,10.1118387438779,13.3519417502793
16.6647830375901,8.63965479821076,20.3696666836114
10.8919692743515,12.6059589346278,14.3667620123871
16.0944829541483,10.1005799542884,28.4318817695199
17.2729362258221,7.22665028630904,12.4510110150981
12.8135621855975,10.8459767509243,12.9518339278889
8.70564687164801,16.1864174435618,29.250077916876
17.694832173279,7.24018067830158,15.6320771598851
13.4827834124538,10.2917077253617,14.3080348720234
9.97444313440755,14.5925418411021,24.7240477467296
11.1997489778487,12.9733118120987,23.0779871368357
11.7538237855859,12.8122742712325,23.1402938290814
13.6047067837026,9.75313095156418,11.9564519462024
8.82523533240467,15.6586266462814,29.32266370218
12.4360690145423,11.5687815021639,16.8801969508814
14.233591491194,9.83714262192425,14.858454827689
8.2138736282183,16.2047995084852,28.1879840451401
17.8404180386646,9.01869945439157,30.6303823622663
18.2175023508863,8.1875223380661,25.0221623338017
11.9860586055915,12.8309237647365,23.4390523837868
16.1871099355833,9.19877833893954,21.6717723645362
12.7538951258427,12.2078369423748,24.5206021801914
8.65119588950401,15.6191410093644,27.8579309439645
7.76974424002412,16.3586409748212,26.7731896754277
12.7933319944604,10.3816972253177,11.5968210903477
17.1129809181874,7.87595916668943,16.6900281822978
15.5809901042,9.51963053407524,21.3583058925887
9.9434210950592,14.0248638123233,21.0340592380837
9.81054665118829,13.8670941356171,20.5157940590203
16.4615114020563,7.60497270115996,11.6506699690232
15.2712196617396,8.48904245717632,14.2129445422028
15.5010602212436,9.72727205495523,23.6254733353923
8.25600434616208,15.6531305093367,24.0744683010465
16.5190095090841,8.79645895333194,21.2037711481435
17.4306110969283,7.62332744448356,17.0388936615058
15.5784244849694,10.1692561599566,25.7913551126955
17.7251486471823,8.93558366706657,30.2045923980274
13.3829565622746,11.0936942460472,19.1992429328863
17.3420098446771,8.89650295859541,28.1235172125015
9.77793036855458,14.603096722912,26.3364787343892
13.3667132168872,10.5792263717076,16.9167334343138
15.0302075841164,9.91470779533859,21.4725011854986
15.3493693619299,10.4884863661801,28.3451492004084
10.9653351679243,12.1795897275779,13.2581328678582
15.8226805770404,8.43204165862507,13.5265069185004
13.2574913053786,10.5240986206862,14.3848821701363
10.2000871293432,14.040531758147,26.3458090887
12.2293900165737,12.9078984464295,27.6502864495333
15.6526030485537,10.3336803643258,27.5526924867541
14.2726295060888,10.851517596574,23.8238298066796
9.5915198849375,14.6183280193476,24.8819453694872
14.8080267593808,8.92646155837961,14.7422651750541
15.1844388515563,10.3952361769169,25.3259698486147
17.2214429078525,8.55629559119819,23.1443704309559
16.9095912856989,7.81014344512494,14.4386816775764
8.0830088713203,15.9560265071497,25.5567233161211
12.0491084670691,11.8732783684359,21.0215610167998
13.0786727439973,11.9731722874667,25.8167847713607
11.7248071032474,12.5942109577464,20.5693647928163
15.4958318991075,8.66124251379613,13.3263456846637
12.6544735484484,10.7560155405207,12.7111784547144
11.9567454698768,12.7399362580409,22.0844101003218
15.7101482495856,10.0359719375858,26.382690616296
18.5098435909554,6.96553858421452,16.8569770233708
16.5172437430472,8.70422798784948,22.1488473594321
17.6106237807574,8.05582179699983,23.7834351477687
10.345269621131,14.3917820098598,25.9930826431083
18.4565226084373,6.51645630561582,12.6223749524217
10.5737023468241,13.9059078464906,25.2583278513714
10.2040483379652,13.1259580859253,16.0623104651535
15.9301702220318,8.99822585397607,19.7797310818075
17.835645664033,7.28242942354173,18.1453838331209
13.0113236001351,10.6846878418246,17.7357077859717
12.1206838357072,12.7552556330761,22.6662590068522
16.3039072311058,8.28939410940422,15.1899136479274
13.0956436955848,10.6894376264863,12.418846842451
14.8670507508219,8.96691831079371,12.5071370348916
15.9409061545529,9.73047783949231,24.492774918239
9.6061984808397,13.9667509606802,19.4908523235819
10.7667022146609,12.955579406076,20.0883046684917
13.864663822482,10.1733203427493,17.0327970834998
14.3145904540687,9.58755030642908,14.0186813329581
10.6391124631469,12.9950888595131,18.7293345410745
13.0648310169844,11.0237243285995,17.9612001222944
15.0995782034957,10.6206333002688,27.3897684300289
15.9420742158597,10.2047916250079,27.5653945539643
15.3026332854631,9.2690369005182,16.9524616658044
13.4633426969199,11.2975828665815,25.3910181397753
18.4966312333159,6.81202024004523,17.1861926445434
11.9781377763791,13.1104141118825,27.3980964998214
16.9574080035269,9.47954471495143,28.8341732787033
10.0650535075726,14.890590538358,29.1941687285461
13.0633026429592,11.7294532514029,21.6621792260012
17.0897617925545,7.04135619547356,12.5320005195251
16.0126304084459,10.1587694505217,28.6485136742594
11.9244893055086,12.1607622194868,19.0285233832709
14.9880499123729,9.24585803374558,16.6173430661194
15.0549358758941,10.4942779420993,25.1372345948853
15.0937340200225,9.67966142920352,18.9185490134471
9.52583365944039,13.9059220067622,18.349775802168
12.8161838088617,10.8868897031995,15.399549012073
17.3520080455466,9.20331050069278,29.0796061686674
11.1753484111099,13.7965305613597,27.3731054527228
8.69799374356542,15.2967426361723,26.2670308980777
16.5004658035872,7.51522923445298,12.4460757679011
12.3854244008293,12.2122805409861,21.1189781282462
15.9313046495791,9.50903540174448,21.2930612986864
11.6677564025311,11.7957703924782,15.7597486860895
15.9808583740566,10.3417073382632,28.8294222208192
14.690328490764,9.98934622105872,18.7676859860449
18.2439524596327,7.09845690097495,17.8975444024317
10.3522617971228,13.7393812338763,21.6538915870837
15.6270057758964,8.09337482549994,10.9199109298901
16.5335257824598,7.67452487944952,12.3891641189809
15.9538870125647,9.026136974998,19.6806818369145
9.05157133781834,14.5044478793762,19.9435003083643
11.0927298352583,13.8469606314078,28.0906064821755
13.90042589195,10.0923884937583,15.0347768194058
10.3240337866252,14.5525050858513,28.9406659809929
17.5781352088989,8.69556728616249,28.7696943083267
17.2520524636961,8.57641120285061,25.6399683500831
15.1115619267703,9.42336354893262,17.8827950138892
9.45622736510387,14.048976104241,18.6535500276733
9.97307328984723,13.9644097456201,23.4038915511069
18.3431665723093,7.18446977318671,19.1917633494766
18.4626990557785,7.37825406920026,21.9746429913996
14.4168801068249,9.45664441166082,12.1350120469993
14.3810612549017,8.790621003176,10.4087905874907
11.0165022497897,12.7058571731888,20.8421885630977
16.1272690692875,9.99230695846252,28.7342683265831
15.620847497039,9.71655515524657,23.1473433404232
16.0873794881335,9.00186789593668,22.7802037884454
16.7225558856387,9.26700820479854,24.042696339824
14.8292544093028,8.93697968188196,12.7363215979069
17.4608795554994,7.64405153631966,16.1138759867165
14.2463006679087,11.4515326637875,28.1041223520477
16.7610063160856,9.641026586846,29.3529046828064
7.88716993467534,16.209825216793,28.10044089054
16.6710762605773,9.37658138887947,29.0411240066259
12.0658024460103,11.7614135763322,18.3796735930726
12.1656874387868,11.2711743437968,13.4646383870972
12.3106855906278,13.3689662282271,28.6065112095264
11.1444905865669,13.0635718737298,21.3718902195041
15.2394653227829,9.97097547205611,22.1966610633656
11.3970098908524,12.2838064284861,17.9782478351942
11.6080571930628,12.5892901988104,20.0924322842212
13.4438990332454,11.866886925062,27.9389670354032
18.1955449632663,7.05652801987089,18.0189781024183
7.17528649243977,16.4420321920216,27.1791646575978
17.3896004590828,6.98732817865125,13.798455472065
7.63524876582269,15.7847137068357,24.4658290267101
14.7167346131575,9.21346553251486,11.3236063025947
17.3825458263679,8.62914600595436,24.3096283173808
18.0547859813407,6.96304792843597,15.6565590046315
17.8610572467785,7.91697999058208,23.786534104194
16.8878116164896,7.67947917412535,14.1340365240902
15.5097623315089,8.52098091659905,13.0246429998826
13.2068518250348,10.4578592241412,14.3895922002275
17.543122653533,7.57572360629869,20.3205124022709
14.0997496990963,10.582701571122,19.9430792238448
14.0343837129884,10.8444477159198,22.0802182047857
16.7367266905703,9.37358296246341,24.5936124886259
12.7841957846382,12.2460547810296,27.7333473351091
16.914779870711,8.12987356869304,17.5301124076271
13.3481481225431,10.8876233579949,19.6396662273885
18.1377914672677,6.30835487848389,13.3551666634822
10.897698653723,13.5599285340593,26.6200457591021
10.5917610811424,13.3706239688388,21.134007587331
7.61372244155735,16.0354069627555,25.0385033757868
12.4934782271728,11.213326485648,15.0290707736546
13.7349557270685,11.7652302197827,28.801628513823
11.9769977383878,12.7234644758569,26.529901890031
16.7705324062886,8.99770993449722,23.4856349604174
11.6131435482601,12.0733854402571,17.1254705073428
13.7030189707601,10.2247361404184,15.5226376212937
13.4454593208979,11.4280379986348,22.6187465257402
11.6683033684387,13.2274505742116,25.9564217170031
14.9600463271029,9.40269482612576,14.488925987193
9.97265376804994,14.4402094655336,26.6685553444689
12.7614874129079,12.0848710732138,23.5926078405387
12.4104793252221,12.5470306300579,25.0901969444294
9.80850903438136,14.4478508123806,22.4771975628322
13.67286627865,11.0954386898892,20.9923785699829
7.79842006403017,16.2255755193091,24.6994625153092
7.4935967515259,16.2190959958237,25.8299252607598
14.0480984870623,10.980710069756,22.7318502672642
14.732048495242,11.2217624815485,28.1509250734822
11.5280536818807,13.0859063414884,23.9162063884364
17.5741953730602,8.75498382322281,26.4776150411232
10.2545880539742,13.6025496447355,19.3559932225339
11.1393253734875,12.4627475337007,14.8114338872633
12.3582263122882,10.770716793206,10.961535516064
15.0236968652013,10.5819768027185,24.9323603456392
7.19894590807407,16.7167489729704,27.8733690870255
9.68897672303124,13.881203347478,18.8708742106337
15.0845793151083,8.88023434263991,13.3082801939053
11.6931407707309,12.3733246094863,22.2289366439223
13.170693346151,12.2739310756847,28.4790073762598
12.0302327391209,13.2375186011578,28.2174814505696
12.405781700044,12.6605403955105,26.3933513651456
15.6183573938846,9.64506643797759,24.5413685348755
14.3822853295466,10.8102920314806,23.4911136905629
10.1661968770488,13.7952748664088,21.597254391788
12.7347506065002,10.8297919810562,13.4775469160245
14.9327007913349,9.00468799766194,12.5736217948325
13.6685741767787,9.96306622371922,13.5272493589321
16.3477857428355,7.91475324435795,13.7454420547419
14.9434292452738,9.43840538442569,16.0679568497727
13.2822386447282,10.0163799045051,10.4079125966457
14.0845282279063,9.93450476075775,14.7351198724342
11.0538468595642,12.3133077596703,14.8644974268449
13.0184663656986,10.4051786858339,15.9070901225872
7.46995436517612,16.8972471711037,29.0863107693463
16.2156072379213,9.45560302167786,25.0292634714492
15.5307305026189,9.69124919547723,22.8444930191426
15.5437294146109,9.82872975721161,22.8775921349113
15.5189368440469,10.7853934662295,30.3088419099055
12.6161281038985,10.6277583827637,12.0077707157481
11.5960738169468,11.6576436151165,14.4019401911913
7.87208457824949,16.6195383641615,28.6480016035144
10.030599812695,14.0513130104466,22.5370907985632
10.0130448509232,13.0020762775187,16.8287000217414
16.9682736035347,9.14282381691426,28.1298831285416
15.7606847006609,9.6043135219995,24.3571299690207
15.9822284247363,8.33047383228453,13.7059830229033
12.0045419935791,13.3125603367402,28.6538425999845
14.8708079838488,9.72548904444004,17.9060204147354
13.8600298790893,9.82407684569033,10.61789962668
12.7929830566115,10.003278027129,11.0346028972885
15.7402413675579,9.8144666592223,26.9195498805734
8.13965741957945,16.2675936748379,28.5132895079931
17.0271712921213,8.50970003555635,21.5759747300961
17.8249491178685,7.446432403709,18.8468479157307
9.86643237198384,14.5555217606949,26.1988175730535
17.6718540247979,6.96356337820461,13.5018169632321
12.0453032772027,13.2890198725479,27.3413714957279
12.2519853025446,11.5546672418553,15.6783251208292
13.1096129705436,10.4908780686084,13.1042502321378
15.4095642238844,9.66557150705022,22.0073081617609
10.0260097024715,14.2475427593828,22.7409132563422
16.5169774428578,8.04864656680064,14.3386368548456
10.5668444260612,13.7611156255928,24.2271665949642
16.6089574786437,7.51933289259792,11.1434089722339
12.2950836740033,12.0816724515872,23.4257630417733
17.2922867044546,7.65274350545362,16.1833642349809
10.4411317878436,14.117268385935,26.0914829078404
17.722072679391,8.30221143338449,25.4499735205184
13.8690802576388,10.3426449931299,18.8729747635967
7.7893479938882,16.1095500306518,26.813993213239
16.9018379829232,8.34831088106614,20.9223471288916
16.4394870631031,7.84411244757962,13.2825249449656
18.4340172736827,6.64737657907522,18.6532992490895
10.4594989801821,13.4280760237107,21.0094126064092
13.3562485680011,11.7011153818514,24.2209719184976
10.2943778289683,14.1833838015555,22.7540532970415
16.1515736804201,8.04391489454705,12.7210976141785
16.7595266016314,9.43758103824853,23.3831234964819
9.6821911995699,14.6183309635944,26.4389899189302
13.4242995526979,11.9916392040625,27.7145007727649
17.689009524301,8.89193974726596,28.6909992385254
15.095878161334,10.4360653171377,25.604521378775
11.9855285056669,12.4554697867361,21.3701327956133
18.3118932387801,8.01816967967516,25.6081799370888
18.2671118757069,8.54234181837903,27.7153475290851
13.9297857900626,11.3958162853462,26.3007909711797
17.0802903855601,8.58873913997322,21.6221795822929
12.723788717488,10.6593330957264,12.0585246384255
15.0574274246148,9.91793883710685,22.9092753246796
14.7962684347187,10.2155977729825,21.0074378236827
17.4625120574364,8.07964937226575,20.9608116901247
11.6934522128671,12.1238691551,17.310140309801
15.6973050478346,9.58294772747191,22.1708116084529
9.91402280410028,13.5819179570925,18.3920237701947
16.1553218737837,10.1781049241407,28.6932147490646
16.6343034279108,9.14949623348424,24.5354007991631
11.7615967053334,11.5272449251731,13.0007776331873
16.414543350237,8.96096801941652,21.3725671428473
16.6099338237486,7.66583699038632,13.0142163984526
14.7166928392483,9.34341530625626,13.9221404561633
14.0529740535481,11.4090373880192,27.670445419491
10.1609667510714,14.7152780751623,29.1953251483118
13.8358778432384,9.71132829281241,11.0267982686227
9.91570311819792,14.5352473521698,26.1843487130701
14.5678625241716,10.8210720673758,25.3573629853447
13.0133921485984,10.9466389475862,17.3340191886398
18.0224975940476,8.40885801397115,29.4215157032823
9.78782073978898,14.8774053265527,28.3880712119104
17.4012159221964,8.54127064261292,24.1347678912215
14.3216748688066,9.56926860768734,13.2784242051015
13.4141823771127,9.92552169974102,10.5995561240708
15.815799619891,9.72556355781057,23.7388555580427
17.6390015603904,7.58665492199686,16.9400753722753
14.2541225682938,10.3916049981725,22.3687132306452
11.8707374165823,12.9622061385395,26.7032191132102
10.2002466529835,14.3521802990199,27.3151142882081
15.0792934086065,9.89883913887649,21.9715645329908
9.74770725915509,14.7821773357061,27.6434879719819
11.1268412090978,13.4921265152256,24.2237653835537
7.12915714687301,16.4251609709933,26.96032767002
11.3563995405121,11.7727324908052,12.96643025282
10.0391906895022,14.6674751501627,27.26573018803
11.5430531285996,11.7410449922916,14.6543264790552
13.6903802377073,11.7016462041368,26.5494657472097
14.3265018508185,10.244013106676,21.3879871236095
15.7969418460117,9.56512641378557,25.7044097568576
8.26982122471791,16.0108589146259,27.7203629631698
11.7439648638989,12.3677298151187,21.0879972975269
12.3575991296626,10.8400982350757,12.0623534622058
16.2215456884024,8.54643404382705,19.496782308246
10.4891460348784,12.5765171402315,15.287127414386
15.2366585623491,8.65448566102167,13.1284763009178
8.37467350529397,15.7369184290259,25.8960570578354
15.6465476359177,9.65980719532666,23.7134916507597
13.1640585277237,12.1698630540627,29.6010741394627
14.5279533000232,11.1779407974523,27.3047941263096
16.083810604121,9.99917729186432,29.7094984758553
10.156487648945,13.4089785259262,19.3794183200398
10.8161122258162,13.8307864601056,25.4275672529305
6.91024948836454,17.4053927446372,28.6814130874454
17.1182145632208,7.82030003650221,16.6724272785393
12.9402405814548,10.3945883461106,11.5140974640143
10.4461225598182,12.4714468267198,14.8301026034365
15.8310780498694,9.67931157962314,23.1997242052466
15.0093816045254,9.42090115096341,16.3465413028796
18.3500292964679,7.02762657151644,17.2634585347042
8.17576562381069,15.6860135040011,23.4245055541245
11.908299170674,13.4186379293297,28.9008214061574
14.8179409711717,10.1082556036761,21.1457361743621
8.9929012653192,15.3469350198707,28.0025941849996
13.2926315216493,11.4220538048849,24.0105633860302
9.94426169132608,12.7965518975328,15.4486291302109
12.7176862163778,12.3475220809158,25.8253342712567
15.3149267888031,9.89059632823094,24.345618008419
12.53879230348,12.6900870794687,27.762583201481
7.83082149586569,16.0395858352212,25.7128240056311
17.8167165630679,7.09608534594544,16.5021837331885
13.612579291189,10.1917039823981,14.6848954793124
17.300905319376,9.14826200297337,28.9526601724337
18.359156358606,6.20578092021661,11.5315735607107
14.3764248942675,9.31858942539604,12.3127309508913
9.01613812527687,14.301357793793,20.063786493687
16.1297534411015,8.03265580638111,12.2554199443052
12.4604924066556,13.1250200680834,29.0960514719369
14.5282148846008,11.0998329849623,25.7310197325446
14.349916629899,10.6103972572885,21.7066115085516
13.8807434838371,10.8168439727981,20.4476695478119
7.65929597358401,16.4946028329735,26.3687637542517
13.2057579005008,10.6915086499694,17.2686826628282
10.1729429531334,13.92282034354,22.1877211300163
17.6348509801059,7.98146804832011,23.7484833955089
11.3381554568378,13.452006748756,26.5484929358268
14.5142380332906,10.784791685325,24.4403123895377
17.4395266881402,7.65092248046629,18.5050163407232
16.1436987212882,9.11921235436063,20.2392897594431
11.9981248190299,11.9162015698404,18.4989327278457
13.4304794376012,11.3490862989831,23.9398688698114
9.80570492548995,13.9706711300054,22.5435037554956
11.6067948393378,12.7988641022049,21.386815700105
12.6114184781272,11.8420657420929,20.7415027781325
13.5254421080319,10.3319307415449,13.1274457958014
11.8317720988021,12.311515030948,19.6514387298854
15.5730539844382,9.79139891104397,22.2990633260806
8.38596875751556,16.1109823981529,29.0147447416789
11.2403539577578,12.3593250747981,17.3852206347739
15.6784658692649,9.83278179447448,25.7693475218882
13.0188791665213,11.004311931476,16.8009457347492
13.5213534045795,10.7309528986355,17.5773539043147
8.77246286386054,14.8418175989564,22.7002015731083
11.9463030591073,12.0977573759299,18.6636608221976
15.2642392568576,8.69549465874407,13.7183400957639
12.164090138727,12.3376210656635,24.3883657705306
18.2012592940146,7.98990671607147,25.2880457250388
9.93193692889665,13.7434017424257,21.0804785562273
8.86246079327454,15.4154895327166,26.7389381882689
18.1760395502438,7.21281050531515,18.3822781243039
16.7058055800015,8.41635155303391,18.8525380231561
14.8677456801929,10.3096672429386,23.1196348257733
13.2743080753918,11.1352084318157,19.7696507616245
12.4122123530201,10.7155494413083,12.1521240080579
12.8596607745506,11.0302604388116,18.2379448916032
16.6781562326862,8.66931111650887,20.6873127130521
15.3275606151074,8.68018049147365,14.5835384098374
17.1075912757084,7.22828974454051,11.9135086948364
13.6272892586193,9.52912946571961,10.9802597522144
15.0668436408594,10.4450225844036,25.2410782009949
16.7253408126138,9.19478459354777,24.047831057368
12.6919514224018,12.6499980845161,27.6436780918096
9.13454078989005,14.3868438784642,20.7164861079626
10.7729802826474,13.7236931144505,24.3123506589378
14.6599664631174,10.426604712164,23.4403488136408
13.2667556088738,10.394401129985,13.3585995231382
8.38879022567416,15.5691174878738,25.3561883366337
10.717959707615,14.1128251859108,28.2983040370283
11.5605378610218,11.6034462664714,12.5232446930922
9.99686781551963,13.1497499258643,16.9234769992345
10.0465590915101,13.4266836265646,17.7026663643469
14.2536903205614,9.94757211106411,15.8579653536263
17.054468910085,8.47443455160191,21.5347535476763
17.6980543214024,7.01342744493822,13.162071670354
7.45175427999332,16.3743837151094,26.368089890591
10.5642986470927,12.6857950313031,15.4279045161449
14.2029910799095,11.3330740336412,27.9142005715313
11.2685415672073,13.8048255548259,28.0140308152056
11.9854590617983,12.085448525815,17.2689468304107
15.1128095194331,10.9094285165434,28.785657167235
13.8507329991499,11.5150856975718,25.4994354109747
11.9490314042761,12.395982765398,21.2658164779936
15.3104732342598,9.65142935788084,18.7683629564792
14.7939541410986,10.6881810558621,26.3979525648826
17.8398483473956,8.62171621996058,26.375126535802
17.0225261154173,7.47588034361517,15.2266248408592
9.70712060875596,14.5445033088896,27.6868395506788
12.7057068384775,11.7281218753232,19.74272186548
13.5980725708395,11.4823086067872,26.1736290782362
10.4152144398916,14.2836855723114,27.1238921365755
15.7489778549388,8.36844794524737,12.5674728710869
13.2070553763224,11.3575677869393,23.3971823524768
12.0512043324512,12.1532773624737,21.7377082163194
8.33563053277347,15.3644832347752,22.5835006157535
15.6804934815688,9.09385556826681,16.3674963002609
13.3774410008822,12.1678865911996,28.599368506604
15.7249265986012,9.28456376488446,20.6669727471576
12.2594129309972,10.9185632550128,11.2476486835288
13.364079711435,12.200828589615,28.911679135705
15.2438529955741,9.16717607970056,15.7821500604832
17.5317503109854,8.77259723492512,24.3861741647904
11.2126422328041,12.8839079309012,22.3902145721164
12.9886942699775,11.1066402583098,16.1901749686193
10.8384365155456,14.3034312417528,29.7419694838995
15.6050087766799,10.3008487179307,25.9220615958135
16.2336522211897,9.80090800285721,26.9150515648455
13.3135923835819,11.1999271149737,22.7255710953727
14.9587509917463,9.28207131804838,15.2573131646871
13.9680642410925,9.73880675719153,14.7412467618799
13.2653382765622,12.2309910831936,27.8606592621253
12.9678047847784,12.6136422715434,28.5278126282739
16.3266676619003,8.36097437107734,18.0754466377219
15.1283943075907,8.96919133130789,13.4999802729376
13.5747787941694,10.1459280001519,11.1588321159006
16.1546248626421,9.55928029100867,25.6348015129137
11.5596254762082,12.9808115860948,23.365272096341
11.9828644085382,13.177286503598,27.4243871557923
15.2765286246282,10.4871880337682,28.572698894541
12.3560935634977,11.21735457464,14.9152152787464
13.3383871455333,11.8464318049226,26.4909069292724
13.8375269714611,12.1056960943553,29.2188391071301
11.2614522414688,12.6837205231958,19.0087558726626
8.76989346767622,15.5040686371752,24.9131222706644
8.91350338820601,14.0418918457428,18.9317590267557
17.6754456217892,8.43810719223217,25.0093809494989
17.7151386071571,6.77525294230162,11.924919334827
10.7759928671649,14.1137849523052,27.8934806909508
13.5510817790377,11.5532469940835,21.8508303429644
10.5573988378884,13.8967772422302,25.4775019284898
14.2502930672948,11.5254732576162,28.3463236144373
9.56686601392243,14.8982336156396,27.2617756168004
17.9176566582524,7.16741575475653,18.2246588768783
15.7153050570355,10.6348849368636,29.5443917339502
15.5559864934771,9.66730420635742,21.6734860337799
15.823817245441,10.6096719739809,29.51942470144
16.168932458292,9.03829602102711,20.4697630427826
9.5946220071139,14.0528135322849,22.7616338418947
9.98158689875063,14.1596118303166,25.6500048666468
13.3610415403915,10.821155543016,18.9180353347554
11.3182630858918,12.4561144661361,19.1448315265393
10.0769407404908,13.1898926072816,16.2290651754296
10.1845899414211,13.7281576394623,22.8993426388377
14.4841645914895,9.4139099110296,14.5275656029593
14.640201828326,10.0887407516804,18.9198077486308
10.8177008345118,13.5557429074782,24.2560891920858
13.6954932424666,11.4902969254419,27.2732830548171
16.1190213016787,8.26899601365006,12.7814613728051
12.6903074765021,11.50115056834,19.9090102259287
12.6967771540463,12.20406430769,25.6032430156534
18.1056210836263,7.92142379286796,26.099817388456
13.2845957862166,11.1977255860587,19.7968414765584
13.0087598112968,10.9510699500358,15.2406959836664
18.3860311864253,7.54804140632409,22.4875052794565
13.3301975472919,10.7451345937597,16.3108355292267
11.7501209438154,12.140292199524,19.98397124791
8.1897320346954,15.757573484928,27.2022535561904
16.5293702614232,8.99058241107378,24.4162013820117
18.2041480542789,6.43310585396159,16.8488441914511
13.38101610822,10.8686112420889,18.846212025101
12.6461483164875,10.711842726212,14.3283678760723
14.1412800118605,9.56829810447472,12.2547360117279
11.3545361552492,12.6094413863341,18.9976646887841
10.4276889086875,13.073955046964,16.687378362632
16.5025627169293,9.50267290235349,26.3484968615493
13.1537741703985,11.8974436571705,27.4285274492926
11.6485815201826,12.7681068318236,22.1406139764485
8.15324531199532,15.6628490644619,23.5173130818094
7.83116448349356,16.0871346246348,24.9425614365011
12.1832365688615,12.1747296344958,20.5885554916821
15.9007000405478,9.69389200632256,25.6651560285637
13.9648266040436,10.7279678452529,22.5406131104157
8.11036084761428,15.7527635342267,23.502260653432
15.9348867440629,8.14728317755642,12.831657792127
10.7182250348586,13.6431990178929,24.1131404023571
16.3828864241336,9.82183701209531,29.1106805893701
10.308785374449,13.3267615252287,17.8714326736047
12.8800621328856,12.5606481203424,29.2139780136674
15.5372436246338,8.8311075944396,14.9285889121168
17.9322548679263,6.87860155102604,14.5617703039901
18.1592739730006,7.75323840122859,22.5659242367489
17.9881885388091,7.43000015648588,19.1813061100472
16.2032462249368,8.08792810972494,15.1311225761007
16.4637732702259,7.34476088578427,11.8367980654394
15.4441231386192,10.2907749544443,25.9258616944739
11.5765285997664,11.6004399344234,13.8651396808709
10.1120892619631,14.4113879999384,25.8613412437095
15.9008188140785,10.4853576204092,30.2870869569831
18.3553167337316,8.07463724355132,26.9790012219858
13.1925296733142,11.3275004537424,20.4338914583736
10.992894518536,13.9278658009427,29.4684744634951
11.3550632674186,12.846211453869,22.1916092721225
16.596233694449,7.55335659437029,11.3346150376712
15.6137467677706,9.22468102844025,20.045831316132
8.50022528098247,16.1386683972305,29.4309965980647
10.0158225616243,14.9359324229917,28.4890701381719
12.6187974275722,12.4124134838692,27.0452288932913
16.030634342387,9.87835337679516,26.2760510532391
13.7777965969756,10.4165651384596,18.4032465667534
14.3670873193346,9.58724506439335,16.0155532048832
14.5508472900902,10.1352202862667,19.6799049958203
10.5878252499694,13.9787243564455,26.8079085162088
10.4091708537573,13.6885178445333,21.788149378364
12.1743924330531,12.0250609518492,20.6384601055159
10.5186293670745,13.4302282557207,20.5585707681245
17.0913129410222,7.2105345080598,13.7262011167698
10.9483939091138,13.2799577352181,24.0044237567472
13.5120499407574,11.6120433389425,24.4763901395675
10.2760767706226,13.0927838537981,16.2438518269372
16.7471116024918,7.50443210160269,12.1492872553252
16.3624222637359,7.87308260127471,12.4263232973969
13.1353282818952,12.3843735196781,28.5656978153787
8.83304511080342,14.6564815742078,20.5004097121933
13.1405295297504,11.8014274538118,24.8301654065575
16.0749286738896,10.0285627562498,29.0658322003873
16.0103603321324,8.57017735665045,14.4459243034632
10.9253366550233,13.2325088706841,24.9737006906075
12.2160547994195,11.9531232255121,19.1950652393363
16.3221722099768,7.98441080252033,13.0843409830836
14.0192154580519,9.40544713322264,10.7483272045032
16.6324125904932,9.27327707987418,25.6595912981709
15.7045595055662,9.78753502572979,22.3822256089438
15.8701788884013,7.91411513169241,11.0645776126231
13.8541676790587,10.0121893593393,14.6873958182556
14.0250940603232,9.96455645134585,14.5817771399424
18.0209445335238,7.49915677097342,20.6351815311105
11.4136109931073,12.175154419823,16.5177954691858
15.635858354908,9.04023775595036,17.1951610335312
15.3706102861819,8.78159609883539,13.5076524596841
14.3232041252705,10.9431059388821,25.9561760137046
17.8123379616509,7.82628735256626,22.4334618826788
13.0777240518287,12.3503607247173,29.052476983348
12.1165283688573,11.8578870066305,18.6516404150636
7.92220189335182,16.2954244067802,27.1063197928471
13.4278016765106,10.0126914565007,11.2770486767792
16.1814235718697,7.90313721936492,13.7094224775035
14.9020601647511,10.0436071241078,20.620885488479
11.4004064606435,12.9548589251837,24.7486316338079
18.0661029514982,7.84787480995829,23.0345718362573
14.5892966086572,10.6782868052752,21.9698790737095
12.0876335291005,11.4953801999767,14.6571376046828
8.65893945399045,15.2036287056912,23.2536328739902
15.6790194106337,8.86141434914467,15.1370258802251
11.3280833372636,11.8160030882904,13.4195521807452
16.2016584146157,8.68776296505143,17.8927742335024
13.4120465853671,9.78125154933336,11.5346574170747
13.2580627788022,12.2798893717519,28.2034138759911
15.2462768745738,8.71050487835816,13.186139733984
11.7793875698956,12.0969533301919,17.6271271799982
16.4175309156759,8.16131035589905,15.051459065012
7.2067599380892,16.7083941813304,27.0559178514658
12.7444852089901,10.9006540589858,14.0994085706466
12.8111901610667,12.3813955396413,26.2501546505262
14.1975719853194,10.908457239841,23.6981864141904
10.5606274779637,14.4857486602992,29.0432074967444
16.526947836683,9.54485041877344,27.6569445965862
17.640988172203,7.80537438203749,21.8354493086042
16.3721587671878,9.96401916812135,29.0629950940195
12.9263760874008,12.179933124496,27.8601682513966
13.9147244761552,10.0000115749918,14.1816865997197
14.2077772203723,10.1650100251627,16.8846678117054
10.6885957409944,13.7337340562016,23.8711538888245
16.5071618667421,8.8003736771758,20.2753628722837
10.1705383597764,14.4177009182586,25.7928592168916
11.267827327513,12.9718570797727,21.4059938446322
11.8907016292885,11.6657364531836,14.2078364184322
7.4373501335027,16.6619254233927,29.4272404525035
11.1372340137087,12.9309376961253,21.1793254490291
10.8765677621675,12.0771253284024,12.9442535342592
17.6668416234566,6.32441973823705,11.477993920541
13.4582013144665,10.0942016353038,12.9449539654848
10.0464803644752,14.9683853789662,29.6962840194601
12.900350192818,11.4363303976528,20.5381694453825
13.6812234367659,9.79757548728326,12.4093794787233
9.50251321849642,15.1082746811846,27.4480772300768
16.8054391898912,8.92198579926264,23.4760311037187
16.7858860801663,8.00962338798823,17.4299813904128
15.0141090925181,10.6996777516257,26.5136361126504
16.7490067267134,7.36743277132813,10.8035190932933
18.2518175196568,6.27136569977887,11.3890506574645
11.170498900788,12.8646677945133,19.5990592303182
16.4341144048458,8.31671297634051,16.5914148675614
15.5892333546113,10.5159491765746,28.6065864660516
16.3839868399206,8.30792793835356,18.6569820321554
11.6793583422435,13.0291401429738,25.5169069268201
11.9797577200072,11.7743597270995,16.3245161158793
8.07193116315294,16.1200068875473,29.053773896555
18.0119865906955,8.03089074060538,23.8580838839066
15.6160420310681,8.79301766305421,17.9878639400037
10.7220186188706,13.8786324250909,27.4970800013696
14.7459095672992,10.2731414551331,20.57078974711
13.8246646788421,11.5317418586666,25.5405133311725
9.07373043776299,15.6104586169979,29.0544443896641
11.3043893892881,11.3885770293233,10.5010686451386
16.5945406836837,8.7741999834537,22.2335848970866
14.2326787625145,10.7140528615594,22.1968074382546
9.90798339591993,14.6846851689522,26.5923906740359
15.8435206867297,8.21116395170621,11.437020105039
12.1059410966191,12.9041441089662,26.454584906141
15.1228769039047,8.99265818500448,13.6519694071617
16.8231334835889,8.11736722926178,17.3532686594999
17.5577548137304,8.64629191794357,26.7334086927985
17.5712897289946,7.29219438026647,17.9842849580391
16.1138393689043,9.51371230513812,23.4217627673701
17.6166862428665,7.69129600793698,18.7261443470391
7.4471980328386,16.7035883689168,27.7107225176716
12.9165341233311,11.3080127473009,21.1216261529241
16.5587409607279,8.18191758129069,16.0863414983062
16.1187771223036,8.06860143734456,12.5779778214212
9.21498426115123,15.1278566443559,25.8287651256348
17.6862832195329,7.39260519899933,17.6241708958954
12.2224413260847,12.9069435669294,28.1428701076816
15.080322679072,10.9057477176895,28.5559760437989
10.5079450871149,12.5353307777942,14.6565661312138
12.6663443655813,11.8840916903038,21.0136249835998
16.9298651576975,8.04468397659772,19.0415434560867
9.53660787281901,14.5431973683937,23.7175242748687
10.6495643065753,13.5950866775055,25.9480409351574
17.6213011428224,6.94618163439612,14.5064857360429
17.2407676067733,7.49243037069736,17.5935889497438
15.0960527520298,8.62849490330546,10.9890866261509
16.1675171715488,7.89172910795181,11.3712456404934
13.6623340207548,10.8294320744693,19.2864457807782
11.4293368081084,12.4097501985864,18.6299441462611
15.7176504717751,9.9939299150367,26.3536022397564
18.3912239692571,7.69333491096975,23.5225553039479
17.0710248865717,7.75127880794542,17.0962114142731
11.8990059810174,13.4507158366489,28.2286853592614
17.7692644896021,8.87260330963507,28.4478118174462
13.6705910367156,10.0098069776301,14.3883016085973
13.4055337190174,10.76783506332,20.1472845086497
13.6123372902391,10.1672000927924,16.2752120336965
11.4937262096576,12.2262503742743,17.4595439576078
17.1414920950633,7.62522490293642,18.7462050357021
16.9190619813124,8.56139037671109,21.3185439878171
12.5568858800613,11.2554080591016,16.0977230673401
12.4829654802272,12.3400179515269,26.2235178343264
12.01063021307,12.4844658430075,22.2395285072025
14.791630861177,10.0800035523518,20.2278888742642
