4.48666724643627,19.5623655949885,2.18361854996377
5.38985291577964,19.3165461908677,2.27242436925303
6.7742579997042,13.7325515017347,3.2997894533293
7.11548558262764,21.4724339078492,1.72096506363219
5.073843156043,23.722933044766,1.01481340445575
10.3543125301884,15.6859802849868,2.38373268190826
10.1970542242853,16.0456757372504,2.36663816714697
4.13350110004127,22.5991501692205,1.26183781761245
10.6657418940345,15.5145318598413,2.607968158627
12.7411737363292,7.51156990003708,4.13349622026967
10.9052070417588,8.47770684933734,3.84037372236372
5.41529106940449,22.3454792764594,1.41344783084197
5.7722075872786,21.1115846924352,1.77813067993322
3.69038707930582,21.9792254235928,1.41744125776356
4.00708444595327,19.918358695441,2.05492418208309
8.83996521378118,11.1185730300044,3.44648178516403
7.75766086060541,17.9166260339789,2.39897528637842
10.6405563592044,7.49423626971356,4.33039602374631
3.71274608650189,22.7425115809162,1.66347278020886
11.4949957289538,11.2745886190193,3.20308220783295
8.19941436773488,13.795786144706,3.26458314868378
4.72504310658455,23.4476091037909,1.55836844497675
10.7712929554411,9.85389779303604,3.8472084011216
10.65136430423,8.90895259983507,4.00488174965643
5.28756633606423,18.5549321416524,2.32892471584521
5.12569473081836,20.0629378552506,1.87732526478484
8.15093678067196,15.8849521798736,2.69698797753738
7.93806625396468,14.0160292143299,3.17446476985369
4.16405078333898,19.8022354156369,2.15999292370463
8.72019609192852,14.1422609512867,3.10319456154444
5.32955507205387,18.8073550680832,2.42199818063995
13.2992599221066,8.13578827332097,4.04531253115605
5.76424105622018,22.0892045540686,1.43019370488003
3.87173140442764,20.8792913479829,2.02963869115681
10.9182713131937,7.26657926282885,4.18310951020958
4.36562876547721,17.0967569737108,2.53828310068698
12.3958737607711,8.75969683087771,3.93911912747798
10.2863018985376,10.7994980762022,3.64806937677349
2.55817704659822,22.0056825453038,1.83231650181073
6.49367812385656,14.0588731663831,3.24972720016941
9.3207183043451,9.51917910344747,3.7331339742403
10.7508506651048,10.2947956203371,3.65768530116445
5.73830265778083,15.0752261927461,3.08991463667907
12.3033332717052,9.8658382482981,3.75502696919023
6.7147844512883,14.0692678504625,3.2354183361228
9.35829248342173,16.3314147984398,2.62463771440844
7.76454906482503,15.4676372420575,2.8575665767789
8.3019351243426,16.2053635242335,2.61394529634724
9.40728380158109,14.7490288410067,2.76869416494689
9.91773678091678,11.5457705252516,3.61312484400566
5.5507199498898,19.329407459686,2.4020319912828
7.74983174149349,19.9429326196585,1.79988528232485
2.88039933931134,23.2797405104481,1.60398286933672
8.65377264145474,12.1993069348671,3.49863728308173
11.854558488668,9.44047919856164,3.86704420449092
11.6150415667793,9.55406981392789,3.87447259574589
12.6607851855297,8.20642367161592,3.94086480795971
5.12706607057068,18.2222399673574,2.35560130927174
10.3439846447522,14.8299111706177,2.76183221907803
10.8916004798794,13.2512930848999,3.10534797501838
12.1898792453726,7.71385388261843,4.19535008423578
2.46160418036045,20.7887592875658,2.13051424350963
1.92643058030599,23.2797652467442,1.68907637457488
3.9022428165964,20.4959638040881,1.82230652710698
6.38291817330246,15.0604743243844,3.00471504492904
13.5837969051743,8.76879276523961,3.97283748168462
12.8633895204149,10.5393726509851,3.60379756454099
5.5607485395698,21.4866028647154,1.57589703407025
10.3282628365752,7.35939142970493,4.40173336022635
11.2277543381737,11.4501651476212,3.4987754938124
6.02475722120877,16.9049906776213,2.56469110459251
8.66849394822814,13.5412643476215,3.09123497432762
8.45499224308029,15.912098834418,2.62280708892321
5.62762206401837,24.4172651051352,1.210493013676
6.80023792804988,17.6250578557598,2.34636306672824
11.0624453817191,13.3662672625089,2.9636481005605
2.86272603320402,22.4275940581454,1.57421312418646
4.06203106455418,21.9936920295687,1.79390978106784
9.59854566458745,11.1677369049446,3.65116041717149
10.2815174074357,15.1366697973873,2.81130708403337
5.47465311266538,20.3579666311179,2.15129896461053
7.11529082032139,14.6185548079377,3.32457695172456
12.2198547349658,7.90142983152679,4.32657349847549
3.42649887284653,18.8481652147615,2.2110410549338
9.3059847056107,12.431557107137,3.52045537603172
13.286581278962,10.1696809178052,3.39826699209262
3.88796770361879,22.978872340065,1.60557288025524
10.662775396087,12.3845037526144,3.3435914169544
6.67120173699032,19.4678799921848,2.05521947292575
6.84253234672477,19.0007048191521,2.0474368612731
4.14573654732147,19.7848771355003,2.22120879689705
5.33932753159561,21.7947371801169,1.75915624560831
6.87721399598137,16.843577296854,2.66681235869154
3.08681332803085,21.7410286405867,1.63013753913377
10.3131877921461,10.8552914274717,3.77358497047906
13.9377024869763,9.12695826855941,3.75589539256674
6.11765492004003,18.4056483225074,2.19184092033524
7.28563242463049,12.8912891359762,3.43834841793702
7.27057846163533,20.7840632912243,1.84966226783841
7.21668379664842,20.0102107261227,2.00876969589618
6.72024227883182,18.7272449058785,2.1174675128758
11.8465761403435,10.8465265595279,3.58416072093317
5.91381573081452,14.6770438818441,2.99781837000154
11.9636452038069,10.0472025651341,3.76522770620227
5.11801863950237,17.0827034010305,2.504823268112
12.2267244276199,8.79500243945807,3.79106095231316
4.14730570187183,23.5030956330079,1.41840067312369
4.22373348803797,21.568164504996,1.86731394879939
6.23040192502731,18.2556329774068,1.97884015397549
11.593156801546,10.6112193938106,3.57297968031549
13.7538591480525,9.08548866673726,3.8272870199397
1.57207717215534,22.7104142402541,1.79538097168009
8.06589548778222,14.8462129564588,2.99967285038309
6.90844912273259,21.1926626632214,1.61149996452184
8.93964220849249,10.2899407504567,3.86666745883415
12.5263702027489,9.48847297261279,3.81800523341792
11.0362155243267,14.3065439343656,2.86435026612525
11.6511075378569,9.97168527030312,3.72393668808941
12.0883440514747,8.33589953988198,4.07594322314951
13.9364531751179,8.55820729521265,3.8252791357678
6.21515070154583,18.3541357163952,2.07194820916729
9.83409295465509,15.3311821814608,2.79832668495731
5.88766675187975,23.0577935129007,1.4724892102544
8.50446152733382,14.2500433658573,2.99806361876578
2.99083964507534,20.5845213445759,2.14066057223927
1.84583812455879,22.021360601021,1.74198544581292
12.7215622396679,9.90178166336909,3.72327597567053
8.40288307809706,17.3773275846252,2.28362923671978
3.84104607603428,18.8332769429578,2.44375627961966
10.760946982231,11.5242803622104,3.31756167609724
9.77065878928065,15.7653323521869,2.55419411707905
5.59029862639606,18.4624222131958,2.41598868298233
3.46856415952631,20.9973871717327,2.01082319564376
2.99447824836699,20.6681614175523,2.12359193630845
6.99184310200247,19.7900770639591,2.06630705838515
2.51648320886051,23.7519745222706,1.53014164836713
5.14722898381621,21.8530989019232,1.75865167435827
9.52930579048302,10.6060391675968,3.64602061473316
5.00300672158394,16.692620987847,2.59142559745124
4.16881609461726,20.314130603359,2.12612302678608
8.25153808188025,15.0724617807969,2.83141937926873
1.36494534553168,21.8683242189765,1.97721929043514
9.50610654457775,15.8781017437889,2.53502031628586
7.47647491597206,14.1907523793527,2.88650226696173
10.3246105955122,7.76217761243033,4.2949135377773
4.39657462705741,20.5245165940806,1.96696098372164
7.06531757824612,16.6735227914005,2.49829063097697
8.63567746092755,12.6481989050699,3.40923546257523
6.6342057012909,18.9159331056722,2.26342438065365
4.09832374434987,23.6077806777688,1.3556417675254
5.18842012198956,18.0051497694807,2.37158399765735
6.82548124689028,17.5529127137652,2.52689623645303
2.54393190318308,22.8621277980431,1.7424844342426
5.22279881153696,16.9634490812884,2.52442866320356
1.83144562377505,23.5851001859655,1.71324979086222
4.94098720200741,18.4054950375948,2.46550946060499
9.2077329531097,10.3890565360671,3.47786245339568
9.02466908115033,11.3721260559865,3.6435995158379
8.4074123325536,16.4433823060895,2.65779373921008
5.49399945488901,21.1237023997807,1.88532182533175
9.93751525480764,11.7605618157827,3.52533129956676
8.44071478550018,16.2086950150617,2.44261231324784
5.30959321355576,23.5334002890113,1.15806794574688
2.85846030581886,20.2165684992336,2.09658302948074
5.79791272891044,23.8428152328138,1.31954852494485
3.63732449706581,22.4780003674632,1.72119752662681
6.83662602108037,19.867457186516,2.05980864122703
6.28188069859784,18.5817306768688,2.04672339917734
11.0348533377561,9.60011721010274,3.78566505771621
9.65140117161619,14.8589968080524,2.79335360496171
5.17108369273192,22.9066478495105,1.49066740390782
9.38054811589868,12.9714755254004,3.11667456006384
7.80011041048548,15.5243266579351,2.87782262983783
5.24775004407543,20.0574617465715,2.11462393726553
4.11251755956666,19.4191737020307,2.31963152895477
6.74306459152782,15.0860634285061,2.65704581719265
10.2627828513455,13.4504003579783,3.01734651213832
14.5313153425826,8.23918769012519,3.8576205083306
7.08273893248346,14.2949753704517,3.16837146891213
12.5175358984343,7.29122570872706,4.204785893808
5.54328817320887,20.3884944201183,2.06395853614134
9.44079308267505,10.8658862492427,3.72123439606671
4.74982266833229,20.24228673585,2.10655516533369
11.6599532540006,11.9171820627522,3.3846294945406
11.7182715753832,11.3682489418076,3.48653997550514
13.760157079674,8.9111411336631,3.86205305289258
10.9770579221063,12.8105990571125,3.23930684389804
3.10787584958075,23.6232465458478,1.44725834689627
10.3909630162545,8.97485915353973,3.83921455404862
12.9939623902251,10.9714335539989,3.49175402786594
5.47119573064826,19.2630559605671,2.26162160890707
8.80550898664906,10.8083437205684,4.02143960094826
12.178438803154,10.9962245951397,3.48251968750403
3.59909239152227,18.4872647258084,2.39948137280019
5.71056666646291,22.4484402372751,1.66426903511412
7.66706009636853,12.527490267505,3.3765381384762
9.63302149547931,10.0835180996561,3.86763548720773
5.69014026817248,22.935372924096,1.5087345466452
9.5929426503891,12.9618633232287,3.28993055472264
5.02058981060307,16.9541359339758,2.89275118099666
10.7260312237249,14.9249263974974,2.74525549160773
8.81802796032935,10.6027363912622,3.58354725915264
12.3171695886897,9.44235755026578,3.88587371945708
4.06370579475247,18.7888504836972,2.64545077361921
9.08727877179818,15.6696672726579,2.66737934605943
2.80747409963051,19.6310104102979,2.23843225370259
11.2648745499309,8.66297957715178,3.83839439510638
12.552885133393,11.2825477887988,3.21717058765232
5.9777513612677,17.2206257883293,2.48574069493582
7.95107418970645,11.7219731174566,3.38347039061356
10.433746658577,11.367162542954,3.56203004963784
11.4624398995411,8.70906874419806,3.81830817585639
2.2012769857907,20.5353445915297,2.14103145346647
7.27626797360623,16.7016956082653,2.41610951170687
6.11195512586694,19.1848505883163,2.23983431723178
5.59882582257601,19.6627944926947,2.15437152454929
5.95165564268798,14.65757789164,3.16157833119923
2.40356041620904,20.2188271425519,2.2487700960515
9.48835890114962,15.3666268794063,2.81144322584049
12.2777772959519,7.42311958326278,4.1736591266658
8.30075736481223,10.9498190586717,3.77112428309663
3.06085920185057,20.8642868883308,2.00959794832008
13.2597842361247,10.5259490276781,3.56595277629605
7.71726145602537,20.0611474136218,1.96917170558077
5.96041940023479,16.3338474706165,2.67690897336511
6.04205201578565,23.0204727558875,1.47096347696473
12.0426956327038,12.4416359578912,3.25121679397244
7.49217045716415,17.5652391953974,2.33817173623873
13.2195925759513,10.1220553754397,3.64970190660991
11.254064282342,9.67975879132404,3.65174208523617
5.91956142420628,21.9384431404907,1.68934062776344
10.8965692234514,9.97521310777338,3.70967141412995
7.47014322499798,17.927378546157,2.15426617515916
2.55852683749676,24.2405687615428,1.42921485787133
6.24090879648102,16.029645452784,2.68602541246993
6.14710129100911,17.0535387205541,2.45335854636027
9.93835168485978,16.0594858401639,2.64544716564431
7.55096606782344,13.43399641245,3.31444137482458
12.0403240913034,8.56416032064638,4.03476447122942
6.11637511279396,14.9041043475869,3.31796261237038
3.12280657429578,23.7913541188352,1.4135791729959
10.7428216658245,11.56745358699,3.35974614994915
4.67831543300475,22.9774177294643,1.38939369820321
3.93745786985448,22.0714367445315,1.7855422065342
9.57252555657368,14.8431094593304,2.8970874983266
6.00085185103623,21.300445929055,1.5930880995086
14.0860026951251,9.57042365703205,3.71009825431897
7.10089557872596,15.2626545628056,2.88958524801026
10.051323506534,11.041506053946,3.65006679946847
5.39174656123298,22.3328989480957,1.64763246335755
5.60995785395753,22.451999667647,1.47875115441629
9.36930875109702,11.8289104495525,3.36254591170606
11.904000141753,7.68513267647468,4.21789014086847
9.51446157256,12.7639408325124,3.10536632980748
9.60838566022258,10.8481634461825,3.52847582408914
10.313328020642,15.7055622125199,2.69479798261768
9.19862774238615,13.9717106057737,3.10952907967783
7.22401669494864,20.7055184227655,1.99659395411663
3.26605211425553,21.0215122210904,2.18217989698746
4.07234718425439,22.7341377033487,1.70606647148786
9.72067200163687,16.4076595940804,2.5880377455185
6.10706700777748,14.8462709841574,3.12089909113871
0.684121720377916,22.8035171439393,1.82582392335854
4.14007967997475,18.8796045333442,2.41689729415274
2.78548147223929,23.1516756514242,1.79235733563702
10.224998296446,14.8726215699256,2.95559190798996
9.94466415808953,14.446198933165,2.93309926090821
10.2440846506015,9.950714010725,3.96870097120537
9.37313045202562,17.7101677864776,2.34591744696935
8.48794776675363,16.8714291081238,2.59543592596153
10.2554791593243,14.7857485226866,2.79503246268865
3.94434585729291,23.6130677276589,1.24742101936122
5.15175577300694,23.1662758641049,1.49887006915368
5.96516353385833,21.1459251642364,1.9082168200851
6.55326197451255,22.2389028455602,1.46993481404092
12.6912277885785,10.3018245779439,3.64443557771205
5.58291827172354,21.7330078735028,1.64842064936366
2.78689610351443,22.4225552784128,1.53803016960484
9.44730258638909,11.8728611042556,3.6379241784889
2.56080925843945,23.6395659839331,1.54825881149885
8.05615510210227,19.8546280241377,1.77969742342835
5.5352117539976,23.1724000962668,1.25111389565882
10.448892789994,12.6008047501375,3.31253492079707
8.5765882556973,10.057781396593,3.98471437779908
0.673817467387837,22.7660084395202,1.75226415940247
10.7964777772331,10.1450634221456,3.62831286439358
7.05089782475217,16.4871897613213,2.72845513466288
7.55103520325613,20.4903031351939,1.8924274458959
4.63428740533639,16.643928493034,2.83847820486618
5.93722795418668,21.7477055509245,1.73359818823233
4.28069860020877,20.6028647981228,2.06138023406998
6.75507131448662,18.7928490525607,2.35329054419569
4.96973933303644,18.8148379237155,2.35273474285526
6.98886931962774,21.7152957533684,1.67850498630141
6.47004208954884,15.6142861809251,2.93840273521278
3.26194740133389,19.9310888417626,2.04143009283707
2.84038685715002,24.182475407183,1.42440546578832
10.1926398351834,11.8629939834435,3.22060443821597
5.38175216205317,17.6258735151824,2.63158906269031
10.6791300672138,14.0726840821814,3.06280891333863
4.57035493222304,16.7358977984713,2.78780585594676
3.20331236197802,22.4500678150962,1.75225901380908
5.22558076200382,17.7618274394648,2.57854671323527
11.4808777274545,8.74604017296366,3.94933050452551
6.49251009374957,18.0024534032409,2.45712763107522
7.70774046748006,17.0565980340617,2.57521618222124
7.82434140507157,12.7627908736715,3.31333250797382
11.0205028984074,13.6286243589947,3.02406426511761
9.67060516931569,16.0894097738474,2.79735498794419
9.70536694963172,12.1494268059511,3.39405191655029
4.41008464242265,19.72603681601,1.92168022894284
4.81877584168826,24.3132276402081,1.23402917575777
10.5812515785652,9.8205777341024,3.69964036177053
3.98342979388735,23.4751300781027,1.59756587912458
6.31543906406293,14.4595656054264,3.18016527480499
8.94791650111478,16.0454170757047,2.77023734847759
8.05134774051074,11.2665091339266,3.62618341872686
8.82618741605661,14.0554894515297,3.28065533070998
6.00808411584845,21.60542203077,1.7163457122568
7.42333630593272,17.9314810958769,2.35469396097429
5.18956469193889,18.157507798752,2.50091840553976
2.27271318257273,21.1947920840255,2.2327167672512
12.978198464547,8.06717804742561,3.93907319068958
2.83559183846845,23.0363794667687,1.65565142732801
5.86363628458538,21.3873112212616,1.81307876687589
6.11758111096493,19.2206627072124,2.18316147147014
10.2994373603108,12.4661805039488,3.59622073998825
3.21058894031848,23.4476284998158,1.42050367163969
10.4960195701841,12.953881779219,3.2484067817275
7.39348230699013,16.0341331437671,2.79968166580465
11.495867305323,7.53263462845345,4.27253798562696
3.12181337352291,24.1139309248612,1.42172762160932
9.73394901707023,8.97710534627359,3.87414474732727
9.34304885339477,17.8733048234581,2.43242683044722
4.75982026254557,19.363823246064,2.28300014124258
7.4721365519733,20.470967480963,1.78999668551204
9.36441290764214,18.0571422063597,2.29482498175033
7.99514429783081,18.2988734367024,2.30802739087449
13.2960531886843,10.7876795170221,3.35245251227949
6.15027352199737,16.1056243773437,2.89809455233762
6.94014299630099,17.3145094098475,2.46561127867288
9.79020470148367,8.59774973750433,3.81960496916727
6.86177303861108,21.470378771134,1.70696991545816
6.35006221651836,16.2632062506347,2.7117624675556
11.0961719660129,8.01085319526248,4.19958734303152
8.29871461016673,19.7026163367038,2.00735181395768
4.68767135074717,18.4949814522833,2.35309059623919
8.16607860118151,15.6831299904806,2.78902936983114
2.5467579924469,23.8198664992848,1.26362928405487
6.10284349171393,21.2088074731913,1.71345829150826
8.32759959316627,13.7153435543976,3.15581596783998
14.1072998922684,8.98636583220248,3.82655150426908
5.16467049636843,20.835283747242,1.96274304903998
5.1043789715832,23.4131826722363,1.44711893396235
1.95322921681333,22.0961647507923,1.89683161607478
8.79071894449124,17.1404376040777,2.49485972425398
9.51961641684982,13.8658367064895,3.07741678233366
11.3187723864119,11.3427661545208,3.51508537371003
12.1311471179317,11.0776385241563,3.55236372864329
4.56029316101898,20.4222115420817,1.99967021425933
7.7786513173647,19.6933736698449,2.03968931711259
10.4380931110388,14.773014194646,2.57507596440815
10.129956817428,9.26894269044723,4.00449799233408
10.6006318814644,13.9136536236543,3.0974895154248
8.12720362223337,17.9513145680249,2.37033011566912
8.51307725822289,16.933394748232,2.54800381007244
11.6489345286506,9.78542691130275,3.65448398682508
6.92875750400897,16.1353295355656,2.48498325623201
6.09563943404765,15.7645067603787,2.59786437617043
11.3947066534761,9.88801587144785,3.72100305729509
2.82194145259245,20.9677267568657,1.83800317908526
8.6379233784102,10.052854355877,3.96471246516089
10.6166755429759,15.2124581472138,2.60763768329012
5.67889284887532,15.8639110495678,2.67535686225943
10.1760889677852,16.9255658896824,2.38208840211913
3.79009580161175,22.7888641928786,1.5683016747759
3.95896204613347,22.0840015334282,1.78174999851256
9.87496303546947,14.5870506298537,2.8856194334508
7.82372522948163,12.8330562028345,3.36640396688226
10.1589401257105,11.7085570549483,3.30376588992397
11.9518171977055,11.8344650088422,3.37890119146416
13.1401742183891,7.92198216436932,4.09772160551219
2.15045623593386,23.7073400062181,1.56058514602708
13.6088420540706,9.79950415305427,3.46169504411918
12.0494951598615,12.731242720596,2.95130997492632
13.6426590214019,9.08244559004281,3.53410650931705
7.10401997217163,13.6015979128006,3.17288658322003
5.80092211999022,22.5014267985949,1.41468923820632
8.10123889127694,13.4700073096008,3.27493921987657
12.0129492100938,12.7284870912901,3.19515271430947
8.52483004968802,14.4630167792336,3.05000294676132
6.16804641233927,22.0462329029028,1.48487834082518
12.3623755362373,9.85464800873473,3.82958920228821
10.914736745129,7.28706811049011,4.39050951048342
7.17701407783615,19.4425800894296,2.19874324181488
4.93165216005319,16.5106914349504,2.84790346323804
3.40703236160212,18.527125167023,2.36104273570005
4.1353616557684,19.4233547599054,2.30759544903074
8.54170567749862,14.7716621677214,3.09166278648274
6.89934840523324,18.3331650654376,2.36532874590063
10.1829732109348,10.7461379334835,3.64178026980769
9.22941408801986,9.31352105825942,3.91496176038293
4.3677557986782,18.0440679426422,2.61405611620482
0.729486879783518,23.1206403640107,1.76208533487177
8.99872676087237,15.0066824614874,2.91267206867414
1.34439063907683,23.328983239414,1.41211298811333
5.7508962425679,20.8560930748736,1.82004032620362
11.4002227044231,7.14992354738703,4.05466614585459
11.1666647873861,13.1052536934719,3.16881641932506
6.7696019819267,13.7839522619122,3.28970384030195
1.91363969808362,20.7326486526567,2.10907190063284
2.00926461325502,21.8363869045354,1.99375700036784
8.16652288329002,18.8398317715848,2.20755329269892
6.68984289216391,15.0844288534268,3.03230132565749
12.3130800232062,9.57583466150405,3.72116618382466
6.7224628697917,16.0170632116667,2.84244233750515
12.9902281244166,10.4802424722302,3.34733852075112
8.05314186797314,17.8382467131184,2.39745581978052
6.56166153614479,18.6196082522947,2.4106352847568
3.40833250398516,22.8363099603644,1.6283549064825
5.54842147633149,22.5525235882225,1.59419208809806
5.31863768445528,24.3878873235977,1.12002981373445
3.1310038113732,20.0906553679002,2.39046828745921
12.2674414133151,7.59827192595713,4.2627598508076
8.69909564228725,16.9556764523206,2.53746237377584
1.17359521664971,22.4791660891934,1.89454411238455
10.4373134804353,15.2894060181143,2.72461478527754
10.236374718439,13.3245642029787,3.17913378690435
11.84106463448,7.04645091298847,4.3502872885489
1.15920034418559,23.5021706569184,1.56949114980387
11.1668097212108,10.517015102577,3.62466877706199
4.04369561289228,18.2596966232692,2.52392108885204
10.2987300238381,14.815371732202,2.88044214010404
5.29152047980801,22.6366936558126,1.38707562265274
8.51078797491356,18.7512953066786,2.18663795602852
8.30931505783418,11.1584926857231,3.84467635852252
5.44902497192495,21.389875320025,1.83431722681098
10.8918029292691,6.36916713707797,4.26929376372972
9.69160718019812,11.0146813031314,3.53926300017638
3.35085111704618,22.0063807435551,1.93309304039476
10.7733246716367,13.8233927284206,2.75781500852617
8.09586055510868,16.4595588276604,2.63474970832944
7.06180422871208,13.1826832035679,3.31343486881057
6.63485260120651,12.9805148332111,3.53061939187851
3.62627841853464,21.7185736084714,1.77909376325699
9.84980060775498,15.7958894096109,2.56691778178094
9.04892386920443,12.6729544567,3.2862390976932
4.60786740728895,19.2813752993754,2.30851951786653
8.31748004989964,11.3736935624995,3.68472379161542
7.70472886018634,14.3477001135533,2.58551612075238
10.0768731341013,16.2462725215185,2.41192658006494
6.00382700544488,17.3896378017941,2.52745186587521
9.64601173606677,17.0577963802056,2.60218044609916
8.20819249236169,18.7118259579925,2.06750771560883
3.89104126492214,22.2378852785222,1.7547188967113
3.53684542240668,21.451948294692,1.93385879274385
14.2492472613467,8.23764155205766,3.96911896349892
7.18589575647404,19.3735343024969,2.13887892996421
2.78672654208815,21.0991317253135,2.13163520462314
8.65408078170523,13.5440055133074,3.1963762755683
6.35654584546565,20.2961663283533,1.79759620979474
5.37143399264235,17.132477790142,2.70713584229329
3.21005181679136,19.0102916509769,2.45302154879424
11.4571304251904,7.56978189848744,4.22021511088818
4.4959314220956,21.0531643821861,2.05021392144473
8.76333459196577,12.750825940544,3.35916620166609
4.25007486500109,23.3468708366854,1.51019371645004
4.1405459034581,22.7865728827832,1.62952500704729
10.1486381196185,12.8830640769685,3.27324755472216
10.0188072956244,15.8047246889789,2.33427860390418
6.29875486568254,20.9245548221662,1.87829729164367
13.2431541971169,8.32474153683125,4.01052176224943
6.86808184957775,19.672331322509,2.09728777781782
11.8253501003306,9.5497570766113,3.76305401517361
8.66445392878987,17.5241243747976,2.42493684977759
10.7864774877063,10.5374136082037,3.7085742815679
2.02819888679794,21.0720093535226,2.08494139146441
6.91236387920063,18.5067431289597,2.22224636285351
1.30440402187571,22.6546439992236,1.66485025369685
5.14420391797295,16.7021906439533,2.70479107863851
9.39463760552896,11.2607771002022,3.64435934596202
5.55682016014517,24.107320209862,1.16266865772292
6.95833159850514,16.2627095237157,2.77911735739606
6.89994162985303,17.2638990492192,2.33158451096295
7.50388461825048,20.7671151136103,1.83940634593085
5.38026082174919,22.5568689564264,1.63236513332484
4.43109310991902,16.4908389621557,2.72129592141964
3.6399581351053,19.0473831081789,2.44368961665791
7.09647108652732,17.4312736947557,2.53552974880875
9.83524203230533,12.8513460907459,3.44082168648355
2.00319327820281,21.7809631508145,1.93459818951522
12.8743618044399,9.79825463865025,3.55812847156615
3.92774382765394,20.9614606057055,2.00979743523744
7.50660337360131,20.1540230934235,1.94775829400757
4.52771965207868,20.93340333723,1.98023052129514
4.17033866093985,20.4150226407506,2.11777588189491
8.64801812634685,12.6103574913994,3.0166890771598
11.3764827903815,6.67819336274987,4.30794115731914
11.5503097387621,11.9849064122114,3.4133548550075
4.00998642956572,17.8943068737932,2.62308094249968
8.82712600762117,18.4181793750029,2.26809668555073
7.52432616438446,14.8754943059311,2.79398582640693
7.28453001776548,15.1676276198478,2.88893294816972
11.3415218305998,12.7132278314944,3.23757239821567
10.0285651420232,13.1815826630345,3.22012520608941
7.29766738458311,12.6240967317837,3.35752000217845
8.44643116774391,12.9792808157474,3.23808584132356
9.65655379625336,16.105432721588,2.48466480754705
8.76701502508949,15.0254037261227,2.7695789559755
12.730306315638,7.69293785759833,4.34859458579746
8.60453061557816,13.6321395324921,3.21277370372861
10.1386473573558,14.846600268743,2.94851373374532
11.4454709875927,9.95546518955366,3.76477455889675
8.51563330399275,14.399167459568,3.06340898412753
3.94301505474629,18.9546248365769,2.49283058234745
9.72986526557646,12.8335585447412,3.12133711958324
5.87525172293866,14.7809110141162,3.23373011829519
6.83045446820609,17.3343044134046,2.47279663582724
7.50323229410285,15.6215250078863,2.87640062253616
3.81097195204599,21.5587805519837,1.94193635440269
13.1348257200003,10.4808111629232,3.43332624328072
9.17232565861768,14.7105291005963,2.96218123471616
8.20495399644146,12.8151422090356,3.40083222253389
8.9165187530144,17.6736545685946,2.24130303691483
8.82893821239941,11.3435151830805,3.53054725672748
7.80898714926756,16.9644106184801,2.50503378467529
11.5196805998975,12.179961890193,3.25517128490393
2.06650282481283,23.7722403109385,1.33353055070664
4.26811585785287,19.5423137239958,2.05428946270622
2.53267300136489,22.3579931535589,1.8101126106092
9.89444296302711,15.5748881189897,2.74567785634383
9.26284586871323,10.6099390674626,3.78324113129116
9.20495324100021,11.6314061240574,3.64351723851142
6.00361715734349,17.9205385684912,2.33036443527126
10.2645649213425,15.7397333827739,2.69076913817645
14.0358418679757,8.89031821620843,3.70206168263169
4.16269060535864,21.6060546385111,1.73807092815202
4.94369321046788,17.1729315663806,2.599248747376
7.79677304084779,13.3007398459369,3.3268917695028
8.74285575060428,9.81008409383934,3.68275507625293
4.75902254118883,18.5599191190589,2.21454196769144
14.3880076353063,9.43615486535859,3.76517526611684
9.81366744953616,16.5941324831979,2.54500973553794
10.3855458679718,9.24090754221155,3.83183880280245
10.5979476910185,13.7935324309558,3.06343817710865
5.74055348243697,23.8358901527357,1.26340328141949
13.5968710753319,8.76970162870118,3.90012470488764
13.1229068650435,9.17012986063148,3.8365318991065
9.60805121308371,15.1840805355982,2.78963668497121
6.52785317347224,17.4289229240876,2.54772006143295
5.02177160055623,17.0975082000028,2.72436538298009
11.5965890676929,7.94204609451833,4.31305300490618
6.2252996365368,14.6708527565569,3.14286802966782
8.65728778823729,15.7361823443953,2.64209252707815
5.55714831244008,21.5110626752542,1.61215271098398
8.2161633148274,18.4216057341603,2.24384731188284
11.8918272939936,12.0945123519857,3.06652929056381
3.60748674875752,22.4518200580075,1.50172068040177
9.96664160021386,15.0684782152993,2.79232075989824
4.98651098739523,20.5398630593024,1.79510591730858
8.14243779143657,17.4095357100567,2.47969179451513
9.1476447799548,17.6821140368004,2.26817286869269
4.34990775357863,17.9364888297745,2.48786758558061
11.2345653066199,13.5198874052665,2.93056539658757
6.533651449337,18.5511887489954,2.34282117053836
6.24649809629463,15.2860891099116,3.1103221630519
9.30547787544386,12.6798719590382,3.36360335507851
8.79011563063026,14.0222863924389,3.12327504981673
11.5822124114555,8.11338137899767,4.16551238998763
7.12086597410299,15.3298768223327,2.92835060621066
4.07197270003039,20.2489771898643,2.33980743543124
7.53398864586992,12.4741618524807,3.50886520692783
2.70014932398378,22.4428595035275,1.68060726838237
6.73378728265358,20.9355686494518,1.91286729780054
11.4876068338964,13.4237154956462,3.17352563237683
5.90446099628494,17.6591790912728,2.55945142835655
11.1759997581393,8.57282580144969,3.7952056383196
6.81942133226902,13.8572765148693,3.1779101448347
10.5632703502428,9.19390150998842,4.04662025468919
8.87629953331257,13.4516170655262,3.2950507249342
8.98718800406723,16.9836114738486,2.51495105817694
2.36145292892319,21.6981195040287,1.86751530845111
8.43095402309426,14.1750858525821,3.06732515047753
4.30264118605257,18.6850478502687,2.22790478974468
7.19764112148152,19.3245500361037,2.1119744544547
4.95512177877581,21.9524078725576,1.74989578766684
6.11562960970578,16.7470111863871,2.64341265632577
3.69129755406361,20.6278186490598,2.09088942702659
7.06919649985357,18.8653388290448,2.35930075143646
11.0825718917551,11.280682672006,3.49576912551266
9.75240177545505,10.7122699300392,3.57379772357303
10.9582683845466,13.812042938407,2.91221229442727
13.4731014003189,8.30582882222513,4.00085856961137
4.07370174803011,21.3676659363698,1.7745982720299
8.43042964400382,14.9755408802913,3.01104726916913
4.84995788115952,24.2943319576268,1.28410606913711
8.62065626238311,11.0718211841555,3.70159913112366
5.83279653753714,20.0045660828481,1.91356757135456
7.07775633652241,12.9917810364588,3.55566418661265
4.47996780458782,20.4044855810678,2.08968139709901
11.1787607678211,8.35639621145025,4.12511281684243
12.369763294504,12.2904070478132,3.32223117128169
14.1001837812275,9.23589882916849,3.84515695094886
8.44785880056072,16.5827964641773,2.62732844529994
14.0181824646201,9.05608067083975,3.59047351327872
4.43441679483685,18.695452006564,2.0943644783842
2.48481597691359,20.6458488790282,2.36004523285428
12.3545789801601,8.25716791421929,4.07620852836627
4.40072636117017,20.944625137588,1.98547414108219
7.94253651373795,13.61037409338,3.2559517588171
12.3197272749236,8.5447414904294,4.02029802120967
14.0298779614218,8.61442007269869,3.82800006912757
7.24790116826712,16.0771912979073,2.79953527228102
12.2536351360284,7.62092901621125,4.08370973055155
3.05970178510492,21.3053868208733,1.86714988661606
6.4685914788138,17.1095128546355,2.63716479699393
8.13661218526586,17.6626659739833,2.42794819202484
11.0468449656879,14.4891237007065,2.7972271456481
12.20067325432,11.5751537349417,3.34788285641447
12.7604193688172,8.30294871221831,3.98691653630174
10.4373203592072,14.2715588327402,2.88730540259828
6.0592605822685,23.2205152335263,1.42964187141185
7.55871737112463,14.7533735944934,3.04810198033721
13.0834795909341,8.62427897588162,3.93037900723466
5.15276037753332,19.1210607888722,2.10399358545809
3.75538709114839,21.1245370671754,1.98703357003489
11.6631825179949,10.1762996869433,3.64049903599439
9.96007387649812,13.4995997996919,3.08676740980743
5.96465958307934,16.4362367798551,2.64312977163327
13.8045817906184,9.2307484738299,3.7937691839758
11.6189877753363,12.4685158182199,3.14704682645296
3.90588107481468,18.6153874717926,2.64584851633899
10.5241136061616,12.2213847813232,3.11263625371284
13.523933149142,10.5608526492444,3.54344017418898
5.93430639257612,22.1112156589819,1.47338754371079
10.6304908470613,10.7076457734503,3.73526435922736
11.6820114328342,10.1669264638679,3.66534831441183
10.1115304961439,8.92893960928394,4.07227002452771
3.71510519943412,23.0999019365605,1.25441635155352
6.02549051947668,19.6935702639701,1.97562025899993
2.13838178003986,21.5259764573108,2.0008881662645
10.6442509236178,11.3603600621667,3.52118755018704
9.82528162962228,9.9087900298776,3.89158111461487
3.10116259916653,19.454835099515,2.36185386648927
10.303661284795,12.7156516149373,3.14388732136708
10.3290689520018,16.3218798119206,2.75247296625503
11.966582876047,7.86275181226368,4.2452077708327
8.12239804240322,18.7489950766948,2.21098194065829
7.95343326557057,17.7877177945623,2.49043088952044
2.92870008023456,23.8407761040285,1.33356550819376
10.4352602319567,9.8825899006062,3.97237499677129
4.30641963140695,20.0891447967255,2.11302074669281
4.86735968739067,21.845771778569,1.76214509884583
11.1640877400423,8.61960448896188,4.10787146242667
1.37559076157362,22.5581659046071,1.83743329554474
2.62262137225796,21.2678295528558,2.08829102618294
6.65395214497318,14.20351395784,3.09485656083673
6.02734186923469,23.4749356237145,1.35677920764698
3.81815226772695,17.7603173740995,2.45023017333236
0.987948614095661,22.3001415525022,1.64370309475382
10.3015288752198,7.78869248564656,4.27074156517917
9.02901749881126,15.1314278836165,2.88575797594332
7.09612756431168,20.1242512583921,1.80333457550421
6.50508347248946,15.3849027427086,2.98257546171292
6.76679511009748,18.1547935732915,2.12856760176596
4.34850373821822,22.0661136680181,1.80956938379736
12.3955598655428,10.8724814236716,3.39373020199749
5.73506325034156,17.0181317458515,2.698563815517
10.3680553732024,9.10351335052369,3.96884130964049
4.35058494456621,17.3475230996147,2.71331204959886
7.71763021860493,12.3188387853645,3.37092371614723
3.94065605804327,19.8156847290295,1.95913398052215
11.3066779181478,7.53335024543623,4.27017947641118
7.65458822532687,20.7506794435148,1.83388752130655
3.18709918528192,22.8406168037759,1.67450437820501
3.59367029896173,24.3611116293595,1.52636612096895
9.22010972673933,9.39952001230884,4.04670786749134
12.1207946024141,12.8821079682617,3.22816941954597
9.90754293026701,10.2506470909788,3.6805754569562
9.77468361125569,12.7930659644202,3.352075484397
4.27111231805381,22.5781913864275,1.50138753568805
11.1020509655685,8.63385279631683,4.17460193663625
2.58396647735718,21.5715704334331,2.04134877549332
12.4329675839029,9.34093300567932,3.85321121388802
13.9268569242487,8.67214653146327,3.90044767366752
7.18024570157368,18.5600409849805,2.30805298294006
8.48369059287624,17.6799458554926,2.19116378858883
12.6434650009436,8.58074074744058,3.91137484665008
10.3112381711083,14.8415363276262,2.66969565068397
5.60922928131745,15.5435776260408,3.00309442959619
7.41728686429654,19.8875094674608,2.02174182835766
10.7167003611879,11.8120053955647,3.47086870406868
10.3112555685058,13.9880533888748,3.04103738848968
9.67538754936504,9.9174514773578,3.78171966672533
11.6935608989777,10.5368661999941,3.82621853338722
6.56389359683311,15.9510743402424,2.90901645671973
4.16114605194386,23.1747725006202,1.49791064641333
6.20764636731216,22.5152088165752,1.56308234060945
3.42347362359029,20.5607292812819,2.00585686549637
12.1464249332859,7.36521222803921,4.28488963213732
7.57218316012866,16.9076894459604,2.65294018816777
10.3105481723459,12.602394154423,3.32032139584792
10.0539086651095,9.99452515196672,3.59025060929077
12.6140385814235,8.17566066741339,3.99164206753738
11.2676182355536,7.13686577397741,4.30263715223243
