-3.48301697216578,-2.07647715940071,0.389525393030234
-2.17595085960085,-1.34646408928084,-0.61492020104573
-3.04520335150671,-1.61161187779058,1.61500741464329
-2.97478865022161,-1.3129573282529,1.73619754618244
-1.2055483322547,-1.21786063295222,-1.41466122057374
-3.06279398312055,-2.33041209594175,-1.61908250968394
-3.17563097421628,-2.85758005236307,-1.18018496920918
-2.97947252914326,-2.13980958158382,-2.05064528645801
-2.93599019088742,-1.8227162917882,-1.30978725044198
-3.35486892969532,-2.25334091507069,1.31428843571829
-3.14555119606505,-3.02990009990205,-1.09988858672993
-3.77841981825553,-2.66397334902273,0.513896531958533
-2.19414547012173,-0.873049748228944,1.86934523344647
-3.08225477468341,-1.79418697428578,-0.280939844677044
-2.36667663785532,-0.712686478542814,1.84752647890564
-2.28907918365536,-1.21586708195505,-1.3678400765836
-2.24582065872293,-1.28313338430698,-1.90792497876046
-2.90338184694511,-3.98068217212124,-1.09946700577813
-2.53617297320638,-1.12315002635753,-1.82751998820332
-1.82897696343058,-1.35045965415434,-0.606858184575057
-2.95006044383941,-2.49185332106259,-1.95738710624638
-3.2057204750772,-2.40428767040236,1.14852405809836
-3.4177584962412,-2.51594084124704,0.526062226740075
-2.43302289039859,-0.759793317548666,2.222746604274
-3.22456452370755,-1.95040702828924,0.00381270456606636
-1.5868212558973,-1.79420855986901,-0.762094690175145
-2.72117502583799,-1.51287389573451,-0.311385583761377
-0.994244606371414,-1.16768003689975,-1.47558915995634
-1.8815134878419,-1.15775023549887,0.808315207862449
-3.32059045171872,-2.09334209602382,0.238395930150059
-2.18897405473599,-0.87033263461962,-1.77121469991401
-2.20966825180032,-0.586402210681955,1.90697420972227
-3.36089943142688,-2.89459375876564,0.627587090986401
-3.20759188544843,-2.05497187504604,1.21422462029157
-3.25831329170094,-2.52803920126047,-2.52831225042647
-1.89454677255801,-2.55589036411583,-3.51798515421978
-3.05172785406078,-1.49327343747421,2.2158246011215
-1.45850823581609,-1.36632673107923,-0.887315093254666
-3.16667647444607,-2.9949742249481,0.765404204297973
-2.43504058479742,-0.524613876408079,-1.99254890760109
-2.64111075255404,-1.10676763138778,1.19523124950185
-2.9108723917269,-2.62861997482984,-2.26718947703487
-1.96082155256134,-1.1550568624327,-1.4553383999212
-1.22925924054505,-1.40739032881586,-1.04622984753776
-2.1325994031044,-1.50461670837285,-0.368300529431579
-2.0791734169401,-1.07975606139849,-2.53267852066371
-2.62782907929581,-0.778896863415824,2.31018075910511
-2.86582162633457,-1.29995464301017,0.903375639373767
-3.55867993926956,-2.63632947113042,-0.66228103309542
-2.76724043625612,-1.55254018144686,-0.443318822008977
-2.29246537549319,-2.28515084086297,-3.18489690077924
-3.26320536393517,-3.35405774279728,-0.334624634869362
-2.05767635259749,-2.48887611751997,-3.36245152456474
-2.87252082073715,-1.28193862531655,1.31840155143916
-2.93759067212998,-3.59550311548384,-0.885106941870882
-2.94542395614302,-1.54314271542611,0.458238430293415
-3.15712122432603,-2.42759738810465,-2.57229045247624
-1.16922650173779,-0.901563164400012,-1.74104150677003
-3.16232040442664,-2.40081128087352,-1.9547461721717
-2.45990920412236,-1.55898058590849,-1.13052883850071
-2.85504662006069,-2.75821665862167,-2.06854471957352
-2.20923147340888,-1.36675527959135,-3.00314715243605
-3.03342823716811,-2.23075330074312,-1.65451327628202
-3.37000741857343,-2.84877713408116,0.678581514439075
-2.01391287619111,-0.958004081086587,-2.06307631619547
-3.27013593231172,-2.07203361162363,1.75781576028113
-3.05256348595179,-2.47729616464118,-1.32618892165452
-3.35515784121899,-2.70967133386788,-1.36661665934837
-3.49295613550025,-3.11872970698656,-1.74093439651775
-3.08834899057495,-3.78305155404141,-0.481761992674316
-2.60943275455499,-1.36879718629528,-1.94886255580959
-3.41810318505175,-2.55683556543797,0.431083349268908
-3.28187417037669,-2.02477382214374,1.54623316717349
-2.34171322159206,-1.27563025604309,-1.78323614670282
-2.26506289177188,-2.28140520681975,-3.13589828080871
-3.31388533892466,-3.11541421591588,1.02248291216725
-1.63820142986362,-0.727292643216792,-2.25594353470911
-2.57372360406502,-1.46057221122073,-1.52843246331688
-2.2517937952917,-1.21743625955619,-2.59863310994622
-2.84973506518775,-1.56273877302732,-0.0688067809595076
-2.86456544736497,-1.74033214638515,-1.82461842810749
-3.22354859077493,-3.24786808477032,0.212169957890387
-3.16131610223915,-1.77025957467031,0.457328588908066
-3.25226383614404,-1.96974532460237,0.501554064856846
-3.35150171461869,-2.89991296305241,0.718268599916576
-2.10563890988067,-1.97450752114622,-3.37406003118768
-2.94324493386984,-2.79126390143575,-2.43866521644742
-1.67948267704965,-1.21137222120412,-1.18554949032581
-2.81555140375944,-3.33980619156468,-1.72381513067628
-1.57973126951749,-1.30990203262271,-1.10858741142839
-1.70948608630513,-1.11247674846339,-1.66379388896837
-1.39788201363087,-1.41046185474161,-1.30718012535287
-2.52228463679258,-1.4229327049703,-0.147451162892521
-2.85679825191131,-3.17676812381667,-1.99450748075847
-2.60631720848638,-1.44894244172876,-0.221605697211755
-1.30509290329193,-0.695318300998962,-1.58851728826189
-2.21734181095182,-1.32080980906546,-0.959759359294728
-1.48503276585898,-1.49696155549935,-0.365151493678577
-2.66975571810315,-2.4609168839824,-2.52522215921151
-1.54196477894476,-1.47711867329274,-0.71633936901744
-2.041162971759,-1.35091006203811,-0.415204454485186
-3.30983206092829,-2.65604915063374,-0.713332583599156
-3.21613413471673,-2.31178490394982,-1.01167958513972
-1.13130730242162,-1.1361106887267,-1.43282613267519
-2.98484541115068,-2.3570982547242,-2.19402294282052
-3.19409226226387,-2.79851992260779,-1.15756101465786
-0.470143736999614,-1.04273215736677,-1.70982131665503
-2.60964163669495,-0.992109110803519,2.553807358141
-3.39607906111139,-2.67111324151659,0.713408019956229
-3.29723953929209,-2.38157525181338,1.64751873203492
-1.64579934469378,-1.39913154311647,0.0456223673816571
-2.57454945871932,-0.879752112951863,1.80275771709508
-0.516039903199974,-1.13245879874977,-1.70699300083656
-2.44536276632033,-1.14046838899075,0.961455341337264
-3.51988943437972,-3.07413969455994,0.913782667445308
-1.49859305727577,-1.37838688769859,-0.816573568451443
-3.23876803378212,-1.39002221536369,1.30213587466836
-2.02208840322776,-1.18366502222714,-1.92784387115964
-3.28549609981979,-3.10046611104065,-0.185583119048381
-2.94779157866689,-0.712207035458429,2.40990907115126
-1.92749391591242,-0.942705373350704,-2.77632032882308
-3.09923257681115,-1.42938666650659,0.00553845822540233
-3.34330652695907,-2.75587290943922,-0.465115220124525
-2.86649350606186,-3.33918906227105,-0.781084935132127
-2.39210758710042,-1.48327318590747,-0.702823526707631
-1.84513235631689,-2.39651522250703,-3.4693806778296
-3.02933200447943,-3.48956057385908,0.240819939605825
-2.10864263379995,-2.59137102941066,-3.08389296416531
-1.78674980665933,-1.39330788380356,-0.202253321269778
-2.15307182285823,-1.94994681484718,-3.32165046319766
-3.39546641484689,-2.50671419008823,-0.228825692473662
-2.98504247481936,-1.73350487303918,-0.486513057454031
-3.27760598734874,-1.67726847273746,-0.863537062789593
-1.57792493188049,-0.8970272458541,-2.00638793015027
-3.38749421779171,-2.25280819471896,0.842280369463527
-2.84816760519099,-1.69976991049976,-1.25371413911969
-0.780453079996201,-1.32855618349434,-1.436469184127
-3.14811396495296,-0.839893225617273,1.36884266815227
-3.4060302966196,-2.7284653993266,0.311155416962667
-2.82797265245848,-1.36445910210112,-1.57977482441369
-2.32102596007896,-1.38746849789848,-0.813839734190242
-3.26609257082639,-1.86545046650782,1.35301968084302
-1.33803106203694,-1.17277044690155,-1.34186332364853
-3.11610309675158,-1.84905351855174,-0.283567362914036
-1.97945630108655,-2.77831351788781,-2.90955987719083
-2.33389102370554,-1.18679443604982,-2.27582458726781
-3.21179671193675,-1.61391673276025,1.30541317737442
-2.46530541066867,-1.44085024645315,-2.35860371749234
-2.9057027245248,-2.02053475011295,-1.71757284064748
-3.18792501806175,-3.19057281738758,0.886327360615036
-2.99730542940324,-3.56844742935716,-0.376087705413299
-2.62752742177671,-1.93887612649933,-2.80352561948367
-3.47141372814131,-2.55536681242194,0.962023552365275
-1.54475152954383,-1.21517245927561,-0.824313368271426
-2.16005408545153,-2.97736483476957,-2.88194002771571
-3.0660940534741,-1.33343370865168,-1.17348383134188
-2.39239149262415,-0.852942057455229,1.90395473325547
-3.31690585844042,-2.88757640572988,-0.495041043688722
-0.769550313023724,-0.731363010833813,-2.13597072510049
-1.73721416944368,-2.04774665351422,-3.69048489766799
-2.83644765465732,-1.86149950090829,-1.88165246783734
-2.13446932109542,-1.06867388478756,-2.51757396479668
-3.3223407561079,-2.91698001640432,0.460337840056623
-3.25706614326884,-1.84170165379712,1.3568482921586
-1.97579215154363,-1.08946719645309,-1.7001747905323
-2.04259448654922,-1.35033891161279,-0.145428835028624
-3.19476988497759,-1.13064146464857,1.57220325705436
-2.5811033075159,-1.87032304349336,-2.62182867711584
-2.41974183531084,-3.14393526120372,-2.55423585261684
-2.42125600447694,-1.34244017002449,-0.149033105398812
-2.65251851628788,-1.56341845478886,-0.354354693758375
-1.83523365025047,-1.37995671025941,-0.281413598268344
-3.09615645811983,-1.57198892818723,1.02289144435648
-2.50967349855711,-2.872400110741,-3.05485408817426
-2.51184365965091,-2.89219339636473,-2.72796411183311
-1.4657466889273,-0.679627786893347,-2.16578001064061
-2.5862781334705,-2.16800556910752,-2.69905618864169
-2.34186799168037,-1.37876915694398,-0.454478943815842
-1.80773922562123,-2.35030038040185,-3.76706883496086
-2.27639895231774,-1.47547107564002,-1.71703442167497
-3.11544435885593,-1.54969111752074,1.80135660568482
-2.32966539479195,-2.43166869519914,-3.20064524843339
-2.78214419905725,-2.03879392350875,-1.9350095128063
-2.45633682675923,-1.13526717856762,0.986333015919583
-3.3821910609349,-2.75885665698484,0.786968495928206
-2.89804749725008,-1.70219574950943,-0.888594742020608
-2.74981750297952,-0.854460708961618,2.31701831927854
-2.2989166848532,-1.25090445457685,-2.47722998053796
-1.08715055545368,-1.41837475610013,-1.61957408542398
-2.64361240270408,-1.42336974217327,1.18742018497163
-3.19634742781507,-1.7059494164042,1.32293807139591
-3.03205516994807,-1.40901837445971,2.33259425833189
-1.00235691614636,-0.904401867575281,-1.89643476953308
-0.393682185693651,-1.38318577122466,-2.0760022513351
-2.73773239628262,-1.74583382120924,0.353613198536458
-3.36651461489397,-1.87842724263418,-0.310759922656024
-0.757088061882528,-1.14955948524241,-1.95687825579539
-3.51791028361975,-2.30699126579561,1.80631012928243
-2.87809426068349,-2.21111115821192,-2.61219236930942
-3.26023162900914,-3.74910255980902,-0.0309361676038327
-2.46681658861941,-1.93200133981257,-0.30342966291987
-1.18910448728671,-0.519420700097726,-1.88591013315665
-2.64641893026807,-1.07832345769323,2.20188946508561
-0.901613695770137,-1.32472117747098,-1.36261691810278
-2.00096754593371,-1.27648144667188,-3.3538342076781
-2.03589863530271,-1.35323196600416,-0.220259440706931
-3.00608603874822,-1.90028102108293,1.65563801970821
-2.61462799915594,-1.24478533709183,0.845914966505735
-3.19531778714955,-3.85393924005325,-0.944895050173148
-2.84225792380414,-1.12351164681772,2.5710883539652
-2.16976437788293,-1.36078235613404,-3.10373930118712
-3.30133967822186,-3.02245880677729,-0.325720507197831
-1.75292995602853,-1.60109434477572,-3.74760921878759
-2.09589189700702,-1.49032175638626,-3.53214824244132
-3.06339432411104,-2.0354816089184,-1.95295538471661
-2.08316540136976,-1.42163735328186,-3.30563381019629
-2.50435549289688,-0.733500132856499,2.25380764611088
-2.92693561898534,-1.34542905950571,1.27224537345033
-2.5154120269569,-1.41391015485588,-1.59990028082266
-2.89500949045412,-1.16598685210432,2.26573766174583
-3.00754780862597,-3.47141067212603,-0.504125992866067
-3.43184622788967,-1.61978020537065,1.65107229232243
-3.03488829697984,-1.76319987341818,-0.343534213200364
-3.36872975136749,-2.72852923714728,-0.289247345143518
-2.35748808329598,-1.82388724192847,-3.02545205351893
-3.42525761255075,-2.75329427158682,-0.447170633843747
-1.34671895293019,-1.20066693429579,-1.29230541591826
-2.40081055206042,-2.10869284073498,-2.99159629463316
-2.75228810679801,-1.12547205262955,1.66049951649559
-2.55577225826625,-1.69026635845673,-2.52948010896655
-2.93575893653194,-1.57692259315218,-1.90731699915581
-2.38662442511815,-1.87012643029809,-1.35870866481413
-3.13186563254247,-2.86893010809176,-1.91156658670169
-1.14806984739015,-1.41460604492938,-1.06749117315277
-2.73612930746626,-1.62554108510391,-2.0252219370556
-1.46019819650623,-1.57518193067685,-1.43631380719867
-1.59675704919908,-1.37308479310146,-1.30041316844717
-2.91970444697413,-1.77266961618912,-1.08591443296678
-3.21865966716842,-2.90822439493204,-0.970987878362348
-2.74760403501742,-3.12840157774428,-1.3179401128503
-1.01813845186179,-1.61403183455841,-1.1535514846243
-2.49871712418742,-1.41027948956822,-1.95661510164779
-1.72361850013265,-1.47540222129023,0.0404204522789788
-1.72715565181016,-1.56754642438856,-0.00475633626735596
-1.0446161426908,-0.835009350742914,-1.81326613232058
-2.04003382624108,-1.1280974717024,-1.6551419163263
-1.39936355137378,-1.30533772452751,-1.0716244370036
-1.86434227070766,-0.700153991979322,-2.79420816553796
-2.6960889157691,-1.62047803100634,-0.370315305746707
-2.41410339910219,-1.01053455766567,1.26369102648803
-2.37883632435143,-0.580755359568447,2.14785390850874
-3.35487565203964,-2.76804218120138,-0.368959615856303
-2.1635337037185,-1.27140661987419,0.385471798495593
-1.66058097327859,-0.523177560911478,-2.46150728553696
-2.8705578999572,-1.22927507367393,1.52187931408749
-2.58545863457466,-0.991635738648627,1.0279300780017
-3.07379336418829,-2.42153812346727,-1.61657309894738
-2.75620711909287,-1.60258767618101,-1.22208658219525
-2.38715557304905,-1.7294955720808,-3.86272505765862
-2.10317178301322,-1.23672585624521,-3.11905383372144
-2.24217579414407,-1.56760278498744,-1.23334389602651
-2.92293801092858,-2.2747269489051,-2.00207249658384
-1.00368513837849,-0.731010691814407,-1.91575950045984
-1.04548192703718,-1.2645260225778,-1.43511555953671
-2.22759849360433,-2.54902940149343,-3.06580597532255
-1.95986167681389,-1.02995085447993,-1.88325199444454
-0.615792066599406,-1.11518158486293,-1.67470108351765
-2.43250794333548,-0.919344816305587,1.49013058397664
-3.16466437973704,-1.68755225078725,0.981476757070745
-3.00122134223808,-3.34218881518403,-0.995846080253982
-1.72584838000773,-1.14121578534013,-1.83333522631506
-2.24812917403957,-1.29843051279609,-1.19809562193721
-1.7241939606803,-1.80110889861564,-4.2711556552166
-2.17031262482306,-1.07639253899276,0.972794822609836
-3.41921431861581,-3.28706834900064,-1.52691031610727
-2.44360281852632,-1.19040230852512,-3.41455377930043
-2.29502513807625,-1.4490389813297,0.548412925586698
-1.98460097856111,-0.887446474526335,1.30769453401764
-2.3814907467037,-2.9886328341088,-2.61931556767666
-1.54199474832875,-1.49823643985502,-1.45208467961371
-2.49568306338404,-2.05579537042012,-3.3451952481361
-2.22871587996379,-2.79487403756803,-2.88107171616011
-3.34842759309605,-2.44320341394757,1.18050306236245
-1.16422034560714,-0.702028773036377,-1.97787844341773
-0.778481450157224,-0.926675334718064,-1.7357369402808
-2.56766256284448,-1.45477072445201,-1.3401945090848
-2.34208119295403,-1.39339461020362,-0.84933084645666
-2.57133006961134,-1.54897078315698,-2.21491275328452
-2.72190692661338,-1.56069242481806,-1.02781571960263
-2.32547270780703,-0.405743910024065,2.46153421306728
-3.68596680974325,-2.95270851445066,0.492937683729737
-2.9014670774406,-3.36088465435804,-1.06318813427773
-2.61131833289005,-2.10802616561413,-1.76806990578323
-2.14125435253079,-0.631832925753025,1.77526129647565
-3.35463610424953,-2.24638083193984,0.0273175568045671
-3.03755766307372,-1.24057864314369,1.63096433826531
-0.600376435043716,-0.985628097031341,-2.09150034613853
-2.8985802422493,-2.72971365916964,-1.99624961612442
-1.83576552874982,-0.956929145002785,-2.51071727426281
-2.06574451113411,-1.56091046308116,-1.18896015947154
-3.64725013238666,-2.03600579309156,0.4942569489395
-3.06077077646212,-1.48799433229024,2.13781294370538
-3.15516651583613,-2.12846334335386,-1.80127134015177
-3.63272002852463,-2.37619866654185,1.0099191779154
-1.89293300698138,-1.30774263920359,-0.819932020994391
-2.20583481204179,-1.29739437864359,-2.69669853028316
-2.30202617564537,-3.08586459476726,-3.3337965895156
-3.12635392789111,-3.84137050158614,0.183189444511703
-1.960225768878,-0.8622903155633,-2.97383172014013
-3.40659546203162,-2.42759490169033,0.255154956366457
-2.92913249181862,-3.15527953288403,-1.49531236929996
-3.1786995132445,-3.09223540723497,0.683544901332866
-3.31378004980184,-2.20568732236954,-1.48222536722825
-1.82155346403605,-1.88437017204945,-3.6636211755711
-3.52650186230351,-2.9222380540086,-0.602120802647808
-2.53734052063835,-1.41228337692185,-0.592633738293584
-2.28637733929883,-1.50979745893482,-1.61105707402804
-1.03644948969213,-0.805389051829035,-2.46510721401686
-2.12590655684005,-1.14228243965067,-2.26757127409987
-3.0745641933575,-1.30877721767966,1.80996508375711
-3.49311537959271,-2.47263019606022,0.529676447524547
-2.36609825307301,-0.471963840318667,2.24387443505429
-3.13789595504354,-2.64268084116258,-1.23644349960951
-2.93932525830986,-1.43903195635365,0.919954633168869
-1.56502286823805,-1.34223967559906,-1.22470743115149
-3.34229873971799,-2.75286273217484,-1.1226390354845
-1.03340881398041,-0.797110213969406,-1.85190238124196
-3.31018823865538,-2.08611096955874,0.840917288372879
-2.44147249358128,-1.57199886536403,-3.55872845945327
-3.29705392013157,-3.02363145238743,0.781709531916239
-2.76474216324526,-1.41426847547369,0.478704352435566
-2.35224467288667,-2.19317553534019,-3.36995233458813
-3.15883014795797,-3.05453345988488,-1.01663807806922
-2.78422640016882,-1.66277347224026,-1.48511507155935
-2.78897188742893,-3.32887916187229,-2.79054690195888
-2.77262950436128,-3.37364799840367,-1.54662784505739
-3.37306888958563,-2.91483886593437,-0.270835892833895
-3.3262344321756,-2.18312978531094,1.48590160499275
-1.98688828973295,-1.32032982515481,0.197836742370525
-2.71191305262842,-1.11344184406605,-0.0110427697937768
-3.54458294581087,-2.16480756851044,1.78538292196644
-3.08099913567654,-2.92774261978563,-1.86867018827165
-1.6254734153956,-1.37755320871244,-1.39512606435139
-1.81677479891379,-1.0936367274289,-1.53443099753143
-3.08997244613247,-1.28545368962692,2.24437693177926
-3.20342094893604,-1.72468920398147,1.5562018085869
-2.42182775609075,-0.892581854377643,2.11668599719885
-3.202555494769,-1.76861053225365,1.783887061381
-3.18334755461702,-1.98136398476022,-0.107525177646875
-3.17859278871168,-1.35968574770645,-0.614689614468575
-2.95115915650424,-2.48519210878485,-1.95531963958557
-2.76628597483238,-1.50428911735325,-0.0254769582859062
-3.04422144843799,-2.23328607541761,-1.62024662564888
-3.00692434759621,-1.69648750708343,-0.107182055757778
-2.30441370688683,-1.44335312084021,-1.00044901832054
-3.21449219163739,-2.62976465397863,-1.61437746347865
-3.01719483311819,-1.38156217838058,1.66764598587291
-2.61736563655344,-1.5726932698421,-2.07423231348802
-3.20775366775651,-3.65405322381061,-0.00253264776576267
-2.20922469611642,-2.88536655492579,-2.849183721738
-2.31777741044329,-1.20428343549131,1.60196010285537
-2.91444210287125,-0.773905723807869,1.74833790638793
-3.18084386860754,-1.70802694363644,1.01436500993647
-2.77507994943056,-1.53661573324466,-0.239970638844633
-3.1838161068678,-3.23723269452198,-0.480332165609177
-1.95240424630415,-2.4408087333429,-3.36708631630253
-1.98619497689684,-1.18166665224127,-1.38346164216411
-3.41046698965061,-2.35552965070035,-0.963868557704041
-2.78038673034996,-2.13765943741658,-2.25741155096332
-1.44024022452123,-1.49728304012734,-0.487588149661986
-3.32972136104163,-2.0866881648101,1.3312174018829
-2.98490467475457,-2.26017350057784,-1.82427411363729
-2.04252906063758,-1.05214641279496,-1.97465891144984
-2.51460447564596,-2.24131065721719,-3.1332183244407
-2.23319805216581,-0.951380894963004,1.26532209725502
-2.68025608646093,-1.64580680066772,-1.65544656069588
-2.79663139041514,-1.3577913161613,0.225024634991572
-3.15187662128156,-1.7256932093039,0.637338217072882
-0.771453511496915,-1.03286185451445,-1.67652147543507
-2.35604118501553,-2.77514637899821,-2.79034557097805
-2.81008361362357,-1.90282222461864,-2.04076166818678
-2.23531956238185,-1.86661451349965,-0.0723447534657892
-3.048623574634,-1.31169459489207,2.36012991196403
-2.85806566732438,-1.15555749424751,2.56345634341541
-3.19890704678974,-1.71139865679403,1.51730578554656
-3.28620852039135,-1.94430113913071,-0.31544671839035
-2.01733986301216,-0.987475862445998,-2.89754193923314
-2.99302909116302,-2.92932223108403,-1.08225615207731
-2.37398973757428,-2.13409544467471,-3.24961926578259
-1.83604318017734,-0.818226694610109,-2.37974836198753
-2.96513683778864,-1.46882132828323,0.812259525116434
-2.59490031414616,-1.03798054888928,1.42325674057362
-2.38651380334786,-2.94701639781693,-2.61721428431722
-2.45555958063652,-0.642097611282398,2.16131627119847
-2.91159117421775,-2.01380349495813,-1.84736394254065
-3.11851495229692,-2.3158791018938,-1.41938489126403
-3.32814920220187,-2.84936962915028,1.02455782171451
-1.3924761327076,-0.596925688304203,-2.24580760829045
-3.19939665892073,-1.83337808422745,0.975365473391446
-1.79501153095417,-0.754586539553696,-2.52024466990503
-3.29087822108629,-2.77872166956984,-0.54379680380994
-1.32678545949204,-1.47678299244483,-0.81460124886233
-2.96382345681472,-2.16993182495582,1.75828377968873
-1.48971505879372,-2.52435875358717,-3.46430067735029
-2.30683594578915,-1.24555417793886,-2.38458618604939
-2.88277239522359,-1.37331781285776,0.992517707741948
-2.95792580154864,-3.20803643900121,-1.60656871918423
-2.44914340351425,-2.7185662457429,-2.69448247900837
-3.33497641962106,-1.86029494267896,-0.262000255885686
-2.5483813328473,-0.587400338952901,1.84056103857057
-2.98577452346229,-3.25152235665786,-0.125097269252931
-1.26363025967133,-0.652447343655861,-2.0779799010655
-2.82261668924461,-1.6312760008022,-0.879739074747158
-2.31216867419716,-1.60020563351485,-2.13756301020118
-3.35577311737427,-2.69057082837162,-0.548858949529503
-3.26659469363782,-3.06936649799209,0.841464881264474
-2.48320374203348,-1.58906191313589,-2.60155110987315
-1.81390439234817,-2.48621330209376,-3.73137215444368
-2.39539449892462,-1.38886325419544,-2.50806777404082
-3.08094246008192,-1.94541681093179,-2.70374674395792
-3.19217210901571,-2.20556545543133,-0.875905135803536
-2.79843203591691,-2.03732559152742,-2.75046636351407
-2.72471088852334,-1.82251805029053,-1.38998727090876
-3.34598947232018,-2.73012612692939,-0.652968877405431
-2.15946921090421,-1.43865766296913,-3.32473281209929
-2.13241702352194,-0.75184223456037,1.57598909912797
-2.08776235096587,-1.02997603464796,-2.66688682821617
-2.46201420309204,-2.99779561343024,-2.4830102711578
-1.50337196954779,-1.41642969849827,-0.69026228058831
-1.91903382361908,-1.22586912728202,-1.01100523788466
-3.24659652617783,-2.39889941809864,-0.0057347939611115
-2.38256931236567,-1.23725354000452,-0.324971160623184
-2.62104840071099,-1.54120461519816,-1.91365815690978
-3.19253706568245,-2.07712627580195,-0.69955606940329
-2.76529304007631,-1.20534196695092,1.77091302966573
-2.69091367208252,-1.61862024225392,-1.85933084025677
-2.27837041563908,-0.668364229057041,1.83059092767106
-2.4461737054566,-1.24548015400255,0.633332806925617
-2.42440194796761,-1.38764143567474,-0.205170487112142
-3.23244652145012,-3.17577657052267,-0.364494855082533
-3.40189497410009,-2.44195982027304,0.913787745415974
-2.26356933233292,-1.52963956976638,-3.65729039447806
-3.12237841231568,-3.58114763352734,0.384546831208295
-3.33801471929849,-2.06918765149828,1.13785299042922
-3.69194456084474,-1.973611501801,1.07025822722131
-3.78240341186382,-2.0402458192732,0.289169049337391
-3.38815777922169,-2.54944815497577,-0.143987208565064
-0.928690250253927,-0.814180302062563,-1.83378497562307
-0.916287318370095,-0.657986416167715,-1.89066698726161
-2.57437438656637,-2.87121532719098,-2.46333769148431
-2.83166853313569,-2.12330480189505,-2.17331755612597
-2.69273889928797,-2.75155174281953,-2.39468606098813
-2.15634398518255,-2.06370904682035,-3.72958578130167
-2.31572555601143,-2.21295426465172,-3.09224172128551
-0.980616569951964,-1.34474290014821,-1.28918892216162
-1.79033655946088,-1.33631570370653,-1.48059348918743
-2.71297594365192,-2.40312487312536,-2.46250982474963
-2.87367633898254,-1.85308141078924,-0.242519393631023
-3.08769900944357,-3.06644670715091,-1.24026558934176
-2.9556382887999,-1.26954375831554,2.18724324263505
-3.39183399695464,-1.76872501111673,1.06404007031489
-3.1501818504756,-1.95091266217153,-1.53180855078725
-1.98219814565751,-2.36295473920898,-3.38149735970539
-2.83942747248572,-1.5325237289393,0.0857001791473962
-2.18284482771614,-1.53813471247687,-1.44085530858079
-2.27269358030637,-1.26924379924905,-1.72432083926261
-2.78747943992566,-1.68220213589268,-1.57173271889318
-2.17849997771597,-1.1629053555935,0.754986375434058
-1.03342830101337,-1.30483671502811,-1.10710821262707
-3.10933229818546,-3.21648314422811,-0.407845145774805
-1.97589467036799,-0.927531764712822,-2.85970168129509
-2.62051475924793,-0.828467045868377,1.3117789141838
-2.87721570499872,-1.83660207939211,-1.65576669164233
-2.95419823914088,-3.28237342063746,-1.26796391317712
-2.73145418002812,-1.7961156216166,-2.53766282742249
-1.66698569641992,-1.44181760396962,-0.79111176075069
-3.28766802421563,-1.91504792446709,0.998809073565324
-2.82064129992008,-1.53684512174255,-0.0228388298867113
-1.82302652353468,-2.64387978503396,-3.63841865807746
-2.37723845104085,-2.30476509966619,-2.99378299793526
-3.0479750464442,-2.85114772438307,-1.40595796299246
-3.09846071863556,-3.47754270083907,-0.0368197445344132
-2.66259762241326,-0.943079136321051,2.20057017305907
-2.62698784359946,-1.46491380873403,-0.428714553958984
-2.92169790243102,-0.839637622722543,2.47755445875763
-2.17785448961891,-1.50436783746249,0.296945259865595
-1.71741928109825,-1.55936850897516,-0.77823534153122
-2.4155440747136,-1.36458743690703,0.0082715558195165
-2.80143394129859,-1.52605451126485,1.02035694005188
-2.95001041542418,-1.86976627143458,-1.39939458145673
-3.23996091868358,-1.80722114428482,0.393564169492877
-2.02666073855059,-0.786707579081581,-2.18191537777081
-1.69345609121644,-1.22621655981523,-1.14370213750199
-2.88786148870848,-1.75603520237022,-0.607198058586018
-2.09393208817214,-1.46826739100512,-1.13321653691147
-2.68499678322347,-2.34313213571792,-2.84357200286262
-2.95996245403529,-1.85258693517884,-0.374910111956373
-2.93739841495225,-1.38451366005379,-0.162246754048637
-2.60424150663709,-1.47416751364858,-0.663167820503048
-0.382021632027883,-1.27026540514524,-1.6614342790853
-2.8590111325918,-1.10492347344135,2.27450584773071
-3.10942513583571,-2.37790874448846,-2.31534954005383
-2.50409140376709,-1.55386322884358,-3.18098595962434
-2.71445394793459,-1.57888705087959,-1.27347310126601
-2.43501661571306,-0.830702539395558,1.68817499707097
-2.03854050701116,-1.31770338104251,-0.775115675099446
-3.29095099247005,-2.37300762670743,1.21309491455993
-3.70151524166645,-2.55399140583041,0.810585901345606
-1.8065438716741,-1.72308499939615,-0.126580618000098
-3.28002526270002,-2.28896077899233,1.74579192810414
-1.83478985549248,-1.04437925339324,-1.68285104660204
-2.78031302006548,-1.65357742612093,-1.7295900573038
-3.17073973673783,-3.2646397410265,-2.41973611133798
-2.24103412660983,-1.43135381079906,-3.56394263544517
-2.51085798157921,-0.622851751563553,2.3999653637341
-3.09288625332681,-1.53008547192893,1.35282399616285
-3.40390132538463,-2.35285175100934,0.464230542170147
-3.13074164494906,-2.03289008070238,-0.930623444964542
-2.53241357933175,-0.945130761142939,1.56144596930607
-2.94017382467042,-1.34929366401148,1.24599397972568
-2.74341767000423,-2.65454569324145,-2.32872744458828
-2.60019263857975,-1.67835050038456,-2.38423773752034
-2.41146576917636,-1.46823944554653,0.770699891880691
-2.43002360851679,-1.39697871180104,-0.842137987421017
-1.93540054476013,-1.53966870442174,-0.366180087695354
-2.88541171953606,-2.95516098758876,-1.86149110271012
-3.19910827027314,-2.71767669123537,-1.18225644913358
-1.49190260942115,-1.28903109022591,-1.05330543540037
-2.23485423260114,-0.472407530172517,2.13829137980439
-2.73372918387795,-1.51091472077682,0.769317799896463
-1.95933364634147,-1.26530500725599,-2.0191644680132
-2.26537163088781,-1.33586659477603,-1.46161480403553
-2.2882483665459,-2.79438419410024,-2.84734805998451
-1.7942102989725,-1.09857778660751,-2.5698255830156
-2.3445046637513,-1.20960579723959,-1.94898930854688
-3.01572066781309,-3.81910840730793,-2.20018594804021
-3.37335767012681,-2.82104313274497,-0.115696113082897
-2.72452758687047,-2.44092382917301,-2.93132176197919
-3.21628289980332,-2.31671257801176,-1.01631605600034
-1.8905313215516,-1.5372775582415,-0.152680800739234
-3.31049701979477,-2.16635060864369,-0.14186953241242
-3.42494157862153,-2.36283378003468,-1.11120574995692
-0.715082275023836,-0.991455795624578,-1.7234073760394
-3.34399071151639,-3.1635043053478,0.884198759198086
-1.88592001975942,-1.32776438767944,-0.756829095220388
-3.1787630889917,-1.96616461948409,2.23748107320098
-3.0429173428563,-1.74195038819968,-0.163512010377758
-1.31760024831904,-1.44622285581866,-1.26600432723045
-2.2340302581746,-1.17999120988923,-2.96392880462725
