0.931573049119208,1.1682048253308,2.6016384216326
0.756359065162177,1.28109221218004,1.75083498138013
0.78832413463202,1.25524740687491,0.830145987299077
1.44368744384386,0.656795879651093,0.494408017140865
-0.386508942375827,1.3216041183207,1.24299037833844
1.14286303163656,0.92953491399097,0.0990208002131766
-1.53747236979199,0.128650312687419,0.182729300781761
0.632313939411242,1.28220744563404,1.6783394699072
1.50945180335207,0.254174041664461,0.838145236090013
-0.314739374930598,1.50513967846193,0.446031348731297
-1.28590803268553,0.715516881035449,1.00138195832438
-1.18631274544081,0.874695850650232,1.17349533996833
1.3814034038279,0.143059901250411,2.04099929815188
0.0493361216495186,1.54242412500099,1.65849308858991
-0.712212745525952,1.36707936191325,0.259307426681911
0.18150793776288,1.50103677292893,0.356067225271196
1.16568024153516,0.754065677189403,1.64201678597211
1.49220482018126,0.413309599151669,1.41691639668544
-0.441964697054499,1.44536372571505,1.17019820365934
1.34698351523761,0.592592896413343,0.591928558338957
-0.917296700964593,1.15069137390151,0.14435118212797
-1.02515800041874,1.00618375334289,0.633751061714847
-1.55931585078628,-0.228263503980627,0.37475290738318
0.826734144183872,1.18528166632335,2.21974147528256
0.608131069830042,1.38964012837122,1.30912695974353
-0.676776499882248,1.34421308886017,1.91609699644328
-1.3156742302645,0.659185251192547,1.14690342796954
-1.2835880590086,0.764765593635214,0.662283078738373
-1.5650235368082,-0.0304031592771816,0.258746165769333
0.291213205643543,1.44246966846124,2.28550462444288
-1.29642641886328,0.613990864983443,0.920537838033552
0.500942435774922,1.32418102160269,1.62651921314029
0.544219751048713,1.40498459288102,1.01004002352305
-0.190511998153007,1.43638025256533,1.12340171085457
0.24968435287889,1.35646802134845,1.39059208309285
1.4818683199765,0.339190407722292,1.48309803376524
1.32176476342813,0.38234288777146,1.77293944163957
-1.05373924228595,-1.00718353066062,0.304690335262099
-1.35855947633963,0.442678583018305,0.55509675945823
1.45671812264477,0.153910920413266,0.806423544087565
-0.0194785610383488,1.47144298606223,2.0516697952215
1.00656531076991,1.12718938326993,2.89426564515368
-1.52441112694894,-0.0840180961346275,0.226025244471795
-0.850722449403264,-1.20074776271004,0.0866530330261537
0.948436679045566,1.09952280569153,0.208350388376019
1.1729785675028,0.888619803825539,1.93072841483383
-1.03502790701651,1.13437639585519,1.26459581186275
-0.498377368664283,1.44652375484803,1.83716919219324
-1.47147728494138,-0.0166875844089011,0.157821051841292
0.974121153706733,0.95879830704851,0.0474829047344122
-1.47991890307718,-0.458472674367417,0.372748790280073
-1.32414799327107,0.567564324453947,0.295351776564221
-1.40760459390974,0.429154031527224,0.695777679872551
0.993394686759733,1.11755830230148,1.54664414181642
-1.40252014989288,-0.151985467301057,0.188073307634713
1.42527742427036,0.366207781781194,0.406570809442806
0.582434445889571,1.35140445160328,1.14766054175261
-1.40354894249522,0.573664184770737,-0.0568761738710348
-1.42900520296751,0.512277631735772,0.882136863652636
1.02857893436899,1.02819289124984,1.6204618262066
-0.102706149373151,1.53290011816331,2.23083472180797
0.132201039751421,1.54364450875184,0.949385043115982
0.685017637471861,1.33279882321889,2.30558047126493
0.888885188188224,1.06689184092018,1.10011855870722
-0.0777271933350771,1.43805944942973,1.47614295730556
0.892154111241834,1.13900219451817,1.06714507364352
0.444421255197181,1.52898293242094,1.54177897718535
-1.46976516474336,-0.0728988071150543,0.123086027164686
-1.11288000825218,0.960980350127102,1.04317927516581
1.07613612536753,0.990345537271357,2.76845290907744
1.39354682525868,0.402229608837408,0.194988266727284
-1.00422939439778,1.07566128451262,0.952047352993439
0.146847563498168,1.4642266452522,2.18515914302001
0.315806099881467,1.43728576937557,0.61444595970283
1.42474584390165,0.368270492785979,0.182419000966151
-1.06816872297722,1.01219536396146,0.206055878245031
-1.13407523536245,1.01271842248837,0.838925361558775
0.997642175597655,1.08177352761132,0.180903080757812
-0.701317342456187,1.15602369345105,0.763911542294609
0.849924016626944,1.20131304893129,1.45285859266534
0.525675117750494,1.32927355305585,1.44325921910237
-0.47175839405237,1.34912019329789,1.46015469559015
-0.890456342061863,1.30053497280965,0.552772959715841
1.45859762337313,0.442442697821904,1.77672692472717
-1.54995971148475,0.173977272047471,0.884976808260667
1.41847802512606,0.530524190379092,1.13864633749574
0.298502410339209,1.43237982545207,2.0932755469081
1.21435166913275,0.831188245373072,1.87877870063618
-1.00053789823314,0.929851314466399,0.804630373890959
1.46464314468224,0.142633566551422,2.06992979194867
0.795226847682773,1.21909381399281,1.49264273465176
1.18313034198046,0.879130510629887,1.10782826159373
0.0263696251955757,1.51383185356728,2.39408688729158
0.544509235324465,1.36712602499485,1.61560726426838
1.34227805177153,0.70520387615965,1.85156124997319
0.0872560451183879,1.49073557900118,1.1944622632603
1.3453233152817,0.596346420238543,2.40660457612978
1.50303578422148,0.471572796455071,1.12181825195937
1.27402931591863,0.757864203505483,0.0451485932778818
-1.46202145561034,-0.167383209751985,0.311334843543175
-1.28146410795451,0.676962770557925,0.231200686907988
0.599135184771749,1.42845793237208,1.15206685928742
0.508035487624748,1.38613661411829,1.88087258597406
-0.023126509163338,1.5190130331753,1.68728926642683
0.833488800426021,1.21122326473741,2.74110797828218
0.643236524206907,1.32799059999393,1.95675876845178
0.0441925844785524,1.40383797717962,0.165298212135598
1.12186680422417,0.952333318303896,0.907981841631268
-1.41085897739048,0.381284086158476,0.0350497956222015
0.144336679183002,1.46054928088398,0.0883388322358285
1.38041957308169,0.628715322161829,1.9610488183798
-1.36975194511608,0.219407389233879,0.779943774305497
0.378155127131021,1.41223513236197,1.41318640597851
-0.023120967176719,1.52583163262176,2.27307663037152
-1.35267772796593,0.483480260489269,0.213629202439561
-0.478567681480408,1.39158070186904,0.0308881096412897
1.31841351500398,0.645790946686414,2.40063232448782
1.1404013900713,0.963816917100574,0.847398427845428
1.40702782168909,0.311940888364644,0.853564785382522
-0.658489172826862,1.30850200558021,0.882266782305957
-0.951919844399436,1.04541032753529,1.12413801107324
1.32921171909247,0.47270657742874,2.32654787663154
-1.29923257908326,0.691027192678067,0.162814251758627
-0.842495848479569,1.20653413580659,0.261830271205453
-0.0646105623941462,1.45647419861322,1.43391931147166
1.40291734094018,0.239430640069566,2.08647655155632
0.390308617572201,1.39449379500334,1.65541349975748
-0.953603506970923,1.10790832711474,0.944404808357523
-0.248437337367849,1.46561864529309,1.85487881795579
-1.40978019523075,-0.424114938280575,0.233117068055717
1.07074238504238,1.00947244660051,1.3252233114026
-1.22549439639666,0.894383149532809,0.0810574720025967
-1.03388711418544,1.04718733314205,1.50437354561982
0.13629140426699,1.43090700462922,1.43521291082006
0.149743678790838,1.45098216000253,1.69326509745147
0.95290226807853,1.12138358426662,2.53536435216691
1.49098863318316,0.350159236823881,1.18824107806593
-0.640562262386038,1.32484107106428,1.74379305432625
0.26710765285014,1.41570038399241,0.431188658044037
-0.872366405242742,1.21459053588474,1.0675275153958
1.11488982788106,0.960491825711803,0.807156021584789
1.10476244506057,0.960694909039656,0.0886100190947949
-0.769305875105474,1.18003775596743,1.40810392245939
-0.821533223926168,1.18758096775679,0.205557783317295
-1.49274150865101,0.209578228501622,0.444343146483666
0.73431910474308,1.27526441492782,2.77113923652846
0.929689224895924,1.14070233658228,2.79373512092043
1.07677651395134,1.00303350620737,1.67137104912753
1.13085757359749,0.884454305038756,0.718132696373205
1.56777242575002,0.0515801793137626,0.88442695385249
-1.17673710825696,0.912273912448653,1.20004987746735
-1.37218197368408,-0.685096138234777,0.368931634587931
0.167903084651859,1.47549302353532,1.49350431630679
1.35628681308204,0.5709728156678,0.152736690032032
-1.4715465850803,-0.00863270006286341,0.117047735108077
1.04308130101554,1.00096118956538,0.578391199721593
-0.117973761258443,1.36485353597478,1.50312728495125
0.438154258327636,1.40482907198037,1.10342829217341
-0.0011907940174644,1.47157142455997,0.714419365796645
1.16980953592165,0.801490141135412,0.680124123551234
-0.371247995391248,1.44430396645501,1.43656122170184
0.0195756397400197,1.47144169775789,2.33476460607027
-0.082930684344558,1.46923326165929,2.24098172164943
-1.39359379325526,0.472673476061737,0.32858613871591
-1.3631969850054,-0.302439036307899,0.421272261343679
0.782154458518025,1.2645965611241,0.538160189153726
1.26665679758477,0.643244650358823,0.313914959624592
0.099760594427679,1.53186141205419,0.907172126396941
0.926820924997515,1.15360028521497,0.298563407603347
-1.04971382600079,1.03132185038165,1.31579134218368
1.17480298167045,0.77609015980349,1.00912561506138
0.720547544310549,1.22621144396864,0.231873416219755
1.52403385551279,0.248219588092056,0.00112624239626322
1.01309384639657,0.99849167889216,1.70166482051816
1.43562283251615,0.382288754663485,1.87013207435114
1.03733796002014,1.11103950534275,0.658278607849769
-1.18240068697945,0.818437666377897,1.15840077786247
-0.597171768593004,1.40149153563821,1.33753580496082
-0.747982596651103,1.37570687847783,0.899974186487686
0.121613561835018,1.365592065474,2.3412868951728
-1.24180335851727,0.797750091104977,0.625380895514237
1.32795734237616,0.512405696615173,1.08312797175008
0.847925745017926,1.20272432689609,1.35723730637863
1.21520466616305,0.695601047839785,0.511265322516313
0.637295401527907,1.22859782666532,2.6007445352257
1.35556558672685,0.31093063403497,0.571506790693701
0.0956718847629988,1.41112692114753,1.49533763174446
-0.707023976164191,1.20959511479305,1.82638849237488
-0.703034637657179,1.29437856561048,1.52165638712217
-0.659223661069797,1.3620701146306,0.0565810172215161
1.20912231889384,0.621359621903985,2.57366292066175
-0.908951538255571,-1.08830992001432,0.213558794697023
-0.573957797611901,1.46263820639387,2.04611030385114
-0.212619901966287,1.50393892138556,1.60867478773848
1.0586994295162,0.997060727402295,0.228896465732612
1.32569629216692,0.429116117104259,0.423768573227881
0.868013809515993,1.34800027917359,0.170746506571262
1.52635767300359,0.429991132730738,0.824454158134809
-0.750197643701014,-1.26598869306061,0.117438056830213
0.649294162795554,1.28439781401975,0.175293033675451
1.36771666379996,0.719780977679096,0.53944516930446
-1.32156056207894,0.647303295472416,0.752830056779133
0.276235384146252,1.52705654480104,0.320613097648038
-1.33031563375932,0.62911381334969,0.402927298587161
-0.569713500906073,1.35681627439282,0.102875759903086
0.0283755962510279,1.53038352169589,1.10507275372547
0.570875749552002,1.43737832805391,0.74332776053729
1.31989544873107,0.650691847183336,0.303263157289719
1.50558595803671,0.323123636762552,0.402691735802602
-1.40727550003383,0.430231963685162,0.500509528044675
1.18648885798185,0.97193539479585,2.24155536316284
0.397338437471066,1.38746350957302,0.375073811053995
1.43429859004819,0.500590680090143,0.0902811103929145
0.542574439003703,1.31896841218937,0.0598767687732625
1.1606664096744,0.809485799368139,0.386622094731244
1.3985541594269,0.0106613136244833,1.39104787014239
1.17964125197239,0.879755870805577,0.640087511586482
0.724134324824878,1.2887019008247,1.02526149149054
0.601995051322956,1.42110582416482,0.548488308064568
0.114693532476347,1.48820231313634,1.94343829241411
1.50087625769458,0.359832678625495,0.254930643156067
-0.386530186579395,1.41990080302631,0.405989030280553
0.665051089538645,1.30870928537472,1.69958722676897
-0.242117274538794,1.3532253706921,1.24881663213822
0.0944818921482884,1.38762008357335,1.94875879002176
-0.987445532127892,-1.09108899575265,0.107060152073508
1.23037746920986,0.565031261768953,2.17261632222946
-0.750705655647273,1.24197633561347,0.829182937197461
-0.0843712862038736,1.46915123851704,1.56712680187911
1.43610060862875,0.186081342607384,1.15490479981397
0.709899772004997,1.29671600426222,2.27954380461649
1.42708149734062,0.594728990501043,1.82252630437502
-1.09562332720647,1.16388039510603,1.02204643446213
-0.209596987247567,1.52692881681546,0.846581508784654
0.222571687928493,1.4204750798066,0.591618904814346
1.23755833057944,0.796224374146686,1.7319892324652
1.36703762455352,0.745576474842433,0.18848169637328
-0.261858476135113,1.53445201048449,1.2639494702964
-1.40805786458868,-0.427664501147618,0.176530929398249
1.40300661119464,0.443955318152621,0.269258045434155
-1.160595254868,0.779086795665715,0.75327845906162
0.0102467858015872,1.47153623093439,0.399869248025419
0.430596072732109,1.40716413318402,0.429608878312538
1.42054689811156,0.384148911019527,0.781252827027745
-1.40357592974157,0.143137807373014,0.808208494417691
-1.53110523352394,0.255557365914255,0.00642300861894374
-0.974295615057094,-1.10284719252142,0.0566756076314849
1.50760007511864,0.165577799048896,2.26656563257505
-0.504562756481223,1.4013936447579,1.35806061698855
1.543134670586,0.10785412485682,2.16421103236322
-0.0128203831467517,1.47151605949369,1.71982760961951
0.371064592857242,1.43602453587558,2.24030415487952
0.166834136869907,1.44850520308217,1.6620643095217
-0.985527375664376,1.10015804686985,-0.0350458827102163
-0.107234436352476,1.45852379496285,1.59011566281606
1.54018388208225,0.254516823878724,0.81781906837238
0.981304473089766,1.08895580989461,1.02617370684518
1.32045104349295,0.636845218025921,1.03836926581185
1.1879106658064,0.868557497023236,0.146691869251407
-1.43033111325658,-0.184099760139896,0.6744885388283
0.0785822565489623,1.55042711758196,2.04914960007391
-0.00896036149130774,1.5693303164978,0.784201409461151
0.179176036350703,1.54877905188053,2.15098263247851
1.53060524184853,0.212996403874915,2.40505502068662
0.00485807520821976,1.39495970886454,1.55533153029028
-0.759019908962803,1.26071910169155,1.06174162769603
-1.21045086578122,-0.836858755765482,0.167904503540935
1.23778547923656,0.998797785030515,0.733506999967319
-0.180960376950869,1.4604031010463,0.667410947189088
1.32364575070934,0.643028616937832,2.22106917638287
0.745069683741907,1.26901341282927,1.32514791765531
-0.94067290377181,1.12273927470969,1.49000704295694
1.28902789199189,0.691057120170004,2.52713336430814
1.40312979202075,0.349226818325567,1.14758227288637
1.37829670444589,0.515579353820012,1.75490323739341
0.735402842912571,1.22491461500835,2.66950243440566
1.27898373487748,0.846737222255485,0.0845063801881913
1.31494584001436,0.660637051186801,1.74130611450068
0.222815007653629,1.45460556438375,2.19361848718018
1.4002909381076,0.640642872846967,0.401438744487994
-1.01400304108019,1.06645286264888,0.77172118776981
0.963577230288996,1.10746693707393,0.726858273149921
1.48931743976225,0.358585013940152,1.02480535347293
1.33910089251084,0.6101906876121,0.297023021638477
0.321205278142941,1.43608880117665,2.00913476450072
1.45626148585893,0.291216863710121,-0.054444833506826
1.27688800662499,0.667460506776389,2.29343004386207
1.38514376694672,0.291377314899776,0.484581515321074
-1.38957191252475,0.0589830012425666,0.17756414781353
1.42381692990957,0.623033465828326,2.28358007723516
1.41682619312387,0.555815983016943,1.50635999165402
-1.46939682501785,0.0799802863168223,0.364728033996356
-0.676367173357529,1.33240510044228,0.185830586972633
-0.31924378162303,1.51404629245987,1.55117195957944
0.974816649013928,1.185052106982,0.403833637099645
-0.160092306315392,1.40712435412004,1.11607792757394
1.46731880861711,-0.0231252006537242,2.22957198915126
-0.501856796085643,1.45140055460441,1.46335972514937
-1.38641081690921,-0.528226419305948,0.229394679030087
-1.15859820581642,0.817665940711585,0.728818530469543
-0.461135284699062,1.42340869844828,2.18194259600298
0.156806234894172,1.48749089732639,1.90100236989217
0.907477223135425,1.05841808458927,0.498540126554673
0.618021843490535,1.33550472726248,1.69055856574677
0.531922815555519,1.2426347913482,0.567704296757598
-1.43593706286497,-0.32880786309923,0.42125552108859
-0.605332011171951,1.34064175725694,0.0558190426160725
1.37477623112177,0.352520646457288,1.21712850576723
1.36318740546233,0.16893717483241,0.681784313430299
1.41980555032691,0.452445409885224,1.67111994782796
0.864201925841234,1.1634874679329,0.997320895007625
1.3322184917753,0.625074208189556,1.46810266992115
0.906910634506383,1.1301257448319,1.14198839661822
-0.813342366806408,1.08665034829025,0.970697009336054
-0.906363705751261,1.15932252133248,1.63244544375594
0.824559254383698,1.25078705644051,0.687678571688941
0.449773756893669,1.40115218416188,0.890604156325491
-0.70929250403046,1.35838355119672,1.22421874578662
1.22450577094126,0.816155311508424,2.64577037511943
1.17013430960698,1.0725695390363,1.85348107839149
1.38524893347197,0.302451252620135,1.80471119159201
-1.45860163842164,0.343674465621481,0.185058282643163
-1.35466588350461,0.338381442056949,0.63461930866699
-0.675148929770708,1.30755412821089,1.16600195998919
-1.08204147840576,0.9833062277736,1.41160075010864
-0.157701701584497,1.51128514149474,0.51772060764698
1.32680883984417,0.636476376689063,1.2167700035082
-0.480691224213602,1.41323387583335,1.3504071774723
1.06070784276625,1.13400924230275,1.75811805680076
1.176907556471,0.883409576070645,0.886074544820698
1.42880144167572,0.413004336060312,1.83321772192971
-1.25439227164195,0.769430896453225,1.24068296745017
1.53892784242872,0.182664944586018,0.992670983061766
1.51528386477734,0.272572764054364,1.5584125602756
0.466528737182597,1.50226997279756,1.10858372550628
1.12559371185302,0.947925456673047,1.64060982001475
-1.12757072356923,0.875620106390421,1.58996278247108
-0.551019528721429,1.364515062042,0.030012294040452
0.426890378076078,1.40829275389669,2.56327317025155
-1.45391190393978,-0.107759656701782,0.240129701932108
0.29164984830772,1.44238144800671,0.545422812047017
1.54371455881071,0.114975858358059,2.24962281658515
-1.32193985862527,-0.682312989524279,0.16973953755674
-1.39577182997856,-0.365439288643762,0.229500421425602
1.30935647589953,0.629188636131785,0.720077705825581
0.282729742977451,1.34934593272846,0.105682641125615
-0.0572723817425171,1.39386576269749,1.18444283411018
-0.56786748083406,1.41566484524351,1.91537708879008
1.06125580727537,0.990078667276991,2.18883666632557
1.17686369095245,0.949963119646442,1.53450755650663
-1.27290615810088,0.607948725408545,1.24698860546993
0.147196901654058,1.46419156797029,0.55072673355096
0.845387988264061,1.2112308276426,0.0596846650239495
-1.24225824619335,0.856095788378799,0.0264914624796644
0.563555617331721,1.41791733567822,1.9646798368498
1.24957384572504,0.657422771732442,2.1471395666417
1.35900515214415,0.560576259832748,2.03452178084685
-1.55955149881715,0.0808015428961066,0.266354251217365
-0.345033385069739,1.43055088646269,0.301154427601226
1.37577352677494,0.0830384262624674,1.82590567695404
0.37531700389915,1.49781754452121,1.85675195516628
-0.798920241071926,1.18010904084739,1.1022121063291
0.696946100156628,1.29606713138183,1.59362427517384
-0.581979232342575,1.26375433424841,0.329823186340291
0.872336770197295,1.28203832122163,1.94345401783025
0.968256140827187,1.10815338348186,0.544942576545567
0.760393130702433,1.27428566228254,0.651740869673303
-0.560607869829314,1.36060379679659,0.104164281842123
-0.185864684463672,1.54900547114571,1.44322069550128
0.750234420070252,1.33732327350447,0.727383007313431
1.01532426818433,1.06519505538085,2.02415535984982
0.0641355352460922,1.37708913708717,0.248761076316954
1.51654958985412,0.291224985161584,0.268154105008758
-1.54010064485192,0.328421905808707,0.725330887757684
1.08135208168568,1.02666712778593,2.62685367798886
-1.00247232386339,0.983505456103764,0.141303465280857
0.137726998721511,1.56349346511087,1.00876106947848
1.46691348645884,0.435324308955785,0.506367505237637
0.491880342982462,1.45097633266938,2.49352911562363
-1.09528959573469,0.942803819359767,1.61025812086812
-0.330659474349321,1.34525217576347,0.980596669099348
1.41942027631983,0.351956949907568,1.34398643500553
-1.39916179278655,-0.288257221094705,0.0350517760712519
1.24780206944224,0.783941937036224,1.20614571161272
1.34930619381643,0.21576166074328,1.37343687029145
-0.0798608744384234,1.47160778514259,0.856523035885688
0.517803100519845,1.37355249597825,1.0731710745624
0.584371279335096,1.27528840494858,0.866811598397833
-1.29032404340236,0.810829404468804,1.22659255532252
-0.337354622680739,1.38275210144704,0.240940007753494
-0.686530302756789,1.20347111444062,0.140315849376452
-0.157430455922479,1.42814488689676,1.67114934221868
-0.0453449505697383,1.49432964360285,0.829839068455494
1.33372878181411,0.788553110923327,0.97465887381642
1.05908213968919,1.10893260489159,1.98988674101511
0.658957890521248,1.33202557215549,1.59232648461564
-1.13052173643229,-0.883814467171869,0.065130087290203
-1.4240164759421,0.721411821461277,0.689111379396676
1.36084488698898,0.744507011726838,0.115871348901167
1.54691010856683,0.155056876758765,0.118321948539746
1.40816089738362,0.427325125228584,2.10863546043767
-0.895683527570365,1.05586165647034,1.84844254640157
0.17902417230343,1.41812749304704,1.14167931537847
0.226251268123951,1.45512778712475,1.11198142568977
0.685002654998281,1.338926767854,1.09760043797778
0.872193051878718,1.18524392250133,1.90131456726574
0.483977032967969,1.40512677097427,1.42782537002663
0.964680090338793,1.11126783399674,1.29686806798758
-1.23169582059759,0.805263485509118,1.02127704912037
-0.0329387045577579,1.47479730384233,0.290819242948704
-1.20541494884199,0.844096366939304,1.35951607709389
-0.392992513861617,1.4531261002362,2.14948403474158
-1.42772669296791,-0.551935460385993,0.356569643055928
-1.10569993900327,1.02259925704509,0.628833351652729
1.52933175705963,0.25456523496714,2.05231887130745
-1.26317985700304,0.472750015917835,0.330969153104166
0.52967014616539,1.35625785023885,0.595746208999779
-1.37337725714429,-0.57058573559627,0.394531602518035
0.168614451981787,1.43717410432303,2.07030126026261
0.314087254315846,1.41525430195725,2.25151645924516
0.702645332805778,1.2734719529744,2.58521677068436
-0.293389047560309,1.36773979526173,0.156736656751039
0.337656970450057,1.38691732426368,0.465462204646052
-0.710767836131018,1.2583310613249,0.158065547800497
1.22854419657597,0.810063597893004,0.942720860999302
-0.196418122838205,1.42497459405003,0.50765170953586
1.15948352752165,0.767813879916493,2.56389410295796
-0.866730412222083,1.18924441058228,0.908396151473838
1.47115343630015,0.0350919140846154,0.228335037872985
0.506368484194338,1.38170721710013,2.17484960823298
-0.847782983806168,1.20282496147219,1.59363521035255
1.33787880664886,0.612865543403843,0.263722481785505
0.816602868474937,1.28505301299918,2.40323967852352
0.16758126105141,1.46199876761791,2.06438025235226
-0.3042582047483,1.52805994695472,1.05357395955437
0.988885988623141,1.07041730079455,0.858603922724781
0.220029917548355,1.5052215604419,0.211604573651938
0.502311990283207,1.42525519271335,1.92885972246121
0.955111143496016,1.14265526068057,1.68249777615034
-0.948125378216314,1.12542531638223,1.61049659491199
-0.998128444778734,1.08132487407599,0.275391319277944
-0.228098366570891,1.46223127052219,0.216440121088963
-1.00065955527562,-1.14111065556242,0.0284908740237289
1.42601027137433,0.532886108247126,2.39301874030878
-1.13593960242607,0.944594262193456,0.728641640355493
0.682079600483263,1.2781552966675,2.04683910325183
1.23748603961604,0.727888986868417,0.403523211938047
-0.906264489519181,1.14181652394831,1.06905294930418
-0.240412886324482,1.45180078511516,0.0878729738845636
0.474751895929185,1.33738072172736,2.3126326295553
0.187744232987067,1.44957575084529,0.186159490969454
-0.33353668613442,1.44075776956671,2.30805962117775
1.11998781004791,0.942410831379664,2.60773021595159
-0.63168223744476,1.32909797474402,1.60289401554575
-0.245448500484956,1.4509579281225,1.01328342190637
-0.814455523881142,1.18901678542973,0.374310021548953
1.09893174306284,1.15833425243637,2.31109871952068
-1.09279514164945,0.927015225170425,0.595719483496709
1.32768883646382,0.335084930988859,0.91168677755684
-0.43003362580293,1.51202823266651,2.10291472738486
-0.584737887950686,1.35685441773646,0.6944301987467
-1.14502776291933,-0.924356693985506,0.13365564070392
-0.112615915508067,1.46725646399876,0.425329354041735
1.05964611006362,1.02111409597503,1.13842957554469
1.19910932898923,0.78637437348368,2.06554041071982
-0.412633967885002,1.4125356930426,1.19427241854593
1.10060460088906,0.976828228540563,0.333428106548057
-0.28798577713968,1.4373957142568,2.25154730028298
1.49718346432726,0.0863019192991268,1.71370894264819
-1.07855320972051,1.11130122356871,1.29647913674583
1.42795478986102,0.355624793405693,1.05754543990608
0.927975095526526,1.12456361264263,2.73898032258039
1.16731395694405,0.71075709446557,1.34217154652068
0.671432897929584,1.24750673762202,2.67986193688446
-0.924997421359349,1.14451022103362,0.542664914901851
-0.713655941542231,1.40852367606643,1.56426245220455
0.847583553456102,1.21794814124475,1.34958938925349
-0.00740122340073762,1.45259682581244,0.223626704673143
0.683270796114641,1.34006035365086,1.81960807973771
-1.48166499406296,0.334684457019771,0.175899230046411
-1.05954921705745,1.09256626526646,1.55079798642367
-0.88441534203272,1.016355614668,0.731580750925894
-0.835794479477711,1.19736459117243,0.641766379224167
1.3318315421765,0.341989673094906,1.58297204384476
-0.363421592327007,1.42599040031915,1.09791007368066
-0.686771385115756,1.28318471967314,0.500257278804396
0.182903743683521,1.41382925524927,1.99544386530401
-1.19041222000488,0.865125783938329,0.701030562592399
1.14236435703352,0.927646242568397,0.24404019316507
1.27241256051663,0.574661711946948,1.18000557040339
-0.438836066614953,1.43863785225769,1.59914447916801
-0.480570603865142,1.51260994457459,1.31540913909122
1.42566834390778,0.324930807385946,0.290278132770692
-1.42156858075589,0.019843869870286,0.797334054769104
-0.973917602487303,-1.10318102736461,0.169936633445509
0.473934314937253,1.42729489933698,0.796532739270096
1.24403014853279,0.786074338159785,1.76690306529975
1.08032708946765,0.867580845606926,1.45086139187243
1.28163778124028,0.796006556086208,0.343698410348659
0.230115717556557,1.36527462167084,2.46345924318658
1.29545527428702,0.434443742169456,1.40456909842925
1.28234190183132,0.643854734433628,2.43664693833127
0.884726131093298,1.15555877953816,1.67491319068589
1.09262232520003,1.04109996700325,0.503441055138632
-1.08015641819759,0.999392809559086,0.225190094673076
-1.23931014694116,0.793494949738521,0.502159745018422
1.31685202263387,0.590948422626695,0.146520981275301
0.693032341390729,1.26342062784901,1.11456873489315
1.33381967039378,0.621650192988374,2.28615512662411
0.823027212308717,1.1513162730361,2.42391016507368
1.21118965014919,0.880685804373479,2.44951629110698
-1.08667480449257,0.992301236950203,0.891392277805311
-0.758156249433792,1.26775687958766,0.811956238707303
-1.0750150658628,0.847954186567986,1.13741669012027
-0.222378655872116,1.36494886537983,0.515827151301328
0.695502852676399,1.29684218681027,1.14130936295942
1.4360285394962,0.47257268004496,0.142768398072906
-1.44519319086822,0.374685169660215,0.0282800147727303
1.47702655529622,0.327973385434051,1.31491973522326
0.759007609572904,1.20093779005821,0.351456491418939
1.38162568245377,0.506590909073594,0.776587377768686
0.36901238878961,1.33817109764649,1.45992196248961
1.37793893868035,0.126560055583298,0.717666112444049
0.791542291640123,1.30448728698688,0.185306674872671
1.32376349281585,0.69431627893076,0.946259559020158
1.54788166950178,0.113141534450654,0.532424695657996
0.089184823643,1.46886689077112,0.0424810317234515
0.523213848891752,1.33340970114732,0.330278143770402
1.22891064855317,0.571690413309466,0.0866601148135706
-0.369289132200295,1.33406410614559,1.97150004081558
0.943585651627188,1.16898459831005,0.830210032938195
-0.579530407783686,1.41898503920254,1.32293431402708
0.814894608055694,1.26071267990715,1.34417456135135
0.541937357658423,1.36814757096816,0.707099383018512
0.403903626788705,1.41505679597633,1.48274411710565
1.06726927343892,1.01447236163398,1.51606934994023
1.43660666215407,0.318881128049958,0.0386547718193717
1.35018537482766,0.585254926654485,1.23833105141678
1.27559732149165,0.759840759906084,2.44956916234066
1.26125277551876,0.763935291281878,0.52457981535828
-0.859618326501334,1.30971185274074,1.6809629175462
1.11689150144134,1.00587418180267,1.0872782861321
1.13627365768957,1.01243468822088,0.892050127124364
-0.0680639117744483,1.51285722478537,0.77285862187302
0.904314728979372,1.05797586749085,1.45431445486756
0.332478122122839,1.48393837388387,1.05959777159158
0.869258967851942,1.18739745762775,0.163156982977954
0.135195080332291,1.42820270603293,2.51171677576333
-0.588822614135967,1.34863330993044,0.00459695489497631
-0.220697356126125,1.39229109494663,0.754300577046788
1.37241351713168,0.259640590945902,1.5937968997984
-1.5318766366554,-0.224633074810401,0.117753838053679
0.99839259955794,0.960181750789809,1.64546688289381
-1.06407969204028,1.01649313060115,0.580836999669596
1.05996295425996,1.02078519345078,0.460936557939281
1.41342418248665,0.153365005142226,2.03989299821139
1.47051986208484,0.055634618591815,0.406826521478823
1.20105257921535,0.950118800000545,0.540021374438379
1.03851372162475,1.1472745212156,2.52831905565166
-0.948888653087141,1.10227269397598,1.48044188596342
0.261832793663255,1.51199384911139,2.13523944467477
0.0330848250315602,1.45601432294073,1.23324455077071
-0.349338702452153,1.38826357408649,1.53945180625901
-0.942652754436525,-1.24371310764811,0.282635973719337
1.41307487402878,-0.0119806011390074,1.49751201249189
0.886097868781656,1.26064229002798,2.1203170696654
-1.26115349877281,-0.8571834910829,-0.0701801465638338
0.532974244796142,1.47109737896956,1.94754145738136
-0.833670295624873,1.17969491243576,0.343906474744788
-1.16242497110413,0.902381328555402,0.62874487113218
0.685169393658123,1.32244217793547,0.196324795921837
-1.37399799978024,0.782601993926508,0.809771154731936
-0.755025663037697,1.26311524562343,1.34570547957884
-1.31336376763127,0.663776686427935,1.10680510175627
0.688708200977632,1.25139746739528,0.0700707172608109
0.762770247931129,1.18698512437848,2.40074006943646
-0.842092473521982,1.07318224827124,0.315309752819201
0.534059204395756,1.42371458482516,2.62191752354676
1.0868065264681,1.12841494334945,1.80498423473947
1.13161224007201,0.984101325605485,2.39620372062092
-0.450001788154701,1.40107896502283,0.281219036148182
1.33868044269841,0.671497063032082,0.0073946488248047
0.269675155774614,1.44987892514897,1.72473800193
0.19866713084804,1.45809987541748,2.05534622398279
0.844161850092568,1.20536909136586,1.35094430209564
-0.540145102134461,1.36885614445493,2.06683091543472
0.431261554864652,1.32055346883369,1.80553481830792
-0.481729484810161,1.39048933078841,0.0813173883293139
1.23703094707455,0.797043481594134,0.0505477730977024
-1.39037599815498,-0.652584782419735,0.205299940297624
1.19552105432665,0.922553794801321,2.72351084283778
1.44610374140062,0.467029552207859,2.14980356921326
-1.46913436308239,0.0846646253304607,0.671415318586622
-0.167516387937599,1.39557073177828,0.687622237800862
-1.24156189832193,0.887538214032177,0.154383435211449
-0.569586494381843,1.35124993907813,1.66612671394629
1.04865126573021,1.16030102429513,0.581641263519318
-0.329887838344114,1.47614982928014,0.985914925735792
0.683241137261633,1.27862940594938,2.47932351417464
-0.569454486478496,1.35692500286544,0.822248453781103
1.44335700744859,0.286782887601244,1.06656574325116
1.17613680745698,0.85913542631404,2.53990045609906
-1.43889038800408,0.402970930741894,0.554584114192299
0.793675277764342,1.29385479438454,2.25245952424243
1.17847431188446,0.857251015362859,2.62055113608902
-0.827131362792122,1.13445370359366,1.26782035097471
-1.30915088582634,-0.662812113019438,0.288909359833463
1.03631167241716,1.01082354225472,1.32165002313785
0.263769628720661,1.53203231408029,2.57295559530848
0.559113467247099,1.36786141724108,1.45907859521282
-1.46766866747929,-0.245525187733044,0.383473716728843
-1.39519044959871,-0.448139594515845,0.573599143017821
-1.47387014783191,0.351476204049548,0.802903482762334
0.657469531660364,1.26677343433436,1.75319281428032
0.0894565236299195,1.43172541285982,0.672594812115325
-0.520938336522685,1.37628017682187,1.67900130280205
0.609236747375516,1.46949325105333,1.76963967351981
0.254376455770969,1.44941936454611,1.46552645115897
1.18791019029444,0.868558147372127,1.54817840960968
-0.8055062907958,1.15912187151294,1.73596503394554
0.411468472397703,1.33694644227403,2.56875593671286
0.815828008674094,1.24201766147442,1.35224769588018
-0.535292777112641,1.34253678575333,-0.0121455196080433
0.68349171154333,1.20892710859516,2.57550862831715
-1.42474401454984,0.639051852956218,0.791887935702159
-0.327970646646579,1.36193481140903,0.55355218701285
-0.427623994944152,1.31159162040275,0.832976707505882
0.329755034356689,1.35210408489312,0.509586743084662
-1.3835413848649,0.15393545961958,0.071188244724117
0.0764292185787621,1.46958580903576,1.43002411110394
-0.363710031685455,1.37869774071181,0.577901755218493
-0.423854657450132,1.47642880248437,0.496974923625399
1.35765185838943,0.808066962759932,2.06512333420027
1.39921190781304,0.728817173576957,0.364369899264313
1.46607815317191,0.12703827912835,1.08140516237168
1.4495545389043,0.0890844855552717,1.19748149777363
0.660745653930176,1.28126610555827,2.64939686558746
1.24934947731014,0.665309626781543,1.33011492109091
0.541206365390082,1.36843689866691,0.150742726984493
1.45801243192055,0.199307862205644,2.05426160399065
1.33556038103474,0.617901565123597,1.28980837828002
0.808558724638524,1.12737861521782,0.857836697876066
1.36260045796956,0.682386952130629,2.28803229929818
