-0.711553715780899,2.17643979995642,1.59240638142447
-0.844303864991375,1.78812021578722,1.33675005667005
-0.925959022691926,1.46253046493752,1.20380268935917
-1.59284938764336,1.09180116388216,1.3732042939862
-1.18705176900792,0.439693371284522,0.880327390391316
-1.30490964274612,-0.0568874556479023,0.908340093862457
-1.1052616051229,1.66254413511144,1.38837140735584
-1.62061356951498,1.70367030642069,1.67507390099161
-1.49588500770992,1.06777343674954,1.27812545605382
-0.515396475139267,1.56945800854782,1.15190878336154
-1.49497319904657,0.779780872963659,1.15886104008489
-0.825219649210334,0.983199211285977,0.939811314076346
-0.811340435443343,2.15170029966805,1.6241901106124
-1.04210090284086,1.33914917380911,1.18004565380195
-0.199362495643051,1.2769986399358,1.05633537600253
-1.60532540485373,1.40632074229929,1.52341425900397
-0.760785693026461,1.82690140611232,1.37624973027173
-1.46327343354007,1.54443397988049,1.47956615749268
-0.996906370262992,0.899968801804375,0.942996526325997
-0.20728050755639,1.74111781371109,1.21938238203677
-0.697417375814997,1.12084040658148,0.849692401979642
-0.80145459831024,1.50623645099762,1.18654070975313
-0.991581813400238,0.874866229071381,1.04991434496271
-1.27023953822282,-0.0963583643526015,0.885905426719819
-1.02860729769537,0.867578464722327,0.935797834401065
-0.369633002862569,1.66569249610339,1.18655748806113
-0.754737603551293,2.09928306942401,1.47211059525417
-1.2919155304034,1.58089963556798,1.32483749623497
-1.63483067835349,1.62573852919369,1.50956417996262
-0.896096939880668,2.45088713810195,1.77632623527569
-1.49822393954212,0.753868715020538,1.1663800151887
-0.965637746141291,1.67079637272048,1.34202793961877
-0.725265146687335,1.04956075414227,0.88721298749004
-0.678432261161328,2.06488054173341,1.63250828326921
-0.851717298984417,1.78404243453664,1.37419753354625
-1.51473460095974,0.74985678592911,1.17540768268757
-0.682797368417365,1.14916040152234,0.92959014790814
-1.04318567980401,1.1942033503098,1.10273028056592
-1.41651584983398,1.50554044187346,1.34089856794219
-1.30380020960938,1.72393279553963,1.50314089168371
-0.848177425771468,1.04748466386248,1.01358766328806
-1.42086314364333,0.832486031672035,1.17146213536172
-0.510428179317231,1.56334076455492,1.10447673034774
-0.898299973725796,1.30700396714921,1.10291538868225
-1.31031006135964,1.47613371996773,1.29399254580346
-1.21139461469267,1.09128591996879,1.04130917364977
-0.208950710565438,1.71425543721493,1.23976023546727
-0.375317267961269,1.90337658392374,1.34916031574135
-0.403239755146184,1.25407972081611,0.916105118721547
-0.47191337923864,1.80974430565202,1.42280432596466
-0.653448884634138,1.96707584835993,1.44147538175422
-1.30656319590469,0.752861878469618,1.04867816497957
-0.568912751220922,2.0111022640159,1.47169356939211
-0.80129808815328,1.001424856716,0.891927393678296
-0.763611008634863,1.37102219789732,0.989632859684331
-1.15998552675055,0.683802003490857,1.09365116527991
-0.335945656358128,1.46235635996628,1.0434624562914
-1.5933177245372,1.52280521761874,1.53273293149254
-0.580725238458041,1.55282762314594,1.04529161180129
-1.22084145628948,0.641453367121327,0.91139116197654
-1.2304913145964,0.343433150569276,0.955095041247948
-0.305336471956127,1.59565758011952,1.1298076772501
-1.5038571420811,1.58656592760587,1.52024701531483
-1.10772068507584,0.611679522424361,0.879990777760927
-1.45501999912313,1.96334161702681,1.69944899238113
-1.185607361129,0.824299421509471,1.09686512232281
-1.55847041142494,1.69223425126009,1.59987346079024
-1.12299454230202,0.696553742221354,0.919000292979611
-0.621791905369947,1.94411611403362,1.28685312870549
-1.31103992549063,1.81743782794401,1.61571143377984
-1.36203831048089,1.95470155843432,1.65682708962042
-1.14188056171434,0.531169813216617,0.899173072791923
-1.41664031399846,1.11253007283594,1.25266762329239
-1.27328543178111,0.666932201651,0.959589027227151
-0.672769462671958,1.14565653950134,0.923945305820514
-1.25315485892337,2.50465512595516,1.94767314203043
-0.280525899254273,1.61368630342573,1.13904278779526
-1.39524886398325,2.07908940705349,1.66013801871473
-0.25443139290859,1.54448379144763,1.06428223479253
-1.31018620522551,0.776182843683362,1.13684751319333
-1.00575225454253,1.59594856165105,1.19166668786049
-1.64477226414088,1.53980570203874,1.57876295955749
-0.448775444469769,1.7112689401185,1.35604792811333
-0.128431880230178,1.36051851007641,0.950356768408918
-1.5560668453688,1.11877487146903,1.33280397900838
-0.934212004158714,1.05047607794592,0.977635381845275
-1.03629072936707,1.9977431443528,1.45462992685878
-0.242661311203556,1.41543654806595,0.984296070987528
-1.11476591960712,1.08394902571604,1.0825728846512
-0.754926069315687,1.07016795849537,0.838624504319363
-0.511651795444935,1.26407276615609,1.01962347328382
-0.968994047051769,1.10818851459343,1.08292692349299
-1.59089257237765,0.495397972493571,1.2040363553423
-1.42764847333532,0.590049088656354,1.06662236851297
-0.88583541400538,0.904373203527392,0.880374939782897
-0.243849004417802,1.72659392842446,1.21264756259908
-0.475178331274203,1.36030880986507,1.00206050494974
-0.593797406086401,1.11493728381048,0.943085579638214
-1.44108021041487,0.493696029732621,1.10748051728247
-0.895706651583926,1.04316894280732,0.878379404639875
-1.45522993356921,0.615353028162337,1.09877504179815
-1.55843498366336,0.7205645504917,1.19402807360077
0.0141062134770826,1.35610552821377,0.943132528657648
-0.628115224641934,1.51554461719917,1.09477645393993
-1.51524558739856,0.59286384467984,1.13154069689068
0.362061269611262,1.32683239221958,0.892139625146575
-1.41817251156213,1.93159261851658,1.66646921363322
-1.51914565873802,0.526202458577955,1.03416831670505
-0.796287206465077,0.882221227326999,0.862178697145912
-1.32513538941291,2.3092868659735,1.81187372978828
-1.16565115627141,2.40091237150971,1.78838397578953
-1.30858094797175,0.326198491799507,0.996412636509645
-1.22073244790049,0.759231802125752,0.892572664590312
-0.99453967566979,2.22151435841377,1.58699816299496
-1.61185511285994,0.68646193108519,1.1540472168942
-0.599394388688229,1.89010258290495,1.37895254548095
-1.19051713921514,0.538944735617727,0.908810408734826
-1.33223862286309,0.38874258048897,0.813945383585952
-0.955444129253412,2.33687880244269,1.74327591364062
-1.1116883676104,0.9156335937697,1.00157809308826
0.196192613381277,1.37368166335598,0.902928410811062
-1.6523849444134,1.06659336978929,1.42258749899418
-1.2921300098694,0.133817319696933,0.903396782484345
-0.776578425332779,1.75679457756675,1.33577615852433
-0.533585295030907,1.47312609290844,1.18065742901029
-1.45477702467187,1.20868270003904,1.22965965471645
-1.12204416362107,1.29291359655769,1.20837294479043
-1.60508668273569,0.799783851172536,1.36938473036922
-1.02298409763451,1.28016936273213,1.03636530785129
-1.53584927315357,1.086832495126,1.3084577282284
-0.523290049381015,1.60132272868282,1.05728675204996
-0.983015775889534,1.97328234369251,1.40063646992456
-0.72637715524295,1.74710171810434,1.31582017139778
-0.787162375510838,1.03845841633586,0.90620656926777
-1.39201051247367,1.37661874805966,1.28367688364256
-0.710666992940261,1.98057379668841,1.46334195581008
-1.40329206853307,1.83093633465388,1.55660059725646
-1.33305223730038,0.272107979572958,0.911925757395669
-0.332012486825485,1.95001727765141,1.51673525990272
-1.10058962662964,0.687534253194923,0.840099344307282
-0.373007490689201,1.39585584366554,1.00478696223169
-0.935275220600976,1.07868709731652,0.992865433673013
-1.65117332287349,1.57438243112215,1.58660324088095
-0.729075358542297,1.6253615394106,1.23883880242828
-0.556139811985023,1.28002860361812,1.06823661166011
-1.13678839105115,0.294813443776211,0.991509097514022
-1.22850520337055,1.8124695909662,1.41515784624855
-1.08590882275273,1.76438708851133,1.44078355229321
-0.0487287085179606,1.31181118379097,0.912906907331826
-1.31400295231717,0.656378666928514,0.941654234231936
-1.50681132087784,1.39013908191836,1.27693677905417
-1.66849007762411,1.32877947733141,1.45129967778082
-1.29495701317146,0.832056607807615,1.07043308940477
-1.60690535896086,1.18144150892276,1.39173178059011
-1.30586808918719,0.473573575039379,0.86347971854965
-0.971527623452931,0.98103321991259,0.943974414386439
-1.36555295420676,1.02655124981693,1.09819511010154
-0.562715423151948,1.26885184428617,0.985005171372482
-0.943861289173834,1.69912240749079,1.35170045495376
-1.18661468923522,2.22888750452925,1.79997289599009
-1.28858070689808,1.47314268241365,1.36109536728311
-1.10100668047731,0.878958419345444,1.05476240100453
-1.45431784863223,1.2627545421987,1.33942581940854
-1.02465226668574,2.05623323999333,1.63613554222267
-1.42284647100958,0.432030343753918,0.965071224360472
-0.762695153160038,1.36906483755333,1.16041984378026
-1.29124756449793,2.33033653901356,1.85275193282548
-0.6998730550031,2.06554499172926,1.51666718427937
-1.06414340286215,2.47124898004551,1.87115261373516
-1.33454923352564,-0.0658604926621323,0.904690598808551
-0.900261483425981,2.1062001981892,1.65722957424966
-1.39580187387127,0.523465875078256,1.04510078165657
-0.993150359172951,1.15742665881866,1.12409996917287
-0.562527630290903,1.56595733001006,1.05994432566438
-1.00359039755876,0.786823175571267,0.88685780113433
-0.902717932445706,2.2580080846607,1.69889997684989
-1.3903723078765,1.30443587864061,1.40771723235267
-1.23935847948835,0.928026497564817,1.07674220985692
-1.03002829133128,2.20020683959851,1.68947007810752
-0.724701587843859,1.50252781950992,1.01670436160285
-0.372935954724464,1.83744086127703,1.30387241078875
-1.03015184220121,2.3616806898325,1.7783982178929
-1.60820471898825,1.03896764552384,1.24394017699905
-0.715705886648055,1.1501253418438,0.942055577006916
-0.419475498208414,1.77703031647174,1.26977064394942
-0.270340506504695,1.83524806172639,1.26851571785705
-1.36027759966453,0.832782849375168,1.17588500326723
-1.26106699436111,0.283696951567139,1.01006138892173
-1.43109698209276,0.919072769754084,1.10207464073815
-1.37633286738855,1.77869818067594,1.56403945626757
-1.37969299524461,2.165080951865,1.8579584394891
-0.0445248877000712,1.54266461678529,1.07326774406403
-0.401386677966037,1.28730612024409,0.871932933920104
-1.45653309653826,1.19321471720663,1.32773765003237
-0.0421803042584906,1.41007655031197,0.890970373159278
-1.28864913544955,0.447789613574891,0.948733742184971
-1.31509788500064,2.37201011522885,1.88614066061425
0.0611726618053533,1.56172184615492,1.11486359081603
-0.310823414578551,1.37576127188618,0.980864889095839
-1.21093881256954,2.16985665656055,1.72807242845316
-1.63956258114577,0.972188361759589,1.29982719109611
-1.01844514806202,0.86420989515491,0.928889455350916
-1.43644340843573,1.70057297826408,1.54807327511391
-0.199198282015537,1.78697967121575,1.25042314469898
0.0259059994828236,1.72994232185561,1.26975887340523
-0.578045117688674,1.36962720417616,1.06811549422378
-0.607656439403612,2.2327794264894,1.60922675700776
-1.66611706025064,1.02006554113936,1.32541073559291
-0.675867377606567,2.08202793003649,1.52229106610062
-0.399068234667842,1.43778729270903,1.0376858594001
-1.30562557900565,0.486886737266113,0.935817254516856
-1.10773815823251,0.636834132857712,0.837253313348606
-0.543847909107312,1.20861622726828,1.01221865353258
0.310756208034667,1.30460821285075,0.932652069749773
-0.567423814163146,1.14596376697564,0.889286186216908
-1.3587330496121,0.130207958212474,0.852267394747409
-1.46520054005305,1.78910899788639,1.54794735453899
0.0327219265657768,1.4821474306165,1.03098646229354
-0.993465701954908,1.92588362099868,1.50702296880773
-0.38907984911396,1.35420310638086,1.00629684995686
-1.1781752822934,1.4337217296464,1.29052243969074
-0.684526405380195,1.26645108680711,0.939478239699049
-1.10042904736493,2.24860428457096,1.74097012427027
-1.14499789958599,2.11675292052114,1.62943926064547
-0.287198202629101,1.46289544042135,1.01504441596308
-1.46918305493057,0.436520170803784,1.06586390235308
-0.417397950661495,1.98889962402891,1.47423389009722
-1.60450901478625,0.28016565959284,1.10983189789768
-1.54241764462161,0.637362929833306,1.16062109940496
0.0836175376138154,1.44217592471386,1.00462213520442
-1.49184187562345,1.05833005964064,1.27202691573999
-1.07240741821891,1.9541198276379,1.55015310645472
-1.54244670359899,0.745807453523394,1.06351608571694
-1.19687169111868,1.45119131994588,1.16390714527048
-0.860998739447602,1.45945704223979,1.17841313935492
-1.22804683672346,1.82007721911752,1.52691339382378
-1.47666955908917,2.04277357886956,1.73123143515006
-1.57930437861893,0.622271587579981,1.10436892068667
-0.911244988750725,1.78022160369762,1.39079030675166
-0.823554172541227,2.07395857823534,1.55185308030036
-1.00199628405361,1.72898761449702,1.40276728375034
-1.40095072990573,1.5203255182431,1.43772450791526
-1.40904967955011,0.101220803644884,0.982425763584715
-1.40189033168929,0.668008551917356,1.07994652463701
-0.724981175275117,1.14082407188561,0.946371630280913
-0.659299516570019,1.95463749226024,1.34365691108021
-1.25290492274153,2.11050043385512,1.70685883975318
-0.981590068094404,0.863972254421083,0.909388845196498
-0.395538134090779,1.96795644675721,1.45689251563913
-0.0412055892195166,1.31301452480523,0.913564104867769
-1.46699535424105,0.526851178035629,1.08399525423369
-1.03109606279309,2.13239642430525,1.72173754910088
-0.78918701952303,1.88967306817691,1.46515617379604
-1.33791141050326,0.2525796571565,0.986761728722299
-0.892147470804788,1.65532445473168,1.30771612164946
-1.26688715009448,1.95180347671352,1.51974265005322
-1.06428703102707,2.09597243481652,1.68565269273635
-1.5865741963169,1.08776288492133,1.43498274044453
-1.04884737871253,1.09466704639701,1.05430521459551
-0.741507720201159,1.67331705403229,1.28731249044235
-1.4276200054276,0.288305436207251,0.913749114938548
-0.867588141624541,1.88932426146873,1.4458090980851
-0.863513898085361,0.89619117510108,0.88813789623914
-1.23364722886958,0.803777688101079,1.01816951647378
-0.900528925828911,1.16242375423982,0.967467613357212
-0.291807428034525,1.75373118087102,1.23637175057972
0.0471666904724287,1.4066292612075,0.940326283876151
-0.78191121016573,1.58723923877796,1.24429699931504
-1.62559616776883,0.691111398388339,1.22841980832883
-0.492088234622232,2.16872061083973,1.59232372103616
-0.848886379440553,0.86818122653793,0.857942469218852
-0.687845133621218,1.20436478336229,0.964530579983819
-0.878646552034854,1.99389904768726,1.57967342217971
-0.95403720289072,2.39711057166046,1.79420902776016
-1.20798156822978,1.08816912190531,1.16889629407515
0.209204519849266,1.56830676351709,1.09068791195813
-0.179830336774925,1.64906777355777,1.21076194909234
-1.48170277985695,1.01003136074799,1.23370254922676
-1.18020938045842,0.767146085367691,0.978909678178159
-0.966006674063876,2.36487459353288,1.80511057337394
-0.337230211722782,2.00371344173803,1.41304734860874
-1.16387158238632,0.707766882928548,1.09871789427628
-1.35913625371789,1.13754727772002,1.23255992252467
-1.20716277167771,1.63673451202323,1.41433879405858
-1.28766815631077,1.51379954451165,1.38209089966817
-0.242937547249026,1.59111393463435,1.23959531857191
-1.38379504494793,2.35728271452389,1.98520595920128
-0.0871085973753606,1.43558435547843,1.00018996436884
-1.26549173161163,1.36585677339535,1.43992043542453
-1.38877514250832,2.35557208201103,1.92043653828468
-1.36850675377606,0.282378427905117,0.971754672020213
-0.19554165634128,1.53860742091157,1.07860611277451
-0.926715391847491,2.1697770069051,1.62185582294148
-0.78073503702921,1.23252961129258,1.00660196337649
-1.53373295099085,1.08529625245,1.36425860376188
-0.540824156516759,2.13070428802973,1.42296028610699
-0.280914552252426,1.5428567993439,1.10514604145156
-0.616931704514058,1.79870834722447,1.40353977787437
-1.32836936026868,0.742281096128864,1.04528303946935
-0.855642243397694,1.93190627376143,1.46938833414752
-1.55227250599327,1.95308309147553,1.58609247834407
-1.59196850902391,0.792940529843201,1.23683984757864
-1.15989136467406,0.988796032371561,1.05626417033707
-0.891846243765598,1.816473896948,1.40728141971604
-1.19880560127174,2.32782577588124,1.80915301573935
-0.449976217784999,1.22491374747727,0.811069568588678
-0.569161135192835,1.46698491868693,1.09428415732328
-0.909611835572396,1.63267548613223,1.39104235908156
-1.51962178075659,1.82131515063969,1.64957687437971
-1.58027100063331,1.04269689645517,1.31664415401281
-0.31543226453065,1.24329293085232,0.919123324127137
-0.974094541269718,1.63931502858667,1.32611276863512
-0.452109776747605,2.00754695799987,1.52061308688896
0.319440490452611,1.22699857339955,0.881739674112396
-1.68985495976265,0.640495018176717,1.11080060276682
-0.584529440261818,1.69636386652931,1.24778039142934
-1.1735011804459,2.13352650984978,1.69335473903266
-0.378769657060809,1.36655408236236,0.986177121468094
-1.24039890502929,0.99773256617969,1.14376492602193
-1.20446067428526,1.64634083428813,1.41861040719693
-1.56705079114969,0.682966528665227,1.11995079830211
-1.29266449597626,0.680548541518986,0.939088334347135
-1.37160923983355,1.52194033860253,1.42481017709659
-1.00292971925564,0.925922475584498,0.84825806957517
0.187639307534527,1.32635565736332,0.931576967393128
-1.31061442719137,0.436857802002569,0.928906230355899
-0.278965168909628,1.80093123782862,1.26736472744041
-0.65640208725951,1.33717018957275,1.06640804232057
-1.53870522932795,1.59853575585048,1.51557362706181
0.0280147926597422,1.60865799000599,1.11888463635757
-1.14949278328812,0.657350235499553,0.920876877521303
-0.701839957876934,1.42266730553509,1.10321339134947
-0.223349528208967,1.34706388942156,0.949583135000264
0.178144559199965,1.48956167476231,1.09222987192097
-0.553531117559558,1.4951805335512,1.1087668416459
-0.929472981202239,2.34630287048262,1.82649351161072
-1.2058962376503,1.32858090295574,1.24777804989082
-0.531522570506186,1.33316241764333,0.998095976740029
-1.18769470598829,0.488517483528799,0.861124326766513
-0.748144810111125,1.19225009504959,0.904413744124439
-1.01619874478493,1.22074140526283,1.10459515387659
-1.0050348783108,1.4599173921717,1.23259694927652
-1.35287097088032,0.822757454205605,1.11717611952232
-0.478278125924286,1.91564190809037,1.39644878516525
-0.856920432124983,1.12364831673311,0.927958544040456
-1.67355233070991,1.08582743265777,1.30326356596355
-1.32900700790407,1.41414170045915,1.30719169932884
-1.23833242846552,0.359138217345386,1.00833139199831
-0.654861257413169,1.50368426248387,1.06478243953099
0.132027584048648,1.45450295713405,1.01566901270294
-1.37498289099231,1.15896711374863,1.25057908519095
-0.745858995209828,1.13336187593206,0.943541028893557
-1.38454905659928,0.824680019880457,1.17721052151324
-1.37151183707904,2.23441902176268,1.82326661393481
-0.241777722145783,1.67576169226684,1.30470502894077
-1.4653549843648,1.69549534310472,1.57440524749827
-1.10256131384834,1.52774605287169,1.20002357045065
-1.62535882028945,1.32281418804446,1.53414009977598
-0.659358933265355,1.81412422126748,1.34234937324371
-1.30235324976824,2.42641832889382,1.91511257546863
-0.909347301185474,0.943057222207017,0.917849199973948
-0.710978331669187,1.10545633275477,0.927387074205407
-0.507912102009072,1.99834649271543,1.37790325515406
-1.26501015281244,0.873212012815772,1.06588970779291
-0.678177426012558,1.7070722805139,1.36784577302452
-1.22953523217139,2.15767466523,1.68019013149163
-1.37375476163551,1.2198202693523,1.27762428925175
-1.10567760784958,1.76894286760157,1.46029773127257
-1.10723990781983,1.56383140448181,1.31644160052112
-1.07368878286089,2.00282425204211,1.58035114044678
-1.11265808508481,1.16322134435907,1.12082192740763
-1.19752038615844,2.16798972017593,1.81008428197917
-1.60973175408204,1.53967267344722,1.54908984637935
-0.519589938997647,1.39077282832694,1.03248436736509
0.0568587854252187,1.45215601031816,1.01065207471429
0.114348208529412,1.24933125369916,0.897602646408487
-0.481931963648481,2.068825641259,1.4772521391488
-0.185066878742761,1.8905891026614,1.26179507876157
-0.975637169235188,1.31281166029514,1.05109979498886
-0.019209706679071,1.43982090628136,0.892300390190137
-1.30486886219773,1.43675758791943,1.31362657582658
-0.0963756544334977,1.33632406772587,0.961801126412885
-1.63909397239306,1.79979109794901,1.57639085985764
-1.29464596512279,2.31859654111048,1.84676585520142
-0.320233707509985,1.8707322071067,1.31989373652833
-1.37397511157117,1.85220992804211,1.596276803965
-0.460672065582509,1.54902870996575,1.12387525884931
-0.404867124899667,1.3674026287974,0.951901024393868
-1.24430444109892,0.919624240812641,1.07601425169348
-1.25228885265197,1.37444973606047,1.33425618217016
-1.09712033519398,0.684619807761901,0.899337860016342
-0.364358518151428,1.37787623803782,0.917548812047912
-1.39296575008958,0.950673664328186,1.10874091545474
-1.10544093040304,1.07458899647903,0.98389784275429
0.137730282251012,1.19685150574945,0.901389931592271
-1.09636398990663,2.20078504666913,1.70990009298318
-1.08430313529213,2.49686698369379,1.89306945212061
-1.19526160881992,2.38108864742914,1.85280998582729
-1.55560010441027,0.743982300521057,1.21155907199887
-1.45872835142592,1.30764007128022,1.30941822016308
-1.34970079836295,0.389245650199382,0.955258848555251
-1.20822695273311,1.05303243544528,1.11458081536389
-1.48446744623433,1.80740389588829,1.6265349404482
-1.49280610150893,1.42856610497581,1.57162325476351
-0.827836831637824,2.15926129497769,1.60820053206694
-1.55160541800913,1.05569368370633,1.30511409044326
-0.331119684589276,1.33581078024798,0.95708222069281
-1.32517096715076,0.841994397851683,1.19754312049632
-0.949127404773167,0.973648446335912,1.03637717843899
-0.471200138333422,1.22279939548588,0.899916116777316
-0.301467657537182,1.7156402007985,1.21139364580547
-1.26792061202448,2.44505800576392,1.84120136618657
0.108575050579536,1.52408259093341,1.13384007522855
-1.22997618525635,0.681934830239331,0.990445593716802
-0.922970398927995,1.15705909726143,1.02930301147143
-1.37657836410223,1.5187259074782,1.49324955167149
-1.35691505392282,1.90325092280511,1.62552815953406
-0.658621205977992,1.00186836153162,0.799671352793626
-0.197926871058178,1.88967768210154,1.26494956984643
-0.996734941218491,2.49224990695224,1.86666511301046
-0.483864566074579,1.36437939112538,0.943842100785638
-0.636165406501566,1.40773913048139,1.17467774074489
-1.56670341998608,1.02036533854785,1.1466330105923
-0.0343189285000624,1.32237844057739,0.946702876272002
-1.15728236127377,1.21943587455116,1.20116596687878
-1.15458983201025,2.33416554765979,1.810988246559
-1.27169609577346,1.33181945666666,1.28060942536929
-1.12200311172492,1.137353410183,1.11105494251103
-1.14954943849996,0.912736915281804,1.0207850302204
-1.53036807228225,0.269189028556016,1.07179184277111
-0.421766727454409,1.60976331629753,1.10803802795567
-0.924362976457011,1.98652780733593,1.52373632108892
-1.23324630319422,2.40626031085296,1.77090996596244
-0.301010342343311,1.85417845352581,1.20215838286979
-0.0226860232663851,1.33251708070948,0.995921549223957
-0.504762255444373,1.42667085615118,1.14236914165312
-0.653973170411202,1.35726114290813,1.07068288199346
-1.41195307524734,0.982762961533502,1.14323666976775
-1.43041532415876,0.356537238429408,1.02519450794072
-1.30026257589239,0.244449616130393,0.920087555580994
-1.27552014546589,2.15639433759669,1.77825002789561
-1.42462985101438,1.47034619942381,1.42377008901528
0.0633450939294303,1.54521201032074,1.01847889959788
-0.537859736253373,2.03691494632186,1.46509178522924
-0.90797093483781,1.68956372931692,1.22767482601248
-0.399791699725362,1.35960495039411,0.976140177891994
-1.54998141909664,1.4179673713185,1.54328512602292
-0.879275545271191,1.26247525447057,1.06992183653849
-1.28747710953438,0.342972438479278,0.926579610981077
-1.07117809734653,0.726487133619593,0.90009813597473
-1.41999506973983,1.49265342928236,1.42531322813893
-0.771123875144706,1.44003634736571,1.13599405580254
-1.23223444862446,0.44033855217349,0.864938015931975
-0.0855356706970584,1.40449297155378,0.978541434725755
-1.69151508694549,1.69787746531452,1.56333532422223
-0.0676518782682298,1.36870973619326,0.961689813498917
-0.249341010172806,1.38877119353819,0.937945150149897
-1.1727959371891,0.94473574219846,1.00686343942863
-1.24399835002049,0.248793199291603,0.882250234946564
-0.368819550530653,1.4873966686514,0.999629933449859
-0.50618732484446,1.46641813449225,1.07884337469822
0.0691650712932123,1.56003615757822,1.08596748472365
-0.918917084784014,1.84001169574214,1.47533007164984
-1.31504024885841,0.409674113865685,0.957873482158289
-1.44279018194079,0.639321078741312,1.09745851589109
-1.22238616234552,1.42355989378421,1.35133307958499
-0.302805092355059,1.71032455190981,1.08532280373783
-1.57554112613207,1.23069853949458,1.39973658937431
-0.908461977764197,1.28485660150741,1.06399933131926
-1.12934885447038,1.0473791967044,1.07115576938613
-0.522423512114889,1.56409255657103,1.14679357433883
-1.1806289633233,1.13606500348962,1.19328026094715
-1.09691984762333,1.0925833034067,0.998179227052767
-1.47060054973186,0.944958718100048,1.21563981143471
-1.40129493841101,0.722865393160825,1.09652981507892
-1.60101824741635,0.574603202895159,1.02657153462151
-0.235995440039626,1.91835453057356,1.34414546303244
-1.12362147879623,2.2577258839075,1.74042698135311
-1.34417932641186,0.23931478573751,0.917477037982541
-0.749797338674892,1.31489532224617,1.03418963456989
0.0481234764966325,1.51627564967808,1.19218486062646
-0.158550282034567,1.45386875398719,0.865913515609175
-1.46530648292336,0.360748993775336,1.04945139940606
-1.03848889656588,1.59030019248281,1.32086900442324
-0.261251757419402,1.40322159618408,0.992616428488695
-0.270004039331508,1.59211451667526,1.12301904822578
-0.0641526196719953,1.53997595398136,1.12097875620746
-0.644218086916849,2.0300181517348,1.41475853777731
-1.17822901262628,2.10472841656317,1.67623791219415
-0.0219189392197716,1.3605148756998,0.998380288607142
-0.067734914906739,1.27941591459524,0.890995014637731
-1.17466334009957,1.01549712572117,1.07984272421251
0.111846425057072,1.2960521412763,0.904668330266496
-0.455796117741202,1.41880526714502,0.946832530614746
0.193193998153771,1.39334387128866,0.924922985657465
-0.362996038082259,1.80700161348824,1.4148805452852
0.168297050384374,1.38003043619784,0.966829936779559
-1.30118011180181,0.776485709901749,1.1419267212671
-1.09494560714429,1.17748731291392,1.1181964906444
-1.35347276236723,1.27602494508758,1.19846399252378
-1.22378499687862,0.261679904214944,0.919826067099364
-0.263528214329339,1.34349803439226,0.883649191558422
-0.988161576398511,2.31148589121507,1.74821446009644
-1.15677645883052,0.765298873461706,0.887575680837793
-0.816932693589436,1.82547953062124,1.39082475911382
-1.19317977751671,0.501432549736679,0.900073019759004
-1.65867811704451,1.60172075610804,1.53265002823827
-1.06197200276816,1.87490459821279,1.41904645461927
-1.22288777762581,1.70441710767175,1.4588356594756
-1.33079079534963,-0.0946454277430803,0.961760016944767
-0.661165780241878,1.94751125536383,1.43173047567321
-1.38679843729905,0.401844798580676,1.06954902107835
-0.0954008811856163,1.41861678732086,0.988782253923215
-0.0776990869816524,1.43134325068687,0.947557691403656
0.0463018873170706,1.44610598728774,1.00618622359069
-1.23151646998335,1.32253703133581,1.25674263128635
-0.861057098548038,1.78230310493646,1.37654138142852
-1.2615959994916,0.94015929499049,1.00006173040127
-1.28480279936305,2.37491591897101,1.83166172046558
-1.46638503062994,2.10376984797326,1.84523191181612
-0.165350324299255,1.42364013141854,0.996702812586381
-1.1027933163005,0.5191770211581,0.899318477766581
-1.23236866047043,1.13516147780288,1.1198038871955
-1.31689823315744,0.728073460230518,1.15921309630791
-0.257816247743447,1.73275017157826,1.21827847830086
0.23187494167507,1.39229990514371,1.06279332662145
-0.51233285605784,1.52993481190299,1.12203989808543
-0.92777065991611,1.17833403813347,1.04297195076011
-1.44128702011129,1.32792205358472,1.35191289987858
-1.47846501398141,0.36202358855836,1.0585496935526
-1.25659051106627,0.167648497807447,0.8816184502631
-1.31408294571019,1.34339384297028,1.234420425496
-1.14796034755412,0.898577379284134,1.0269697640399
-1.22428612438136,1.31743981528197,1.25072244689242
-1.03579869420547,2.1391810510334,1.73702855933607
-1.5082322430807,1.396766236715,1.42957229546481
-1.37903149974402,0.864410263250456,1.13185613291738
-0.207534411869268,1.56844862566688,1.05662794027348
-0.375277790895883,1.84962232977615,1.39530439883482
-1.59330760275869,0.692886620068094,1.20827900718234
-1.15748988302773,1.28842286798132,1.19086914861552
-0.278703797134296,1.92784619052665,1.35462682856353
-1.51548284570804,1.21151566414356,1.42895640364684
-0.537837949233317,1.27783758671934,0.889873803253518
-1.18985665948216,1.78038487426987,1.48373506900342
-0.534765769566479,1.22611971307246,0.984834864581875
-0.799679037874497,1.19777195838249,1.00155595903264
-0.331593187285758,1.85219545052025,1.3243006937754
-0.633072600005763,1.13271315222369,0.902409326671572
-0.81766153656212,1.42408954056873,1.14199478741111
0.100643804059279,1.20591377778851,0.830791733475007
-1.29412343373787,1.65341996792122,1.46017120183455
-1.47558880978894,0.332815217931685,1.07553147772432
-1.17210686681353,0.703344270102153,0.950616853854149
0.0478220958529056,1.75809176335257,1.16465867159695
-0.999784626361309,1.13213724206327,1.05038213674489
-0.875884700179753,1.48538793623066,1.199205089312
-1.1556222618042,1.41621644028709,1.27116681952223
-0.757724945727178,1.58149923702418,1.35889744067233
-1.40128758847515,0.380404568372831,1.00977228188523
0.283926648993563,1.21513072764066,0.920444614663851
-0.287800975854809,1.64404995615381,1.10174500032611
-1.58740203956972,1.77068861444881,1.65378515882695
-0.975095498942144,1.34034182308696,1.16835789919591
-0.802972187843202,2.12314833442965,1.57857681691035
-1.24962324593368,1.38101794733476,1.31300306496497
-1.24663309284747,0.126028035346984,0.871369604651679
-1.39453267025566,0.0220262568955558,0.84629687908135
-1.59927454362196,0.633930478921348,1.13165129253855
-1.42537393424537,0.847389733804377,1.13879514162238
-1.4521538892143,2.09519430641611,1.81844810480985
-1.3042179849961,1.3484342545411,1.30461205856588
-0.87835265902127,1.45748127179334,1.18341386829214
-1.0763365287757,1.68354430649858,1.38961887582598
-1.48043338032506,1.68298491561679,1.55878349184086
-1.02390048478356,1.67098689919953,1.41177848010442
-1.68273706782973,1.13766732245643,1.45521190419423
-1.21113675234347,1.65049714065133,1.40735519553005
-0.928655176812472,1.02257434731225,0.955514782741118
-1.535302388483,1.95011470170371,1.72603521311033
-1.13161270032437,2.23523937884947,1.74231371311179
-0.644230316130485,1.19024682572657,0.941207352827231
-1.00416740953125,2.48039858108061,1.8609485722343
-0.926522735073308,1.20730269206264,1.05834505928209
-0.825195352761969,0.878291501692904,0.906379180573862
-1.27250766061553,0.51893710729596,0.97630655730858
-1.43628336807684,1.23589830594025,1.39178917437504
-1.33316628599515,1.85268040321945,1.58731996041102
0.238852074235499,1.28979461240981,0.876567509155541
-1.10521000995833,0.964057086479979,0.983663706871639
-0.455234808310731,1.75358292069036,1.34120373806545
-0.402555315784582,1.28307805179411,0.923271391072421
-1.29497345339959,1.52338279867289,1.45407249184594
-1.16195013212701,0.951622522324515,0.949327360442811
-0.951650282678576,1.44697054151422,1.36310444107148
-1.45342858499922,1.32054292827317,1.44907978091766
-0.214620647160166,1.21359787256436,0.826336985816339
-1.47891394591368,0.916802864529797,1.2100774397204
-0.603280346805219,1.46554898591888,1.05613238961759
-1.33888162563856,0.00190902581247109,0.987269715547564
-1.24735450109101,1.33301623592682,1.26958573262687
-0.965824206178011,1.33856653918488,1.14790320490934
-1.07438107459137,0.7468192755651,0.899803741377702
-1.24638970004919,1.40171383016227,1.30443215250624
-0.781671829862634,1.10497225921849,0.941272694526709
-1.29246096068898,0.49678745480476,0.96896362397171
-1.6047469587151,0.879212437163692,1.26110977435558
-1.49497806181138,1.16203586549482,1.24283495658625
-1.10322538017009,2.21846360053229,1.64659298832207
-0.434230779194677,1.89256539728456,1.27074482645083
-1.4078969317234,0.810199720967725,1.12964583331116
-1.12808377292485,1.75185493814644,1.40324291192392
0.133656731415211,1.44898689856324,0.996292492871264
-1.36719796556956,0.389241372517708,0.988577833111669
-0.643357757975653,1.87906475315903,1.38123598029112
-0.670954372860616,1.09827864667123,0.939602293228547
-0.471477104759714,1.45574401314954,1.06414568716931
-1.51056838963795,0.652339613124787,1.2359626843893
-1.11722131602307,1.24197020240755,1.0813170283879
-0.101287492964885,1.38446703251304,1.12641885728741
-1.31546695633619,1.60046917771964,1.53626591997625
-0.729087306659781,1.916347179495,1.42588586158189
-0.286648399161013,1.56067170207103,1.1034987138285
-1.46929183697189,0.601631235848668,1.10413734387354
-0.41654520498626,1.7890254911204,1.25186493667467
-1.33871444066689,0.350100026287091,0.888601241641862
-1.32222907029972,2.08248880813403,1.71548843857834
-1.36507205334256,1.64240536524006,1.57078517561556
-0.740949777429068,1.10666551020434,0.877645456958763
-1.00004379492518,2.34518009270464,1.77300921820025
-1.60110008170206,1.46254762026833,1.42694305761239
-1.53121480470431,1.47072412697566,1.47649082274739
-0.920149784534703,0.889940920778961,0.890228628901996
-0.548386459368086,1.63371738461654,1.19844038258729
-0.164999729635386,1.54281726558265,1.0790455928967
-1.46030738294892,1.92465199900005,1.68012856537246
-1.16921884690622,1.67394077118913,1.37774184672409
-1.13439911299466,1.81230638870059,1.45660204394318
-1.2072741423368,2.05734357226602,1.65531950523137
-1.34839171775885,0.366911240309198,0.893774121970559
-1.22045366991676,1.75316141711938,1.50436385812015
-0.579348540811176,1.89646449903726,1.37903337047953
-1.37423040670861,2.05899194795424,1.72152605307641
-1.20069509561367,1.00424805495858,1.20593544139288
-1.55406737953407,1.26295945458919,1.42619414485323
-1.59373243075419,1.17344766076732,1.37635494810242
-1.2705233666622,1.36431049876407,1.23198110658108
-0.9633622072094,2.44904342015716,1.83017760775973
-1.37700752387695,0.316030464142229,0.982513957539392
-1.0201134788677,0.785914671208883,0.871868264262943
-0.683739378894021,1.84564608758763,1.33442532612263
-1.06570369207472,0.897473129701597,0.968922214687807
-1.34590991741322,0.587656950173405,0.869086468962428
-1.14240557417915,0.715409929592255,1.02341878234555
-1.36109604219587,1.91766380032934,1.63538109080948
-1.09224233021073,1.134710987774,1.09529426966194
-1.08544019753545,0.61483926075221,0.956300716350035
-0.381002710993045,1.3427120588106,0.936630485620866
-1.13790807672045,1.45927385577761,1.28689346595128
-0.450610689635239,1.50209111766823,1.09059611311615
-0.089228045114555,1.56240769760666,1.08832143000734
-1.10856956275634,0.621156404945704,0.883710409051454
-1.28015577209512,0.552045878655616,0.916660662259333
-1.3276386843283,0.68783395193972,1.03983969845636
-0.26413376844112,1.83562408140611,1.2677449884417
-1.1047171760796,1.56427185750222,1.35612028028589
-1.14336870246802,1.16241793012576,1.21094582056276
-1.27930003631214,2.08764583888441,1.7243925406698
0.232558792535406,1.30092328572277,1.0377398111091
-0.404223990854189,1.23389539136088,0.827011791612302
-0.860418996717963,1.79237375827939,1.3333836718392
-0.317986869005135,1.39961222469184,0.998142432822897
-1.53761034091802,1.25472892117935,1.41919043976019
-0.18571089439322,1.54640050736713,1.13101550670519
-1.70936331551967,1.14807116937683,1.32613538059143
-0.340514291035196,1.26914125829849,0.784664198069529
-1.13655810966598,0.710724938795385,0.932216972431072
-0.898662600002255,0.870945449854778,0.870304232817432
-1.51444626841572,0.659305018572712,1.13185707270316
-1.53894473558684,0.836262590948562,1.20722820996786
-1.28772951864235,1.67688046918087,1.44206583939812
-1.6506077331603,1.0798211898987,1.37170130557071
-1.55106694154713,1.36743661808967,1.43800013715231
-0.361286769948551,1.4365206459493,1.12130505197136
-1.58805555145818,1.45210024833905,1.49647827831695
-1.30176593127692,1.94021674548973,1.62485160880304
-1.59427564202324,1.75119032422468,1.64692776415946
-1.17143599200494,2.02313512527605,1.69591361425189
-0.914231359690799,2.51056213392792,1.89757579547031
-1.05698052814732,1.954250965604,1.54510045916886
-0.264971337655318,1.33061715281952,0.943524891761656
-1.3180454580773,1.18350260277074,1.18330033448344
-1.60962684059703,0.617094664707344,1.19883260517626
-0.44644405798178,1.42916321999001,1.04125258844462
-0.146644308598872,1.29039558706918,0.817593170471085
-0.653960772118884,1.33612303594902,1.10078431240508
-1.57074882194247,0.743517383430392,1.23062289525445
-0.28152788720025,1.63802178874112,1.15203463627679
-1.33852164708159,0.758681572682764,1.05866930710596
-1.32061544523678,1.53386659233505,1.40759149452735
-0.566172198628818,1.57894122727028,1.1665071670433
-1.16433943148763,2.40802338189425,1.75406074493486
-1.14325300262317,1.46890928889045,1.29446387637601
-0.82502308067491,1.43510744987692,1.1511889039698
-0.859649930460009,1.9435186039906,1.53917160077797
-0.963393566660883,1.3265552476087,1.22909356000981
-1.36678269933961,1.62376092226233,1.32787461483442
-0.841934314868309,1.04786539092796,0.9348024239471
-1.20009219384064,0.759650555883066,0.987733848690244
-0.258811102433417,1.5020817876175,1.05999084954182
-1.28258702350738,0.632268811043781,0.99444427580123
-0.722725205031974,1.14115170297423,0.978357020824613
-1.22567627833296,1.88448690551236,1.52119366747622
-0.257034987140022,1.86186341702805,1.30708286387868
-0.457892053543585,1.77471150706927,1.23170850204617
-0.469815311621462,1.66598692144601,1.18191048762009
-1.13783274552111,1.39100414946885,1.14645520128714
-1.47861793188584,1.49932987485106,1.57843405335434
-1.35703227164664,0.208375951393821,0.954786964545054
-0.69472134930787,1.31897428525358,1.03671673082536
-0.359206313718128,1.25392806363776,0.894159873390097
-0.418267827182947,1.72098234563645,1.23166950251355
-0.390300435895441,1.73648954788931,1.23774120197226
-0.713191773438019,1.17122511717175,0.991853623615931
-1.16344852757817,0.754276545028876,0.992413282239003
-0.921332593187294,1.31721788731228,1.02856641618171
-1.24714832658661,1.35488517849705,1.25128058675678
-1.22271483426389,1.20255901250952,1.1926596495746
-1.30252713796247,1.03602832171805,1.06405983051335
-1.11266972363566,1.82758318817115,1.41224111195924
0.0400271562983988,1.22021373040086,0.836547939868828
-1.32948360089208,0.563643899635234,1.00422677750348
-1.23262176699428,1.32233697282677,1.29008205734675
-1.11760395868011,0.951953839191189,0.917080613308212
-1.28768171682208,1.99396586187672,1.56956953340325
-1.23105141520225,0.490032155492568,0.784815203787986
-1.39835022587453,0.458189804705748,1.06176289056499
-1.0375202876123,1.42432840018809,1.22545598266491
-0.723187592049268,2.07244323988733,1.39525477988497
-1.45894308476399,1.39617452457415,1.40433161993789
-0.467724820364202,1.71595721668362,1.1578499575799
-0.377044376448199,1.36541091697813,0.985090988307025
-1.15951921443685,1.47996952965104,1.25635709327965
-1.1962056236721,1.06989551900404,1.11607563969114
-0.246892114378699,1.24998571514387,0.861337347661746
-1.33085326126853,2.43696669268612,1.8592669832552
-1.27496745468634,1.36364054259265,1.26561598879623
-0.258841055406385,1.37043286868308,0.964522774818625
-0.0285464632318444,1.34072795407379,1.00931888325454
-0.616219963430311,1.48131520806341,1.08409814579551
-1.27785506891775,0.167328901299563,0.89624990975257
-0.606740203456452,1.52490912279205,1.13416961481952
-1.70447900043627,1.02881363849914,1.35109268993873
-0.796002354858522,1.42459555700566,1.0442292693355
-0.828966827052456,2.34681855247735,1.84599342642045
-1.46762975055664,1.83429373273966,1.62387136501922
-1.43585885103395,1.61615184378479,1.46156929141398
-0.501831415064044,1.39803568926293,1.10397200368698
-0.569621607574242,1.87443726966156,1.36240840680301
-1.15074798748299,1.37385032758297,1.19402292568933
-1.56241581345513,1.03526591038173,1.1929693192298
-0.757110763342453,1.9289626408728,1.45123062130606
-1.48441874287548,0.983639671961575,1.23838879755531
-1.24178975697484,0.371105610526522,0.901321047162936
-0.408547164167053,1.90182196155323,1.38526767555082
-0.665153408214502,1.80523745030046,1.2571865032654
-1.1789581224966,0.486802394746572,0.864829524047172
-0.695798607477618,1.86208824886665,1.45099779573886
-0.416745152997089,2.03265790441106,1.43408175385164
0.00245289611774585,1.45471221438408,1.02291977784681
-0.00677555987965148,1.55625254278891,1.11602252043706
-1.36525827996372,1.03603012826125,1.19187045099431
-0.718761273353605,2.02295323121828,1.49299068089319
0.00749753836442757,1.56393856034563,1.08782535237113
-1.31971769783794,0.631601055217298,1.01746841555385
-1.12979511959001,0.637471828080171,0.902137928989937
-0.48331216748777,1.51469888319748,1.10569660607093
-1.36393570316664,0.910734102267728,1.14054462739755
-0.208562296684455,1.31667539246698,0.927076613902426
0.255531528453564,1.37266878527192,0.821197003653857
-1.46029775758029,1.63470400597479,1.56695760635726
-0.0342132152651946,1.36889647667736,1.0225892585521
-1.06740298181401,1.33259418683058,1.21923611583403
-1.46523807297551,0.49193474609286,1.07487203732739
-0.335552178772985,1.82712081364389,1.29189157655348
-0.798519127621952,1.10592368969614,0.959791058969371
-0.0240951115065636,1.41311833932989,1.05785341940947
-1.31888274331416,2.18116039498718,1.77259388718798
-1.54184564863003,1.61803213624093,1.58916570816863
-1.41364855157569,1.42310449590813,1.39496942289025
-0.373042301872144,1.26855748540718,0.919551325425951
-0.279683825922868,1.95759706303738,1.40969388927072
-1.55352597349819,0.974860290065155,1.2754708514108
-1.47480562041382,0.983267321807318,1.23267784162895
-1.34048237339903,0.363722133449253,0.96462634551499
-0.54738660899345,1.19342997293384,0.886223040761708
-1.3205784896433,0.834043714026733,1.08620345619752
-1.2509014554624,1.2746366281041,1.24197783561912
-0.966621605336273,1.34768559172585,1.09792683105308
-1.36086371911658,0.155859568973092,0.893079299234487
-1.67939183129404,1.32316973830623,1.4868521003593
0.254519965566588,1.35147402094992,0.930654384703696
-1.63796857691278,1.45948098965586,1.5256848678149
-1.22007777756001,0.688726364091438,0.945401043160197
-1.57308146365578,1.29490863673738,1.39437897750254
-0.550659330951791,1.03468274106269,0.884056889867117
-0.444396779881447,1.30652883613308,1.03219467168681
-1.402162960659,0.759481916481469,1.10896577318784
-1.17872135551335,1.31883842606969,1.21526874162122
0.227197700928713,1.46313227124617,1.01264400103307
-1.04882524961976,1.5260292286917,1.23579447890403
-1.24675335212851,1.32170379682932,1.12533800453385
-0.0852820414505087,1.4230968245557,0.954775084602846
-0.458411427605064,1.88059952590097,1.45995339723221
-0.446059021894247,1.41565890209678,1.03221171872225
-1.16262853859,0.593259342972304,0.958869511711309
-0.0714804542092254,1.47986246304488,1.03034610088463
-1.22354813263361,1.82796333758983,1.52972024101136
-1.26522388477951,0.639781735146224,0.868355182936044
-0.92033210446017,2.14995711026407,1.62638244680223
-0.974371596498915,1.20924837941557,0.970525623541208
-0.381996450814653,1.44427577615927,1.03893556856372
-1.16217522651021,1.09399394221113,1.15849229762786
-0.596918710305364,1.63348396381919,1.27795411388662
-0.570256724634348,1.25064194523614,0.95588572582612
-1.04286491212782,2.05657040919285,1.51943178174064
-0.175742257509524,1.51773513038726,1.06597766622996
-1.16327144144316,2.04164416867944,1.63412294507927
-0.127942178567608,1.54165315921979,1.16700101499339
-1.50050330408864,0.468649155435631,1.05417135053723
-0.968761988443944,1.38552582161294,1.29450102034751
-1.2157318546737,1.54751693390723,1.36857620442027
-1.39473542174959,0.2429521217951,1.05685080829735
-1.27861345478501,-0.0229021182697976,0.8893335352545
-0.123514374514584,1.60080377759521,1.11656177660198
-1.41264538931659,1.75894508899062,1.47451152212142
-0.31297216775511,1.75456651183747,1.21777373176655
-1.19143594092195,2.2483678550715,1.76955806398614
0.125397316339581,1.35874246498175,0.838315095988203
-1.30488455422728,1.85878241804412,1.57938429168115
-1.06986408584065,1.63590714839942,1.30899930049527
-1.10168458880885,2.19672198849669,1.78420670424374
-0.500072564011505,1.01396201014118,0.925235495918681
-1.57240364022584,1.0393214909289,1.25234800630851
-1.35383559461355,0.852418926196975,1.21649701128756
-0.945086201287716,0.972475530115569,0.943049298197472
-0.492909060201727,1.94265427972107,1.39379647151764
-0.370131823801608,1.30497731639931,0.943322798925323
-1.50962111328282,0.134079464294435,1.03413849786857
-1.50958315035303,0.768689054351354,1.17813931515585
0.168697683505994,1.16523812101326,0.813374436475464
-0.407597513459166,1.82434432422776,1.29999014377485
-0.45469966977752,2.10185740822612,1.49551502686887
-1.08521299846636,0.906871853502888,0.983517318660886
-0.75081918929401,1.6766004138981,1.27754001813008
-0.659742096468518,1.65904612235309,1.24163524839638
-1.43615664272861,1.57435022843526,1.50508583453358
-0.420339982855271,1.28051612073408,0.880808995909138
-1.1097058633373,0.778081561365415,0.942526430118008
-0.776645657999382,1.54973204783094,1.20977516891397
-1.32145848653328,1.19467195973797,1.11499630469065
-0.396296137584898,1.67202245757834,1.23272397987264
-1.12156220662432,0.863018792179226,1.00729135983114
-0.601892898619426,1.49082305825341,1.15353648793138
-1.51088938171052,1.25721803137077,1.36690922996525
0.181400193445625,1.25997664600497,0.795244396482002
-1.3089774038924,0.591848833699821,0.992633996449585
-0.82245855982855,2.21445484586185,1.69217618781737
-0.529220541950484,1.52381683913293,1.11263885748265
-1.09992481352237,1.89395457290682,1.54651421666541
-0.972965478696798,1.36444853584943,1.15330743781558
-1.30323260046946,0.699676737735732,1.02866912499271
-1.07711441816311,2.31702837798545,1.77693806858245
-0.688556246997222,1.6320924402614,1.21775128962302
-0.827045413213897,2.33329614691899,1.72157071644975
-0.928736840105774,1.86254826204891,1.46214864198817
-0.410845031378879,1.95051920228472,1.38622092141545
-1.02062872270298,0.999365706316371,1.02493595019921
-0.683784995246876,1.55237273519623,1.14192717400411
-1.49474265257161,1.70436079372037,1.64539542675176
-0.673945010721669,1.10317544453287,0.899020694414458
-0.766258108725831,1.43193530536397,1.22789268223578
-1.32713845693316,0.0866551204175564,0.924902162003539
-1.27426361545464,0.800354302294728,1.16615187428781
-0.872942172830738,1.68751577478095,1.32127602716381
-0.871747290702187,2.06664808635252,1.58012643505286
0.143256298117547,1.4914023893578,1.0419452618321
-1.37892390774376,0.941937739770488,1.1613280520902
-1.49092570310616,1.75829184633416,1.60318962001587
-0.585972184128138,1.86056575880538,1.35655364902976
-0.648591936723225,1.45152946267704,1.12377211890292
-0.74437355109245,1.10983440494401,0.802817182953732
-1.2225685340893,0.503719003211723,0.919553429699097
-0.538404778102314,1.79202620583115,1.40497009676646
-1.38484270390146,2.02078380763605,1.57414749841717
-0.432734183964102,1.78337063145616,1.27620513213326
-1.49059041817526,0.840622618320245,1.19008728627277
-0.996260797480728,2.00874975367976,1.55932479053086
-0.701260052798779,1.9133843967928,1.35933105925074
-0.278508667950496,1.272438663681,0.905845391426917
-0.505693120449576,1.26971999001964,0.899127176240148
-1.29298530409063,0.459563777468886,1.00963273066348
-1.51934895788716,0.268384591350781,0.99200548100263
-0.194682399069749,1.49103368263005,1.04069206710831
-0.137087511618285,1.66345948905472,1.08829007854522
-0.543746230585166,1.62810991342497,1.19371797260873
-1.57625215193525,0.330013533900434,1.12993625358
-0.837300450498943,0.996521786417898,0.932286216415018
-1.37333776533376,0.297102125608397,1.05083366824234
-1.30182486849355,1.41772698271363,1.3888072726054
-0.347011727553032,1.74642940365052,1.08261982256599
-1.6091226072259,0.684670566975805,1.21612436038387
-0.46123225230818,1.23368118653786,0.929843706715174
-0.464362136964398,2.15736880030095,1.42841034392086
-0.65228619141876,1.71672442517935,1.17014226125252
-1.3220106687916,1.73787448870931,1.51851896633103
-1.23301021540476,0.659664828897531,0.972481907893524
-0.819483165403867,0.895479177861909,0.998566839983679
-0.871606678203604,1.30113354171829,1.13288305840966
-0.824733463687547,1.19872387538479,1.01187976899793
-0.888142557919868,1.87670911947495,1.44389764853305
-1.09559651749101,1.59044198325419,1.3430763280441
-1.68130287880903,1.14445030925887,1.41440787588447
-0.0191188107493977,1.53430708302405,1.00753011081686
-1.03729780862618,1.06536821616696,0.945243622418153
-0.452425954042455,1.59530669371833,1.15318191470801
-1.15216559812974,0.653369563596856,1.07362570342799
-1.52050652177797,1.78900558520606,1.72200096832141
-1.2021646780204,0.18601312387206,0.985002081641022
-0.863885886505677,1.6642318283002,1.30400153129595
-0.662603335516823,1.26770268020783,0.892035628666425
-1.49053726127824,0.644165061368641,1.08165043081527
-0.424524447180836,1.83904068397903,1.3125639715912
-0.273359711405981,1.89645746572444,1.24572723054964
-1.02133326722033,1.49751821808539,1.28695333626919
-0.303168580258275,1.66146846164253,1.28887638225912
-1.00267779380866,1.51948110575182,1.26603046204814
-0.647308776217982,2.1042532932811,1.53104286743701
-0.613418115711256,1.54950981874863,1.22293373184502
-0.954939204865315,0.97065935057686,1.0346532849529
-1.42979570929821,2.12833194208862,1.78309430591103
-0.824255077878993,2.13809963057215,1.59357031089157
-1.06991936067925,1.70262438232167,1.30709709405437
-0.728092020043889,1.55614350595075,1.19479086913933
0.174392535337095,1.47235099780003,1.03107992158913
-1.38745373019183,0.0558719730015214,0.965664127761072
0.197828831114651,1.50623184965375,1.05586919530308
-0.942261933798384,0.915936110305506,0.943892483624529
-0.502170843292841,1.22144334950193,0.918420059989254
-0.887107199436199,1.68503646097342,1.32430503659194
-0.757502388867726,1.62714815076585,1.206064072994
-0.111147096720137,1.47030844771239,1.02541945891325
-1.03833515028392,1.78601669939006,1.43670539080151
-0.0848849608259839,1.75371207234216,1.22101832999511
-0.375488438017491,1.30658395959545,1.0369845638865
-0.480593250724919,1.10818767158576,0.834568462242074
-0.84545243358799,2.14999957200338,1.60663069938652
-1.61278139709867,1.40756686904441,1.51910548285619
-1.01081802151802,0.934588230306049,1.01601591551419
-1.26130602681211,1.86558325847076,1.66824932040512
-1.31464158937255,1.62194299025615,1.45193862826259
-1.00045947693176,1.52208746632651,1.26669570510845
-1.1408608137572,0.810796478147922,0.989817792180455
-0.661241599907187,1.94582081084107,1.39376620362478
-1.07688261681978,2.56347140015209,1.9851940024047
-1.13403073378972,0.928704706232518,0.885535002396379
0.133284950825296,1.26497558682753,0.888478485221562
-0.376529877169297,1.22687298790692,0.892486176365423
-0.764015984002556,0.980856608395633,0.818968360161766
-1.33972361636139,2.39179420448771,1.78089695798883
-1.47228611102528,0.235184850169427,0.947460753808139
-0.417535508321515,1.67969042073374,1.18941463042087
-0.207883338373939,1.6367012995788,1.11563915952878
0.185037095380692,1.44048442296978,1.00999246800315
-1.22212967203397,0.30687987296243,0.876295105331426
-1.1548218683611,2.37989386366066,1.80054852657659
-1.67599610794034,0.76827862468272,1.25483413135464
-1.09563237171231,1.18367051182164,1.25755225383765
-1.28782365860049,0.8645374520116,1.06335998404694
-1.63293334090384,1.22848212026923,1.48060119866372
-1.53249701141126,0.388764583054441,0.975138786672804
-0.901684866251493,2.19545866884336,1.66987567431133
-1.64480274706278,1.06967332933238,1.36446454335148
-1.05510855750868,1.68558393878384,1.3829250336306
-1.24240392296897,0.403982874838629,0.885460675001982
-1.1566378674426,1.2104018778264,1.16428229873769
-1.08754979402426,1.60788220208677,1.33989148819229
-0.31166987640497,1.92580206559693,1.35669328134665
-0.622976238736394,2.11689738349233,1.5598749901937
-1.52897133301167,1.49268173773151,1.48599265638866
-1.02169007825526,1.74546152841485,1.40651130860453
-1.08739941955516,1.46435027994408,1.36285530780475
-0.215904568972864,1.56613118987594,1.22000108078073
-1.38792940229984,0.0501986147117167,0.965844006066755
-1.45769110914076,1.54138331041975,1.47535667004403
-0.962812976789056,1.00248730848764,0.96662525742974
-0.51924920513436,1.70559669804606,1.14537100594342
-0.212030398135657,1.74096930345787,1.2196747639943
-0.311490090831255,1.21345654972573,0.904524872044541
-1.0069905533617,1.50534454264124,1.25950172501114
-1.05220863449402,2.1679426440535,1.67585361486282
-1.01714170949359,1.45020503022563,1.23185476108228
-1.61795473304998,1.28349956640129,1.43622614830772
-1.2207812918108,1.38397954370419,1.22825492931343
-0.964388283427429,1.42802298936512,1.07245095408622
0.0569381475543862,1.3974015280372,0.972606503075692
-0.701327770011974,1.83463198299683,1.4216908456304
-1.31759579626425,1.34725682723997,1.31051151490565
-1.20578660322401,0.664793115799092,0.95754713233771
0.117141632394912,1.26852329999608,0.934005086187472
-1.3514294360191,2.21929295206652,1.67733989186658
-0.705451067734139,1.66102331312527,1.2549948109967
0.135048556489911,1.2863110936847,0.963408922639781
0.374728350113267,1.14538800627678,0.811618904301646
-0.703913238773533,1.61401690066973,1.22454491945191
-1.48948162483753,2.01295743507999,1.74144061710292
-1.56458236633088,1.47329838269202,1.49453966094013
-0.721476205638326,1.43231857303882,1.11531274015697
-1.36378200028927,0.53891382895319,1.0324992686932
-1.50950319401243,0.843465371500157,1.24550803034423
-1.49424879866991,0.819677060066449,1.09044888163288
-0.689557243427473,1.33078325875496,1.04233272056629
-1.19411841150556,1.65895645992538,1.37981692426157
-1.50644905658021,1.94343345091032,1.67294508782492
-0.987798014960853,2.10773141874076,1.58045712232419
-0.538411770280302,1.91493421880357,1.39917082024483
-0.493157954509758,2.05809898596739,1.44304869855767
-0.821534079484203,1.21747129844138,1.08838884287047
-0.825694750607931,1.21118308475235,1.0104900708483
-0.403481184762984,1.31353797757951,0.938732839314482
-0.100172789452943,1.5189625239712,1.0586323534279
-0.466877649400724,1.60571161273931,1.08638327345197
0.118222880898748,1.55069354059246,0.9647749301292
-1.09138757080659,0.837440471647107,0.902176128791037
-0.792802202651774,1.9519491829463,1.46514548355114
-1.26487192352841,1.18330842312703,1.20455058324972
-1.63078008268996,1.35214557187036,1.40238953296155
-1.31483189693977,0.911626972707109,1.1126606216971
-0.812517831774058,2.073634083,1.55854762347448
-0.442154957518826,1.58831110532947,0.993273337713367
-1.34036063182837,1.44824803488374,1.38229342003261
-0.0148258438482636,1.27219988074275,1.01038109449921
-0.707690564009534,1.14015504789525,0.960322359317263
-1.30163699212811,1.72606662070326,1.50341846253033
-0.0649985122402734,1.54372153136744,1.01348310754732
-0.728418427493229,2.34357489089417,1.70671062292077
-1.38841093795202,1.09188083132738,1.14588446433555
-1.35268093994393,0.062823263828001,0.918540818001112
-1.03603022681541,1.06227437841537,1.0198993847591
-1.17985407888336,1.52979491133246,1.28605269191971
-1.27656239399635,0.888936207666908,1.08180054459029
-0.61501034380166,1.58153730595135,1.18008728684917
-0.187425113607079,1.31012977455248,1.01764341040769
-1.08524323892481,0.807261103632982,0.927237098024658
-1.54731135308014,0.541549010361085,1.17131443071781
-1.50242429326801,1.38884885124525,1.42286824340849
-1.16077309203496,1.0261309155915,1.11057757390436
-0.630432127473993,1.48676805865161,1.12306062931364
-1.26777643817167,0.800272213356474,1.04261558363117
-0.756072221353965,1.33156460622836,1.06487900607149
-0.0232849984809175,1.41523420980238,0.98433479236324
-0.857692569098242,1.14674884634678,0.97005737966453
-1.29774732878287,1.83219316526004,1.54696752185964
-0.570213596809753,1.944981175804,1.35861284201144
-1.55502312464294,0.764637438675113,1.24400348358279
-1.33926778796857,1.91916339612803,1.59354221787418
-1.2802711836785,1.49591451645516,1.36929018963078
-1.43621853040122,0.771742420530625,1.13385771161179
-1.59947038655698,0.259885187503869,1.00290774094719
-1.41604223205162,0.104726552802277,0.987453006870725
-1.05334918663277,2.16420801543114,1.61217752108968
-0.967402934223289,2.19210867959529,1.69634382501798
-0.756543278395744,1.95642187687212,1.4587448375111
-1.45582640619712,0.721658035759162,1.07391125735896
-1.45297773147749,0.672768820228084,1.11351125452097
-1.23979399650221,0.567986262069802,1.04156348814388
-0.38083726217626,1.34725991740118,0.973643541277373
-0.273792021750795,1.35081871957597,0.958506805375491
-1.18989697068496,2.10049489528153,1.67885442950819
-1.40102868568973,0.197141704970648,0.987415265922506
-1.07001753724952,0.941923109672867,0.991366723421722
-0.855165524963945,1.09119402421145,0.964126109278557
-1.26127704119775,0.846367038340852,0.939643355143655
-1.03168971734113,1.87264454548491,1.43159603650357
-1.17734470085334,2.23068899714232,1.83873853942913
-0.947763836227261,2.05704771832494,1.57507701737833
-1.00935222502552,1.98161448470654,1.54655263348312
-1.1301900959906,2.35327726170343,1.81550074931478
-0.701874943389598,2.26195696424703,1.64702986030334
-0.890993489450104,1.3588556207541,1.13002265583051
-1.33279922170764,1.49447745322553,1.38201628699059
-1.25972133162328,0.112071928561598,0.879512784402971
-1.38427997198052,1.57746739796802,1.49758787933551
0.0531197097820901,1.48670618825686,0.908467634429082
0.0244836713289278,1.24647019637783,0.837384957106273
-0.592398496497904,2.0949384445474,1.46541141943693
-1.03062667809686,1.27382276818774,1.14604454862612
-1.16546984253602,1.5163418497757,1.33000904078712
-1.34415917026107,1.87025499067769,1.6017059329904
-0.0854063965282127,1.58503677655013,1.10388703176057
-1.3630439271479,2.04524830630398,1.70925800518822
-0.903478985398678,2.12133787531468,1.60477116549058
-1.4676759917087,0.308916111232433,0.987439518115696
-1.26588102634185,0.735253465988679,1.12802280979779
-0.35909331188061,1.46248949008396,1.01283321196124
-0.214939709172014,1.48358531731212,1.04250697890714
-0.893993822759981,1.87779009919708,1.33437074056666
-0.765565385479206,1.01865483805655,0.886165958473921
-0.216585285830957,1.56859496173594,1.17445831058988
-1.13208107106073,0.968579675741748,1.03611552325773
-0.57023727076391,1.30045344391765,0.976845501884452
-1.10174600976364,0.923367405687921,1.11180211232865
-0.768892699786454,1.08549993155955,0.925085286116513
-0.439371989432855,1.86780998384946,1.35437599178486
-0.355089420497234,1.26383238539491,0.83936378716047
0.163840198724926,1.32523474607836,0.928629478418472
-1.1069739976009,1.08187591538954,1.22831328287359
0.347391181360516,1.20629759645716,0.872993577385229
-1.04374752051756,0.965453106651721,0.939704990100969
-1.45334176897838,1.69144054514559,1.55085982177753
-0.0953821099382516,1.39134323404789,0.969857991143944
-1.30362343459383,0.629088679553758,1.16120490872121
-1.28074959322814,1.7655214351923,1.3624285375375
-0.532796860183866,1.87293038049807,1.30934906464945
-1.24055151250444,0.600423658438402,0.88248548572624
-0.749453295662614,1.04956812103001,0.970532173729992
-1.58910551268958,0.882632445656558,1.19499584093942
-1.13137759825466,1.98963721454593,1.59171873037121
-1.28058596488348,1.21892201456605,1.172976241219
-0.986634739551345,1.99374239805915,1.5972302504308
-1.54085612129257,2.1007321013998,1.81738259386008
-0.620050030930036,2.13468853630304,1.37169824224654
-1.18927658250538,0.588473636198802,0.912029453578594
-1.20653911364776,2.26821982388527,1.77285729205186
-1.52747791920594,0.757251287274781,1.20589482153461
-1.37257243899072,1.45220458076904,1.38962435546009
-1.44140725076079,1.10221024421876,1.26889416132684
-0.151176432645537,1.37712357524866,0.963451486398091
-1.08353771774442,2.30027432377144,1.87914106547649
-1.05276108359371,1.10739196195593,1.06258604905705
-1.06954951018945,1.00062065717667,1.01257442233433
-1.36517666496693,2.04135413564878,1.70782918781271
0.225599104403467,1.38714914640662,0.977344868419369
-1.4270736442882,1.1109664867768,1.28854989242167
-1.29767469337385,2.44020333950511,1.9220348651548
-1.26898340071473,0.123046958755183,0.93655208832157
-0.110458447926834,1.45862173291298,1.01727915531277
-0.694401563070409,2.1890357161049,1.55759682736597
-1.24393324265017,0.142864736775264,0.870759732018755
-0.0515882408619202,1.53239738100384,1.09318778419804
-1.57616894024303,0.705495904497851,1.20091416011455
-0.678310212526357,1.11214687376019,0.905927656474435
-1.16868322210813,0.411078590202028,0.904813966176403
-0.264833895885253,1.50674302089797,1.08973762834225
-0.345624322455086,1.22590659538814,0.987157341348636
-1.33268737857739,0.38501614121749,0.927072083260605
-1.25835861579767,0.894139043444735,1.11649960533836
-1.31468143358542,1.22826831489213,1.25120688963891
-0.490706603120719,1.68950531574162,1.23277686078305
-1.24488074558669,0.642567188782277,0.974257878691898
-1.14974216998207,1.57519626631684,1.35621170911756
-1.36642000412849,2.03299105447701,1.65069862678291
-1.69587875315123,1.22731936000634,1.51813885366727
-0.965136678841495,1.21869750200672,1.08110587957895
-0.18088867540371,1.36627014154968,0.958441595383106
-1.40866107767278,1.69568986374529,1.53306310825766
-1.20792267742834,1.32386138164802,1.2933838742624
-1.26582754530825,1.195674137718,1.35168809100597
-1.34673571045945,0.695837595936927,1.05419288421085
-1.63489530312551,1.37664742554443,1.48634877517459
-0.13258824704657,1.42501427850251,0.995283330980488
-1.51234864070611,0.499692488071813,1.10766044320497
0.188125074037021,1.30436230645683,0.9164835109878
-1.25669709262994,0.143125166723677,0.992800387031606
-1.04574949229514,1.07036887448918,0.99913135768575
-0.919901879952817,1.27348883072175,1.09363727242259
-0.163767643620475,1.433952046968,0.923432844592237
-0.947675260666339,0.894534846730078,0.903306790002227
-1.553314564109,1.18999996844326,1.39744119883803
-0.660706989551285,1.44106760591938,1.10247841565466
-1.46165572762649,0.917061125389458,1.18705337592902
-1.47462028671555,1.35452910299842,1.39247540509423
-1.30092042419924,2.06734186686456,1.69866662346544
-1.17201031650552,2.26441847130445,1.70625794260153
-0.589832293778312,1.49851001427608,1.11993644192178
-0.722757104817161,1.31236755707906,1.0196132766336
-0.928867837858761,2.11490593159433,1.57159135862004
-1.05727687965042,1.68442168941074,1.31237501058437
-0.990676569476186,1.09250127569612,1.128755270639
-1.26110780808905,0.318904854130073,0.904623539447769
-1.16939321703599,1.55185857963714,1.34100684795823
-0.637135524111005,1.7718078746636,1.31902217224951
-0.330673959425964,1.15974056272179,0.817043500178804
-0.664297446266182,2.28313814358562,1.58550735991117
-0.926129004034139,1.57366907218084,1.35140924686097
-1.32529285863954,0.323709737436053,1.08388177255831
0.250957874968099,1.41492535889052,0.95447078674836
-1.36794164571195,2.18895135449692,1.86532618202502
-1.27428005742271,0.350990383235608,0.919179216839713
-1.4503355220312,2.06958864691329,1.75749052151687
-0.742673881472251,2.0380450753922,1.49360603272002
