1.29330468413512,0.991417957875321,1.64391598909906
0.520122747399733,2.31141949819561,2.10552221565749
1.5444921905032,1.41266206706966,2.16659822025495
2.2720887693622,1.10492007083203,2.5487257112422
0.789208872140538,1.48624080406935,1.62891517932812
1.92253689424299,0.790433764107407,2.09696632782497
1.1229011970497,1.18621440190896,1.56450085485254
1.14528220774519,1.58927327470143,1.97617153195177
1.13484170553748,1.35880535598954,1.78594153314645
2.16336210721429,0.86014655274601,2.3485608051435
2.34610675203328,0.374039371712746,2.57018052928955
0.653742217831148,1.9760638273026,2.09970008112569
1.07676396981737,2.22976628054008,2.49791797595731
0.986683730025964,1.15344055496411,1.53123221850376
1.3704867978785,1.42262407136982,2.12818326465223
0.73491673015744,2.0623104168249,2.20859787632056
0.241858654040486,1.77897407216564,1.81112853809773
1.33477334448581,1.85428587637791,2.54453487730744
1.32580356203737,2.24683983496025,2.63178280429411
0.614811732150843,1.30580253326971,1.28977451325567
0.723577972913851,2.51613827718008,2.64113794323379
1.7471911433307,1.52067754970523,2.33664679841929
0.528140960982653,1.28712362975914,1.48348832643504
2.18548364273845,0.625887045620509,2.29333232514283
2.36033207079588,0.912126170898149,2.55269667379509
1.51964572237785,1.29762080410762,2.01585867965597
1.07855164372635,1.37735952037752,1.76478275335603
0.744106398793472,1.52687211195823,1.82854195079685
1.70375038080777,1.07459981533248,2.17656696962449
0.173239241632681,1.40655621465291,1.42964788402709
0.91221280172743,1.78755439456609,2.02450806566482
0.903443078518314,1.28661680682286,1.38569436635318
2.16572268944893,0.0564499716571837,2.18551093218646
1.04988907029987,1.09310153867483,1.52896028441561
1.6786996167985,1.6929984066222,2.40513931274903
2.2654452227206,0.727314563158837,2.40025841877133
0.896840635546573,1.22996178860676,1.53559884396796
1.18640776438102,1.71666277398482,2.1050941753966
1.90090294202244,1.72161847827586,2.49847106447963
2.01231375714252,0.458147861143298,2.08195858158281
1.65650377430885,-0.0181048891039669,1.97063874331632
0.665340768008958,1.12481964938437,1.31835864083044
1.25524475604346,0.834518968765232,1.64442107330774
0.987528749084288,2.06131643228181,2.36265952630319
1.80117019177805,1.51424369518956,2.2118086507685
2.41591568606203,0.50629599155715,2.49010514386131
0.292035472213905,2.03705236522986,2.07597705378372
0.541266732999961,1.20270834617775,1.33049120756991
1.85543583915141,0.606445800942484,1.96919627724275
1.34390393132339,0.735227709509657,1.54534576830378
1.27498026460105,2.26213007503327,2.61952789559299
1.39176010331556,1.11853275258057,1.80123104281784
1.6595658617824,0.801092572279145,1.85900529370557
1.15082205997819,0.821984646471224,1.42666860213511
1.14507167388735,1.30639620961255,1.7524765553281
1.25996565247332,1.29980993517026,1.82617401453426
0.514974181777718,2.23366054437182,2.31241505094739
1.90854787291386,1.52459816162854,2.46421741656482
2.13329079028208,0.277447420837665,2.17017598929782
1.20411972083917,0.604824934484695,1.35933593635795
1.59855176530891,1.49836402365823,2.19035386156674
2.49097794764956,0.351283001389183,2.59759442440955
1.37976560737672,1.20783769044307,1.8498728488302
1.47748844305172,1.03235127816786,1.81827213652567
0.499103044720848,1.68217531777307,1.85236984987567
1.32082600239799,1.13369607751235,1.75595381122031
1.43684843789004,1.14822580111651,1.87306316599335
0.459941206682896,1.69425249741625,1.77101244594149
2.23217139033448,0.170638885527357,2.25837201559774
1.79892587184028,1.82163674558379,2.70802293349091
2.65505943335615,0.100768526967056,2.51531598385702
0.785436379733103,1.59569226245701,1.79416403605206
1.25063312333755,1.69328688723937,2.12357896888794
0.869248817293422,1.20830438027246,1.45790982374891
0.369022573180143,1.47188201594854,1.53078169273151
1.70994519713251,0.347601288902377,1.76026360631659
1.58967064651684,0.24735182955055,1.62294786602839
0.831231830139424,1.19910067578765,1.47186827723522
1.56240601335075,0.812578883366304,1.77656596993477
1.53091647207245,2.10965074478115,2.62951725402912
1.86256151881037,0.0657007844752753,1.8801102165646
1.57398855912986,0.882281970298954,1.93073989195001
1.42995691383877,1.75668406846423,2.28502856305778
1.74916691898775,0.135529009056695,1.76983855536824
0.24863273848019,1.59428874692641,1.6277499545242
2.02988683585493,0.118486604668318,2.20808284578025
1.94985535130777,0.567162198019117,2.04852557248392
1.70023236162691,0.810683387237131,1.90017814744106
1.60302698356384,0.995851249091311,1.90376774085697
0.873354605165865,1.9665716400497,2.17070244630699
1.56806415128288,0.0748918582812997,1.52297591744915
1.39901926806917,0.832384858556147,1.62123519771247
1.40116042997876,1.1747409955543,1.84454046158552
2.39746076365721,1.04716497191068,2.63918284764144
1.35061565633519,1.97059914307328,2.41003146619077
1.93670070657881,1.94315979761148,2.4676917207955
1.46534617317435,0.719392015144189,1.64676662760656
2.49943417531788,0.810084165836225,2.65054031903591
2.18890268990268,0.1451008215967,2.03553827672264
0.94269777343919,1.99717554903252,2.11507157332077
1.93520982730048,1.55306966688173,2.50316477162633
2.04713021185525,0.125114678317186,2.06898682505987
0.37588365165511,1.33198584988849,1.64948917486084
1.18161416146111,0.718717256344599,1.39519091351985
0.398455456707559,1.84975764340486,1.9088272158869
1.9176134744932,0.0294478222948122,1.93470579729814
2.08676409288577,0.750598086034048,2.46051540194286
2.15511515051296,0.623284099364595,2.26316549170405
0.503482229170441,2.17775969359405,2.25486006265774
1.94475795675604,1.15437245911282,2.34855965236542
1.26531671681311,0.796690992869032,1.50838981573875
2.071919040786,0.833088169529334,2.25277236115095
1.4354435395961,0.0351715452749529,1.44850200397595
1.6245391845099,1.9828321491825,2.70335526416061
2.05575618496542,0.39131460448563,2.11107203993552
1.94202375142165,1.31452798583567,2.36571212285822
1.7915153641405,0.585889369159125,1.90146199908676
0.182780027242916,1.55324327775524,1.57771482724234
1.89805912647471,0.118589937680146,1.91848506335468
1.70206181850283,1.83834342919288,2.52733115648372
1.41817412902619,1.02063606303626,1.76262560196247
1.8572892278836,1.49721317281302,2.4065974873919
2.43484439594898,1.19630640051758,2.61087434753471
0.125678996771003,1.31096239684919,1.71336958953926
0.954085878758008,1.90269648373705,1.78800276935331
1.59939014876526,0.700266917396223,1.7613280230868
1.0846267285237,0.822264501385889,1.37304812021
1.24554650583031,0.629838197043949,1.40801182830574
1.85727832862716,1.12901590537031,1.91129310284134
0.475165212836655,1.89563636442777,1.97146899359397
0.718180075788673,1.00794512267612,1.61068523625801
0.766623755917756,1.69567171342706,1.87728329652075
2.2169147524315,0.324970793182656,2.26031116489757
1.30635847048192,1.11455128068135,1.83111387779662
1.23881690246275,1.73123551833118,2.14753436194973
1.2038698717273,1.66880654933286,2.0758179526126
0.465095039966173,1.4174602772482,1.50493292522454
0.449096976421092,1.72857934474061,1.80167250693405
2.28451334397972,0.385965053182024,2.23625073996477
0.941277637728533,1.84172011094359,1.95220830776289
1.4776192215228,0.326903721187512,1.52665778445459
0.43985071467952,1.32760725538344,1.41087376422226
2.12015032626915,0.338800797500547,2.16593192003779
1.7670969236119,1.00906596069284,2.00760433483894
1.04349603785669,0.814137394005213,1.33515897396285
1.1330270772085,0.938383527356196,1.4840987279393
2.05166627287333,1.14163774505525,2.36998492232751
1.66541628333692,1.88110262005789,2.53449596895358
1.05518140811657,2.27564703606843,2.53044108120661
0.658101011190747,2.28828141578626,2.37122449628143
1.4739184704183,1.3220875768436,2.01833072059608
1.17800876102982,0.846694608981022,1.46348093796412
1.98196359974096,0.886899442011955,2.19044790675121
1.58659593019318,1.15313122755091,1.97862573749961
0.963955170965442,1.57871485090601,1.86601062958292
2.26426994189543,1.21411290354244,2.59183378545665
1.74929437348735,1.60851797692193,2.58482538567597
1.72754861321105,1.89102955628757,2.58385644174287
2.35945544561218,0.62464191913373,2.2200697294449
0.63792457611634,1.17589404456361,1.34955221300079
1.03079840222465,1.40094928842087,1.75460761367025
1.58076472143063,1.23626974592213,2.02443192934595
0.376039845356593,2.35001388495977,2.40083977464392
0.960950157704538,2.44297899155123,2.64826714910143
0.208193369673818,1.30220497853082,1.33034022816189
1.4660449108312,2.04546870989883,2.32966297204076
0.764338630359601,1.52260712686105,1.76170979421057
1.27777512940464,0.508934566906334,1.38749525883518
1.79147422789335,0.339538682405011,1.83940218116687
1.60717292435262,1.01710660140651,1.94325793316359
0.766981111023557,1.73638048418543,2.03619292520336
1.25046839759858,0.887361525959863,1.58976247445813
1.80433515067141,0.849384260413026,2.01179981963318
1.14117332722322,1.4121195469981,1.73508667632181
1.88939789247242,0.466222893382232,1.96318442983459
0.318057077880408,1.92882631432797,1.97206563979484
0.179506209045857,2.0013884343625,1.81130192915824
0.896616286018807,2.07076826135156,2.06086196723259
0.321080948514677,2.17176000182396,2.21467350302354
1.71134136429818,0.967887041110438,1.61501224485246
0.911957491190664,2.39685792855154,2.58704025966025
0.235535898794041,1.36400724842938,1.69337296255509
0.366781443558021,2.07044120241565,2.12116992037023
2.35408221110079,1.14087720172768,2.63897678600368
0.824711351967163,1.09328407467271,1.38150289834473
1.00070580448787,0.750332140730116,1.27945450686735
1.88312812372808,0.557169282339814,1.98109577297817
0.451661891694992,2.2400337568476,2.30521100033921
1.26712875395621,0.865048133269501,1.54774295324513
1.85148066364952,0.435921437549592,1.91883410326113
1.95653648344671,1.26199581542042,2.34870829004672
0.767099254535247,1.55846358452555,1.75229937886139
1.73800519936564,1.51835817928482,2.25592182632495
0.814109941752283,2.16886260546987,2.33699582256629
2.12413655207888,0.236615553927209,2.15607069558729
0.343888015720309,1.44465552580775,1.66145087075878
1.07359727262924,2.05080230838504,2.00096787334779
0.588829439555495,1.29244261403836,1.41660759872329
1.60267119477879,2.0169700605971,2.59883980576946
1.09315837776227,1.26013142211582,1.51989053589456
2.17526171973526,0.971267437973217,2.40320232401257
1.47960668993195,0.746144275168604,2.02374254485865
1.3178765271506,0.554569937238713,1.44238067976924
1.5143011345497,1.97252394395621,2.42163465199858
1.27937636840601,0.777273035774955,1.51014776941176
0.483872413313101,1.79466139272364,1.79928623035033
1.36943225055113,1.82039760179031,2.29801327480916
0.894446842334149,2.11510764869411,2.31665310603082
2.12969873804756,0.731067127300216,2.05884380264253
2.30783953332929,1.48273284788996,2.78221624187676
1.85850061755763,1.82096692061585,2.57410490814186
1.00261024403387,1.0803693052759,1.48687708358331
2.32043589881184,1.16797148448581,2.620649037898
0.293487995686823,2.41918865078601,2.57686745471007
1.39697578036733,0.324698315324963,1.4857114875043
1.24962204124995,1.78961988248781,2.20192215398287
1.51265143604297,1.35740401960274,1.95107660739514
1.66025125589108,0.802210633005899,1.860118415794
1.41726873133685,0.80969698559992,1.64661076195803
1.44500481173739,0.211749356947536,1.1675111205482
1.23108664205397,0.660056667515966,1.40915582066878
1.83920686930817,0.474114540602269,1.86044401675676
0.860590675623124,1.49772352204656,1.91107613747269
0.666260925733078,2.2509831281708,2.36816038904501
0.680891338378903,1.45642354098856,1.621864860458
1.55704640380243,0.781685068746033,1.7575691267472
1.3712794741522,1.65596718929033,2.16893954522024
0.959008337156373,1.45433464946552,1.68258913658617
0.259718153980148,1.76937980531014,1.92935451173326
1.53771827491536,0.0454301448689802,1.55191841386555
1.39552510305675,0.894700335242555,1.67228141519634
1.23976704995625,1.23316363378572,1.76401044378205
1.59152624799043,1.04608984214487,1.92128586216722
2.51977166419641,0.232719163150455,2.59647104153955
2.36896569747302,0.434757687181513,2.42971070555793
1.70804971897223,1.24101556535636,2.12985942099694
1.58294615467683,0.317695061836709,1.66803245235995
1.37982373326439,0.216139429843747,1.4089321662476
1.13187782998272,0.923931646804288,1.64599930990614
1.68595569604176,0.952657656801348,1.90989510178643
1.65830216911576,1.00336008338,1.95526566297747
1.65573195751785,0.0832612538305651,1.67240365263211
0.452879760666705,2.0179278854819,2.03957549799483
0.976516464189229,1.76085820529867,1.83683492763833
0.333526873998125,1.51115610178971,1.56113431426505
0.75544126246319,1.73100282057058,2.21224844933718
1.19566639664385,0.840001942646539,1.28622589210926
2.2558104899632,1.32432574069447,2.63882557421559
1.47040838062191,2.04457425409198,2.54055702928254
0.591142856969308,1.81340308564502,1.92409663641654
1.18522629999541,1.58962682105049,2.00028304341818
2.35391216946391,0.596271900857031,2.44961424489665
1.70753804636681,0.0695134430708823,1.72398159126614
1.04598574950649,0.975100534284228,1.62360644517887
1.05175637436543,1.32743838107028,1.70849512139829
1.52012468414603,0.109098140555512,1.60593939873359
0.733481115925065,1.65673215618878,1.70923357005543
1.37168943252197,-0.143251305761384,1.4571254476884
2.14741126378723,0.609144208782664,2.25176642750276
0.233187628409637,1.36431729680298,1.30914837442169
0.15344086017695,1.38485095283986,1.40557905965777
1.71273358694847,1.48719842633077,2.28825512053295
0.312744236099289,1.85090284288431,1.64140150259775
1.67693113513237,1.96556752655191,2.60643144370134
1.0040719904374,1.63932962642585,1.9392907036619
1.80078597941512,0.452625200637518,1.87312765044784
2.03655213529495,1.12623012944312,2.34768343991812
2.30646848433242,0.422791521294916,2.36552057251084
2.12666880243548,1.66074869557268,2.45227629089546
2.11177477583702,1.11772677508437,2.41034438758866
1.08935544530073,0.813640698587324,1.35465313456612
0.326054230307986,1.54678250763336,1.59467627689147
0.509405063455533,2.47590635592985,2.42345163468381
0.363003365836063,1.247191135151,1.31036806274861
1.59946800204567,1.13167059992518,1.97656167459072
1.99745272451684,0.495533754608628,2.07610059126703
2.12574649802784,0.31469767108017,2.13923301458962
2.34611146098931,0.36469119535389,2.36296596300264
0.893887147087271,1.93900968561054,2.39394338047707
2.0184859315614,1.02164640153697,2.28220570022208
1.54621432326063,-0.153947914292045,1.50856728359188
1.48181656441156,1.09873866471539,1.98046011263879
1.42690664983309,0.652212997301448,1.58269660847132
0.7264848401903,1.61041074778897,1.78222965641867
1.56418711348396,0.656770999907252,1.7113950707089
0.779961852618898,1.44659334893021,2.00696485998515
2.10401679609493,0.506667977617887,2.13650091601786
1.36737980553202,0.306531315665046,1.41364060015126
2.38226882039893,0.961558779310449,2.59160044793902
1.70615378385358,1.02650512254781,2.00865972752118
0.758922582318807,1.28943084687668,1.50935174530079
0.527196066213176,1.01709286714785,1.25333140973539
1.089254340837,1.36125979936215,1.62499144267047
2.26386868138601,0.330300741662855,2.30795753745418
0.89150325099548,1.19235465244481,1.50188028887484
0.855788817527319,2.0761837869844,2.49357852611362
1.44258923566745,1.61916377926907,2.18765501959432
0.3049517525032,1.47370643434479,1.46140124742522
0.789370781194746,1.78467248939552,2.12793484302424
1.47776406193628,0.812484009046943,1.70122246235237
1.12140769540354,1.76894722933227,2.11287150867915
0.772822465121902,1.10309450296463,1.41315842232489
2.44838328501249,0.767417649385689,2.588400210632
0.982616605701101,1.06876120536044,1.46458946736738
2.37330690989981,0.611600469759254,2.34271875636471
1.08852971170926,2.31075335985275,2.56646084814017
0.84584196232692,2.03390639408542,2.22214846865466
1.67062408422753,1.29739703185433,2.13383834154927
0.347143553051672,1.53372535995205,1.58635030812253
1.4673936573328,1.09391821233131,1.84636967031293
1.59301240214148,1.60250743079286,2.27945537777641
2.04991945692284,0.381127238661315,1.86014437166707
1.6401962526968,0.782828686401822,1.83341671078963
0.980397321472763,1.65762125211585,1.94278376836395
0.347001091036576,1.74942557833025,1.79919253206416
1.29693698407692,0.294271622126032,1.34159843442524
1.66917256266469,0.813648260183532,1.77787961824302
1.98039788191496,0.365725406978128,2.03159540120565
0.473272526642529,1.41874423483703,1.50875380931546
2.50676594141603,0.303696347923205,2.41593145140532
2.27672029068144,0.587957153186145,2.39631727546978
1.4093203586256,0.0377166650782599,1.47949863217721
1.14854693568547,1.23899137696694,1.70431317300213
0.680203394113341,1.48117466615175,1.64422810792187
0.0997900758897108,1.55137347080549,1.64885888725543
1.86478704787447,1.15529839114081,2.21295211025282
2.23662766997518,0.886338221843131,2.49793634330789
0.234830992322245,1.56466131880904,1.59609975413369
1.41182762228638,1.6176653592472,2.16599653848549
1.90371537083878,1.30008185313186,2.32555991071911
1.83653525848497,0.860086660305975,2.04579194875434
0.276175902570397,1.31218598828614,1.35272714923256
1.3595815345791,0.335058062771314,1.30238733721081
1.2742333331261,1.82522032045107,2.24558170552043
0.818310220161582,1.40653963198201,1.64157393416706
1.45304547540674,1.99925021390854,2.49324152218053
0.902023860065186,1.8574143538689,2.08301632696489
2.33985934341008,0.314110736371581,2.38161107664458
1.57041600252229,0.992708009600886,1.70143374511233
1.30656005982177,1.78626167618325,2.30354330457728
1.26496142054588,0.6610566240052,1.3889731581103
1.38045312637077,1.05492776140741,1.80719497624521
1.18781042650613,0.867834925990784,1.48400171897125
0.838137188261551,1.19785159186315,1.75917758909303
1.14534436733845,1.62820901641278,2.25311991380172
0.80976457288489,2.06572327677646,2.43931511138971
0.60338832145155,1.24216567432797,1.3931056161455
0.651528820061104,1.29570336365703,1.16850817446555
1.95079967826624,0.0542679815528177,1.96871708391784
0.839331179103549,2.2596467512763,2.68779590407719
1.60524466625462,0.039569435011705,1.80585851088162
2.22775296562918,0.272683209550059,2.26411746327502
2.47039365692472,0.100292891822147,2.49417216215584
2.35074970851985,1.05015910448075,2.59729947207209
1.71960689093956,1.87983584885703,2.5701164322934
1.92815766553517,0.384827709965022,2.03773044236313
1.60747672466433,1.31583501754858,1.97965961397261
0.0472839094090606,1.20083756813108,1.560916007572
0.631082301168899,1.87051612101573,1.99146729515401
1.6922930181306,0.552156618091099,1.7957482569087
0.853642400766629,1.12981634656383,1.50418675288006
0.942974608908274,0.899643813390892,1.41158242993382
0.998411996149103,1.9574304245596,2.21667741853009
1.32448786617942,0.0152468611670875,1.33622445463575
0.652181353383671,1.48729074598613,1.63828155483121
2.00682091533107,0.143554261307083,2.02964267131919
1.42725515928005,0.119899404429052,1.44487854936638
1.83905758444842,0.167355077686341,1.86289679656145
1.12337044626798,1.22126007017657,1.83441726270057
1.87357915331878,1.65795597694867,2.52382471234039
1.96941252569314,1.51950921365082,2.50934313336781
2.25912609953352,0.271045614163265,2.29533788847087
1.04950360777456,1.16753008039129,1.90358974755817
2.25734991610136,0.938527617384486,2.39356840156734
2.28774392306464,0.940256494447396,2.49518201517237
0.944538032705784,2.136299359109,2.35633446525209
0.53189602091765,1.52451692616255,1.6288406809976
1.20835935430196,1.22066709370643,1.57853310281402
1.24535615962228,0.361713881951007,1.30822737913848
2.29947825685331,1.24585318143917,2.63829154168391
2.00562306629566,1.52198284043246,2.53748311287642
2.02004183135765,1.3001451282326,2.42340598933891
1.13084670905187,0.820328952732535,1.46471554817648
0.940480897159857,2.07599613380293,2.29913609088541
1.45246526194201,1.33492711879265,1.85829027739422
2.33881117244011,0.803592183781212,2.49476261895022
1.96091310937524,1.09317671785058,2.26478621835875
1.19915519179835,0.621148118681632,1.36235736779514
0.597174920286252,1.36938379255389,1.50706921942164
1.96489434930854,0.463341703055955,2.0365395969297
0.649799651335957,1.73072070336421,1.86494237705467
2.2212927533762,0.0768252026106166,2.24216748127526
0.73482071921557,1.74434218190554,1.9094458333897
1.57452754543632,0.881851135450573,1.82053107911307
1.58789705780692,0.899875913987547,1.84120694026348
1.0524261251823,1.11038686849237,1.5433432403179
2.18122088207466,0.300851206362621,2.22123513081257
1.57078481384331,1.69037104645152,2.40820376321303
1.17382669289317,1.2744653824547,1.74790363760887
1.40999010847237,1.09090809939398,1.79841547318607
1.54547379691419,0.170843527518795,1.56856231536642
2.1059456302078,0.0712854853731135,2.1256828923426
1.96965967952169,0.710117192272579,2.11217207467335
0.673333652483318,2.05763639401278,2.18404468498184
1.92835793158858,1.10804605695401,2.24359373452421
1.25634238779038,0.84123521713414,1.29651029347911
0.478319422045115,1.20941768210647,1.31200705011493
1.30542943958888,0.524687867994575,1.17383195566316
1.52631705535743,0.842256314106875,1.67044384179513
0.769439842422843,1.60554902069924,1.7960578625166
1.79735987074091,0.0217352679069813,1.81329912577116
1.80303451092567,0.599988696062772,1.91695352815595
1.06287206283895,2.3306218720533,2.58406878784094
2.59118043404657,0.380952046943076,2.6420670771973
2.24242562038809,0.278614183991829,1.8934024092361
0.334880831037333,2.09181950935003,2.13708610056302
0.382343070694089,2.35522718097007,2.40704372450588
1.93592756434158,0.618440782417929,2.13562350917249
1.70429731397382,1.48097760119536,2.0932966577395
1.24896942211151,0.886298835819091,1.54495477299598
1.62737925772249,0.627759321147282,1.79744600537275
1.5660568587917,1.96377710142178,2.53385266770688
0.442096908228978,2.19546256747276,2.37393322815117
1.31902636238527,1.76718157614411,2.26419677102896
2.15891345352473,0.839957641913299,2.33692966262187
1.12707638073108,1.64509775847646,1.6250649783016
0.416513412226516,2.26230762851013,2.32056024386587
1.72541822121535,0.985000167979494,1.99467788158968
1.4031060967954,0.4090547726868,1.47437035175135
0.846331744036337,0.820097384303257,1.54966855746798
1.11021355197703,0.781506225606709,1.36963153185184
0.850448109344917,2.09752403126865,2.16232299340968
2.25380400681575,0.841087355619402,2.16924316140226
0.264460728343616,1.48346554753436,1.52010603871759
2.31233478243331,1.18367495976385,2.6175319087267
0.886123100571283,1.79768299749271,2.08914544480286
1.1495732792579,0.847237328459122,1.44060989222216
0.543577473011194,2.04538138675309,2.43740655019323
1.21981376165168,2.00112107205435,2.37321235252081
1.9326988969852,-0.0911665400657058,1.98693347060338
1.57930694364629,0.604261686600688,1.70583003241391
1.11729822630203,1.50896744062413,1.74890119464677
2.18037127652333,0.263391825971397,2.21553714036738
2.12235607066975,1.21185403367748,2.46546242551591
1.75860043301825,1.06529131758866,2.06785700572218
0.330789284208467,1.69982784131512,1.74694420155137
2.48813668525463,0.198772898139128,2.51801522552987
0.556384571673888,1.54559504772481,1.65713565975945
1.00528408543709,1.53126139504861,1.84787275091241
1.31940865968041,1.20786304389143,1.92645437654177
1.09324771365439,1.85657300067864,2.06281973789835
1.13521713205603,1.12206687592737,1.61020523699397
0.618520889009275,1.79991928950469,1.7547038733843
0.667996984075633,1.56746101768782,1.71884888271306
0.990643276130738,1.67896748695888,1.96658144645581
1.43606486403352,0.0277931613556098,1.44896546805054
0.273767366916361,1.99392591167878,2.23232226183227
1.6686038781032,1.4473966082172,2.22831602464399
2.30525709133939,0.728973649670212,2.43903303390097
1.52229523193553,1.51343523226677,2.1654727300184
0.709312741189128,1.10032784090483,1.32065246413676
0.881972564741453,0.972844956074189,1.3246753023782
0.506719139372497,1.09916217193074,1.25707201887398
0.775128180306252,1.87683861854545,2.04846050474354
1.95368549212449,0.214495958777406,2.02454439539626
1.35213114457137,0.745568298896326,1.55764214801228
2.53493623381161,0.0451142673912349,2.55763439861119
2.15292346278267,0.122877308062984,2.17539166118203
1.73895641835762,1.93859357085848,2.62715209111203
1.87286909255157,0.404463526750248,1.93289569385201
0.783111132809357,1.69183648266511,1.88068435285409
2.17381562164636,0.246638230053526,2.31213752851633
1.0365537508777,0.901251785652209,1.38565114733709
0.328048983231602,1.23264727586505,1.25441064612789
2.31757506750329,1.07761920744789,2.57833663869978
1.69339976444764,1.37749517092395,2.2021072779464
0.659548612561333,2.41397349937133,2.23337609435741
0.931689829354803,1.40668141987963,1.70208414649432
1.06766790806305,1.29743038360691,1.69502686318715
1.13227251157998,1.35335236735009,1.780058698085
1.81469000174695,0.845354448612505,2.01953580824434
1.54917553961499,1.16210968484898,1.77098302432202
1.03967287086063,0.7942702071026,1.31985811272212
1.12355964893445,0.856476970136549,1.51766142013728
2.29020669442036,1.19999318689459,2.60828083306748
0.914996627434083,1.82894701908876,2.06304397501523
0.545812222170896,1.48238175813389,1.59356521894927
1.01516110406826,2.04270134302259,2.3011086163576
0.879873959694458,0.966531617732066,1.47650150505449
1.23329480676993,1.35899715060694,1.85132030586955
0.844510470358851,1.93834968728551,2.39857352108555
0.765846263050035,2.34749841175939,2.49098060740343
0.47182541184481,1.35968478286989,1.45187976694015
2.35977583900593,0.968750910932785,2.57331967384562
0.300572591603754,1.61333734194467,1.65553002993518
2.6061411254717,0.264196906704221,2.64253523258881
2.21025435255248,0.528228255912976,2.29248372859988
1.56393290410032,0.188040505643736,1.58904982302475
0.880596257346021,1.81201726098178,2.03237805730774
1.60230141742057,0.748747991266529,1.7841672833813
1.30368169811699,1.21045528483645,1.79463018264881
1.09200549181235,1.73662192453758,2.06946287676472
0.633834781476574,2.35196266701735,2.49548274023082
0.281185395124026,1.46365315397158,1.2695536198842
2.37568960491637,0.340678352320471,2.42109872512188
0.302181823130996,1.36165122772389,1.407045035214
1.31074808412921,1.60846435966532,2.09314945456684
1.6036130813516,0.445877767810216,1.67908421445353
1.95731002119905,0.950193345214037,2.19489409519069
2.02560518069757,1.36766873423269,2.44767083749201
1.69488696784941,0.702399447942498,2.11524111190702
1.52141029492513,0.303658131813024,1.56506168850968
1.07480227149702,2.21962739828815,2.48784848743287
1.68905360357111,1.96438789533798,2.61348272755216
1.74854336785881,1.2291243648254,2.15611968896248
1.55262176749186,1.05171987628517,1.9195139060655
1.02316786514888,1.72893055807251,2.1019338302734
1.45053987043984,1.22582641191191,1.91583741302048
0.746594249501526,1.91932873490795,2.07753502302418
1.55879148728013,0.590579464499478,1.66346200683537
0.977627344664037,2.0864225305174,2.32437133853331
0.633695877373854,1.83530208980155,1.9586995197124
1.97293874890306,1.52636715800479,2.3643414179722
0.980459392587345,2.3021916873963,2.57930003645834
2.34588581750472,0.337661756919184,2.39090564181261
1.44898529146035,0.359964336568208,1.76930903129781
1.81667823990955,1.82476942281676,2.59754335436594
1.95872588589304,0.936021007466037,2.18997678034754
1.8710524080026,1.10221101408457,2.19066530261309
1.02153387360211,0.812404662932926,1.31667293091432
0.803822928460357,2.47347841819746,2.62368527680899
1.87229998517658,1.36096395252192,2.33503328046602
1.29392868031888,1.66456199927149,2.04230178251988
0.695310730568957,1.22150974479645,1.41790100175293
2.22149514950175,0.617466144057532,2.32598874159329
1.43678022421152,1.15990377316023,1.75050514846016
1.39517416207099,0.713052707414328,1.57968815708904
1.832486000009,0.937179836952661,2.07633093889217
0.459866061025586,1.31089482731973,1.40143365091588
0.275649912097112,1.52627393772998,1.56460562824042
1.80758878428472,0.307825529327539,2.10299447673459
2.50305270845417,0.0544525791234384,2.52566296091373
2.01034673582307,0.762964982213247,2.1691682291693
0.853409034920261,1.70406788595045,1.92258170630569
0.228308418765642,1.28673240095552,1.31832290996364
1.81384733243228,1.43753116336183,2.33477348732962
2.33351423659375,0.770089169302476,2.47891101428675
2.02090386500512,0.372266414937338,2.0729766736262
0.696978112669524,1.73759037989051,2.13457980155693
0.357396621258175,2.23453817718067,2.38156663501425
1.65563474500204,1.83531252972917,2.4934774167333
2.28450558138956,0.0585382360647657,2.32735805182879
0.410280411212341,1.51296219536013,1.58139086675934
2.09442763397029,0.902553354454867,2.03196905361601
2.52824977904447,-0.149489014051695,2.27945543147186
0.426382970197678,2.03281103772741,2.41307522235925
2.10305696877769,0.721007790118875,2.2427704288621
0.670161702105717,1.52016703468599,1.67594255460639
1.44055310085569,0.836324975157453,1.68037189227698
1.7541976349955,1.85508947297957,2.38475401690508
0.797388297816841,1.39950188931915,1.62488990802184
0.85404270097909,2.30647565818981,2.48114593030433
0.61094967000959,1.70938817466582,1.83125149086783
1.09942428344338,1.05261571081714,1.53546777389482
0.85935011875998,1.61019441928352,1.84121107671935
1.47551516364671,1.84306739625693,2.38170403933662
2.18299475715212,0.845670465551388,2.1816332573299
1.74386519066879,1.93624462706713,2.62870004842204
1.61232742732512,0.622346859970508,1.74346854108475
1.66779023210952,1.57671543444983,2.31529978532146
2.50434071228526,0.661970320510899,2.61313327060422
1.84802245806104,1.56093920211654,2.60091258302695
0.203388294226092,1.58683608333191,1.74940542416397
1.91121961465799,1.0436097262152,1.96643824703204
1.35673773017897,1.21715717412868,2.06759405989505
2.46971736679284,0.18057331692166,2.49808750845488
1.95973530900937,0.746402328445294,2.11550675805689
2.1707328046402,0.0172477637179448,1.90869176017294
1.53534699091511,1.91532641516942,2.47633147255757
0.038415529885586,1.32343786064476,1.58730128726016
2.06986930209585,0.398633036400082,2.12644363201008
2.18846407132466,0.212382128145902,2.23607921843095
1.42027616424827,1.69340248865209,2.22959453109528
0.543574581001567,1.44028940947492,1.55298872159419
1.3168775697703,1.0688195985829,1.71095271811397
1.30831930020633,0.185358003891969,1.30290287405136
2.260979440014,1.32637712554059,2.39425225457968
1.67758735428324,1.64897577626509,2.37300959011953
0.576370483979452,1.19019319347027,1.48441214446611
1.45350388367552,0.298416429389105,1.49687068932184
1.15879773056717,2.25811588686972,2.56041069225744
1.59386574721417,0.207328571953082,1.62142890437683
1.3529536827275,0.287622420961117,1.57980378241709
1.33063586346932,0.496417422330555,1.43270897717321
1.97014748577646,1.19254353746988,2.32321672893245
1.34794178264011,2.0839268951237,2.50370052673241
2.15588550431157,0.917491527422612,2.58805200060597
0.479017015279108,1.31884537754918,1.65962715013356
1.47739450532738,1.4157730695247,1.88360862060885
0.487398559117539,2.0395066228288,2.11537824209518
2.11594511304472,0.873946592596421,2.30945764600165
1.29513902955293,0.964307557160859,1.62890594897195
1.27048851967044,0.654860722595786,1.44189987171634
0.269456048134791,1.88254212002432,1.91845307004415
1.70520419919571,1.49849959007765,2.29003489722019
1.28275530859003,0.165371192811869,1.51459498171815
2.08730073188373,0.661958191915714,2.20900934152983
1.84428917699907,1.2170665630052,2.0236594149807
2.01452108936879,0.654565098354491,2.13682338208553
0.665476421330271,2.3169902286916,2.57549463425447
0.470351436184637,1.41959213027468,1.32062472772487
0.753391780302373,1.61846324084556,1.80092330744659
1.85404271134749,1.78440129672954,2.59586973527525
1.64383289768028,0.432016388254459,1.51830884000737
2.01912192483253,0.625360946932691,2.23781878776432
1.44885344666041,1.16369780006839,1.87466704000428
1.08533955061956,1.77257109834001,2.09879929429907
0.740621121465839,1.9493707734805,2.12004100586512
2.32435087218233,0.331336860373229,2.47864323012161
2.54687912935123,0.583929591403804,2.47805682192856
2.22528073492059,0.722738418825365,2.35175726181429
2.12193139599041,0.230057458825398,2.15313669716903
0.702764880839791,1.50462516251975,1.67525954689771
1.98368210165122,0.868725540811539,2.18461144736309
1.92232819712243,0.329094785185748,1.96744626314315
1.63902796203278,1.42967897707192,2.19407437429719
2.28733218891197,0.71664856137777,2.50562831911492
1.47865070945358,1.71574451458848,2.28491086586718
1.6514398052576,1.17045036453339,1.83174966442855
1.56499303629413,1.53597362329632,2.22472714136971
1.5467174472145,0.626082772392074,1.6330304363924
1.45070247010336,0.498181803937561,1.60281580532626
1.48119776914167,0.299620470371982,1.73167732279464
1.43494412698073,0.471494992011437,1.5237044237707
1.23388772305997,1.61825121502358,1.67698172722374
0.49506390881343,1.20969204611131,1.31856917999362
1.38266798450644,1.50408664179401,2.06101591595454
1.25403767970481,0.425814457345971,1.39919558565256
0.963969866267118,1.14153002778803,1.19642746173415
0.474567285012312,1.21088174852879,1.13190461071751
1.28242185479523,2.21848417937336,2.41444772083421
0.713114830774183,1.75201671789206,2.00394541536872
0.865487250173407,2.32365365280872,2.50141029489365
2.13878874532751,0.054505158157674,2.15829858911214
2.13826190534837,0.0370447079024485,2.15739030539984
2.01791317925537,1.50329594909897,2.55324360774731
2.50661028750459,0.586363059479229,2.59691907494335
0.202322901741634,2.11635342631203,1.92111353829514
1.0532786962677,0.864262347495353,1.37445983547015
1.84231991638329,0.640700587667196,1.96770250417736
1.54838932821894,0.703224461092049,1.71555389847182
2.08284609829934,1.57182804891012,2.55368398720304
1.48350083998145,0.139114398740234,1.50311296958837
0.440276545457588,2.56346744207819,2.68903299194632
1.61362675330379,0.329746859045145,1.64214660234077
2.22937913961009,1.2553672888062,2.58103122569107
1.74442789008842,0.868914644844551,1.91663615986332
0.946647172452059,1.76317055289256,2.19096105416552
0.449829715047153,2.32231892330577,2.38628643357495
0.48683295003349,1.29212945507903,1.61820702125406
1.87918162590756,0.323898796301273,1.92366113491746
0.80792465127882,1.71548779051072,1.91289352082754
1.29633135008108,0.611199350125244,1.44579615656623
1.93697470307239,-0.0983047750644372,1.96280710727625
0.983407839084596,1.49024624337432,1.70391267985807
1.41920236415897,0.734099150764732,1.67737711818338
1.43048569660988,0.377945187616046,1.49258345196238
1.2742869488625,1.11717235605764,1.70956611530129
1.744627582741,1.79551839309643,2.5255367917723
1.57281407286081,0.862709687246676,1.82417312157757
0.822097937024506,1.98559025214799,2.28098671492899
0.309330175546723,1.60021614886826,1.64417296989251
2.05488747529681,0.285222570578062,2.09283251184268
0.65150450527291,2.49450449076445,2.60085325783478
1.0001355047944,1.47399118951372,1.79693468459774
1.01641717386626,2.34866707259787,2.66062059737993
1.85640816182164,0.479734348752724,1.93425540433537
1.41784578011169,0.16064169505113,1.58451661287693
1.56300000701206,0.754050777262285,1.59942573343614
1.45437423633948,1.76471448006862,2.3069038142934
0.482477532245188,2.17657263546876,2.23177900281855
0.807216981498078,1.10693701974667,1.38205156144167
1.53061496601628,0.897908152129361,1.79015424267159
1.62048663365599,1.28148590522838,1.96448697307236
2.45652442134582,0.0837082579174591,2.47956639631662
1.1526093871982,0.753868179216163,1.38936502814834
1.3048591203602,0.335983036437669,1.36523225342822
0.677203053111841,1.36269074916283,1.48462613855159
1.66480662893303,0.858426881333485,2.14220233032803
1.03224815443484,0.756219633705919,1.51153013339363
1.41272001064602,1.56712308348993,2.13341730972398
0.67132928602289,2.37500030015007,2.48976288892578
1.22720814178092,0.777178901098113,1.46537476776156
1.52168151056161,0.157279298343555,1.54324157560733
1.94305054185172,0.393210776664706,1.99987225571073
0.981096307934761,1.90359104217918,2.06839889279219
2.18609801576184,0.412935570786835,2.24432161160829
1.34621442233409,0.422827352049603,1.44661886878587
1.33989593417413,0.328359315991337,1.39167599405705
1.64968652244446,0.516998774085307,1.74400488300315
0.301000560558041,1.74833544329355,1.83713674158837
1.63144468370098,0.456225147098207,1.70893257499794
1.86530650354978,0.166634400643154,1.88920429074194
2.18367512469503,0.317395624052263,2.22602706655589
2.59806320753317,0.0712630911086908,2.62189734637898
0.935835157550603,1.60439960792153,1.87372133415598
0.795285008086904,2.25025080640965,2.30073613890372
1.49981524309894,1.18795827891672,1.9301193844213
0.699982174268903,1.68040330232447,1.88349436688886
1.4800560955987,1.95788062563638,2.47594040181496
1.06410325183817,2.1076237391541,2.38177905466457
2.3030818453432,1.19468586008434,2.61732288415477
0.518271724924289,1.08898358208792,1.36650079039471
0.698325500680776,2.05872300255694,2.19305471267216
1.11807099554831,1.36017613992979,1.67381688107835
0.476932187908925,1.58628204316448,2.06160478321724
1.44191936194616,1.29212068093941,2.01829531512818
1.79285671601002,1.38841532865002,2.28754717813811
1.31856010190038,0.00445776720696885,1.33016363484003
0.930371001832242,2.37140133689316,2.59590940745676
0.191837024147391,1.28844237688554,1.16169334805044
1.08732978320287,1.27814336339897,1.42250972712422
1.5888886834027,0.857404618710889,1.82452403537999
1.83577515786327,0.188042062622564,1.86160978429411
0.856842394974111,2.26621900881021,2.44410031147935
1.56330267870763,1.03366258146735,1.89061461253615
1.69999037452144,0.951740363884592,1.94887352790911
2.06913346904801,0.188752931274157,2.09599727618906
1.43776798053698,0.0388261392839519,1.45094102572086
0.543340734162941,2.02312000778374,2.11323372710796
1.43182790375109,1.99105258386179,2.4739994005387
1.68253593248798,0.74810660398801,1.85754925599545
1.2199109441627,0.869159048699874,1.59232456075239
1.30820448880867,2.10264723904007,2.43451066264278
2.47132345405099,0.130796125785904,2.4965464608581
0.359326453902584,1.34982540217707,1.40911790284064
1.69155437609093,-0.0598319117077566,1.79148576737172
1.82387318273094,0.621895180925835,1.91196803761773
1.13315457813191,1.31853801700624,1.75384694167648
0.63431266263302,1.81499238085461,1.93954984282444
1.3539718356095,0.274599915778492,1.39368690722975
0.680136305661133,1.79342617366726,1.93493044727215
1.58148136759637,0.408589786356405,1.64777506061784
1.74582062903631,1.9085815934848,2.60936196104194
0.702322566756464,2.03537766947582,2.17207728229211
0.576094415001583,1.69659569074646,1.80749429968356
1.93103687877934,0.907984212087955,2.15262132949529
0.499677050559781,1.88260714838038,1.96491986916956
1.37142970752384,1.19601578491835,1.71583089164157
0.732761845913852,2.44087179214178,2.32958470855762
0.166660495185044,1.73030613596489,1.87569710087946
1.40667093827241,0.649188392518912,1.56287247311631
1.24565788550024,1.4229928366022,1.90781454449776
0.0954013603673771,1.4850552340686,1.35569355613411
0.991350773025362,2.32385450494597,2.54869384347478
0.475780976415956,1.39198979571254,1.48399213917508
1.3284904705952,0.607925277658353,1.23843687733348
0.546173294857179,1.28346400747304,1.40710911729312
1.16836764630427,0.715733964183978,1.27982987447278
2.17794963738704,1.13582841590639,2.47793474550718
0.973537034683929,1.00787795653996,1.64139593711122
1.07145802149743,1.19767539047671,1.73362155892676
1.07552911305954,1.32908718677688,1.72478342296732
0.991911557138742,1.94553874176355,2.3419761907925
1.14939422212273,1.57090471895448,1.9316925721418
1.07896620572741,1.17518652037307,1.60940852370381
1.29674118714305,1.88598370682024,2.30889924667883
1.5091908681041,1.51655260775182,2.08949800012372
1.19387296017002,1.37608648392693,1.83781924251401
1.09152240693856,1.47863207168299,2.00878573937297
0.927755056713714,0.98000161875801,1.31141673309482
1.44608232936437,0.908062131206347,1.72256802240105
0.614640282828462,2.57876343918978,2.39986618250947
0.377656426003397,1.42954745170466,1.49159394634767
1.30612423386074,1.55824390321875,2.05112598659278
1.91240576981013,0.473824508288091,1.98755677580045
1.44150429263195,1.81647177187027,2.33933836021395
1.33124746673787,1.4557548488123,1.77104777902358
2.07196497192526,0.960414580932697,2.42768520661996
1.28194050834357,2.0910758515281,2.4743177907688
1.57248520672583,0.790016883811912,1.77525927329684
2.28413026036419,0.681415729579118,2.40456854607622
1.29420041844147,0.126481830343029,1.45964261964825
1.84332449572214,1.85289013392495,2.63661243754598
1.35042932281695,1.06611658987404,1.69991228797196
0.47143152900648,2.44448634871841,2.5114242159226
1.81689632491373,0.127136099994436,1.83735658991621
1.43582169197429,0.309676040348535,1.48175488498348
0.284548034657819,1.27724167321207,1.41020732905197
0.545201092066187,1.45843859652451,1.57070529497824
1.36279339212807,0.506048519375897,1.46650079648083
1.03012522082343,1.8078186272459,2.09901149693751
1.0612466719972,1.29393679475395,1.8694454497387
1.59879643733258,1.47804826023455,2.19648078540372
2.02879511499278,1.60076743663486,2.53991432311804
0.83194932301807,1.33895774148874,1.59023485433533
0.6003010468909,2.24654364408909,2.34761957038909
0.361404395536746,2.12392093420669,1.94708939974525
0.806707509980526,2.09286941280095,2.26268767346076
1.59478801487439,0.731527641103688,1.76999048798458
0.757445189096059,1.51516139715581,1.70883852333718
1.25979181454307,1.22597876864924,1.77332721883682
2.30650241612723,0.376760130473287,2.35762427110795
1.18349666810727,1.39267735014831,1.84369823950707
2.12946652653231,1.27303157490518,2.50279368683344
1.58818347814555,0.342580049888988,1.90479331908909
0.774401418273583,1.27546992930182,1.73530965184493
1.39591941278746,1.17860281248849,1.84300291088399
1.88211761477834,1.50318777094043,2.42990492934689
0.626686334134224,2.22046491723179,2.32749661802507
2.02254696576944,1.34505867190743,2.45032794429417
0.727721791617209,2.03751963575687,2.46309630664247
2.48752015422501,0.606355214566775,2.42117029828135
1.59448811755479,1.03031030918358,1.86958725269627
0.840880164466407,1.22030094346793,1.49499579338507
1.05857217313331,1.86779729455922,2.34816080311953
2.16326854540359,0.285896309522149,2.20126876105367
1.38330254378059,0.34116833354889,1.4372830626047
1.97110363323522,0.910708075232147,2.47812500453033
1.97607499058506,0.268909622789509,2.0118265777987
1.29349267106788,0.964449837624976,1.84337268330123
0.650477645038413,1.97056519725234,2.05483272969905
2.15706692085255,0.823350113971355,2.32916689580137
1.37423079396906,1.03609610781351,1.73618333267877
1.02820340956491,1.13818694716433,1.54953371874593
1.73238122584283,0.265388141153013,1.87530526469495
1.10589744122019,1.90238830741182,2.35368818271589
1.21003163758226,1.67335571414386,2.08317773505132
0.532977735100298,1.98231873619734,2.07077080749649
1.98729787150789,0.879888701862789,2.19248805803502
0.36579297709447,2.37617664323487,2.42531038658798
1.4601919005743,0.878326743324519,1.56125057207031
0.952905921843897,1.88030845234787,2.12652076432704
1.90165487103356,0.151535186147024,2.11681541716837
1.03275436620777,1.10467146724691,1.27716800890404
1.62275272286627,1.10688273947978,1.9815854268612
0.96296106297917,0.907271946055067,1.33467592071121
1.7983110082007,0.461222921058981,1.92265986799233
0.687011399010376,1.31765227601137,1.49906716735799
1.40460425040377,0.808188091746802,1.63477024598548
0.900757216105118,1.72341357206796,1.96171421314666
0.881459691190581,0.973364113734912,1.32471600746074
1.10866089916319,0.956855568868678,1.47735917283851
0.938233918142307,1.17588076808281,1.65490397728227
1.61114825339095,0.770076481107405,1.80143012567126
1.40005825601229,1.17900771200353,1.94382133184333
1.33586496579979,0.985969502111987,1.67492410259161
1.36619528531152,1.79887477698921,2.27872340174083
2.12621062957717,0.95536430496899,2.35148492064202
1.64733685421614,0.768487771074918,1.83375739655858
1.1267741162159,0.748509543834719,1.18954357837038
1.48953532546707,1.71930258177496,2.29480587969866
1.43369121493714,1.70602799052421,2.18000585931392
0.624002354511893,2.44206086438717,2.54269026391401
1.83274878452486,1.49914106028246,2.38860528833075
0.851826839416416,2.01837403860998,2.21002946994942
1.62243775330173,0.997543576786518,1.92132232895643
1.23643077386639,1.4447323817353,2.12877221798134
2.38697769738911,1.00775005159684,2.61377491303976
1.8221285106497,1.67808796372912,2.44312607480293
0.351457370409769,2.00118328236646,2.08139694485091
0.48847202161414,1.38105486476592,1.47777788992483
1.01959403429853,1.28640356485674,1.65590030799542
1.14086931726461,1.62779299691477,1.93953050008167
2.09069802769363,0.887114083693994,2.29109391067128
2.0088869946436,0.82205770061058,2.18966620373598
1.19318729043088,1.46630495840489,1.89050828018542
0.412102893506264,1.84280413079241,1.89506441154126
1.64782948776326,0.79000866510587,1.94451499822486
0.426585273662016,1.36313534308874,1.44088647743403
1.23551682922681,1.05744947363714,1.6405556483624
0.743176084257734,1.09300901610237,1.33335732280594
0.425595816815164,1.67237277850145,1.74085368552019
1.82146384896937,0.495495936963729,1.90425721054733
2.59414869194268,0.182232949714748,2.43276899493829
0.662526534879457,2.49625374983982,2.60539079180236
1.20417345985416,1.36221269964979,1.83880229628785
1.19584410410864,1.58678359317476,2.04865577039199
1.45445896702362,1.43008350760298,2.05769074579163
1.86606814945775,0.882684677235622,2.08245623476959
1.75145774304098,1.61335164852104,2.40222472751972
1.10856525291958,0.850939534908885,1.40979332200909
0.493654784336247,1.23547083404895,1.4585239952985
0.444500538314363,1.58148623289372,1.65721291019469
1.18668784652172,1.87873144257906,2.3172374380772
1.42107184834674,0.331525473054098,1.40003851160128
0.551390504524384,2.21136038621162,2.2991099713078
0.888822496573437,1.9329639909748,2.23677940394381
0.996561967364408,1.80339081601518,2.07854591702524
2.2274567083942,0.233548219257458,2.25936347897853
1.47456750894029,1.84084364784689,2.37935543141436
1.29740264318831,1.98873309573854,2.39539559594631
1.07584646647928,1.81437877460643,2.12791444284353
1.12848104156143,0.798210771352813,1.39440416003207
0.603874138449256,2.28820659899998,2.38736119320646
0.70003293563249,1.63473847764781,1.79395753119396
1.61124292304837,0.351291416556016,1.6635962844793
1.11417230987779,2.22799882754683,2.51296305722814
0.546204645986872,1.81432550325748,1.91142354776339
1.00676512008405,2.34200880280069,2.57165043489503
1.9300547804904,1.37693154305443,2.22791201353861
1.92125808543144,0.691296893671523,2.05980005676803
1.29743285761298,1.82737213360669,2.41179145323696
1.05860582122569,1.53617869047407,1.69803840153299
0.846370027113162,1.82237703270805,2.02699912980778
1.32051474745074,0.281427923852089,1.36204461058049
0.65476527000966,1.72678623909349,1.7582393979213
0.300124221252812,1.99938757409768,2.03956801792009
2.19913248413643,1.26478348670672,2.52862353858881
1.23125117943727,0.406957411103791,1.30816705363133
1.28068112583377,0.822770457498421,1.53558765886906
1.25487417823955,1.40477735497005,1.90020786626729
2.39855459814968,0.884683614971773,2.75632358632578
1.74995277891416,0.300464108141748,1.93679785896304
1.2865239696345,1.24374119237499,1.80516027918962
1.80491318914666,1.68563753925644,2.49135158391592
0.560791633010964,1.84391165500356,1.94425260883698
0.744044812408407,1.09099801204688,1.31234011472562
1.64134452650336,1.85974267570817,2.6019320274793
1.37279697293717,0.374170320732893,1.13846661088332
1.39851407133763,0.952778902893574,1.62278559938228
1.62265769962364,2.0139648424485,2.63321533198452
0.855546183671105,1.71947308731636,1.93744916991508
1.53050843736385,0.638244953659553,1.67283926916174
0.287161714482316,1.49553580923903,1.53624819498197
1.35335228589538,1.34450607649589,1.91283753907629
1.06240378828394,1.21128053089343,1.46149254009973
0.632762346067506,2.37593142115111,2.24539927741576
1.68411771982316,1.6415353550069,2.36395478828902
1.53769956767004,1.77592870277356,2.2504563486275
2.06883347439774,0.434004639893055,2.13245675931223
1.6136043426306,1.33900455416912,2.35734885094378
0.14988274917848,1.22228015887631,1.5967710910535
0.985212432579054,0.931263611244219,1.67284901031772
1.478905285687,2.14893679492957,2.63159832357613
0.465044451829801,2.21856051132495,2.28671172368163
1.55478866348235,2.11947585920898,2.65171841898232
2.08523919317853,0.078344297877027,2.10506175119475
1.80606068562496,1.4184333572686,2.31667350400929
1.29793824172428,1.12075614309849,1.72993914458849
0.416779080193917,1.46894355001969,1.59947389672027
0.33481125207151,2.14053883907419,2.18561889546355
2.51057765086057,0.329223448014853,2.65292839610606
0.401435882345172,1.65838028460983,1.72128110847835
1.75721490336248,0.506897610574295,1.84494936259647
2.24361508229962,0.615107988422277,2.34686566734832
0.752145653108948,2.1382643163815,2.28662722907689
1.35797188314917,1.43758137640374,1.88866788418485
1.15544291303499,0.804041744636834,1.42004838861407
0.783892907959455,1.36455943372554,1.58753295183589
1.44921563161765,0.297409225612955,1.61066331364583
0.256698365571115,2.11541359082189,2.00762061131803
1.39950584811957,0.295725418890203,1.44298865698298
1.75264513545149,1.48199280935193,2.30022646990188
1.70970922980783,0.417477060942627,1.60757052326557
1.46438257904339,1.11760657569019,2.01802529528849
0.517970297522681,1.55610327050443,1.65446912221877
1.87599113362021,1.43823095067164,2.38465231229814
0.46036494300478,2.10541630009764,2.17411309490266
2.2399717250202,0.0619747549511417,2.29284376742732
1.19406941169001,1.21013560949522,1.5160747693008
1.89680485223986,1.51910143689116,2.3506842276893
0.381594602293084,1.90313922563007,1.95808871211511
1.02157176896208,0.942521566981329,1.40217186793253
1.26925821416433,0.395919462379925,1.34126740391544
2.13243538253613,0.0230403571609752,2.35139852024346
1.71668850355301,1.65423306810368,2.30357832608243
2.09201964500612,0.704535374339257,2.35734700052728
1.7019191401611,1.22464994379768,2.11517416401671
1.81910617380651,0.359891699605844,1.87067294140258
1.7265709284501,0.291049868971294,1.76632874447616
1.39767559111766,1.27234991703811,1.90669381727125
0.146815410322651,1.32285784652915,1.38026966093455
2.54682189299722,0.0890243669494008,2.19995833327101
1.60214217941119,0.131752214540236,1.5055644560594
1.00752875056076,2.18537589137376,2.32656060669145
2.22558541286325,0.643155639587287,2.33702621916005
2.48851897220321,0.582126740845946,2.57817497839471
0.25773444195313,2.11696095806243,2.1491973395653
0.44944493186139,1.56648817357035,1.64402102970177
1.741601282304,1.9577545589548,2.64334506523952
2.1420565927213,0.381889034806314,2.19496729735688
1.77843885059862,1.76468308425763,2.5274177551171
1.96636676706674,0.953394616026663,2.0129458623486
0.915867435134996,1.08796304222159,1.43464492400492
1.03015076407822,2.35050353645553,2.58890477045659
0.911610967234094,1.1260327046141,1.46152834922248
2.20620680648634,0.544018724451741,2.2922740699181
1.13549175298051,1.29987981696473,1.74116539888296
1.17738454732014,1.49878638607411,1.9226983291086
1.3451993709248,0.873947737220489,1.61827285573614
0.665449008088658,2.07598561220969,2.44390539670712
0.174585311168557,1.28835365309451,1.3115627439107
1.49647382458994,0.445107531413745,1.57499738289327
1.3658871871321,1.64719919610035,2.15865806205094
1.03433948503357,1.8734005325289,2.15879353065773
1.0946897087451,1.47084882036869,1.84962989461588
1.85459259995044,0.902518689129473,2.11024450050949
2.40329691590895,0.170063902943498,2.40635939182414
0.457189090364476,1.52540984061988,1.60645463964814
1.55711213905733,0.352703964278362,1.61059902253352
1.32151838268808,1.40641078907669,1.94684305500713
0.935143648795283,1.84739292087442,2.08880232792959
2.14797617916603,1.12439279126201,2.59097783513169
2.11028121855975,1.05150974240192,2.37847951636051
1.20250735239125,0.687066405970106,1.53969745158143
1.25064379701818,2.09004082110927,2.45706790524475
0.798230451664049,2.32082842753103,2.49719170082882
1.12467931346015,1.20433150151103,1.6623137662771
0.932679952216192,1.3597306318734,2.02402839695876
1.28460626721562,0.425616323149347,1.36517969050592
1.27166176838607,1.38430301812806,1.89627010114535
2.53235309650333,0.015522688642296,2.55467158940946
1.92002916276509,0.653329268505471,2.04597606923389
1.39996387361002,0.354425501264529,1.45683192768683
1.46020756145421,0.716692934526153,1.5256284240496
2.159145200849,0.373944278763123,2.2105588616688
1.25384139422231,1.83808092749073,2.23978303995916
0.183518050506926,1.39005875470966,1.41445140909392
1.32174831939161,1.5594355630581,2.33805076517158
0.216653148316356,1.40462945113903,1.29234852663053
1.75388123888921,0.186597685686278,1.7792908561246
1.16062314733303,2.22703636646215,2.53340731925967
1.0825744540458,1.56799550238634,2.02684977516409
0.734317709392631,2.27552113119483,2.20003937606623
1.83949972894067,1.06320462608301,2.21407684812974
1.59142990651884,1.2825994818013,2.06192010440983
0.536153497071158,1.97045352710577,2.06005291355235
1.29754271997125,0.125443721660543,1.4811733066662
0.800843820507901,1.38692109520385,1.45483716118459
0.827772918061387,1.37632124929298,1.6201967106388
1.51888577587584,1.20718443028807,2.05345413811338
1.6154463094012,0.408026572586416,1.6808320281014
0.821335993430375,2.13863743691602,2.31107791141298
1.72026242957173,0.0388260823365642,1.8007469082192
0.761716305345758,1.45829378247149,1.65971434739653
1.09021619278217,0.726246347808884,1.22781077518032
0.780381951713268,1.53062650483368,1.65638798354153
1.10712863108827,1.43825108118622,1.83098265393389
1.7898925911833,1.03387038145336,2.08520593263407
0.982493315986459,1.29177972378708,1.63722946464036
1.35548210867866,1.04883838482536,1.72895519197378
2.1729029626075,0.581406078828645,2.54957106876303
1.16853350654122,1.70343894181393,2.08388080483157
2.07715267652303,1.00322075177201,2.3270188682411
1.03087399486396,0.794461194613331,1.31293331547918
0.710263938924707,1.16222133110438,1.49276119096001
1.55063982755395,1.68411641214751,2.45859234707402
2.22980919805116,1.30738182307268,2.6075522769511
1.12593168290792,1.3093650661415,1.59336863972082
1.835680840106,0.546937431040413,1.93227309313452
0.58434367618765,1.84119048856742,1.94868160949802
1.28862479591957,0.279862198957433,1.3302615986395
2.49155610549349,0.611881563615328,2.5881525674627
2.3147402256413,0.75366882111693,2.45575428816333
1.01761341016076,1.8717718958135,1.95200864663116
2.03846449927086,1.1576861860168,2.30373364418745
0.859182403726108,1.22643464588997,1.41695943345085
1.64018842601386,1.6304659230073,2.33305097859031
1.02417867714655,1.27180822016866,1.48098183672828
1.0162850879885,0.721618533517837,1.31250428344837
1.6861597625516,0.476553924105686,1.741673150777
1.15035547738877,1.01221917244673,1.54576316328668
2.27353264558471,0.107125468496627,2.29607155742793
2.34608848368397,1.08831141770356,2.70072523353332
2.10242840063246,-0.0166851332285257,1.95889690007813
1.81773757911274,0.427426684571656,1.88373640085193
2.16710388643145,1.10235513464794,2.19239316655486
2.28143534678513,1.2842027102359,2.64106221451216
1.78254794224606,0.507577668812553,1.86970515420616
0.517571292099953,1.83937844665863,1.92761394741893
0.486235010219387,1.68106799871123,1.76536542344267
1.45635596831276,0.839818313993539,1.69593534357158
2.35481823860334,0.124458872372059,2.35913517960246
2.17898587952709,1.05094205109481,2.45555129975392
1.96889308745633,1.23436826755367,2.55040537210095
1.33146925196175,2.20919679774385,2.37712008336546
1.48154773375834,0.447321262919342,1.56121483844367
1.4605419371405,0.396800123131531,1.52679392461327
2.52155423141025,0.414437398247408,2.57785836737727
1.14004693147195,1.71750870255973,2.2498941360756
2.13721628443097,0.135558758007209,2.16034434346448
1.38132205770236,0.669488609271327,1.54851273734788
1.53999402594552,1.09447410922945,2.02623791533967
0.367483931163372,1.67133526082592,1.7263080742395
0.455577366796498,1.66043250202529,1.73693971668369
0.933179521185825,1.41360298503408,1.65741785203385
0.304802881968721,1.87081528580356,1.91215230398632
1.65185480548366,0.393205997875825,1.71294215806927
0.645714073369916,2.17461253587477,2.28840429000026
1.18569170075828,1.15338527530072,1.66868204805542
0.804010132007164,1.16885409647953,1.56169374577842
1.05703680670315,2.00050919822433,2.2824993236111
1.64541075427023,0.066333264537544,1.66122943196356
1.21645139787145,0.532344419599959,1.33951204149904
1.83658196714413,0.50630014968921,1.92184549524999
1.64477253848331,0.661241927448489,1.78830469570646
0.729334045996161,1.47532160972344,1.66022610682491
1.79869131146735,0.922149993303292,2.03907543954555
0.899942426424264,1.73946864067917,1.975704566601
2.39253187338525,0.184171201205124,2.62759999153138
2.11718008861887,0.440471463928719,2.26887846409969
1.46395752554331,0.727556936509819,1.6491584609593
1.1067075528405,1.19410669991154,1.83764162834448
2.42110765985048,0.657079071364334,2.53075032455357
2.0537726769851,0.759856786418875,2.20909031796953
0.883779181530139,2.00162182531443,2.20729089777526
1.39306012990621,1.95105288407976,2.43648580800598
0.262456184686262,1.36855923246575,1.40575330668303
0.699298286605832,1.89346858060998,2.12224278271692
1.71087760964091,1.5680369013492,2.27605031044369
2.35976064819092,0.474042968044838,2.42807129084128
0.922675063363728,1.07763984680745,1.43115072525034
1.40752511765079,0.413589285591489,1.47993370775564
1.49939699392738,0.352372392038349,1.47704815062802
0.95717072043344,2.05235489823989,2.28449868154392
1.56114322327255,0.825425261427846,1.78145635225176
1.50677103402837,0.267168549124982,1.54373165033147
1.14108085197425,2.08310031948047,2.39604541230439
1.55408090966808,1.38562002213236,2.02625047478016
0.531957145207152,1.75725794693866,1.85215691051086
1.83795673643693,1.10723182690024,1.97914466467447
0.640358947918393,2.41941799711178,2.52473707542292
0.420556310076455,1.48596631524314,1.55791416733769
0.71750777776642,1.18523272490155,1.39767871946506
0.333237830880251,1.47468122328907,1.73146196419632
1.03541698232539,1.07993176927374,1.43635687945203
1.88653828499724,0.515042559321268,1.97277875213
1.86652922729243,0.86284750126094,2.07440045499712
2.19956948631912,0.528775364751146,2.2821304479344
1.19379416660803,1.91784451946259,2.27890919820129
1.3507200427533,0.647209853620126,1.51094542672553
0.681124408048351,2.30756660456989,2.4271505162092
2.21707034172198,0.236024417820556,1.88720178340564
2.14261155016155,1.45223142119948,2.61115283543781
1.93377845873956,0.0254023153743934,1.95095316376914
0.800028416011917,2.17112949557742,2.33418732982573
1.23163337042708,1.6325590304962,2.17252673019253
2.24692780757299,0.237282529989612,2.49858946589475
1.93182536222695,1.35675504031366,2.38142437442082
1.48389664143486,0.214375327543975,1.51248729000363
1.23405794391021,0.933058778003764,1.56069904562496
1.43521413589456,1.67920295344426,2.22839967433238
1.48667436700256,1.4462973712793,2.05531198382317
1.32260102674299,1.56928206175903,2.07034488577399
1.63848157342763,1.03225396524197,2.02345422522526
1.54779290232631,1.88175107522728,2.4579519019002
0.469739633560241,1.64582639000128,1.53914982872867
0.44445385320408,1.954554882862,2.02207897506031
1.85012749485096,0.229529865959231,1.59498221521567
0.741433440722718,1.67831489212025,1.85092862926568
1.67546087145054,0.116707991251014,1.69429109107753
0.738957577122128,2.17296230111827,2.1727978230759
1.25693183735084,0.178299157607828,1.28976559804492
1.28368408871937,0.303618525338131,1.33070230013071
1.06057808003028,1.78454650256916,2.09417359131602
2.08743799117121,0.225256718299349,2.02345905056295
1.80856116055734,1.48798237232372,2.70785335683965
1.60294988281123,1.44825328855943,2.17929614417269
1.20343228519528,1.90654653531869,2.27441615193488
0.360727104766692,1.3535050958579,1.61270276492236
1.49023535805352,2.16489835236742,2.65134240547239
1.87636336180001,1.61782301417505,2.49930530797815
1.94379186245309,0.516194167805227,1.77998750791525
1.78528758302665,1.16715027439966,1.98786811232247
1.22352762228666,2.22754078822993,2.56379845800144
2.14502741725439,1.28490097389454,2.52241228154474
1.12033690903535,1.6553011675919,2.01637199429145
2.1240806560204,1.02358560976781,2.42242750009589
1.57954147492459,0.702532135866215,1.74393174222929
2.05124119514939,0.0379985269950667,1.79827472129431
0.522164242110498,1.90717130031383,1.99475102497554
0.711615542786868,1.40241794184959,1.58646277380491
2.37170622158004,0.384236495910105,2.42375907016393
1.30792069049378,0.156726772504003,1.4146825728307
1.08071869975603,1.48557623856523,1.77957383031376
0.669756549255274,1.42761472431138,1.59078195552595
0.6638574166652,1.52676566970356,1.6794896906612
1.87591082340465,1.16598288330276,1.89205609980093
0.659780978896004,1.60047952374221,1.85048306246465
1.02647311596383,2.07796917838148,2.3380543941193
1.03946683200603,1.22982901158623,1.62443172387708
1.33725939344522,0.650442804712906,1.50013476083584
0.718235132159395,1.9059061742928,2.30195074549264
0.493390965690909,1.52589654535056,1.61778507571483
1.74224169119233,0.981805892592821,1.9093610055571
0.939737490460347,0.966315784003299,1.35976830321173
1.9768023900536,0.255293311758817,2.0107482413171
2.55629964176118,0.45640244861045,2.61955973273705
1.78907238313061,1.07209192387676,2.10404647184187
1.14629398594594,1.0856182982646,1.59266782605561
0.534452150644987,1.3376082703244,1.45309644251609
0.777924623091487,1.46427116498514,1.67267016036023
1.44334445167828,0.80890296049682,1.66911036126672
0.871153044304129,1.17080294833287,1.47217882093548
0.830594904726377,1.2808007616362,1.29203793056598
1.0148425787587,1.29404659326881,1.73259757008308
1.81230305233905,1.12124282041729,2.14985133452394
1.89191721118034,0.660371428101219,2.02147926646331
2.25852260624086,0.616541723937821,2.36175293294733
0.41063225696725,1.42460920149172,1.49564790680218
1.81037562211721,0.184672419857408,1.83577402781288
0.752902892540799,2.24408049797434,2.61057281977769
1.05363622075461,1.27148990072275,1.66583566547181
0.752215134456331,1.49149015969799,1.68513071505779
1.59281092599693,1.91416955062931,2.51209891297912
1.39827540044375,1.53477015933711,2.09448007136991
0.4044034429203,2.21916278844866,2.27554715042722
0.835175014219647,1.80954994695261,2.01051186006748
1.56025215117223,1.85114496202349,2.44226693400846
2.20250034140174,1.0158709082898,2.21371333611185
2.21928395647756,1.01491189039124,2.46180297693507
1.437887764016,0.912680149074537,1.71806489111792
0.788228562857819,1.34875486572259,1.57593056075941
1.25364116898434,1.88116389202553,2.13047237859358
1.28115041316975,1.67777381675737,2.12955309599043
1.86151758495912,1.01863308463531,2.14065624683145
1.53018456772139,0.229561090308151,1.5609159745564
0.797606808494585,1.11744447949659,1.32152796795026
1.5942071902072,0.423839015026617,1.46897118026116
1.89742398134468,0.638859114068876,2.01969573980225
1.84767807700541,0.0295110467177161,1.86416501010315
0.895624482638137,1.51468255113599,1.89858279464377
1.11695801787036,1.153053311992,1.54006601967673
1.01938787103277,1.07709876299935,1.76288629231295
1.21286002452249,-0.104733927262158,1.15548278727372
1.50386897031703,0.188238181518943,1.52893281481493
1.44548293337246,1.78148132540638,2.31431958102243
1.26174543213313,0.963685578709168,1.60163112760463
0.507645729840523,1.31520858787008,1.42217749926799
2.29121194449399,0.872964039153289,2.47344337519299
1.90790069049934,0.39996623259164,1.96651730617583
1.16517023719009,1.76066629157766,2.12986276470055
1.9641972254383,1.20375597260465,2.06437535267048
1.39737050910039,0.805621613217042,1.62715455584421
2.653816073243,0.0220898700803997,2.53038616954304
2.24894435486933,0.256113511106691,2.57227898141313
1.51990909879862,0.951371143748388,1.91680272135393
1.6279386382577,1.59795750878233,2.30121288906967
1.21048372716016,1.1953333551717,1.71616434937729
1.61156061394684,0.474625786658485,1.69477374890338
1.41109673633224,0.837515392912308,1.69226841997964
1.39877205151319,0.168583372279703,1.3852813229342
0.645278774844982,1.88478846046293,2.00970787767291
0.762544177673182,1.08542507599798,1.33817297056805
1.47086887990435,0.364250927440687,1.57436971039777
0.808487345426149,2.19307354407429,1.97941132280804
2.28914272568783,0.199592638029756,2.31803558257932
0.902163764151312,2.16703980456851,2.36797394557975
0.811921654107342,2.35799955423227,2.71464180860599
1.22665520328077,2.27883683270545,2.61076695480496
1.12613764238192,1.83445793268023,2.17146873943855
1.45055593776931,2.01313945876269,2.50312016094248
1.77685072491941,0.392440682261953,1.83567545903568
1.25334738192929,0.708760631157007,1.45253126280852
1.21543919883058,0.738423553849728,1.43467508915664
1.37377329724923,0.604598758263163,1.51413039028628
0.432751658250061,1.71726641059481,1.78652841754104
2.31637346723691,0.206327882374988,2.50390184633422
1.74972109942772,0.207794922290295,1.77751250545275
1.1681423055456,1.89314926947159,2.24410174625633
2.48044502161053,0.850207135719595,2.64516963136669
0.833803134991828,2.08390646891401,2.26426453384275
2.01382641552776,1.15519244172662,2.30749216410868
1.59438650405076,0.947518492280052,1.87099668421675
1.9191126986697,0.607110772444659,2.03055477365481
1.30333637998693,1.53882093653245,1.99507053146753
0.452730343823493,1.90509462414283,1.97537044267891
1.59419333759042,0.315524412373844,1.63940977768589
0.182075757131278,1.52336658982288,1.54770146221384
1.80050447663045,0.64002779258947,2.02873969006919
1.77704012071635,1.3738774636033,2.18025644009782
1.91063954271584,0.332061997872267,2.11325716028953
1.91562175768417,1.24090301339771,1.89526858237376
1.07205778908949,1.93757720517871,1.97819656453736
1.71685859830563,0.391115953638763,1.77633056327754
2.14705092739698,0.292924587999097,2.18599773766964
1.91664343944328,0.472810559673844,1.83543808698889
1.75654656252162,0.723729877612312,1.91650777316966
1.16984012772273,1.69325047911802,2.07616235832295
2.2045048291277,1.63637380330346,2.42280756496145
2.6270027508248,0.0508616425167543,2.65060228865404
1.04926840739526,1.80566088666283,2.10675675213502
1.19351119489747,2.15736313002627,2.48718142144621
1.66476746204775,1.07790671303696,2.00070495829768
0.834246551383294,1.06149004145892,1.36195776609777
2.17042642690067,1.26485435186269,2.68415791695712
1.97065047207959,1.00293515282747,2.23063172955472
1.98069557671023,1.21453213379644,2.54966671388616
1.78388964458834,1.26621576665587,2.20683189067618
1.69208712130465,1.36859108686958,2.0904384393046
0.938965683121781,0.845699703412382,1.54606746331608
1.70620675033372,0.818534198064208,1.90903236071175
1.91409024465083,0.967795591802178,2.31991285223183
1.79871492801076,1.11246131800459,2.13353349452923
1.3597023576678,0.374877742194633,1.42283781844727
1.95879641445799,0.468794731759302,2.03182607410015
2.12126168954442,0.0360317491019245,2.140225578002
1.16019155387333,1.15118739475696,1.64877771657478
0.605240259953478,1.72980594182283,1.84875006923037
1.43969184764762,1.24614305123012,1.92084230073181
0.413734676671007,1.85436491256675,1.91666835408449
0.817686269268662,1.11223273018897,1.39260127851513
1.08210349687577,0.921782503710114,1.43399012282317
2.68196100271667,0.586576321551557,2.68525419402637
1.02265702781558,1.80186272758884,2.09006439048364
1.605778780669,0.617951516785179,1.72859993954046
2.13284011216661,1.0404222023037,2.59062237972122
1.21213881363323,2.16367933394115,2.49328922096843
1.88285918843323,1.71590532665995,2.56985095349583
1.39566116178078,1.84029815765755,2.3299803643766
2.35679557231534,0.612223395335205,2.45643046609902
1.20796399533157,1.49352862803174,1.9377794799543
2.17550128406432,0.402953919462131,2.23196247677531
1.00969348212632,2.18394622673555,2.42721507577438
1.98923334148334,0.652995655088422,2.11208219890086
1.54749410663532,1.86374906978279,2.44376117410093
0.759755190363549,1.0685476313302,1.23902735680878
1.63817346426032,0.314001300466545,1.57782774650559
2.3788570257114,0.187676376520185,2.43792537338972
0.980509211987481,1.68668419677257,2.13873885549175
1.02327220279222,2.33361551218604,2.57051566503581
1.1606343446952,1.07783931324558,1.61352636587052
0.912373954862368,1.85794060007359,2.08807511725569
1.33645608925055,0.8809303888437,1.82656207304322
1.86506865357114,0.111231554607961,1.88481388495503
0.951002249034963,1.60574156361518,1.88264149807969
0.911975685627826,0.984047478457759,1.35345815426905
1.37615845223199,1.74156439730388,2.53050421016738
1.38624331633607,0.00810128725339941,1.39845836039222
1.01501409856422,1.69568359201845,2.11637769055617
1.81346282993002,0.49870042844587,1.84790747667894
1.12374474257225,1.8641814691701,2.19583160342355
1.71679762107571,0.566875764205929,1.82386627737514
2.30737924742401,0.73771751452362,2.41370294524552
0.290635843665769,1.29047091756206,1.33442732459265
1.19115717452019,1.17329806963753,1.78598084112738
0.726797764497484,1.26601610758035,1.47264348688541
0.282672496989894,1.88130980211094,1.91915816733094
2.3412019063958,0.382769318632777,2.39314835074479
2.1552988384864,0.503021313201677,2.1518685081019
2.28039237863262,0.220720891828668,2.44346602938085
2.39634553077151,0.554519201098383,2.56581952438083
1.78825457300496,0.969832729533626,2.0522036798448
1.52134181345648,1.69547934258898,2.04977676228639
0.306441459344525,1.34548435224553,1.39207576900221
0.687285890609333,1.95922973870558,2.09454069058604
0.976311160313379,1.59891233875457,1.88989603034785
1.21579463073034,1.78498237385644,2.17869664593839
1.56420461735785,0.807161755219977,1.77616639449861
1.76735104342028,0.153501884551981,1.78960594980194
1.80087558412033,0.713459376262263,1.9864959904958
1.56887424091447,0.172712764460448,1.33806936344131
0.588090509824382,1.94541254901035,2.05023169399316
1.69043065452218,1.95038830455589,2.41707343480189
2.21164748292932,0.49488163617011,2.28627005927171
1.24623819676944,-0.0270151749239553,1.43139272663723
1.11942988832492,2.04410320637797,2.11245455885742
1.94938157140593,1.60098255688529,2.32925597602575
1.27026649402443,2.20313906935109,2.70878884397388
1.07202982594321,0.893366271406055,1.40774762812565
1.00496612960254,0.815708965531587,1.30573150452838
0.632353200156626,1.59743414254344,1.90655008286309
1.40358515758524,1.23139593928127,1.69390282460121
1.70866876590275,1.5650400978536,2.20948730540043
1.18869052298604,1.44873048145424,1.8904616211204
0.323532231513431,1.62697318912257,1.67341775703737
1.62957796225353,0.575521111692082,1.58671728271305
0.385204255689376,2.23180300124357,2.42738378219219
1.14775885126962,1.18633813939687,1.66519797571968
0.73695503561903,2.35525395998678,2.48956147499187
1.43073576759145,0.546780833605143,1.54512730165667
1.53618484581361,1.02508211940866,1.8721425776708
1.94448372275469,0.774344119906105,2.11140105785896
2.20375864224712,0.463431042537533,2.27176386178861
0.586757906639652,1.49201000142932,1.57941509979241
1.6912702123426,1.54632271676397,2.29872390319664
0.275569084202883,2.06817277971581,2.16952982052751
0.313295229837066,1.86965851261895,1.91239769665256
2.37250616241125,0.772073331040074,2.5169132380754
1.60642649499723,0.466859535111139,1.6876029381561
1.28343100784832,1.3091999741036,1.84948076058512
1.7909349266431,1.13295775882586,2.13784481899517
0.888841341910842,2.56511154225805,2.61125529000539
1.64873512028415,0.027624830091036,1.66346818756623
2.40352208437159,0.816293470718865,2.56067974036437
1.96506623726485,1.1170771521242,2.28026511951263
1.88665785763187,0.325488236297981,1.94927169234163
1.60468946995411,0.805630453269753,1.77113905109112
1.02692106265186,1.04319959008299,1.43266374912317
2.0498262113948,0.361737088751305,2.09980527205823
0.488483941537708,1.23411962209764,1.33895094706331
1.85805821674013,0.310378402873497,1.90037025826666
1.37638301835205,1.82867590366012,2.30890222730609
1.55523672079473,0.87849282910704,2.05484022061331
0.751162678144882,2.3819361582645,2.5195364872379
1.39020889965242,1.71777285059862,2.22928138969358
1.18921078455024,1.10249468488131,1.58918202930983
0.614450962636194,1.96345489269561,1.82093316128319
1.12563289339094,1.2533017103962,1.6976906745778
0.829598643327642,1.70330536025611,1.80905126164713
1.82483421063897,0.861413688717127,2.03567945083802
1.20081764949554,0.883569230532932,1.50396919845839
2.11394588161896,1.15445872226178,2.42982157261945
2.34820466518983,1.09009885867588,2.40088253435887
1.24105222399063,1.22769015234495,1.76104232336171
1.90873641263263,1.09255409273866,2.21864807152223
0.280971870244112,1.20226056098677,1.31299925019967
1.34979399127382,1.83847678492503,2.30083437462665
1.47440476877566,0.249112561339411,1.50845173520072
1.67443356840662,1.42162582480701,2.21584799491184
1.72483284158458,1.16901712334592,2.1019870283553
2.3858553490852,-0.0764988196364861,2.52502063537321
0.537159741812792,1.69843276952751,1.79701776568098
1.03430839741992,1.1169753112981,1.53569777767923
1.05389631704479,1.50748356685645,1.98877011309741
1.39993020345988,0.667621652256999,1.7953726581291
2.01726646558775,0.241721007879781,1.9216992447821
1.6351197710035,0.242884732345492,1.66759835407319
0.693423251775169,1.69813288296464,1.85038606775083
1.22726707253896,0.726246791118338,1.43859133360879
1.66432382815443,1.82053444231898,2.48833393698914
1.45323481209577,0.596074983034359,1.58454491913924
1.24133127360831,0.898938390836662,1.73557385805898
0.593104496941638,1.38952028990788,1.28496376724273
1.70657409471316,1.15612246832126,2.07909893201382
2.50747087576783,0.19930350213617,2.53750033637867
1.87247516675889,1.09415838001852,2.18779242273862
1.94347014589114,0.689445793785161,2.08027289763694
2.17964780068038,0.264840673895077,2.21498839169949
0.654678120316546,2.31743340019723,2.42931031844163
1.82098392716661,0.653637723890906,1.95175638764625
0.957220484206426,1.17800430787173,1.53123065927577
0.978246101406831,1.43303439852344,1.7503536257062
1.23274535072844,1.85769483652605,2.40316285399507
0.838615143318926,1.94187450773038,2.13382118991064
2.43069080781985,0.0243314404869427,2.45219009780284
1.59126177297958,1.53008514250961,2.22696349987824
2.31241483861901,0.837410186506691,2.44125119042121
2.09482345143788,0.206658663131086,2.1235045453526
1.54220348180955,1.32238887378037,2.04939352693468
1.1604747138906,1.40294448535002,1.83671369071382
1.73069698662489,0.335547680095669,1.66042595789943
2.06817088834023,1.18246795563804,2.66042762471481
1.06996721321146,0.748187140254086,1.3170906376383
0.0844380707941274,1.54292947695829,1.38776954086813
2.30843961331559,0.826788821174334,2.61109929489922
0.866074333006592,1.29054342058826,1.56788428247089
1.52848945888956,0.0935669172397949,1.54710704258085
0.754460736476843,2.46746245235938,2.60292059087804
0.955490120005661,0.840888004550535,1.46576743912766
0.997200790051556,2.09801044252333,2.3433703570784
1.91480142441555,0.996855856981671,2.05582302168472
1.87697796129092,0.69428763675476,2.01886994234038
1.58938557984008,1.59603070851916,2.2722431449453
0.224729786140259,1.37157831029514,1.31381337486604
1.87869600085387,1.11588554447824,2.46363152956184
1.92862239751318,1.7844448351724,2.65062097914376
2.25756268322236,0.128649242145606,2.28111140504269
0.490340909848402,1.69904508192803,1.78393769108319
2.2299992284558,0.599398253531321,2.5544222289947
1.39394234187361,1.84595176002342,2.62049217369254
1.29061672226712,2.2199762749303,2.5904587123145
0.768768876168655,1.27903730897206,1.50541803132646
1.16575232435959,0.721491384182595,1.28153646459434
1.89519948030593,1.6677418119404,2.30159708568152
1.84450437642793,1.33620758203351,2.29767114622017
1.36183255460381,0.521569623415575,1.47111928589192
1.56395062190891,1.83345392031797,2.43106781675323
0.770186586367327,1.79304734599585,1.76084948961285
0.47536638883622,1.74270617568179,1.82226302571663
1.50920480842152,0.0266630549290547,1.52271492386651
1.31577944004577,0.455977661060591,1.49251523238644
1.14151901473412,1.4632870787075,1.8721970271744
0.617059770147801,1.34353516857036,1.39185159759767
1.6317514040621,0.327985720435623,1.67902523506561
0.999292005384937,1.62095067806804,1.92096957944719
1.60896949633665,1.36906364730757,2.13118842275808
0.52930188147205,1.90992306913011,1.99933952684061
1.39663547670491,1.19811011140585,1.85630735912536
1.73088540167431,0.616567755567648,1.85358113263396
0.687301158082581,1.57771736201669,1.87229367079783
1.8706376743168,1.45676529396829,2.3918109564748
2.48294938347796,0.200600346621417,2.51294674275726
1.87441878370991,1.0219105396388,2.15366307360823
2.29133013917193,0.348366768468889,2.33804356650728
0.967913889210425,0.994478657036728,1.39995260917943
2.08598517044074,0.692690431315747,2.2173186322749
1.88851922454718,1.21937618836422,2.26774267199491
1.08810818734543,1.94002765538809,2.24390132615125
1.24305208097944,1.39968260369718,1.88843773382065
0.859249731784729,1.42312412595724,1.92661891508356
1.0457269036785,1.67682946717747,1.99356297918411
1.1319362921251,1.8416193941487,2.01580364524756
1.01999550631781,2.42063645823001,2.64986144190598
1.88908239566843,0.803023356223526,2.40025991453577
0.270456016711184,1.56997124764871,1.60710672180869
0.918704230922903,0.963108787712694,1.44913100127578
2.61522286095155,0.16171632455512,2.3843995280924
2.27593818035372,0.940242661027893,2.48416532252496
1.44962792531018,1.30837096662983,1.95110950986568
1.49818192214361,1.35393508522572,2.037087685285
1.45102936253534,0.637929654298386,1.59900767066287
1.164978913334,0.649948015258698,1.3457514873616
0.44460971514577,2.56192694646633,2.61945539618455
1.59184217510902,1.56823331113948,2.25422487187083
0.979850069477501,1.76622557837751,2.16023055498158
0.458412339121346,2.05142800971793,2.12050854360871
1.27336335631511,1.44078078652689,1.9705159933107
0.605614658893387,1.94939731343648,2.0592552766188
1.12564553286037,1.32610048086366,1.7547282766843
1.44793168324222,1.94329783180488,2.47461645706265
1.2473972660135,0.747982175068916,1.46725919663547
1.14358104198544,0.253866274455394,1.37790986100117
1.37309317511638,0.214367010851081,1.40194769316745
1.96788999300069,1.57847914600994,2.60882144912128
1.31513162256763,1.38552211389032,1.92709903082487
0.538181155512919,1.66528526233534,1.76548067163086
2.16671122287487,1.45928313315338,2.51922081998372
2.10481530462665,1.24293597864222,2.4659064884859
1.26760778568438,0.31514313117466,1.31768192266899
0.291185991502805,1.5204585238771,1.71082161400263
1.25691469671238,2.29583845666439,2.58455569683761
1.01524171407674,1.25753815215903,1.63041833058735
2.1456518086264,0.882853179466458,2.33336389311331
0.594832078087518,1.20816793422383,1.35850372802031
0.749691243186706,2.4191204853571,2.3626772748635
1.87336350960091,0.960499774768124,1.94210429872735
0.44378016526883,2.36874190883476,2.43114823853711
2.39582336789491,0.598047037768732,2.62544560225273
0.522481393087378,1.53394410093675,1.63473607557399
