-0.0132822676732429,2.1437133766547,-1.1378720833674
-0.147383878202864,1.43193508234349,-0.620885166974452
0.0931514953641424,1.25172503735668,-0.98831493550948
-0.0497332314274508,1.40178106147488,-1.00240377598051
0.0480557928995647,1.42044783391302,-1.40837175936998
-0.359156861102224,1.81611052433045,-1.10506380744631
-0.156450483184444,2.14685802860518,-1.23127578071732
-0.150802187441328,1.84651112519527,-0.871716703681294
0.33978044101188,1.32480007385749,-1.69581361205654
0.211789013269092,1.3897834902423,-1.32651585023045
-0.0824751750712557,1.57372427950722,-0.493853282446805
-0.14120717596894,2.15491637037525,-0.98629314018903
0.288998253633654,1.26084416540264,-1.26105012569204
-0.130320954209611,1.52668369838399,-0.523579776251323
-0.308062066299294,1.58637651082734,-0.889010259662927
0.0567920058807491,1.0063921654887,-1.31431116795951
-0.0686295319313131,1.66893037331644,-1.55548349790972
0.164032616607208,1.36530457620989,-1.28707697119903
-0.524068870598839,2.03723141256147,-0.340468845370779
-0.203903193116262,1.31778480943385,-0.305330684970811
-0.194380376437935,2.03514841876277,-0.410445922415899
-0.171029154070197,1.82609202548359,-0.215024896833373
-0.20007104484423,2.10643288074354,-0.47282554488655
-0.262232806223884,2.25735914168288,-0.860440906682623
-0.171959629712007,1.45341503075327,-0.479784885517729
-0.0413173320873211,2.15059210398067,-1.55692724311779
-0.0406361875895635,1.8999788080468,-1.35265133582549
-0.112113083585431,1.34786761438492,-1.06755115719704
0.0461265499884337,1.4266809434526,-1.17744757272514
0.219781493849127,1.44239276781518,-1.20173655800547
0.0500213335397188,0.879300092492205,-1.4604869681665
0.475782312723531,1.09154508996314,-1.50540879073868
0.405885800661579,1.75532929377092,-2.14233227683063
-0.282365591686226,2.26257622814217,-1.13289673712845
-0.368847307546191,1.3931911521769,-0.702683375621215
-0.0378818328796001,1.67251691613046,-1.61585201732744
0.0560774434644783,1.57596307056075,-1.46411398920628
-0.15634283755734,2.20927616326598,-0.955214549377308
0.212013045138592,1.42745006035648,-1.41910767329398
-0.14721614407006,1.04206996414164,-1.31206482605101
-0.350098822842022,2.11937232290481,-1.32188639554385
-0.229768545763698,2.4771829840766,-0.256972263009155
-0.0866653511539322,2.3000822829282,-0.50683640106491
-0.0666780586671742,1.60419380302946,-0.928929052126598
0.00712529853433501,1.23358417067685,-1.1316101398055
-0.191088996290181,1.60523366558937,-0.918358979490484
-0.0734927929991486,1.88538728525386,-1.0283124112048
-0.159283671485885,1.66470329682946,-0.625457241249805
-0.0993895116320042,2.63531311838584,-0.312561943626042
-0.26326472939716,1.97707659460508,-1.01817134830033
0.201452468180068,0.522936006645617,-1.3136250565146
-0.168039438534039,1.84538870264383,-0.535236665071957
-0.154078595683775,1.26792574137895,-1.19455157557956
-0.144175106688568,2.12224923278708,-1.36292232382058
0.0580764855393684,1.55716023084647,-1.4115062583721
-0.147941862552836,1.56989023060926,-0.536879168125929
-0.109761878906525,1.87808830500761,-0.918010386700307
-0.0683178886344743,1.6900885646551,-0.941537546913962
-0.115924838945963,2.47404629734265,-1.35808185271477
-0.0898226615763018,1.59334811090334,-0.792440489677335
-0.218364149340197,2.19574383272034,-0.978648221332238
-0.00568584496138281,1.36610012358861,-1.17293307299093
-0.231106066232384,1.23656659375611,-0.356810513481237
-0.271509389134189,1.95954550198064,-0.770798762761633
3.83688360241496e-05,2.13943498943165,-1.45351672279625
-0.0454991140495903,1.61304545650129,-0.605606325019471
-0.492633539380373,1.79581933657779,-0.643399078612187
0.131107109720782,1.85403510696397,-1.56731133200037
-0.125441556813939,1.73405029983268,-1.35014487850681
-0.0888353099797102,1.4144583427603,-0.664829085180365
-0.0699378184939043,1.6216539644917,-1.28894794624719
-0.158649687531679,1.79218828727139,-0.770317158944756
0.013500086701238,1.28006229366309,-0.905004797793382
0.12893335764661,1.22550678345928,-0.885803271420357
-0.215698635438777,2.59565828593915,-0.933625902036406
-0.110636888453804,1.88052530996396,-1.54282427094732
-0.322150643165469,1.48695679752323,-0.342140170323008
-0.559810368774096,2.16838106436243,-1.04367593424353
0.285861212173876,1.08957696660858,-1.28406751386843
-0.278184866204415,2.03770352741573,-0.524815195409948
-0.260612593853146,2.21807211162751,-1.0254433882596
-0.113735374725789,1.5074861613927,-0.61424279726732
-0.28050385910381,2.00660096723469,-0.690846456782851
-0.115822835899992,1.67555575242185,-0.738175979498384
0.273436411565159,1.1813766005816,-1.30468227724158
-0.387241440932976,1.63661958544566,-0.575686132058316
-0.0150586137803305,1.56024473884208,-1.01849381468935
0.0200553456108867,1.5829583485322,-1.05891741074479
-0.146477142481253,2.16691012858208,-0.875300967952593
0.014544219568095,1.43934157181621,-0.914626708731625
-0.0710916213936569,2.0980393525779,-1.21513420441023
0.343785140912051,1.15419688327142,-1.71624227286551
0.327294849846862,1.13742027024687,-1.38312317185614
-0.00403051008575983,2.00466855841162,-0.625537404979564
0.0766362063117954,0.921953072251376,-1.02405970407151
-0.299791951618551,2.24404229480261,-1.06835251595532
-0.11336323856209,1.51850400459144,-0.821858543236656
-0.215868485473798,1.47453177993009,-1.08711913935451
-0.127601201393046,1.17428800290472,-0.736218788736166
-0.0805654827791352,1.46678577243375,-0.867703127880416
0.325857184847079,0.998736355563423,-1.26939981020061
-0.242223017047979,2.33094707301819,-0.29568897381767
0.161408367088917,0.963985072281871,-1.1016453844436
0.263565514243813,1.28851789573773,-1.56928495878094
-0.402033259114507,2.02219712977112,-0.990265139957895
0.0189718184457085,0.840201440626468,-1.22492004731607
-0.455882313067601,1.9204380095924,-0.645813412983999
0.320644039650913,1.25785734751622,-1.78760645576645
-0.277100879730234,0.876534896618446,-0.755735146655215
-0.168034258046286,1.7595717166596,-0.295986520654196
-0.171339144529858,1.58197049320708,-0.445267135530035
0.0162497099481462,1.71405226589945,-1.16174662525416
-0.172608812642545,2.3897677200009,-1.13021793394747
-0.153443860565756,2.40823514550677,-1.12212732885652
-0.217773454491285,2.47920371133912,-0.74847652936477
0.104699343720262,1.69288762329929,-1.19922236941227
0.00285062416360501,1.58085261975409,-1.35885417166325
0.418765772858339,1.28260716462332,-1.543633770631
0.359603085926876,1.18145480106548,-1.48039533103254
-0.0841845920488251,1.80318624536429,-0.827202846570147
-0.213247291811788,1.95378625030218,-1.23532776123438
-0.207339132920475,2.11532750847792,-0.959549415176101
-0.36174767830956,2.09934057910132,-0.907399605931442
-0.138420598488326,1.6098518024148,-0.918800634669074
-0.228494441881937,2.40091944004512,-0.366889946566597
0.220692113662375,1.58490611778748,-1.54946003303161
-0.0938382367124934,1.3690878408647,-0.966722291826643
0.258594537411929,1.07018279603375,-1.3389575221564
0.211081822821901,1.14654859247132,-1.21496865029149
-0.178566762529268,2.26738869162472,-0.880053424994308
0.134431318734729,1.30956246365551,-1.19106036774774
-0.217872905516449,2.27775131755954,-0.896832661075556
-0.198251945728175,2.56609788865061,-1.01896147710475
-0.31510618575164,2.45624111028646,-0.617510478804368
-0.134638410077584,1.53048080703878,-0.271160281070893
-0.0272371714292755,2.00870301505427,-1.28884709664462
0.279259904417215,0.770943752460857,-1.55401683500381
0.271718128283486,1.13857283617823,-1.30610126879995
-0.0915953791693383,1.69655927437995,-1.38533490928188
-0.215512667825859,2.29473927855247,-0.280685287217518
0.251083877587392,1.42818346885934,-1.62749544520916
-0.350984814600239,1.73489072067804,-0.411358680832146
-0.272544697224403,2.28128396223309,-0.839372955586919
-0.0921002900910013,1.90178606093992,-1.26341704198767
-0.135169997140391,2.18204540955269,-0.273952268718222
0.0601067318949178,1.62845942513807,-1.28233014513922
-0.44046610104667,1.78450707922594,-0.850755538954125
-0.304425294927421,1.74233628199641,-0.293149328732809
0.0188992386241775,1.53907349606826,-1.21941970521594
0.254990403417,1.08102631695354,-1.23038358929021
-0.190033049415299,2.30070677133838,-0.835608770935937
0.370030035999444,1.08660263669305,-1.46315247385593
0.110394822726878,1.36583094557426,-1.32664581688425
-0.181803365151509,1.87190120264909,-1.16053508500247
-0.0634177479720141,2.21046137342068,-1.39384762864604
0.0582563343769899,1.30956030099551,-1.39242602047137
-0.0698375851406195,1.40853478017609,-0.92272971891158
-0.316267619532902,1.75480426847299,-1.18290914719925
-0.127044824856278,2.5740866837006,-0.723160181116091
-0.00257138058367545,1.27319545119734,-0.857995571426592
-0.224068415084705,1.29975989685441,-0.868653259141427
0.0776463414781006,2.40203316256632,-1.07135439228413
-0.201186869964766,2.10457711243772,-0.407492761648795
0.182468862851406,1.4409514096506,-1.33924955724207
-0.231667010512775,2.42553153100857,-0.410500340741083
-0.086575540991809,1.98452078165869,-1.08320735537049
-0.134542714986267,2.20378375473971,-1.05277172334396
-0.021544677936368,2.01271014532793,-1.32903654886394
-0.155554803236179,2.15617146224932,-0.350249745052277
0.0635810865874464,1.10155203040494,-1.14655809675693
-0.0349686620392771,2.00150147796704,-1.26139816115391
-0.022969755175312,1.79013904761808,-1.15236097677861
-0.310725012698371,2.23476601889478,-1.1096246798537
-0.372571208174558,1.61613700539044,-0.462214468586013
0.0919544187614047,2.11628432223519,-0.672623260703109
0.301312620166727,0.995426315893956,-1.23195385397184
0.0780629338362113,1.75793699176303,-1.58346573259951
0.218793725020567,1.42122552483305,-1.42645780279818
-0.290947880194661,2.16603009653515,-1.03117333422938
-0.506483757951716,2.18830637491805,-0.371643403048228
-0.196388859910685,1.82454753098172,-1.02493911780024
0.237275572299126,1.43251519483718,-1.78965686831156
0.0320873656394479,1.33226594574397,-0.570408411124826
-0.0753728366114415,1.17395047770768,-0.842175371313464
-0.496070161808841,2.2102832301034,-0.306962572072025
0.00581298793919871,1.36291600307824,-0.941351855973074
0.251167807666975,0.879283634937695,-1.33077066517882
0.0880703496532428,1.13667429168071,-1.70182673897848
-0.0525160221737804,1.85327909154514,-1.10653653126864
-0.0425562088171792,1.64553791017441,-0.718393434827611
-0.232737420052748,1.2254132033445,-0.399859536152193
-0.236473693102321,2.39763146614506,-0.536534748050103
-0.326374896392944,2.23291327809157,-0.922877536590133
-0.0543620042564323,1.44031864942075,-0.862745204567736
-0.231494308068873,1.27878604457037,-0.489632855306327
-0.142560322609372,2.28373441231575,-1.12955032443479
-0.312547293362695,2.26625674510886,-0.307319078091801
-0.0269062371603729,1.51034426791973,-0.950326874814039
-0.168608160009641,1.92481354057697,-0.49546347586644
0.0400007426856099,1.79117320773929,-1.3191235750213
-0.128800147876766,2.01686236398964,-1.36166729059325
-0.000575195483321181,2.00004004452302,-1.38499369624501
-0.158868480746914,1.63045550326142,-0.518817588249733
0.0805117419967365,1.57359095487423,-1.26412781246908
-0.286607421127496,1.38099986091957,-1.48490511236005
-0.300335482210027,2.25152775158299,-0.826440740600673
-0.209792595705725,1.62904116090299,-1.10614290819307
-0.325514001244812,1.54934618043952,-0.682510246666752
-0.174676255377563,1.55117023597888,-0.616807313769863
-0.168150127112137,1.78377344478787,-0.230350502513702
0.187520339377593,1.05209053228684,-1.21749257504654
-0.0549983411121463,1.45664611976149,-0.780239228556422
0.179630181493086,1.06748450622673,-1.01864179916978
-0.187074045651055,1.96615442753388,-0.298894312081795
-0.273014715573795,2.16098227010849,-0.57448541376042
0.303909955696584,1.53532557056301,-1.36200137566654
-0.2154523130694,1.38723246443527,-0.391874570934821
0.338668688344521,1.14458697049807,-1.39629316362376
-0.00556852381905101,1.40296995300319,-1.16517272383225
-0.0688457547997551,1.84238158432206,-1.04565503831183
0.0343474830114087,2.04617868861804,-1.19449285478579
-0.124206432860614,2.38144707611517,-0.775551564501127
-0.238731252283492,1.52285633574291,-0.269934705795644
-0.143233374273655,1.97103868218276,-1.2427989629127
-0.323982598926393,2.014155893814,-0.422156905018027
-0.0417760084003816,1.82367941853607,-1.46861200413548
-0.398267339202069,1.99803640218315,-0.289693600144903
-0.245277864965178,1.84388053998129,-1.05557057593983
-0.196056720117385,2.12792268370523,-0.58897028722732
-0.297133903260666,1.88742323108381,-0.364827529264617
-0.222877292930606,2.3564909330042,-0.320582082790218
-0.472785923779553,2.01573093442807,-1.17109439214413
-0.139282044751523,2.36161759319406,-1.24438258236039
-0.185715751922846,2.25827019250574,-0.526351697154684
0.159262565524076,1.2727127994364,-1.21157087988667
-0.0897891709385203,1.49839349058489,-0.723052876619398
0.0268599917657794,1.38723776009221,-0.591925645078424
0.133653534728752,1.00897672988436,-1.37878474359791
-0.00639658700173687,1.65339562307326,-1.35192295873417
-0.0854355531551086,2.45078748164566,-0.508614410673894
0.164893070179983,1.04311933942291,-1.54622812736795
0.0492690325880001,1.52354707307375,-1.15855122063994
-0.3328589943131,1.86109995142551,-0.401263402040958
-0.299309273862175,2.69758975604662,-1.29168929172673
-0.261607886806333,2.30400997570457,-0.347826046291872
0.346400197573848,1.36458335448657,-1.59066836363824
-0.106556814971456,1.80626214286656,-0.997110367237454
-0.04859289385677,1.63929168401221,-0.971972131336411
-0.473447702732084,2.29837898135884,-0.328427832909617
0.163715845278326,1.02248661640277,-1.26878109833415
-0.336634169726343,1.75964553118256,-0.599319624852019
-0.0463762184428494,1.21101596685464,-1.12883833093235
0.34362210463461,1.14800954095213,-1.44252176870411
-0.238031609746144,1.33207093538242,-0.839003085584771
-0.116334943941874,2.1501644225929,-1.08897834939017
-0.204323995660006,1.63876420778371,-0.763700005272716
-0.274853914011609,1.95970588031515,-0.963771469198989
0.0159488793368699,1.43279019067594,-1.66634908635367
0.122454853997288,1.36694315890854,-1.20817691148131
-0.237612562316653,1.79399214009286,-0.381052500719258
-0.134345031023714,1.82363582237252,-0.999052191393986
-0.16042014202968,2.01499590703858,-0.883800781642506
-0.0990871244167897,2.1439242080239,-1.1364214133082
0.237908983329912,1.19301820008544,-1.25219822714835
0.210127464196865,1.20695848930444,-1.42218834320997
0.133777086577293,1.156085276416,-1.08026339893734
-0.438522665038472,2.14119220216173,-0.673195205431521
0.104676787212634,1.31681159379548,-1.41740397495382
0.138379221067134,1.43721844694789,-1.09537519578407
-0.142615264308206,1.78044865925855,-0.676119548587872
-0.15858326983703,1.66014729058399,-0.282421091310565
-0.232202216554397,2.45530515626794,-0.87556904804054
0.365709384835019,1.23734191800559,-1.48337565241205
-0.17436880047845,2.18017557665392,-0.848544880803791
-0.336625374048175,1.45129800070764,-0.472974891342514
-0.154346335501324,1.90933004308237,-0.976592533934338
-0.163637517388888,1.72314366970055,-0.38764817976161
-0.162662488428672,1.90500028189584,-0.652953839648873
-0.211352573122272,2.22894275334512,-0.510539628112037
-0.150412997870724,1.27172474074504,-0.952604197851229
-0.0521610989524239,1.75617193554761,-0.989578229120186
0.0150624707265375,1.23541308776437,-0.976774780328943
-0.432852306442599,1.40838000675064,-0.925841633495723
-0.241220495769979,1.4964138756938,-0.555724649951164
-0.0460522718076642,2.12538944056928,-1.31283483478872
0.110929010936175,1.56154461882904,-1.32110980543403
-0.202530530904105,1.92773699989753,-0.748169622295291
0.0771414345270374,1.54887679722786,-1.21763227001155
0.383770543795312,1.26953573110141,-1.57045825476851
0.0235553807882245,1.34855627724806,-1.21984181814497
-0.1104004596099,1.31156494987051,-0.667013898567435
-0.486710224880162,1.47549768569412,-0.442278583839106
0.240020347169476,1.23890290959116,-1.35821240668921
-0.289604062380172,2.37568020750905,-0.635472165055106
-0.0936861733980326,1.32679761438461,-0.941597614909551
-0.0907201865412776,1.68339666566303,-0.85400531289892
-0.407971698596237,2.10056381001736,-0.870102715505788
0.132997978013717,0.829232864672108,-1.17091937880667
-0.0651378595390751,1.79322537242202,-1.02405799291882
-0.291065505815094,1.91407103075693,-0.565727813080163
-0.105405616808292,1.34695990539935,-1.0433910675483
-0.126267918690576,1.99817229509867,-0.935752150207979
-0.0594996091902846,1.80586751648211,-1.05146424140211
0.0379012488718829,1.2617101490156,-1.36667004209372
-0.00990861253271232,1.5676196915382,-0.826393557001205
0.574232182274896,1.25446268341998,-1.68419070690193
-0.0666176837025478,1.56833046385538,0.0226143171044734
-0.255416586955825,1.60498637050585,-0.618590681260074
-0.149648539465944,2.2998219444618,-0.814627991511632
0.427514985030734,1.52462881096587,-1.75129949643303
0.357266969009392,0.740683019819095,-1.40717482684551
-0.0195915750510055,1.50265083873116,-0.966404473701975
-0.211986328759553,2.2190507031146,-0.44440321569229
-0.128682587243158,1.52166163147173,-0.531090827281919
0.375707031893476,1.42597219573325,-1.41735979590465
-0.271766620242891,1.7962280393757,-0.331957627499082
0.251120362794797,1.30554668174018,-1.39530710103704
-0.232608389590255,2.44380578257522,-0.374616234636815
-0.0267304551655767,1.4481623291967,-0.908441782514349
-0.146654257220428,1.74545800019741,-0.788070995001849
-0.181565639902074,1.99889155649739,-1.00285611334041
-0.124654307143812,2.35538718229263,-1.20388934808447
0.0409528629457684,1.21643240561627,-0.928803096577167
0.127237241916491,0.977333857399442,-1.09972013101715
-0.0903061171817873,2.18624528009835,-1.21121538833373
0.0396736244413441,1.31987420208789,-0.99656525930833
-0.241132182855172,1.28324523292461,-0.762934383481414
0.0318355288251934,2.00551690584242,-0.61154343227003
-0.141209136485116,1.5053140453882,-0.378154571023855
-0.234980028156741,1.61535608055992,-0.301738516999331
0.00850710782862282,2.04177736807825,-1.30706152372964
-0.0668665577861483,2.53291911214482,-1.35913554467625
-0.0610943186185342,1.41758223988577,-1.42696929292684
-0.146317395785177,2.19705139986302,-1.21956222659598
-0.451836011038515,1.57639164731355,-0.729487727027935
0.145951480192662,1.80128130060807,-1.47685823557391
0.0971573925769524,1.23171711971798,-1.38820556859603
0.0967866308478179,0.999098488222207,-1.48448926670454
-0.498894867324686,1.57065834204146,-0.855743131726668
0.166284190106125,1.21382634132662,-1.31349062276497
-0.488863109189251,2.29692692333266,-0.490348899648898
-0.0845394777299651,2.37085276037617,-1.13635115539544
0.299354966455439,0.943988731103941,-1.11943893180671
-0.209103248466282,1.77739678502682,-0.718767610352661
-0.13096125095597,2.43854930307784,-0.688560449121542
-0.260482603353374,2.39683705887528,-1.07656921923368
-0.255627986555756,1.72561760457257,-1.07815585859194
-0.118285894428604,1.78605789291275,-0.811659780458812
0.0904699064584395,1.54407085079893,-1.42959091561879
-0.253242238665119,1.72896478977463,-0.38873782476289
-0.0332889057578134,1.95101368283343,-1.23192908325131
-0.376918289575548,1.69290898503409,-0.791111223379598
0.48493551423639,0.811926995955764,-1.38731170572993
-0.172234044527512,1.89178241845276,-0.549038713776899
-0.246536478957871,1.47892977259886,-0.0821553828453631
-0.176023754555438,2.33943805533493,-1.4637927298797
0.146404262573655,1.14784724687577,-1.35655586126192
-0.0568704134335757,2.70893115020615,-1.35827617403277
0.0710803902902152,1.55355240317216,-1.22928688578431
-0.0816886707022347,1.6765057948222,-0.883838971635955
0.558171833234025,0.805288488536371,-1.29277992209762
-0.0915533915557808,1.556744515731,-1.44065413527707
0.202645269749534,0.840038971939771,-1.51330204816944
0.351750898639523,1.37382274290025,-1.60598344420308
-0.105844260314298,1.65639104402893,-0.770428409349039
-0.342515899808749,1.26995919862003,-0.794006070974638
-0.0774859659348725,2.02947636998754,-0.536870768128908
-0.167397330761666,2.31486981619134,-0.98243855584574
-0.205926441562608,1.90158800433205,-0.719833820374358
-0.0685089273148176,1.60499549252984,-1.63085844300472
0.126457628952484,1.0288006856662,-1.32627553627637
-0.225246572524658,1.80117819646684,-1.24816818335662
-0.155672738955206,1.33358020776243,-0.322626116291112
0.217893072084093,1.22245651494972,-1.27784700561116
-0.0811112508839058,2.03374444681634,-0.392335543613858
0.0584199860139087,1.71857353226258,-1.51536071720571
-0.0118662552279754,1.74796540935772,-1.4957388558185
-0.0365218119212029,1.49767400868481,-1.89660338479969
0.33184038340213,1.6320474174261,-1.55812982168305
0.0326739446262352,1.47601297091303,-1.134996471605
0.390644140288452,0.79494217785218,-1.32342128413647
0.0149820408433396,1.82372432944516,-1.34257013119156
0.0278190620900876,1.23856303483364,-0.912538197483715
-0.38728729954521,2.27760232285189,-1.03828788622969
-0.136081902744038,1.91378843630078,-1.05613743465122
-0.158849556274874,1.70843197774322,-0.182793073681836
-0.290378773538829,1.86224617990931,-0.728398657312387
-0.00306991790192654,2.53669439741957,-0.425817079132416
-0.384529817983005,2.56735975342658,-0.947548571532456
0.0963075082673894,0.828441380054559,-1.26741460705072
0.356895930389797,1.25997988060381,-1.1987658629745
-0.0434077575707726,1.42839751156057,-0.843516859079619
0.0319698105509107,2.01135690361484,-1.45088270665834
-0.377685735509704,2.03941827844929,-0.786208718112313
-0.207004893636176,2.22704480427241,-0.939468581982543
-0.24251282231414,1.52492333201553,-0.369604963215381
-0.183370613776624,1.92519308221776,-0.414401269826951
-0.11859017500851,1.93399933376421,-1.4866977056131
-0.274747021379205,1.81940292359943,-0.848927405589747
0.19736945078265,1.26299206342292,-1.24364021807769
-0.0694472659426495,2.06895368311796,-1.01298133482119
0.198808824006759,1.27314340975681,-1.28273837175696
-0.325917152914085,2.36404732388254,-0.601457524590182
-0.0947144262356311,1.32407504807404,-1.12762247631778
-0.237795366076765,2.23816223462836,-0.138415059494103
-0.154063786644492,2.25370137039728,-1.00129296082218
0.0661480238330261,1.31044601317674,-1.05074086408739
-0.205515140193288,2.32808932690027,-0.862519778504233
0.0485998514751914,1.77199105492069,-1.72155521241269
-0.0290794601370381,1.94867874401265,-1.24264556708356
-0.163720295563098,1.73073694832973,-1.22764051593021
0.373721510328943,1.17437218062711,-1.47936573045701
-0.0715339483432921,1.69980357742058,-0.937085955737966
-0.217382281014983,2.23287570837511,-1.09976844418648
0.101552978700043,1.40280359230468,-1.39725799122604
-0.102611702713342,1.34278828911521,-1.3045293831212
-0.172095332103414,1.6538635137388,-1.17231734154885
-0.441832779912475,2.44636384514792,-0.316394539821814
0.288424689525405,1.33063045486913,-1.47458382503446
-0.21477816904147,1.46769837197496,-0.972900472760509
0.274272503441724,1.25826227027429,-1.39682072195946
0.229157253639288,1.66899695328955,-1.6258348095712
-0.164314096976464,1.72368080719113,-0.365244042169719
-0.341415071864286,1.67148817438858,-0.950744885817573
-0.207273808827496,1.97614624528727,-0.783885095261635
0.386672840271424,1.05465904154409,-1.39894962699508
0.0540361896262019,1.51814745203484,-1.01014349084322
-0.0691178982869775,2.11384357070719,-1.23250991719724
-0.158598722628482,2.01034957841397,-0.778605117988243
-0.19273295429038,2.03744070667731,-0.941771079525848
-0.346685299947785,2.17038226246204,-0.439332903095381
0.375885435363515,1.59117714492087,-1.78331151582618
0.16235601540696,0.927250450904452,-1.12241698368995
-0.108005386227652,1.79894102554987,-0.867202624529693
-0.355790844954979,1.26891415733618,-0.356753496845359
-0.0590207521002787,1.8255844748823,-0.517699329037237
-0.0305516109572856,1.99936093004773,-1.27288277466375
-0.221789663423828,2.64328680983351,-0.323065254714283
-0.197534052976802,1.7783608801799,-1.28994223998607
-0.028514207967111,2.17773831904779,-1.77100366787381
0.316485020343924,1.24536458228728,-1.40270880867627
-0.387552546047644,2.62391708485693,-0.929103136030401
-0.217039099609879,2.12388725479493,-1.13856966500715
0.0519619426112655,0.987238955557446,-1.06537278389409
0.158249294101913,1.00833721203901,-1.44107320823755
0.298392175737313,1.24621731291534,-1.53699918040701
-0.19390710947427,1.77133438794004,-1.40907844735376
-0.272977477771764,2.32319365259254,-0.460846054848132
-0.128254603130159,1.56731328181604,-0.577447249632715
-0.222842171120415,1.7859108234482,-0.38894789064369
0.0670757338855146,1.91603712618954,-1.46898668371958
0.171228939221382,0.973983075553282,-1.22066090536071
0.404014888549643,1.19941219105875,-1.54212503429081
-0.18764069822527,2.03034723164693,-0.554231598907127
0.017223471888771,1.97790739063486,-1.38903157900948
0.239987764805272,1.4641637618735,-1.59348223133205
0.202619857337286,1.22325111661685,-1.25251936291752
-0.0424244174998483,1.85717486338013,-1.14052903729971
-0.0288068291578056,1.96099330723458,-1.25182364480527
-0.211554036549677,2.21535636491956,-0.372222453504863
0.238749967342996,1.23248346062455,-1.31998510252909
-0.538047437262933,2.00963889145709,-0.900952555917915
-0.217590256368264,1.76882461925964,-0.703253504681887
0.552684768809314,1.28312336964537,-1.57897001406319
-0.328551237572201,1.8710346434828,-0.0784851656281157
-0.423134368248604,1.94281320155678,-0.801959147421293
0.309915281610312,0.983383065974691,-1.20466036814044
-0.400520070345853,1.32214436478413,-0.437765818732575
0.0344180892045036,1.73705987767227,-0.815138403591538
0.126208645371688,1.89986282481298,-1.58893699928772
-0.126903795183945,2.14320956930418,-0.442246161277277
0.0812113017816781,1.70873538048144,-1.51419954135505
-0.338484688867593,2.13311413464223,-1.04603576129983
-0.337875779783848,2.45589229184935,-0.8029094325045
-0.0266134568262378,1.57706417786797,-1.79120991729867
-0.000827717323501176,1.56291542962287,-1.34716437998713
-0.162989420930722,1.49975414318772,-0.267546321978922
-0.243336413090212,2.54741232037703,-0.433236945728763
-0.218536381540894,2.31562720358488,-0.304308163561524
-0.0413329853127221,2.19491010987507,-1.4980508883011
-0.0332196639850222,1.9977515897348,-0.805702256090481
-0.181446404361255,1.92938262498865,-0.240618876039651
0.149341038806654,1.76182760198028,-1.02178532406543
-0.0358487670884524,2.19469556990903,-1.42827877059963
-0.310658027399306,1.45305778090903,-0.453321866862142
0.0857927770531652,1.27083761424324,-1.04845762523498
0.128502071902792,1.57622394029844,-1.60653803412282
-0.0185547743957288,1.83358783819093,-1.19450200581787
0.358034671308011,1.985173234476,-1.62333123947743
-0.277101333560596,1.52861955878393,-0.742466939166841
-0.290064978243556,1.71660488671848,-0.580191733261213
0.00751360492803965,1.84119936596935,-1.27080319033805
-0.432832198829955,2.27459449099037,-0.577479935082865
0.154900402546948,0.756137175840199,-1.01508568729141
-0.133733750181202,1.53840879806257,-0.867585627492233
-0.22319118561757,1.46505565714359,-0.2996034099502
-0.288173848537654,2.10758263969101,-0.949296627101417
0.300542014809043,1.46141410653387,-1.76162798620002
-0.235463064306054,1.30600448986199,-0.480140632811425
-0.148466118507028,1.55271576749343,-0.293897216755081
-0.354948459401982,2.27835186168768,-0.737706711176432
-0.519734398030897,1.91254867243105,-1.35869928854574
-0.148488980946144,1.84108832484181,-0.692627690414181
-0.010590633729397,1.37600181093025,-0.898394053178599
-0.160838607488502,1.58993768410749,-0.538456570967075
0.538747625351979,0.978055952707716,-1.37581174869746
-0.322736194346073,2.22889330468374,-0.556411131347817
-0.0214538448018344,1.24924040168199,-1.18565729305884
-0.0183905992673746,1.69079431169414,-1.38110969138695
0.320002642538207,1.26935657400283,-1.45405190330884
-0.455605271579602,1.96090227960452,-0.525717230006944
-0.224032240244698,2.10401985261612,-0.301781858741819
0.343137875167765,1.08003848338288,-1.35973713839068
0.161862046691873,1.5698021543711,-1.65545113131745
-0.205274693475433,2.19543135726326,-0.563290522882684
-0.183230265307211,2.35148612208984,-0.796764961778614
-0.0102612911915166,1.8054743191964,-1.19858007667284
0.40037512893207,1.09784141673642,-1.45335456318432
-0.131265299782764,1.81373619865804,-0.769196692666431
-0.241853457746887,1.45965448820516,-0.925124786037342
-0.223281733326588,1.60210279355856,-1.21368828342863
-0.0926191652169274,1.26373861595917,-1.16413585735585
-0.163041870335246,1.73421197073025,-0.428896363716978
0.204198676036526,1.16964811415169,-1.21543203007533
-0.0501466812961728,2.19789311333856,-1.34995683129703
-0.0539465097439066,1.50617341058893,-0.573828616698932
-0.228513983305019,2.41688128369439,-0.327041581803757
-0.0838647407349207,1.39522411583796,-0.672167844480564
0.237887264826315,1.12175227662435,-1.60741622867586
-0.326139132698397,1.51716534365904,-0.787124018982085
-0.167689365326937,1.73803551587944,-0.888612804782308
-0.0328851042439263,1.90234107035625,-0.263520975902367
0.0523136088743423,1.73563378064181,-1.3108213691478
0.207246030697744,0.964023517158565,-1.06522172563244
-0.104653686253151,1.58907059253765,-0.724873773217919
-0.0892553454352056,1.73836173850361,-0.899165635807407
-0.0762151666282526,1.45863716615,-0.70951759795025
-0.221678991610185,1.21056314858802,-1.13851093737
-0.103148627249468,1.55551439223972,-0.613919222200756
-0.0381162078509729,1.33507299197737,-1.09787464390642
0.0377429723022536,1.60582681766303,-1.22976495549903
-0.154643334385199,2.10026499647412,-1.28443005159837
-0.263504085535949,1.58836326685071,-0.796921005534937
-0.115892646782364,1.89621940223141,-1.09100502682161
-0.0557090562150727,1.6354168846683,-0.94622829730121
-0.0762530491280207,1.94075601253961,-1.00201984386503
-0.193471667636791,1.35912440089858,-0.972020774165525
-0.369284151934473,1.87407766970555,-0.773298409000762
0.10465651341637,1.33981422354451,-1.63491034175497
0.0107075430827778,1.34135196036585,-1.62945875599353
-0.395885588557905,1.60415473235329,-0.957564782399539
-0.184104334180847,1.66493430260218,-0.313426819966461
0.0264234257667768,1.38579509636033,-0.924436387333217
0.0632150606254387,1.52932671342954,-1.19481447304686
-0.315083221742503,2.65271793255633,-0.797807410037456
-0.0774378699831739,1.67508519966183,-0.803070210424869
-0.0409517065723263,1.34391483267056,-0.793269841078875
0.152847530341453,1.49387576046846,-1.67296866461358
-0.0741360143555051,1.5593537783967,-0.828944827943455
0.489451042969507,0.834685653615575,-1.32682033384452
0.030403023189701,1.54430170158123,-1.12729150781736
-0.372418821232293,1.51439238496717,-0.597119884053959
-0.118446200191472,2.12857304779164,-1.72374013089255
0.0156920996366414,2.04715845268315,-1.43214193523324
-0.17046061645124,1.79879508292353,-0.414819565333462
0.244692503880772,1.48326254795168,-1.29364473988993
0.0325529916580921,1.31953275670593,-1.19991099236091
-0.0722852964270297,1.90153702986002,-1.28647395479778
0.132975031277275,1.89984843529782,-1.32754273950309
-0.298498068175637,2.06949877257973,-0.285972527664192
-0.248648061111354,2.42259008693845,-0.869956530581155
-0.319801344209415,1.75346417190528,-0.542284044924807
-0.202773866477854,1.64042305135969,-0.306386192763291
-0.0434096191675756,1.94845485888861,-1.58772595582064
-0.272061068195149,1.66291952084048,-0.676226112949172
-0.0209625629760161,2.77570284990594,-1.26515748353319
-0.428947433577641,2.18592290717438,-0.621684695564101
-0.212069513122021,2.31046119282208,-0.64986997814944
-0.133914550065514,2.02583592006462,-0.921798521016767
-0.120268681416562,1.6397237961409,-0.899126319921575
-0.199168348663607,1.65776761413529,-0.7123080038909
-0.217054002030014,1.8786740750366,-0.631762944457588
0.047092548032164,1.37143503620942,-1.24246844654044
-0.0576749169340269,1.43955725210152,-0.880529070564293
-0.0903837937029742,1.5668298821126,-0.770806409934308
0.0189736365960863,1.3465010890472,-0.964108709124577
-0.0449874668195493,1.49706011716379,-0.885688480984846
-0.0564717979115847,1.79616118636539,-1.27964223893231
-0.219493787286152,1.98431543858817,-0.86637606925894
-0.208770605170486,1.92430902691851,-1.0071227873881
-0.115188251121585,1.67488605081159,-0.846451205356214
-0.00935448760380275,1.38002297035485,-1.13560126644325
0.352664652931728,1.18919601083252,-1.72480991107889
-0.187789985354979,1.74082562829396,-0.574487925833864
-0.141695362433974,1.77571272579124,-0.651544398508571
-0.353415943133943,1.81801595650875,-0.665560821098556
-0.0616451473874569,1.78360128715685,-1.02903221848615
-0.072601383108864,1.43791654826157,-0.748464399345203
-0.280607642104984,1.88204054475276,-0.599564450696358
-0.0157616720143866,2.03347155772752,-1.33825541549847
0.171234439809452,1.6042006018408,-1.47166092666686
0.203912856850397,1.33573958558578,-1.60237700430045
0.0172765617539382,1.65518269517845,-1.16975480321796
-0.297395355503783,1.78464709941065,-0.82351752131875
0.33463859820158,1.16230670770354,-1.32667834895834
-0.141807807557573,2.28514060470896,-1.08162028073145
-0.0273704636925208,1.73201578806512,-1.10004256601936
0.0303234911432162,1.38664243376056,-1.01963225852556
0.268663050314471,1.20672168162228,-1.08233308287542
-0.294400996407549,2.16297476744972,-1.41386963256302
-0.435188820872234,1.76606159582867,-0.384866977272944
-0.415908707359676,2.3050693444736,-0.765621574998048
-0.338603951531956,2.10343104400842,-0.627016516083964
-0.111111789792612,1.5669437264298,-0.58715766077156
-0.117842419050332,1.97501100197648,-0.955204717455041
0.357470047506266,1.60733078539288,-1.62126635952847
0.222084402461553,1.51878465499844,-1.50372697726459
0.082620916117142,1.11086440343088,-1.46612443104303
-0.408015913682922,2.23645487237814,-0.183707049180124
-0.479412388911027,1.52939095937289,-0.566987633762539
-0.191491210403579,2.38405809231911,-0.901979696261286
-0.128964747368829,0.961479248214976,-0.758654630421742
0.212287230479893,1.07968613860511,-0.919724758106535
0.0265710179541009,1.23940575064043,-0.910061894004005
-0.253767098552204,2.18208903460114,-0.816635611021748
-0.119044776943645,2.35792882384997,-1.22738223174524
0.206278200360937,1.29693980867432,-1.3132365526728
0.156706313803144,1.66160653633397,-1.51454514725972
-0.0668469988763029,2.11479651155907,-1.49931435419082
0.0127022981146251,2.13439886920463,-0.619236507384615
0.209449679890373,0.999732733304471,-1.0925258689846
-0.142904086387071,2.42147984231734,-1.29771665484952
-0.0722849786619618,1.16673938769624,-0.962045030770863
-0.127899888846547,1.63938830442917,-0.936846050609031
-0.135093182956936,1.77989438314357,-1.12443780264043
0.132177800356214,1.39189662790953,-1.60254462448963
-0.230262638407907,2.02477673002557,-0.640222218988029
0.324415702031566,1.14113894863298,-1.66873108354074
-0.00545127357224351,1.25425854745315,-1.52002592096306
0.237402015560509,1.62575261372699,-1.6090603366061
-0.1635188061337,2.28179052841178,-0.976116471957117
-0.107806476318617,2.10874306332831,-1.06042687898179
0.160755361326308,1.44956299512415,-1.74642947940092
-0.0628603246219425,1.61259391744156,-1.29976796309899
0.190476082629329,1.33403854661463,-1.24325677814658
-0.22844473008926,2.17421621027685,-1.25520793293425
-0.620552409206355,1.91388652900885,-0.432300609164113
-0.457292680194238,2.04072451105337,-0.57829066574374
-0.0431495524886701,1.75129329977926,-1.34890540971819
-0.113487613957119,1.93724511806014,-0.632772859355142
-0.0376901275062543,1.79692445922366,-1.53234383499959
-0.122326992295731,1.9918774491239,-1.0986184162419
0.0887918848528688,1.41240470208495,-1.13945579997115
-0.163427265152909,1.74698095343843,-0.446821811037327
-0.112577593830251,1.38568500272303,-1.07705014136846
-0.0810817258300278,2.01440748557482,-0.720948044894748
-0.167425963680868,1.70511872066013,-0.970260340588787
0.0328727570026192,1.9807538144843,-1.43069378064466
-0.267991932440682,1.78229450703946,-0.584134882931306
-0.202837747556769,2.16474567609633,-0.256465234116747
-0.215578677056047,2.35717846253533,-0.672615094236597
0.00659401124454898,1.7051335971075,-1.53232826145724
0.257585390762656,1.57311263710334,-1.19592590021244
-0.287380177309256,1.62973044089324,-1.07448623895108
-0.151666154045807,2.43873019312172,-1.15288130739118
0.071175935875495,1.35785079182841,-1.72204558018975
-0.219489578619019,1.97835725137919,-0.961888058442524
-0.098047130573093,2.25074215039115,-1.22902645816597
-0.194066835696006,2.29235145376878,-1.14339631339211
0.154460317946656,1.13043297096721,-1.64267937694718
-0.345528832093615,1.94488430141837,-0.679266501697971
-0.232457720821721,2.44169172052347,-0.376153825450089
-0.172430736886973,1.43060716509964,-1.08551265768114
0.404507439143398,1.48537617242134,-1.6370087549429
0.362784023241141,1.2345360351366,-1.51217045122748
-0.23824530101589,2.23132911192194,-0.586567694614785
-0.0957241396420792,2.29593406964565,-1.26887878877499
-0.438428375339959,1.6822754271924,-0.363138809938341
-0.161741667215042,1.57919044853295,-0.606926170813391
0.178210391861535,1.11553363983954,-1.13091056507824
-0.236303393547424,1.56005244166284,-0.734960902218426
0.0921546171485398,1.54014965093503,-0.634897538557236
0.258675687959391,1.21453492057465,-1.4197314942985
0.121091185211199,1.33720236614368,-1.42293228945751
-0.0779158585465373,1.87412633183549,-1.03653884101342
-0.0463796081859726,1.58585276076787,-1.08938434741919
-0.116726708042886,2.26732631927809,-0.553610310809042
-0.123625941547197,1.74215738127575,-1.25898654533612
-0.166795476882077,1.17201599337822,-0.831978732385243
-0.214515336533377,1.67708337820001,-1.09807630698386
-0.148766841583498,2.2770001245706,-1.31721489426418
-0.452935296135034,2.00136960078926,-0.598471002786419
-0.12529415691129,1.8579256766918,-0.833698707772024
-0.191967567971463,2.23733903728534,-0.736571385319521
-0.462256467135387,2.25970521419819,-0.330625512624833
-0.0495103193454679,1.35789856414405,-0.727113425441456
-0.0153637923058745,1.37943262681219,-0.515944210574524
0.234622204089298,1.05988535798222,-1.1822791569867
-0.0592426558326043,1.41458075607482,-1.33586977945514
0.179444259073503,1.10367410231072,-1.12103576614112
-0.102308095131481,1.55420615666246,-0.70919985752268
-0.0880181069124424,2.03889503791402,-1.116195741823
-0.307101257628413,1.88765267946378,-0.274296389993894
-0.178201079224246,1.94104801074199,-0.545475455993396
0.217259869521849,1.14987057730709,-1.4852407151084
-0.381228282236428,2.3293138959117,-0.392681993164219
-0.258304644953748,1.48648697551839,-1.14819597337642
-0.19029048857351,2.09148343793043,-0.608434026005108
-0.397348884430964,1.46122170790654,-0.38704818134249
-0.043115562517434,2.04995624071354,-0.689614360899217
0.294857704987989,1.06955160095916,-1.28166578994966
0.265445378203588,0.99761920100085,-1.18124490938246
-0.244290077806946,1.99560066234979,-0.60277682083726
-0.169114214392596,1.9076219020142,-1.46160056083656
-0.364671299611289,2.23470705948978,-1.06693909020179
-0.148200900884225,1.89372125670759,-0.740708334293354
0.398766755422419,1.17200071161366,-1.21951971553453
-0.0531768419393757,1.44624942067652,-1.37270107034138
0.280701538566424,1.4682651281458,-1.78794237228313
0.11220503053672,1.31863432664525,-1.15361152493457
-0.248364891171949,1.6765163985815,-0.776373645232342
-0.139417870027582,2.02185376764478,-1.37260169684319
-0.120250466026798,1.70319577771366,-0.737813514719753
-0.208768602736504,1.96582806413921,-0.639010139113488
-0.13951799092797,2.03770229188106,-1.30860039731138
-0.190693475893128,2.26261704667544,-0.607300673719205
-0.0936202741216045,1.80228557303211,-1.33419230459231
0.0450469973377246,1.49451237694403,-1.42619649202036
-0.081583337551258,1.3398977983706,-1.13812468101375
0.353546334839158,1.22578023761081,-1.49177284154014
0.258479566331358,1.1464751971805,-1.37640529987679
-0.07381535928731,1.32014501841462,-0.317937211705734
-0.135666617611877,2.19172140819258,-0.379087180775285
-0.199392292567785,2.51183708663176,-0.438419616009943
0.129396760182412,1.31131929825273,-1.51464684721761
0.0183140867321452,1.59953623711567,-1.63462312434107
0.0127080527788517,1.06720049937173,-0.902886823965325
-0.115097093035095,1.93698544679087,-0.938834545663779
-0.223035023857405,1.39786156349714,-1.31489163959957
-0.197512503709541,2.27373580964173,-1.29376897581731
0.186527984639393,1.20617374221747,-1.19321429028389
-0.408832105190331,1.67165869685372,-1.18651340961921
-0.0798893567045269,2.10691323426954,-1.78375092760631
0.218534373290418,1.04276462710125,-1.44215613229525
0.330790215499055,1.11750473738154,-1.37228522403941
-0.289365205708766,1.96880751611869,-0.770294992655689
-0.196640234355602,1.50910873383867,-0.168816640221396
-0.0604682890446856,1.79571643634554,-1.30370744539068
-0.183719787737735,2.16820927413927,-0.754036440948039
-0.0730404702576931,1.46891442906749,-0.768876891222795
-0.203265244300506,1.77177802800761,-0.916237795341174
0.0588907010436162,1.56933886696965,-1.78082391757957
0.0212433490134381,1.1666925861975,-1.14735112315951
-0.286790276480518,2.07858260398489,-0.780808537044041
-0.166446028277506,1.95336999348156,-0.67588718192712
-0.225099999872148,2.23395725367535,-1.19277020091808
-0.321753139561208,1.64081793209635,-0.580536589306442
-0.0989281928013096,1.7347785051102,-0.858146521550556
0.223645473102879,1.76680184630395,-1.46316943789166
-0.102775149946504,2.0271217884844,-0.786845987748225
-0.0340587429714037,1.19468497963033,-1.14163648890556
-0.26140268422661,2.35435992390786,-0.512868670365449
-0.0953855901471398,1.60471231247246,-1.13819149473166
-0.118580907662855,1.52756597166614,-0.603252628275838
-0.142198405402106,1.59904045081839,-0.499483542490164
-0.42042526859192,2.35898791389936,-0.552183472293471
-0.341663759737605,1.76886084663691,-0.499156626096231
0.542630042993177,1.16278935933342,-1.85616775371102
-0.169094472150781,1.85082565827042,-0.530232990575154
-0.0106936583814869,1.67590336074729,-1.10932726396949
0.0358528222642463,1.19063071871052,-0.578484619460925
-0.327492786671694,2.19326563138446,-1.17908282454953
-0.162547282713835,1.76051603524621,-0.48270785355466
-0.054480900592056,1.81677053225457,-1.0751999280884
-0.228910843743708,2.41499537975158,-0.555413888542222
-0.27010328171128,1.8924965345584,-1.54149182553251
-0.0575763900390214,1.49952427367022,-1.04941233743962
0.389431723936535,0.723206684712746,-1.11388291467035
-0.345915169671726,2.45388541262079,-0.598852179806699
0.0961367888723598,1.53210958242586,-1.28644715701537
-0.39047156563768,1.76091064663562,-0.422697484250177
0.0507559646318445,2.46686044154916,-0.838539556671599
-0.0213004893185665,1.81075641435813,-1.43761471520097
-0.278097527828264,2.22930158603138,-0.738323792746227
0.163541013135212,1.19986172934049,-1.20294411214709
0.0623836283971141,1.65471374926576,-1.09579848773677
-0.112715905986266,1.49395945532969,-0.608725126066781
-0.293256091958084,2.08229769622289,-0.315641654437816
-0.162419536874113,1.44522482131297,-1.35238578575402
0.0221728344857944,1.47583135207201,-1.43060415551714
-0.207719711469359,2.19098231555278,-0.50275213989607
0.0957782348582996,0.934904690489136,-1.34759987013993
-0.265574856760724,2.25146039099592,-0.992603120635145
0.352391047521842,1.26771081002324,-1.81545732523193
-0.352537080302745,1.74715436329197,-0.351079870244217
-0.213223131892334,1.50500214739535,-1.18194153899366
-0.213277245981705,1.47995151481844,-0.366626251396825
0.317839423887268,1.39127950073374,-1.71005700927139
-0.0892363322004361,1.99448525853275,-1.39829848996049
0.327661136416419,1.25127193824532,-1.43401770636111
-0.361615516702578,2.26555351989896,-0.837977842080832
-0.123720708899608,1.69355288199818,-1.49852174154466
-0.165928297982919,1.73726933263431,-0.293908261646818
-0.0939657722496436,1.88810893396814,-1.07250086174057
0.0364208955970609,1.21045351665343,-1.1285214834893
0.13633265942667,1.2523530874632,-1.1539597201874
0.0465260744874707,1.14181522350168,-1.00634470134448
-0.179117414476425,1.8743701411611,-0.324938260976721
-0.13242178970984,1.57554605209702,-0.555958975764892
-0.00123152766538735,1.69071550450856,-1.33690934592973
-0.279173114963169,1.96373205961015,-0.558690676600275
0.304761843447495,1.42632810822857,-1.57362309638184
-0.209599814723596,2.17311225833058,-0.375731199179753
-0.0134266573800554,2.15718935392265,-1.42884105243873
-0.0414764322741425,1.73705424424781,-1.11449252052821
-0.231103474724995,2.20690230484368,-0.642511027373949
0.253156048767533,1.27427096396484,-1.45856356502075
0.188346890284313,1.22047328882153,-1.22576786484405
0.246827484532416,1.22735577149802,-1.32929589392309
0.279953776012977,1.48514831998359,-1.32054348154171
-0.0247127507661384,2.48268852767368,-1.42479655449942
-0.298056597160101,1.61502744446423,-0.910635617243546
-0.0944698455133536,2.23793001640714,-1.06423260585402
0.370163664139493,1.06467893170846,-1.58256289961527
0.177628112827053,1.49968628953966,-1.52336731298378
0.0259148295032828,1.27987796063183,-0.854496331645756
-0.228867056338214,2.11367239685883,-0.367327194275992
0.0318199341755701,1.59958838575782,-1.53727583152734
0.284679024720182,1.47951962736349,-1.64819938794926
0.357169136290311,1.06471728128232,-1.32377810449322
-0.20184706070014,2.16791376157579,-0.570031492385946
-0.337114698951563,1.47485880792144,-0.950927253260913
0.224613113736898,1.63101794952634,-1.28613048586421
-0.0892784448108147,2.01164896898601,-1.2511425252155
-0.210299230491679,2.60260646131875,-0.912500688008355
-0.217436823184501,2.09695147549093,-1.92229964274221
-0.0151004948769691,1.44123812759229,-0.778412976195527
0.0402199371758388,1.90307887405912,-1.39595934428488
0.380934172780476,0.995173755046532,-1.3899883834295
-0.322977497817052,2.14989232137691,-0.727350590992263
0.0802583420854254,1.52562963929987,-1.47042307504184
0.187347051421272,1.24105669068435,-1.23912069323813
0.286998923494396,1.33493629603361,-1.69719146017475
-0.232466678433854,1.69144932627306,-0.418654431936574
-0.322426313292414,1.71988900231236,-1.25818735288156
-0.139737341011238,1.83724560256161,-0.93937159726347
-0.0482617482710872,1.3473309300039,-1.97813777119013
-0.0482326121110926,1.12396241953366,-1.07902773651932
-0.0970258229499135,2.21659870148653,-0.767671594838791
-0.172688527160014,1.50634412322631,-1.47474266792227
0.0101725806733846,1.98163766875935,-1.14665648350767
-0.157172270641886,1.84720765572358,-0.637437974329963
0.376496107319157,0.916355544506844,-1.21488170790432
0.342317445769906,1.65203046293716,-1.87053709613409
0.164075085428109,1.57619116041531,-1.6594022191812
-0.228679309891602,2.06703233357741,-1.34900923928848
-0.306449770206509,1.25009523218446,-0.956255164460665
-0.142153288110085,1.42212681761242,-1.1627176780651
0.375432352972227,1.5593910975406,-1.1666020769222
0.0101754667324856,1.27346126946604,-1.34031670130012
-0.0776773940794793,1.60000557916141,-0.844570605956016
-0.0770493635382952,2.12507114739797,-0.94907875067585
-0.389955145730136,2.46831084109975,-0.562615352237758
-0.131534731311126,2.37288656051527,-0.870530775020295
0.113723465353571,1.27852759275354,-1.12841322156933
-0.297724019994351,2.01691186407359,-0.77442071447209
-0.311535026700562,1.42821103988307,-0.345196483118687
-0.416263816841121,1.67608992498741,-1.30779724354197
-0.0376003537847286,1.57676485564135,-1.34830226158195
0.0285821196346782,1.34686709661905,-1.41333006016535
0.381770660624626,1.17536450373012,-1.51019681506801
-0.0687768592983536,2.27189793863011,-0.294093531040643
-0.211663819795627,2.22719646184443,-0.330369946099483
-0.458281135844437,1.98357860395604,-0.296173788560866
0.206099072125252,1.56822786220504,-1.5109605539211
-0.216804945393529,2.38595130678332,-0.697257087998468
0.335803207738208,1.3361967704017,-1.85407292962373
0.118959980000199,1.08555795027877,-1.60532420005968
-0.376706804985997,1.66402834740921,-1.23818248670927
0.195759594003675,1.71151258491102,-1.43075818218267
-0.517230949304734,2.48463604543297,-1.12666046816153
0.104324994577696,1.4339764312824,-1.4731771952355
-0.211077217328802,1.75468992859952,-0.681443807191255
0.141265653288552,1.25074524626816,-1.24355248038595
-0.346988858401834,2.50612964289593,-1.38446938120102
-0.186892641637035,2.34328656100369,-0.894955352827977
-0.138099509960801,1.53386017151008,-0.782642756542259
-0.31518595293842,2.64679382016378,-1.09866501817427
-0.155435708560344,2.02054342825168,-0.563055186586136
-0.337430762380813,2.23125583535897,-0.661978502975871
-0.0928975659311936,2.24999475112272,-1.41648892636733
-0.262727527911263,1.80866021665107,-0.615092784415399
0.203714845279421,0.902422840869588,-1.34295364961107
-0.195228960589739,1.67960231299525,-0.235958614789847
-0.294037978626971,1.75097127693644,-0.817834916944021
-0.105297473322134,1.43843377289977,-0.685379109021606
0.00447970442398438,1.78914208624047,-1.22740899301273
-0.216020222233324,1.58261210723728,-0.73354374877616
-0.241672219314257,1.84810428421625,-1.55214574107172
-0.339890160166568,1.63191375094441,-1.04935862234962
-0.124733284946844,1.74532092844276,-0.772454982045262
-0.115055997827657,2.12087656451417,-1.07293133359482
-0.180342786481235,1.99208016679886,-0.589639010694812
0.173191105797366,1.5732111609353,-1.60906212696036
-0.0670528764538242,1.64066015035057,-1.37393207746408
-0.318616119220004,1.43220361556743,-0.695507960897156
-0.0233933513840422,1.43965276248915,-0.710276759662521
0.153185891476869,1.07822857943651,-1.32549216112079
0.157450824841886,1.16992397031858,-1.05474183708477
-0.142810910889869,2.25456047937487,-1.41214045767533
-0.300247983862489,2.240311095468,-0.938678968422213
0.285207958042863,1.31829392445958,-1.24123238013223
0.0584458828304356,1.96226796585315,-1.48032715656638
-0.134116946787176,1.7797783236598,-1.1294918988184
-0.0662494334172282,2.09405018032329,-1.42847254538203
-0.183094735767227,2.38386275091981,-0.952880945680459
-0.209316845649651,2.31382474347757,-0.686547699434218
-0.178264678272945,1.90482982226679,-0.48598043168727
0.03499458566254,1.66905878297339,-0.402998765507351
-0.0892112013865552,1.82304561403593,-1.05953555794865
0.330723748935588,1.12643241891595,-1.18037743123523
-0.219646612406119,1.85663769271346,-0.362515244618725
-0.0537847277807356,1.60636813788777,-1.27156682588612
-0.0637898647719395,2.43472897320626,-0.995091180941177
-0.190922765089412,1.43854259016259,-1.28614550852114
0.259282383267249,1.39752772250929,-1.35630809011543
-0.0402156490306698,1.81311309318138,-1.11712691338552
-0.131089870062514,1.46953494912736,-0.455082493270856
-0.155813617456888,2.3968519998455,-0.154621039051721
-0.0712437582670422,1.7434111327444,-1.07330338890164
-0.26789158990601,2.13953934188206,-0.777870445114633
0.239133594410346,0.984118432417508,-1.53681123810638
-0.229172613111129,1.99346098145574,-0.591235610654219
-0.201329709951398,2.46717528236422,-0.912783407583677
-0.0370738243713523,1.35541790707392,-0.81348357313744
-0.128192049864169,1.33978369100422,-0.849590838577716
-0.0666826932183493,1.96679465599928,-1.08679611895437
0.116097010877596,1.87143431570026,-1.54766131621423
-0.246993285277637,1.59972032132496,-1.14393477055807
0.175722035079356,1.73997227894659,-1.59981933055771
-0.222860716931838,2.37618020852285,-0.285220000585669
0.0780545934612238,0.957596187061739,-1.29629947772704
0.121112543898147,1.6422331394748,-1.58495275324378
0.0479256943600278,1.2283018574481,-1.30402960344703
-0.250697425747152,2.00537265226796,-0.458457680646148
0.0696781990228873,1.54393346744887,-1.24208779949273
0.045257511996995,1.50503000637778,-1.49598244188506
-0.372008851666672,1.77186828536194,-1.01782138153374
0.0838062964601787,1.36861125446939,-1.51011719143733
-0.262314754487494,1.56673486153143,-0.347573014851567
-0.138708203712565,2.31752821675982,-1.11903734570388
-0.175761435745535,1.87081428854678,-1.53348416345652
-0.272798098891154,2.09024776151013,-0.505850509528017
-0.301306895358692,1.81690419052407,-0.678556814505258
-0.251849906644664,1.64760853122962,-0.445698175695281
-0.227445493810197,1.31737463822552,-1.07581222528185
-0.0359707565855202,1.83154329795401,-1.1424971037823
-0.143432731773565,2.15830683093196,-1.05388219852023
-0.102352402413343,2.01226477685275,-0.8637350539634
-0.151099086171394,2.17161704082986,-0.951853127495424
-0.168431917108188,2.01120500478927,-0.714105512033053
-0.300484207274969,2.05817311126264,-0.492046113087631
-0.348473919286539,2.38615248361708,-0.925256239185174
-0.240970605392699,2.52238908264978,-0.430900625504193
0.0184433175016502,1.2007340969894,-0.0471508238323598
0.148854257681552,1.60719084214501,-1.43020632758302
-0.140201219956286,1.6875798243032,-0.607257396605074
0.0138914901719794,1.51591147013938,-1.44009331499509
0.338156577837201,1.42638999009036,-1.48202370241099
-0.132213975240583,1.31019122139688,-0.964419491560763
-0.152607474420606,1.66916167201096,-0.577598590092745
-0.098692648603512,1.6361431518559,-0.786750510667674
0.116778942893704,1.32481116608222,-1.00528720650623
0.226528292089175,1.08107688196416,-1.18557904693661
0.192805004235474,0.765560345054329,-1.36805028181003
-0.32489216479767,1.61637677409217,-1.13634175730335
-0.109016534083797,1.54867224661514,-1.23704062906958
-0.0706271442430757,1.47121481638073,-0.779562119084934
0.15861091160747,1.60934729240184,-1.66567740350815
-0.231001457818075,1.96483805103744,-1.35036563868486
-0.59839437293208,2.58645469574056,-0.611745083301059
-0.0326030125823091,1.88973328991826,-1.37846149651032
-0.20005838929623,2.14091468689116,-0.244478439723747
-0.319659762035625,1.7587501849619,-0.636844891668932
0.174906138487924,1.7765715216364,-1.20203490431422
0.132965752507805,1.16106584559421,-1.27798263179207
-0.218533817729682,2.48530337888027,-0.827359245355677
0.114790130147045,1.26076785250024,-1.88288087681266
0.12025983632288,1.4209487864466,-1.22901001482524
-0.129664864601817,1.97907394353422,-0.905902242302229
-0.100929265440694,1.8468589538359,-0.931366681636316
-0.0234013943156655,1.66051945995924,-0.632209289561734
0.218438982452836,1.25954402255925,-1.30638797322943
0.272507402058345,1.35402852133266,-1.50155656471603
0.14541814708735,1.42865422202798,-1.33718996154545
-0.115306569367811,1.30509484835861,-0.636093262814958
-0.44546169112232,2.11276837376676,-1.61840378601545
-0.146480122050304,1.63667294766362,-0.502087581987701
-0.305173932149568,1.28934797613457,-0.954379840085705
-0.387371598770094,2.2887626543779,-0.800955122034076
0.451792660957361,1.20934396314664,-1.64468596983392
-0.237787380122332,2.4174006541842,-1.42678301134376
-0.197794868954063,2.81191829539699,-0.525832294252343
-0.014802444777107,2.57614228438114,-0.920569674031534
-0.155772930335462,1.82516601255192,-0.572769831901381
-0.323157711306663,1.89867508383931,-0.457316630779458
-0.283374928567281,1.80978005685918,-0.533341040039089
-0.384768858046906,1.95671455628266,-0.305550156426714
0.12503919254403,1.59548223403074,-1.28443474712837
-0.187918989689927,2.04667031859085,-0.708540657920915
0.298281245489149,0.95729629813837,-1.31801483504118
0.311524713092597,1.02032600654883,-1.26659994443749
-0.214996981576326,2.3045121899519,-0.599131290582932
0.285723545836759,1.40147906989182,-1.23232808840458
0.0230825936131205,1.42285842091973,-1.02639962601577
-0.248612323393451,2.16649971808628,-0.809772844923031
-0.158654137268675,2.44810363528879,-1.12859839095845
-0.0835222300927071,1.61527074875379,-1.3135502854402
-0.123816055871388,1.64016508287485,-0.943276373726982
0.334669495739133,0.872357726505053,-1.29495856366973
0.114109920918983,1.23634093623207,-0.883593309325796
-0.105483184911707,1.69039212546337,-1.35599991924417
0.0526776098856491,1.69887261300468,-1.28654240080745
-0.197452768387027,1.73540989050031,-1.07664713631191
-0.314392293266804,1.62366021829129,-1.04889062158558
-0.036588389440586,1.27060238610396,-1.23814786153129
-0.0794816838342726,1.65125516744665,-0.542396063194486
0.0867851000467168,1.86375314557456,-1.78304735128168
0.192234225589698,1.18817246095432,-1.57237069063192
-0.156628960646379,2.34358072620823,-1.05834925301239
-0.381859368833927,1.56571275892953,-0.421708536644024
0.0450851579838974,2.1312480610642,-1.16386764678522
0.00934857324134719,1.70652274725972,-1.18411404077281
-0.229319471958578,1.45308886903927,-0.929531938553476
-0.207002582213138,2.49555094735509,-0.900272034784943
0.0754077588768059,1.57095889802492,-0.659528028680188
0.262826088568476,1.49702357200171,-1.83428540992981
0.0356558320679484,1.22611716801482,-0.922924447743408
-0.0224005140038345,1.62463425212954,-1.34113774202546
-0.0614398921107483,1.98476315604553,-1.16845444137083
-0.0951757924610063,1.67928818605703,-1.69241648546395
-0.127186817095028,1.5594113051006,-1.08874649651921
0.154015897855012,1.98614588290566,-1.80981710687066
0.19802506449368,1.75135794743764,-1.37316005728759
-0.233701712711385,1.99992358653527,-0.413341848422021
-0.242785129360466,1.36019139650343,-0.988758268652439
-0.162351802200888,1.79698645134733,-1.43745341724243
0.244543817984191,1.07900441504797,-1.53466369970524
-0.0387472839909289,1.48068523478058,-0.750920209769249
-0.404041880268048,2.18231141979099,-0.601164471888225
0.137534590616778,2.05186111370805,-1.25537410201461
-0.241984178441063,2.4513085023137,-0.945350145676147
-0.19421317693377,2.36551470098094,-1.35409332021596
-0.157428709731033,1.66464589169931,-0.226138044972923
0.545064425992872,1.19529028929762,-1.84223465219654
-0.140559869352371,1.88547750980749,-0.777649118615115
0.155154266656201,1.63778313903831,-1.5642193230346
-0.332375111806027,1.38769556195204,-0.847161236545513
0.334240144500414,0.959403499839624,-1.32315434354327
-0.0978844370663865,2.12771925724966,-1.27653434941845
-0.437288341439489,1.47320287929971,-0.0343770834141288
-0.202980051243174,2.1227664817515,-0.388162533932055
0.337657668534166,1.30863030515163,-1.60659697680364
-0.0344740906487611,2.17961540979799,-0.686122016234431
-0.134910415511629,1.37348831070769,-1.22268170345113
-0.100429393385952,1.22285135896226,-1.2922332985569
0.307173397371167,1.12342231984314,-1.34247222504113
-0.198174954142513,2.25668957034111,-0.728011171577478
-0.17713748330463,1.78675478937203,-0.667271753839104
0.445073390551147,0.969147329429395,-1.36684370446365
0.000800720600733114,1.68457383717374,-1.18244680053408
-0.30106760062799,1.88259462105671,-0.764604700551283
-0.144431152405008,1.22307360182778,-1.19695845006745
0.178137574228078,1.09288345778959,-1.27175135801233
-0.118706748542539,1.94400714416106,-0.849245640865971
-0.0302028954744956,1.69253840621134,-1.63693457124367
-0.266831591160197,2.52771860884727,-0.417266728321048
-0.297571916630803,1.87846562319111,-0.193220359224626
-0.134658671434001,2.17918147998444,-0.779030883505131
0.333957857484402,1.27341760689088,-1.16895564706572
-0.200998275785925,1.15956063960873,-1.06407954050926
-0.102886158838153,2.34074539828869,-1.27489302731424
0.127460100384928,1.80048544005216,-1.52233512594412
0.204874001856855,1.27028261125452,-1.29115049846243
-0.360649602874423,1.54745655553633,-0.271820972258205
0.126091054317457,1.11629770675381,-1.03727342773692
-0.305515010882872,2.48794724358581,-1.09732998090994
0.0879559541714574,1.74505767144121,-1.39893240349236
0.328083574260092,1.0026802207597,-1.47912816756026
0.0808492974039517,1.50906980419234,-1.00106138026876
-0.00104148748937968,1.2117374668801,-1.25174320913561
-0.126020679264188,2.31335173834434,-1.16822134791107
-0.133090292217878,1.57594665845855,-0.97375007560049
-0.200327263512071,1.92580279478348,-0.214116857496821
0.0645751563761543,1.91960644104481,-1.4655899252066
0.014058547226486,1.04505939255351,-1.06509295525549
-0.247182147822837,2.43242866407366,-0.918491946593386
-0.236940919737359,2.09925747599026,-0.491925754000172
0.399783500621323,1.42476704924436,-1.57716936210872
0.193572466360911,1.43223149745303,-1.28804742876359
-0.0371165605336988,1.56009689956154,-0.953566845531295
-0.458799910834109,2.52258355123108,-0.472975987505818
-0.0518894156987266,1.37195549879184,-1.004014125703
-0.126934009115813,1.44130494585379,-0.784731701881778
-0.104883141108446,2.11637516194249,-1.10910834216593
-0.156405943672193,1.11356560196016,-1.2434950393074
0.0752254844173136,1.58029515595164,-1.57314103159368
0.235786321745638,1.43261096822047,-1.21877350445952
-0.0345291051944065,1.91949087014598,-1.2905254871996
0.170928228841525,1.76683577373762,-1.85598402819866
0.109103519894308,2.10895476332482,-1.61587300323178
-0.0908206696275805,1.32298839344773,-1.01221842857297
0.0384702917962509,1.50809487429565,-1.12227289982343
-0.269465415584782,2.17569005818187,-0.953329317878285
-0.128277290189367,2.16668175094553,-0.813096826516545
-0.0718414884807895,2.03550379355257,-1.1694213295767
-0.0327532841191647,1.9897510562479,-1.13113536981246
0.0773902291012661,1.46432745755,-1.43237199518068
0.245970907757144,0.997231590300539,-1.50690814129557
-0.393518992984422,1.50815335459389,-0.325454411582308
-0.221713915609622,1.42848610197413,-0.827442337763422
-0.0444843248291411,1.91770401439829,-1.22388211202442
-0.0483806525300674,1.639681503561,-0.339505139612976
0.0151865979452727,1.9435894932878,-1.3253418404985
0.00488714048085689,1.78975187671124,-1.73448615752394
0.117105626409869,1.30016525505332,-1.10789694351011
0.054430892094686,1.49844274068518,-1.15341570630189
-0.220082488115664,2.36713233463387,-0.253081104264102
0.1193808025066,1.7924617088132,-1.41896710663571
-0.213887197809604,2.26500469986584,-0.300450539233102
0.0702579237959384,1.05436093846643,-1.41461719938178
-0.123896699480594,2.36993835450703,-0.478622568491769
0.0235436044730537,1.80262824137601,-1.28600450208235
-0.146400678527823,1.53102505133186,-0.285847041859537
0.147691143568554,1.28500949317689,-1.55904429406742
-0.334122032111774,1.32574914306056,-0.918260637636158
0.173184803974312,1.58068378933612,-1.50395548665815
-0.181551696338838,2.1394251429647,-0.785369798485197
-0.0704870274897568,1.97040661296581,-0.882088406296696
-0.13214768279878,1.46264573493175,-0.760273835282044
-0.0859132548532842,1.65827077387589,-0.854767371028115
-0.149015410373,2.07789157053981,-0.888331554850046
-0.180302933449706,2.19979054571372,-0.808499828586604
0.0290785573865864,1.31979800359914,-0.855245883999867
-0.231152855676267,1.97759637709146,-1.41677264766822
-0.312152023695338,1.57223943095849,-1.13125545913894
0.257803743218055,1.05824843590879,-1.52190199856339
-0.105404719591614,2.08709949571157,-1.15911207187262
-0.0900331990737309,1.368249949804,-1.06500812894635
-0.40976220620847,1.95629142539205,-0.701846659424341
0.102162796310836,1.27380997145117,-1.54856312177989
0.0304169186905896,1.33185460194388,-1.27154492072231
-0.130638684204265,1.76153722970708,-0.952302305492854
-0.122616779129048,1.71285462729494,-0.996572929019587
-0.220169638315021,1.37038542036044,-0.798689086722148
-0.189024057500893,1.98901543508433,-0.294913896004668
0.0753579298706385,1.80469024551182,-0.785116164814668
-0.265161817395287,2.2975484808358,-0.842481999379359
-0.355807333832649,2.14528708333842,-0.254945324742021
0.146898244084665,1.37588243688964,-1.64883942721552
-0.493099472963417,2.15986071864188,-0.835328058561508
-0.180971613574274,1.60485239304371,-1.49896226685329
-0.311806975253041,1.39023708481456,-0.854915625641445
0.32697546227995,1.23389848078217,-1.74341762989539
-0.0191070581955246,1.23067324069057,-0.908813227282961
-0.290033217130187,2.1849412668621,-0.673551986785577
0.395863286118766,1.32616133387312,-1.78472301709678
-0.246662619851326,1.71180745766754,-0.644716253287575
-0.225664863797803,2.16181509370049,-1.34130060512792
-0.202369478537969,2.11815134216599,-0.363226048590674
-0.223557536847179,1.73864255411094,0.051726678252886
-0.155317940473882,2.08881401352529,-0.944921063983831
-0.0901418588565303,1.6891152115358,-1.01914583014201
0.261019116871258,0.790442165539339,-0.913944662714599
0.0886513221305007,2.22011526486401,-1.19270778852235
0.206323555616481,0.887562311133058,-1.40207142411727
0.00363388525065268,1.65869140107443,-1.42691894281541
-0.0831952652642433,2.01995752131901,-1.25087887803701
-0.0806771686103083,1.38615960479928,-1.09441195620188
-0.431721991628052,2.35449798075521,-1.39445991412463
-0.102975915662741,1.98512046553054,-1.05936385531909
0.139808634477086,1.18384086175314,-1.1114877113064
0.0986915837094424,1.77353592514049,-1.68593913866906
0.300266584374821,1.16134770433093,-1.36200209359372
-0.13015621671472,1.26447748543234,-1.27726157875988
-0.0355992918044192,2.1155293196696,-1.44511022919767
-0.199534617788477,2.37075199363945,-0.834523936308134
0.328635901902257,1.47706029218138,-1.74189885619609
-0.0690212109325248,1.7008952145926,-0.946632862904256
0.0456577081232587,1.93832805451499,-1.45943220219106
-0.195575162106622,2.50697095325329,-0.862248436573542
-0.149050455855875,1.57362113892271,-0.219380695057149
-0.0398430831562858,1.86377087753805,-1.15286926044499
-0.179826021284938,1.60166175314549,-0.409847252314499
-0.00726656572464879,1.51628299312428,-1.01032354074454
-0.241931558630903,2.5012500082913,-0.493070333966769
