3.75979090879343,3.10056872884445,-2.77626290254496
3.43135501952226,3.53179909229965,-2.81418054888519
3.34844294795226,3.83538026259956,-3.10898335441825
3.9535569901795,2.93686263936294,-2.90808000410229
2.89615474794568,3.9231298094537,-3.0962747521997
3.66398787742327,2.68699802905675,-2.62543907881396
3.29626486629516,3.01416548326251,-2.49793799338491
3.37724720102376,3.71017616894975,-2.95891698064763
3.17809864171414,2.88134869294062,-2.43959995165914
3.16782487303284,2.81391434688973,-2.42883182552416
3.57205664772932,2.80518344197974,-2.57800197360381
3.06422718006322,3.5393306912601,-2.6934472535245
3.47814950029687,3.0240862334541,-2.57208408553498
3.85112879809888,2.73717086252373,-2.7708742351336
3.5441017039418,3.08803575035895,-2.62552390287385
3.712380484346,2.74969726102017,-2.66077373254287
3.65755861668037,3.51872976114045,-2.96025399614117
3.31390789953467,2.77515410405753,-2.46405685483936
3.10462840957952,2.69434806403671,-2.40971501911942
3.73633825556158,3.09241172267404,-2.75418698271472
2.98541947688987,2.98568876762932,-2.42994554763088
3.13601844074914,2.8030839328698,-2.42142321065148
3.10538276070343,2.91458589549408,-2.43091916277409
3.38282513293572,3.50553933686039,-2.76871440237763
3.16882763079415,2.9721597479013,-2.45428849276393
2.94012222693074,3.83991618207681,-2.97653276258108
3.35365571248484,3.41761676269497,-2.69389376170537
3.0440434336056,3.34252961175205,-2.56660213975808
3.41668571491664,3.33590377104241,-2.67242940648739
3.10739840022927,3.14709131600189,-2.49176129526298
3.39475244580844,3.55875669675655,-2.81767535262837
3.09679160879312,2.90222081964476,-2.4274192137788
3.82604371736427,2.81239424801691,-2.75606382999993
3.57745942193794,2.72956266648028,-2.57504881256997
3.29367191794818,2.76641687967273,-2.45707846168802
3.37568976606651,3.59918925257583,-2.84385951810823
3.52411853356109,3.01367589213822,-2.5920481436366
4.04232823427203,2.75186541718411,-2.98185071228255
3.83860613881234,3.46467069519315,-3.09864410245801
3.57681316690843,3.20548423208142,-2.69129552802729
3.99756320737612,2.78090369773397,-2.92805215527098
3.26009623900893,3.73862207200041,-2.9338112730843
3.29655157440086,3.59136133134874,-2.8010328259944
3.63576272095573,3.36510847361766,-2.82009622347551
3.56358303286591,3.14415128025489,-2.65718706852128
3.00265399788851,3.37533738707849,-2.57916672877581
4.02173447648542,3.11620643851927,-3.06973276100181
3.03031645631767,2.86099759368952,-2.4121463695515
3.3065063708283,3.84033724067114,-3.09117527596668
3.1843351958512,3.58924297353704,-2.76031369936
2.93343825490043,3.4170698327797,-2.59752001768643
3.68746268989065,3.17362368232029,-2.75105342968163
3.08395030039943,2.69432461587239,-2.40646224320378
3.3239241093844,2.98574484325032,-2.50000455403215
3.77583234491281,2.71634684970013,-2.70620614921524
3.29058630912471,3.62080141798749,-2.82497971802538
3.44367521662622,2.76161890907628,-2.51152333738792
3.13116677429987,2.76085666439285,-2.41714201761873
3.07166653925623,3.8231207785797,-2.97526393243
3.0576551732135,3.25975144508736,-2.52853947999548
4.12613195043054,2.75451761571846,-3.10712240135524
3.4793311228528,2.85384727164284,-2.5371499991513
3.5211571824074,2.75954979485266,-2.54724895586861
3.27498215925912,3.52685387650279,-2.73995265025432
3.4648534791137,2.86145835491344,-2.53163075404869
2.91474007579587,3.58335320042398,-2.71146792624806
3.21983051891686,3.29470752689274,-2.57872024316743
3.70543347079216,3.16251697222994,-2.75951375122961
3.69853331324962,2.69058712623527,-2.64851269560133
3.28518400893763,2.78380439950661,-2.45586230844316
3.0141447221595,3.11548901944567,-2.46796388308764
3.12439334834966,2.79885301190062,-2.41889515087747
2.88417959218634,3.83680019884166,-2.96949782573266
3.10522661426443,3.66470655628197,-2.8070758148596
3.42425207365126,3.31387866033092,-2.66379612729367
3.60406783094135,3.02805586943625,-2.64099048458139
3.22843994237057,2.7941575864933,-2.44105307766194
3.44003161201363,3.65274853676749,-2.93249552560145
3.63801214210085,2.92052077451872,-2.63489771621992
3.4275733840371,2.89168023800855,-2.52017949602566
3.86818605772344,2.97595254152293,-2.82960651188302
3.00408613910381,2.91975148179228,-2.41849240297283
3.36591036782119,2.85487456612585,-2.49042302977696
3.5363486750371,3.44001046348226,-2.80438567952848
3.17628646137573,2.89243495863501,-2.4409216689893
3.47510512291482,3.36015780704645,-2.7156204601683
3.44300809394049,3.54872931745704,-2.83486783669121
3.70606939389764,2.92192213221435,-2.68078706058493
3.12535222197581,2.75110563763639,-2.41548207049358
3.13219219719604,2.71356125718975,-2.41501811236518
3.77728867856306,3.08328013726382,-2.78407126366764
3.05426621111243,2.93347457207199,-2.42667409803346
3.04268661035634,2.8063221217847,-2.40730755180971
3.23374603554317,3.7429963044961,-2.92806597631943
3.82496139737684,3.18945152170702,-2.87565187402669
3.04667639765099,2.91285103019326,-2.42201552540666
3.03573745797015,3.89991188098386,-3.07702900284423
3.94583993499555,2.87982889071958,-2.88511703508243
3.40684746333515,2.97525407893512,-2.52831415026268
3.17671466069736,3.61727178693715,-2.7821952325937
3.07098677040256,2.83974434712391,-2.41464286775689
3.15357434869343,2.86955517015928,-2.43270706087119
3.50939675135864,3.06505324064556,-2.59960961417305
3.05589513317759,2.77509097334862,-2.40630868591679
3.88674061477341,3.11334513372455,-2.90058557171555
3.60328735468832,3.59646640965582,-2.991607594961
3.50094020094714,2.74618647718451,-2.53648765479974
3.99681672768372,3.03373857121108,-2.99475104588691
3.31196375488525,3.14617366377425,-2.54380188758539
3.17921320531218,2.92349628403619,-2.44685600638451
3.85360443926864,2.95929423418457,-2.81085301734065
3.64123481715118,3.52223905577377,-2.94944900089349
3.05678926603359,3.10417832581904,-2.4695621150305
3.27786155751419,3.23274663072248,-2.56725894841974
2.98159168455846,3.14598673492479,-2.4750535207889
3.10873687056942,2.94125305355654,-2.43636792856131
3.02623260357593,3.06809041696343,-2.45490083219908
3.66089153455123,3.17227214232587,-2.73126751600254
3.16015008367666,3.07848415458925,-2.47978607323725
3.73148756065309,2.72524059182633,-2.67301668098581
3.51858371974453,3.29038730793169,-2.69957134896172
3.58606846489851,3.3247827258504,-2.75999908364137
3.32271753646318,3.7248153241116,-2.94678575168064
3.09781813547297,3.41741365905702,-2.61737937578251
3.20673572265425,2.94848881522677,-2.4580281393512
3.68416942169582,2.98918579876915,-2.68186844901072
3.58802291359093,2.71982774988259,-2.58050822456887
3.31042210630226,3.4017956817089,-2.66686868565787
3.02233577402635,2.71713841354034,-2.39915744398629
3.06361599937525,2.90669205166711,-2.42320475602181
3.34185022787239,2.67253156754801,-2.4690989082819
3.07890167629335,2.84656185497336,-2.41662114785168
4.02006773336566,3.12285684782962,-3.07110708836401
3.53498553199227,3.46711056989426,-2.82387777577823
2.95758818081767,3.35677779273429,-2.56509796625181
2.91588127040684,3.523618711657,-2.6663328345561
3.56312052524324,2.82421020337464,-2.57531435872298
3.06016303245183,2.72830084619843,-2.40413605991985
3.89218912327206,3.2544930229418,-2.9862038910307
3.53261340412109,2.8127645521681,-2.55789939670688
3.78657904013701,3.05439915026951,-2.78119154925649
3.53583757877706,2.74346739202957,-2.55362826086304
4.09359990521832,2.66776465303846,-3.05046535987922
3.76772065417273,2.91868248621452,-2.72646465921833
3.91861080817476,3.14409840685322,-2.95109872147519
3.96806594957702,3.21325001247282,-3.05440149058939
3.36656600212956,2.74575863621595,-2.48005445582044
3.39057518034034,2.66793598446268,-2.48671312618584
3.20107588119668,2.91711111650798,-2.45073015845305
2.98395710762974,3.63018836539063,-2.75564290535154
3.78144883327635,3.11617046604468,-2.80095547928138
3.17583791834591,3.55405803913247,-2.72940119453413
3.1520392368383,2.71601116436668,-2.41889783524561
3.16033690429522,2.73405433553714,-2.42130242805311
3.93094196696089,2.69024854355181,-2.84650288226182
3.13135035776149,2.964016444876,-2.44499992341292
4.06765853962278,2.76453232563889,-3.01816767142527
3.40791353001848,3.60324991417692,-2.86445709671412
3.36882640900475,3.79639334706339,-3.06412572301634
3.78580565569737,3.07307402003369,-2.78741685742919
3.01830232786846,2.87964195005169,-2.41345364410916
3.13523004591439,3.49049413123806,-2.6723923656693
3.08642423074624,3.58120509374446,-2.73004474976991
3.3593620085135,2.80575322039645,-2.4822064056622
3.02074018723063,2.77035444487175,-2.4017996840274
3.76875883735112,2.82167999965536,-2.71000519361786
3.26906323256183,3.16675980591572,-2.53763944798238
3.72922908607231,3.25898392102841,-2.82765080590091
2.97835977425707,3.22878225907429,-2.50624220123372
3.61590136558134,2.88262203523002,-2.61408945067155
3.15943381099245,3.0863533714913,-2.48200398398228
3.09225289987167,3.26438169261583,-2.53606091429299
3.45763459003599,3.06890282658905,-2.57571452759514
2.96419986153399,3.31242799332035,-2.54291848031374
3.3704449343867,3.10811627666825,-2.55162571182246
3.21352555043177,3.67381292254668,-2.84664226740945
4.03360585504559,2.93712034461654,-3.00809710557367
3.85984143352551,3.21355426154084,-2.92449835233332
3.4177328094389,3.77447330525396,-3.06572763175163
3.91267445647147,2.9192311158352,-2.85874874948344
3.06550785584548,3.37021772024616,-2.58461225310161
3.11903004535466,2.82396445275723,-2.42046604987389
3.73149861167239,3.52813732714016,-3.04079767526818
3.07566513541233,3.0305654089651,-2.45120403810667
3.1158627772288,3.39493813960369,-2.60755377031112
3.11968448429117,3.05923576494092,-2.46621680401455
3.42648892598013,2.76626060877494,-2.5046270519143
4.05830958482035,2.76000907509946,-3.00449209797061
3.94161035486156,3.32516307507919,-3.10377898847942
3.58437930893054,3.15196742983293,-2.67264234291412
3.1891174628738,3.1275288190772,-2.50193344776013
3.37952774022282,3.6812810271689,-2.92780003734891
3.64914736200452,3.07559984105821,-2.68489362359856
3.4246650590736,3.36734520484799,-2.69447333595183
3.34301729355123,3.28543320766143,-2.61463833539474
3.41057460817491,3.13375806362904,-2.57684232731538
3.36220148584597,2.67465391182464,-2.47623621641528
3.05091028861939,2.70478178947997,-2.40212508072338
3.22371623394327,2.67276401804918,-2.43415155527028
2.92791417630415,3.88719303181537,-3.0419565289305
3.3163663327235,3.5328319641451,-2.760610622499
3.57755898557127,3.32405918082702,-2.75405067464691
3.71193874123443,3.44185347190378,-2.94047804248017
3.0091401524016,2.89240137742578,-2.41445139952659
3.13302759750572,2.67134414600343,-2.41441588301588
3.44486313508155,3.65852449430671,-2.94169027186749
3.10264553827899,2.74443014015645,-2.41121419895955
3.17764501670617,3.54025633049988,-2.71920761115087
3.25155673891647,2.83750661888476,-2.45174121385064
3.66026371012039,3.46432041483246,-2.91401483528752
4.07286917081772,2.69076009205058,-3.02026684725014
3.34403977055702,2.83596193276308,-2.48018888596034
3.21687272602044,3.58007412379461,-2.76256725249444
3.21357844569719,3.23014149548499,-2.54739871327713
3.15267927133784,2.67612710261547,-2.41820857420222
3.56814749490203,2.81395676903041,-2.57683480733143
3.0655202954433,2.8777233818721,-2.41892908318143
3.64456936397402,2.71412117664675,-2.61385131095921
3.78095971385249,3.09864525221306,-2.79327565933575
3.51646220608339,3.13469505017317,-2.62745642835222
3.11433525999692,2.85642674623385,-2.42356380880765
2.90624674299942,3.73905652676603,-2.85473028353079
3.60740680284489,2.67325222653503,-2.59053338282832
3.35480837463678,3.16421945029746,-2.56588621873836
3.41361299026146,3.58979635308567,-2.85506826734601
3.27130580470798,3.77865851905807,-2.98732062575197
3.1746009142306,3.18537677155692,-2.51951695299321
3.67925006775639,2.81970337729401,-2.6448638715203
3.6625503629961,2.86479911112561,-2.6403330740951
3.53823260059723,3.59862949659448,-2.94257579700764
3.62676418272623,2.96461282993895,-2.6377930056537
3.14473409908663,3.48671008171648,-2.67196868335956
3.88521329335592,2.98187786367829,-2.84825142629244
3.10369037155408,3.49837574278078,-2.67114960425044
3.7486220702973,3.37943643304395,-2.9246220284482
3.33774974763992,3.19557598175354,-2.57199754806118
3.61554170286948,2.99526639622138,-2.63871588870236
4.00063831541741,2.99712853830276,-2.98506377792706
4.11351651795168,2.73775932853864,-3.08471379497258
3.63968304475312,2.93372747045478,-2.63876279623641
3.02107527285974,2.75755445064912,-2.40098125574902
3.14066550986034,3.56812728865431,-2.73143092600198
3.40134346351342,3.49853023201114,-2.772281578108
3.72682173256407,3.47045735596706,-2.97962840933727
3.03944315164177,2.73659313622913,-2.40189525437041
3.04271003294263,2.82090614738938,-2.4087862356035
2.9766470069876,3.54410078148207,-2.6854460001824
3.61319670179464,3.28578824253865,-2.75547151067273
3.18404934454219,3.28599172031115,-2.56517408756776
3.45627536235207,3.0317660986495,-2.56405710949507
3.15933031607906,3.50164763872019,-2.68595774776159
3.6830471336489,2.77395334024397,-2.64251152704092
3.40318428662123,3.46612452731519,-2.7491626265973
3.11130744186768,3.02846663144332,-2.45643057415041
3.07079875226069,2.76974292891336,-2.40794478640131
3.24686034978098,2.91524419833552,-2.46207275187944
3.38873071218888,3.0202528078032,-2.5322689684934
3.33948331780714,2.77949480550028,-2.47286588386809
3.21259166750671,2.71382099772884,-2.43217561354029
3.23893038344692,3.20053112691921,-2.54199973473187
4.01896201046924,2.6723372416362,-2.94745819536027
2.90866392678086,3.850725156076,-2.98893075168388
3.0455846901972,3.17224574676743,-2.49130456206633
3.84493054471473,3.11112713855623,-2.85702682516222
3.16124762978675,3.15114104572317,-2.5038018694903
3.55158218028529,3.24970423092568,-2.6974527199661
3.15445889849095,3.2857859638906,-2.55816547741097
3.01782009776205,3.58357056989627,-2.72069418309923
3.92000882846879,3.13925949825618,-2.95019164167997
3.14484976237823,3.27736933827229,-2.55211410521634
3.28697179679371,3.011495487944,-2.49436177143662
3.55044963358826,2.85959108009817,-2.57333165245116
3.59325212763446,3.05579581961278,-2.64302891656647
3.25608474910384,3.34593401206275,-2.61588830532195
3.85687661002201,3.22481358656112,-2.92800482684127
3.2869931246985,3.33711580022959,-2.6211916614964
3.92373561093711,3.0021812611766,-2.89536228899089
3.73948098928853,2.66845647374552,-2.67742642220683
3.4965357876474,2.73656685874918,-2.53384263412146
3.39078452563347,3.02962346167005,-2.53560956823784
3.12713838130325,2.80332376479313,-2.41980731864318
3.28731977294116,2.85548251407004,-2.4643345222557
3.58654366941105,3.39847898533105,-2.80785563384706
3.87532647556556,3.38822894704777,-3.07072284748377
3.63067312191499,2.74247818594918,-2.60667806058901
3.08034921293429,2.73271556700043,-2.40716646420163
3.06662363142558,3.74828086585947,-2.88426691604529
3.20367817369649,3.65175073171126,-2.82195733677201
3.88931650226898,2.93838496542313,-2.83982085805271
3.01784906896173,2.94239488830691,-2.42403979891931
3.90621531400272,3.07766192774627,-2.90555956103975
3.83173654383883,3.08095990243347,-2.83167133906816
3.37106873074565,2.89846354272096,-2.49902231083938
3.41194333785015,2.72103029638072,-2.49614926021599
3.98733387043088,3.08867392595225,-3.00753679936878
4.0933244529105,2.86024405540476,-3.07350848389528
3.60936490656273,3.60509250955084,-3.00616830569805
3.77667093669896,3.21088035745838,-2.84201886210197
3.3487984782509,2.72619490845131,-2.47276246554246
2.99890411338049,3.33500069860516,-2.55729654042099
3.7575909889672,3.52446382498576,-3.06525505703587
3.31587541019134,3.27886307682894,-2.60136991213314
3.47394203767828,3.17777282734104,-2.62286898093324
3.14752770888394,3.69571082009206,-2.84813986691477
3.34195429250208,3.54269440999898,-2.7793475831267
3.23397550211823,3.04762296651567,-2.48866337607283
3.37923606999164,3.42504489565706,-2.70977445354027
3.61203974473636,3.41746078565444,-2.83943806611187
3.50817820558641,3.03193730314062,-2.58900918348577
3.00980784245064,2.89425417389066,-2.41480817595291
3.5403086816161,3.70495323993755,-3.06644629755769
3.25351797804661,3.57922678553428,-2.77424684385307
3.31539070009064,2.84342091129642,-2.4715269909266
2.88553584329059,3.78789660871696,-2.90877457404258
3.96877401503526,2.70449948778201,-2.88820294775972
3.71691339604279,3.38394006877975,-2.89906211530623
3.44453288839728,2.8717123293089,-2.52419400760852
3.33813106972119,2.86470940477332,-2.48198177733049
3.42367231259682,2.75723807895842,-2.50283389916686
3.02242109408215,3.84263260088502,-2.99100554792093
3.18353220144146,3.03014766875327,-2.47142631162443
3.07019489765345,2.72249091746923,-2.40527502342421
3.08445093587691,2.75033577983052,-2.40868704727825
3.23446842806519,3.05481871407356,-2.49081374421147
3.89097849213127,2.82568337174147,-2.8179493060895
2.98106221092603,3.58673501456901,-2.71893415330828
3.2153864670691,2.94019734781709,-2.45851575818605
3.64987326594874,3.09528226212577,-2.69240879605317
3.51085578978105,2.94177834625504,-2.56784403213749
3.29111160074997,3.05216505837311,-2.50656509265497
3.96476559355234,3.18463963652646,-3.03135609424754
3.44247769441205,3.57193221463178,-2.85496731620835
3.7089367192571,2.7210753717676,-2.65671586887011
3.41087389541539,3.57422492199143,-2.83953632133507
3.45961547060484,3.26337826536635,-2.65461509099004
3.3737558081997,3.51934584570576,-2.77516672805889
3.03420484110276,3.04330376765345,-2.44898798675531
3.37376218296288,2.77685661982873,-2.48482408903909
2.99304616550609,2.90474311777599,-2.4149246075406
3.20905147316399,3.21719871767822,-2.54073759030935
3.89663410613769,2.88890348544013,-2.83522092518871
3.96066990087998,3.19177289081554,-3.03042683255728
3.71673230417981,3.07778326380949,-2.73360656736001
3.19414988121152,3.07113625129801,-2.48528987865284
2.86289716179297,3.87344183718007,-3.01953949464367
3.30749721495369,3.5586082998563,-2.77773424365365
3.30731247857888,3.77642937575333,-3.00206033135276
3.48861737658524,3.34897953926677,-2.71617455992232
3.55608932666176,3.19899010495723,-2.67601216795698
3.29398635249656,2.80667319422472,-2.46061883208006
3.08534749154548,2.72564488196038,-2.40760827708849
3.81362854326059,2.72900018350438,-2.7376430159849
3.4574704158206,3.17158906007019,-2.61239717004117
3.65306547525616,3.0301431085347,-2.67264699747
3.21258240238322,3.81189941393234,-3.00514856288771
3.01769785428656,2.87590321174366,-2.41284478529067
3.61071663394979,3.06512154633558,-2.65667372297027
3.08859859739754,3.76147636694288,-2.90392604049246
3.66092794450532,2.7338790826183,-2.62513193907414
2.86700720560373,3.79395481221052,-2.91574418519796
2.95502310240114,3.5628782511468,-2.69783159095942
2.9767068847865,3.4519004184511,-2.62197836055691
3.83092378374667,2.92978935553304,-2.78235066406611
2.94467581352761,3.81789446805269,-2.94844814120143
3.01048835325984,2.72661879434415,-2.39829542375216
3.72096884696209,2.85639235343327,-2.67913125033719
3.03411474221918,2.69886557641719,-2.39994865416855
3.78438300784613,2.78368333691748,-2.71789903319577
3.41403245134827,3.43951920817797,-2.73573168758143
3.47176199044989,3.70969137936484,-3.01886427416248
3.83521157960678,2.77865201936132,-2.76013668672302
3.3007267196272,2.7530516171586,-2.45835967119648
3.22634969684964,3.01433762511106,-2.47784511821421
3.21356310913391,2.68621846458189,-2.43176508006544
3.75023879147121,2.90283270837479,-2.70942364591099
3.49685424767077,3.44873788778954,-2.78663798049237
3.38110827310651,3.57674023445362,-2.82641223675107
3.05745618480106,3.52901219468822,-2.68468416826501
2.90069950195075,3.66268935648521,-2.77891755725035
3.38103776239999,2.7381449048886,-2.4849704150405
3.12154348623201,3.04948432761654,-2.46384797544177
3.71973889038098,3.48997284750687,-2.99081817731506
3.08906326994856,3.19629873788269,-2.50687988239364
3.0537124028142,2.79306615968959,-2.40747748340212
3.20152294287901,3.12887258272815,-2.50540190574636
3.24297233426868,3.82330413643964,-3.0338076147827
3.33856137923636,3.70211720177,-2.92903221579971
3.91643079874025,3.3633920107773,-3.10263871004559
3.72269830858611,3.38943836393614,-2.90835502286855
3.86337454063853,2.97632928596775,-2.82506629558329
3.1906810734471,3.13873709979723,-2.50615955936674
3.74289609344314,3.51495144291807,-3.03916516284122
3.36327481280651,3.37143854608592,-2.66941794178433
3.04482319219278,3.08957551407706,-2.46346931387157
3.17512137141167,2.85050849750045,-2.43463279843877
3.4907868092287,2.77660987176189,-2.53383956701219
3.55886244739241,2.78878832524981,-2.56917239908292
3.7066291161251,3.31495477655673,-2.84272022476203
3.13740338317982,3.39992278976852,-2.61496364842548
3.36862343795068,3.03938713268943,-2.52974098006505
3.43601782373954,3.48313838432802,-2.77825361326045
3.80727240488099,3.27358388360021,-2.90732332827313
3.0883365396995,2.88815176120499,-2.42384285636459
3.17875798469145,2.89074569442875,-2.44119659339636
3.0710308614076,3.07046124177713,-2.46142115966756
3.54846315739396,3.24191176230058,-2.69175515558065
3.43745141798427,3.41333825411518,-2.7297259773734
3.24032885792687,2.7724579569995,-2.44235564176037
3.69622335555923,3.26065636636892,-2.80188971910997
3.84731890538585,2.88105189117395,-2.78635820979141
3.14840014238847,3.07689871105852,-2.47686329410445
3.68534447517169,2.7505279349638,-2.64221490614249
3.50747272947628,3.49475238737575,-2.82820034386796
3.60109986214799,3.09802179425513,-2.66211120862609
3.17272458709839,3.64452813794197,-2.80566181680329
3.21533067657256,3.78543336298684,-2.97192132995909
3.11429300215375,3.07066197076326,-2.46851037016259
3.54000742988765,3.2786791542749,-2.70559527686469
3.95837723964068,3.10239666965718,-2.97741924425961
3.30151800113885,3.1766459600403,-2.55177396902552
3.55377098689758,3.03366517417416,-2.61358064922177
3.60443506698975,3.20235230721129,-2.70707528336104
3.88665723014134,2.83884194441696,-2.81580457553918
3.95462630719938,3.25083735881529,-3.06253432542085
3.96328668902831,2.75191012765269,-2.88500874226936
3.31244648429452,3.06647781389697,-2.51762613473506
3.21256881456586,3.28645947517858,-2.57273743403042
3.05388388178199,2.91236782688853,-2.42285740060409
3.30653240368696,3.12189299569272,-2.53340018074481
3.13443606943129,3.17605648256645,-2.50735649147781
3.75677625058329,3.40505325099938,-2.95260316766059
3.00089898245619,3.05002624186614,-2.44721751195494
3.66649651187189,2.85638048995331,-2.64157728828127
3.16807877752291,2.90861175560162,-2.44181570964812
3.02302788733428,3.04235176567216,-2.44744602028675
3.81948041360793,3.20417718478386,-2.87825820810526
3.08175662772015,3.32024910035165,-2.56091835886344
3.3729353317156,2.81524161947203,-2.48813440987354
3.74798093004787,3.35545782140926,-2.9062585371876
3.87644388799115,3.41604944455113,-3.09851858616292
3.98271911566872,3.03399262801978,-2.97676224162554
3.21638900972486,3.30109190601083,-2.58091896259648
3.16362540393935,2.72073374438881,-2.4214160519359
3.50733926224727,3.46310586115531,-2.8035307805901
3.5915348991503,3.69409788443565,-3.09808871342721
3.99114762479868,2.84657300342492,-2.93065463341229
4.03291344751788,2.87009367512041,-2.98874903298206
3.55427907533463,2.95402268362592,-2.59313912739141
3.10779698076266,3.00928321862212,-2.4510211655689
4.01020075298319,3.07136166530194,-3.02978502237573
3.19672702993559,2.81249577042737,-2.43508692327588
3.05913898172139,2.67604110728356,-2.40272248818282
3.64063594649423,3.05869013413478,-2.67355413851629
3.76137427481544,3.0465783543423,-2.75748073952252
2.99208310519937,3.09171225410722,-2.45836399788074
3.23390981487208,3.1520609518261,-2.52201487580014
3.45931946947323,3.68873830730518,-2.98500789828633
3.02053694492852,3.85734435384524,-3.0108967155314
3.04355360338422,2.75279014905429,-2.40325831032716
3.25051593262099,3.41206659913955,-2.65252094470053
3.20767691731819,3.22813054086387,-2.54499088410183
3.45608197309565,3.2163450856404,-2.63077368790373
3.61634274298171,3.58131406437996,-2.98672287777883
3.66529769401377,3.36836224334018,-2.84483654528691
3.69252077900044,3.17868913257465,-2.75714960375937
3.72516019926909,3.15332574497488,-2.77068074311781
3.37675145989594,3.42623412551141,-2.70945313879169
4.02090465599924,3.16907069376104,-3.10092463721426
3.05993734369947,3.67109402409512,-2.80383109335569
3.96730187738134,2.72816414734372,-2.887746540037
3.28980375658087,2.95267996476562,-2.48172027766764
3.3381379259916,3.67711078475159,-2.90177918751078
3.40758912868449,2.88007362675611,-2.51009677122771
3.83892143523056,3.12419601443029,-2.85705615087199
3.42315551380663,2.7652751638652,-2.50318213684042
3.11794306697563,3.19777982362854,-2.5125417739437
3.47905188528534,3.57368752900418,-2.87844478405403
2.97642023939373,3.8120085674399,-2.94435199991823
3.74397372388389,3.00489250688352,-2.73027315343306
3.38557677732416,3.49333344089586,-2.76074587438706
3.24653250826268,3.05877966677621,-2.49524758072376
3.12302780930734,2.92995996444284,-2.43674462539006
3.1025127517072,3.16755485522764,-2.49825559151596
3.51039759035381,3.21907488963706,-2.65958787994913
3.19852331004642,2.82937730305339,-2.43733407022279
3.38453697527749,2.81556453445708,-2.49251039300063
2.99305284753261,3.22186528715938,-2.50469225023374
3.29358028187102,2.69095044396346,-2.45371486839561
3.96332460704834,3.17571017607463,-3.02395744873824
3.05347408297266,2.77549647263584,-2.40602458719355
3.4313619277881,2.91658847253068,-2.52619765327832
3.22258625013568,2.92976434433408,-2.45833252843376
3.50264144635982,2.97624088553985,-2.57157038351738
3.18527398670832,3.50488613824254,-2.69506492504821
3.10945064280627,2.91479864738099,-2.43164360186878
3.09758923879742,2.68173789630377,-2.40838733466503
3.17414720730554,3.1878461025687,-2.52036984420195
3.21562294439578,3.22926699409166,-2.54756678469115
3.23126366141977,3.3960002120057,-2.63684686057039
3.77038014271949,2.87435760714472,-2.71962053412748
3.45519904319861,3.2147234749213,-2.62962761609085
3.02217836072074,2.93891444443229,-2.42384087353089
3.80783978498971,3.21005166732628,-2.87029713182292
3.15743433436946,3.73670208822495,-2.89446277703116
3.92403849243307,2.97006936490924,-2.88512575819174
3.19120956308577,3.73964062915534,-2.90860197837612
3.98029664828464,3.05334233107353,-2.98197058918482
3.64046716236647,3.21826339752934,-2.73862124619482
3.52449782470124,3.12793908921925,-2.6291768270886
3.34053221012361,3.08078320859767,-2.53166325740751
3.46392219034022,3.29644308381654,-2.67369774985381
3.38853476380203,3.17426428960581,-2.58306897543008
3.77736136575349,2.96132125517757,-2.74458511455102
3.34565219826925,3.71701183436643,-2.94954144777662
3.04611505829629,2.98859807222856,-2.43697733821625
3.27932471182364,2.75044973938334,-2.45174488461581
3.53942175456244,2.71981588223325,-2.55429242175437
3.18397363356481,3.20247609275981,-2.52845695736609
3.24245462553055,3.08331825728394,-2.50139615256231
3.84938791468341,2.75939046767056,-2.77096812778595
3.73812890746237,3.38459259064629,-2.91874792459159
3.0044251426493,2.74567599261152,-2.39861470340687
3.04287372421472,2.93272789535195,-2.42508420834713
3.580506836782,3.19615611205997,-2.68928867108708
3.35494942830093,3.8171837434825,-3.08550767881227
3.70877685893438,3.45259196218728,-2.94670168475335
3.72346268681112,3.28220898118461,-2.83645808095488
3.28321632469456,3.68045721428722,-2.8800887734845
3.28084031056344,3.80544446560897,-3.02719351737064
3.45120780329705,3.09056413759793,-2.5797392797036
3.5441037218558,3.10095856329734,-2.6300077748279
3.37876855997116,3.64047835001666,-2.88491417960583
3.02398800966969,2.96326298539484,-2.42886710997834
3.4000168504324,3.71199654439277,-2.97434801490651
2.89609713102008,3.88813932596875,-3.04156860757954
3.24866049729887,3.04488157922385,-2.49192701668878
3.20342501699009,2.81008730309096,-2.43641328295612
3.44219359658718,2.90638547481596,-2.5289613517809
3.4351336915917,3.53383436474755,-2.81791840294193
3.49945823793932,2.83333100082749,-2.54390322183319
3.47173141738561,2.7768159520788,-2.52505072941911
3.94801278888587,3.15324294619547,-2.99130930586452
3.86507182045475,3.15331121770201,-2.89722575601447
2.98032254617941,3.76182173444634,-2.88541662722463
3.05424689195303,2.85570959779117,-2.41436389388397
3.68298904388173,3.40585809531667,-2.88632744929088
3.02436110458212,3.16746625380212,-2.48693376784221
3.38715821625439,2.93708073838408,-2.51227074481394
3.45748884594744,2.77593516025088,-2.5186111409199
3.8189256437198,3.41921615678641,-3.03062729709038
3.53495367927489,3.60246911815618,-2.94408581418375
3.4106383435106,3.26165453877324,-2.63088850980264
3.28222397392623,3.17773807462384,-2.54593458890797
3.27293748609314,3.44012504734166,-2.67775751018652
3.23512337745467,3.09424778790474,-2.50277891685416
3.83911717077866,3.35026078854567,-2.99518823102374
3.08137194209228,3.2481706377648,-2.52706318470346
3.46840106159777,3.230857047302,-2.64337812858464
4.00224417857241,2.98906112851505,-2.98413931373254
3.03710221721394,2.80715701045638,-2.40671919450255
3.24480692734751,2.80171878370356,-2.44603534599375
3.43511968599802,2.83461044014996,-2.51500645048786
3.58960300080494,3.23763348084332,-2.71461856528595
4.06550913510504,2.81695519708236,-3.02284110737584
3.16997252713416,2.69901041986065,-2.42208956234692
3.68578004507757,2.71216348335222,-2.64046970338562
3.19533843681935,2.85309799221368,-2.43950484567893
3.18957091322971,3.08747689451364,-2.48911110345432
3.83335879728765,3.35171511689879,-2.98990213852751
3.68138542976929,3.22084438495672,-2.76929011581297
3.39278992105666,3.20592126052347,-2.5978666019522
3.63781578279712,3.13301369928783,-2.69884746604427
3.00460004724707,2.73798594722831,-2.39823552214325
3.11270773399472,3.28893002291214,-2.55110057846506
3.02448482805824,3.16222084209265,-2.48504776051599
3.37827752940781,2.8291097141163,-2.49169420044826
3.03820544462933,2.80686881747454,-2.40682177544305
3.27336766890435,3.22626850660101,-2.56302462924226
3.26159867423611,2.80079286865567,-2.45055150146962
3.30124901031502,3.09948505404356,-2.5241949244461
3.03628237193518,3.67799476198221,-2.80633101902607
3.99050396715487,2.77338448322059,-2.91867504833368
3.27339668081232,3.51751817159013,-2.7322789656683
3.53573307349594,2.68826278377029,-2.55149414576275
2.98478214641538,2.94338417643105,-2.42111312725387
2.97361043856963,3.58872532744996,-2.71981105572643
2.98788444327931,2.97065060922768,-2.42688340739566
3.42431620614553,3.16660481764027,-2.59524229926788
4.00946620286739,3.11916985117673,-3.05376463386642
3.05408454180929,3.37737580531798,-2.58684256193039
3.0950277622082,3.0628227271189,-2.46296419083296
3.70780509779551,3.41371877642854,-2.91382064712668
3.56713298366694,3.0682233422598,-2.63179817200372
2.99277148459123,3.00897932775204,-2.43597397538234
3.01220841497654,3.21135341347475,-2.50236581677291
3.62008978241292,2.97099795434605,-2.63523479292208
3.31016003355634,2.71338360080431,-2.45943128468545
3.67965482556679,2.9919900186265,-2.6795173497014
3.64075264638584,3.05668902767327,-2.67297150381486
3.66433194882832,2.7480649125837,-2.62818397643407
2.85028346991539,3.91774053442255,-3.0870482240717
3.08567214724623,2.98995566434181,-2.44285639054184
3.33312787338764,3.44903575512577,-2.70619369822553
3.40850654613653,2.83963291468923,-2.50469062388713
3.48566650062904,2.98990489410301,-2.5666624596625
3.06047386604469,3.14942479447027,-2.48512143141421
3.25651370957807,3.75843877848377,-2.95566563404601
3.67824517279374,3.44760128176154,-2.91533574339302
3.11510813473662,2.97439864960628,-2.44426553006215
3.4510301452062,2.85654173699124,-2.52478065834397
3.41124028025068,3.27219322935368,-2.6363087981327
3.53460704593424,3.45145615127824,-2.81174448366238
3.39007053218658,2.7421019428378,-2.48859808547853
3.30613200581632,3.39620262237752,-2.66186048468287
3.87042795308598,3.17289070874293,-2.91300372344984
3.43296514910164,2.67880690340713,-2.50371002715814
3.75171514677515,3.20858172113096,-2.8190581992252
3.53025641223069,3.36403734427696,-2.74912367323039
3.18442687169858,3.08338543941159,-2.48666009962378
3.66339098201142,3.49284602754165,-2.94148922910787
3.97279501386973,3.03896292060521,-2.96642679046086
3.55126966857612,3.30744882469758,-2.72803196251424
3.21471806692299,3.16211649682291,-2.52056005470326
3.84281054510556,2.96170653354882,-2.80147582332116
2.95056013546976,3.50212217159299,-2.65314251411152
3.86527500431893,3.00876556443523,-2.83717118929689
3.19677477806816,2.94732446251741,-2.45541197349892
2.99454130485365,3.22032187395932,-2.50420203926891
3.20759754143901,3.11535968087197,-2.50238351284959
3.45692763617487,2.85037806714888,-2.52651533108815
3.62737884756038,3.1880201712376,-2.7154527579441
3.48115351507831,3.66015979260211,-2.96738094648752
3.08050038061469,3.17175888011822,-2.49616251408003
3.32210876895275,2.67291857214774,-2.462505195937
3.44890671453321,3.34508721740534,-2.69318296164703
3.60771413614085,3.62831510468744,-3.03088960668294
3.65688009216565,2.75531541545745,-2.62388909093341
3.50341733416478,2.80720517303844,-2.5427656562951
3.87479310450828,2.70504073880146,-2.79109267120335
3.57732030623636,3.49681455106741,-2.87673852257238
3.18205781890273,3.71723066395916,-2.88094720741565
3.44716262580336,2.77932589160368,-2.51438733095074
3.09395742225216,2.76542559207484,-2.41110040955572
4.0611617706365,2.68320559742416,-3.00353079192296
3.66004410764777,3.40256816981363,-2.86510912420723
3.68249104362294,3.01579195217038,-2.68830005643132
3.84956465908495,2.69631262914454,-2.76758602105918
3.13698924085951,3.0837460117396,-2.47662678924635
3.28173815543103,3.61976561154617,-2.82044720681908
4.00768707784111,3.12203169696203,-3.05285659615271
3.20468648370209,3.2677653957604,-2.56182934494765
3.35861801777513,3.19072921293311,-2.57783969020159
3.96244383474866,2.67362659752666,-2.88036608571771
3.64193867930697,3.1144270264124,-2.69429290119425
3.50044446576635,3.22593894786551,-2.65746724104922
3.12987698027919,2.86472746430985,-2.42746066786474
3.3492904456519,3.22681873492624,-2.58959050883736
4.02816306431264,3.06776939148003,-3.0532881293407
3.39897217795545,3.62321568056418,-2.87869402064471
3.19646804792961,3.55234329239157,-2.73390690381654
3.03516938707841,3.71975965499598,-2.847829454705
3.8212637090382,2.75045396867893,-2.74553395078891
3.4921543844581,3.15831308265573,-2.62406784949456
4.03651604661286,2.84282910659552,-2.98764195355219
3.0025390512643,3.87248480196628,-3.02934170218669
3.15727509440445,2.78632274053685,-2.42408098486187
3.04784891011294,3.17194998661258,-2.49149458731995
3.36531653304893,3.33219074659474,-2.64790388146206
3.43857098623297,3.52447441345062,-2.81207904646756
3.946213431387,2.79366527088656,-2.87061681333931
4.04109688611423,2.78857358313142,-2.98453552104868
3.37730271399701,3.37283566963593,-2.67620212217522
3.00068005050356,3.9079127524133,-3.08285497750983
3.74337668432125,3.00991995850135,-2.73132519368181
2.88327795046764,3.70496114464513,-2.81895749520837
3.87204659877751,3.39600016240222,-3.0736780986919
3.29115213103985,3.49517866225305,-2.72225935971686
3.74788554335692,2.86028896334486,-2.6997195345591
2.98496130777281,3.13106036728028,-2.47026612291547
3.06402383437337,2.90993493126969,-2.42380620045297
3.87288671644396,3.37736641070743,-3.05787685085734
3.96522792642317,2.72614305652802,-2.88527976800578
3.56052271283565,3.23506651773066,-2.69551540956703
3.14840286807856,3.4082050571964,-2.62233190535652
3.66973642088095,2.87658208698071,-2.64703171283574
3.67698957245955,2.79331957987062,-2.64032726133108
3.96532441831769,2.99676278060731,-2.94101404694784
3.01295051072411,2.69490575096864,-2.39758269430061
3.06295873582965,3.04585385614556,-2.45340040295729
3.13598867255042,3.30405866894929,-2.56302317843636
3.04640590032901,3.36139896957357,-2.57695932828192
3.25834835913939,3.31513747946124,-2.60028067592625
3.30580680717637,3.00757614196333,-2.49932115198
3.11931515655026,2.74028531119818,-2.41381918926489
2.97784623560079,3.73359369496489,-2.85435568570943
3.88308608598089,3.07148113935387,-2.87841073261142
4.00685880120534,2.94573624692254,-2.97531657329412
3.10955885137878,3.41281374381679,-2.61685769337735
3.04206896962447,2.69449113743841,-2.40079692883632
3.16475684556137,3.25068918459402,-2.54435785287141
3.9928972991383,3.22556201420219,-3.09832897111037
3.61843206487335,3.03976085771798,-2.6533508654377
3.98516553416828,2.94266402236954,-2.94713234453059
3.425703916026,3.07094423867337,-2.56212317506501
3.4137831736782,2.71893442326196,-2.49680469568876
3.4135908311107,3.52844912184555,-2.80204461667628
3.948651040893,3.26647083205966,-3.06600650375436
3.74168540080194,3.40281813310136,-2.93626666539109
3.22384635321366,3.17646719408279,-2.52837037219822
4.0230312153998,3.11057570595371,-3.06845031083304
3.89653911769935,3.02805379694283,-2.8755003757792
3.02436926108458,2.79685203834299,-2.40431700974248
3.34550822209119,3.19851890700898,-2.57607831547269
3.03050946838647,3.51480016663112,-2.67035871792779
3.33574294015976,3.2350134000725,-2.58814872957429
3.49275992604915,2.95551470364059,-2.56195488170552
3.44817769944104,3.00302600015509,-2.55267418306823
3.24363029665659,2.9463579331512,-2.46708121632248
4.10626485349366,2.87225406192573,-3.09717443710686
3.58317494800712,3.32442662391015,-2.75789978003873
3.50809944684989,3.28100112920932,-2.68877594158102
3.7283370615377,3.10493815720369,-2.7528142375596
3.13618636419217,2.76695895924864,-2.41848537801814
3.82051154488864,2.84879823482823,-2.7566746638882
3.03331705190957,2.9750349660776,-2.43241930220164
3.7179666943476,3.24625125917551,-2.81121748826802
3.57585884895615,3.46042977013322,-2.84615332054839
3.02561379732907,3.8482593379883,-2.99924560647646
3.58440716674241,3.06509049415438,-2.64078647640902
3.29878872901401,3.57821542548297,-2.79061224802217
3.37654264153297,3.52615419538734,-2.78186048158165
4.06614842887211,2.90095159158931,-3.04327712869484
3.01920635074363,3.20150829548244,-2.49923097045708
3.28995784257201,3.50940073406809,-2.73229164011045
3.92179509170972,3.18854195531869,-2.97963282812861
3.29126135119288,3.01888736810996,-2.49757925335056
3.04944357265044,2.8438199320112,-2.41224212835674
3.0629479125855,2.6792545521601,-2.40325714307965
3.76226661724135,3.2327219596576,-2.84114591920464
3.29018876871004,3.35993227181448,-2.63490290044093
3.56561647079915,3.53497337377096,-2.90157597562778
3.0609152305522,2.79977175439126,-2.40902655853765
3.4187882550258,2.68016085593108,-2.49788643367259
3.26672172118214,3.15648732930232,-2.53309420519303
3.54159487829419,3.69330136449038,-3.05252727000125
3.05549918566163,2.8187651107385,-2.41017565633622
3.11733080039619,2.67902363480843,-2.41164972543186
3.17906129020398,3.06555584422267,-2.48015167987013
3.49606434425921,3.1043846911665,-2.60592921334279
3.18369792755427,3.31872234185716,-2.58124126822722
3.24322563869747,3.3209029863268,-2.59864243068283
3.02760862369785,2.70810890415539,-2.39944719889555
4.04940085705743,2.85149422169355,-3.00700624071001
2.9908248959604,3.68945099943953,-2.81101537842761
3.52138470979157,3.59689398373095,-2.92874488368003
3.9297299445734,3.3358724394566,-3.09642284341499
3.00302253007931,2.91145599268412,-2.41695974705499
3.50737022402138,3.43451516740135,-2.78261578051586
3.13366216423484,3.75366992515831,-2.90658558330485
3.38860253647775,3.43772800595861,-2.7224819124385
3.8527192098488,2.72221619270798,-2.7714465029473
4.11155786050522,2.88923309501225,-3.11066149549998
3.57726604583537,3.11199914250441,-2.65287964978846
3.32132204057441,2.6682553468798,-2.46223526065761
3.08694752937603,2.86897191512835,-2.42080292493945
3.71563510525536,3.07229334276109,-2.73079434510407
3.28945585220594,3.66474781162199,-2.86674954850106
3.07928041879835,2.94145598007843,-2.43169557110978
2.95317719697595,3.63257372073859,-2.75486101334502
3.6973122580136,3.43516372629797,-2.92173852913698
3.1952090358502,2.9837810771005,-2.4628166066514
2.96974938836803,3.20959832670335,-2.4977572860268
3.31856569134216,3.32683219958637,-2.62681337364276
3.01749573148215,2.70147426842987,-2.39818913533853
3.4185926805837,3.39486413600109,-2.70851507733859
3.22505830992132,3.08818652698923,-2.49819274290909
3.88130108312037,2.74791708765234,-2.79968343934631
3.46780049385108,3.40543201976587,-2.74032523169933
2.97470386791442,3.29584576854469,-2.53574612256759
3.56954162352726,3.3220651504573,-2.74776184595129
3.62162895043655,3.27595288385607,-2.75573958190062
3.82195017967621,3.32019328578959,-2.95384619799472
3.41998561752237,3.20254951990423,-2.60811017470744
3.58544844109004,2.68215403558841,-2.57804804515645
3.19030303571599,3.31744027052455,-2.58224688793619
3.78637131322514,2.72913257769155,-2.71521403057495
3.57892917447686,2.92747275279601,-2.60104575300289
3.66587827628764,3.47513453414699,-2.92801063815699
3.25253207152867,3.17475383565258,-2.53575179322072
3.04511524623212,2.90559363415236,-2.42059722311573
3.64871704511227,2.80231133557981,-2.62296148272051
3.66457206447781,2.68600915769526,-2.62580058476646
3.12200434784632,2.87838840228927,-2.42798516062745
4.04703580079259,2.86232733999798,-3.00614726803098
3.05430050128256,2.70077194671555,-2.4024597433129
3.69872055384237,3.46786139765822,-2.95074598567969
3.89907811216003,3.23774861899247,-2.98322752779427
3.17869040836889,3.77884167497582,-2.95027165504079
2.95618576276521,3.67837150122614,-2.79682573104064
3.65111071516698,3.41294247389797,-2.86574494533012
3.22636573400833,2.67155251611522,-2.43481397358322
3.42145508357983,2.82975583261456,-2.508714515119
3.4393364156391,2.78258139116683,-2.51131195676656
3.09102326474735,2.76768370655912,-2.41079735174893
3.37057260974554,2.85401913253042,-2.49201559900213
3.14403538782671,2.98539586413011,-2.45210489455374
3.32133027492854,3.30865346496016,-2.61827198968974
3.60652948014578,3.60755779833636,-3.00641649542141
3.0423683085424,3.10433808846643,-2.46770845731181
3.39067564476742,2.84084704066605,-2.49784690939654
3.05159052809845,3.54221627295864,-2.69352749668428
2.9886901446925,3.08525264466048,-2.45612172443456
3.19050416694208,3.67831477011676,-2.8434960939031
4.06531534729295,2.90749631267996,-3.04395680775044
3.36719694041346,2.74471346272121,-2.48022382615537
3.7485291230318,3.03380595849744,-2.74290752855024
3.32684857878077,3.62628364445824,-2.84574867554128
3.80868962430159,3.42651790327304,-3.025608716366
3.96850195276122,3.19482078474036,-3.04280700520353
3.12648174965153,3.28636005143315,-2.5525521001781
3.31218826494926,3.51677699948927,-2.7464820186447
3.68107392342809,2.88078086814828,-2.65535268803621
3.64252724032322,2.7910868964768,-2.61789433759853
2.97228837105377,3.51730099625096,-2.66551899900614
3.71784826677038,3.34874942887887,-2.87461183213823
3.63762577940889,3.50131257043145,-2.92726332501115
3.07480233493108,2.77124893534423,-2.40862310788397
3.27189934708599,2.84082063990973,-2.4578751354465
3.59530012738563,3.00996447601172,-2.63053774280166
3.69030598443001,3.0457659168531,-2.70316733898009
3.36756036004771,3.16164123741688,-2.56978112597367
3.17039843713533,2.75166835764594,-2.42433274774954
3.45048344307601,3.07024806892572,-2.57286703145552
4.02050494529881,3.03151382362329,-3.02559779045503
3.36624029808013,3.65240636491542,-2.89039651753964
3.28146701104806,3.59102392602755,-2.79473583843174
3.30531444602799,2.9825012213756,-2.49312907943481
3.11693136705863,2.81405790387254,-2.41905108184408
3.14313682970647,3.56440240487846,-2.72907174999456
3.0602389256877,2.82392498764118,-2.41135415377934
3.98679966315095,3.12770023079913,-3.02724663083669
3.62586899018298,3.63612829650878,-3.05679454952148
3.98254129448168,2.9885220564877,-2.95899900857295
3.33282735989773,2.9890340319088,-2.50381067128509
3.23116455880207,3.42807419532911,-2.65650004759735
3.15746080651463,3.63019839390782,-2.78830012602844
3.43410664692979,2.70734531149442,-2.50474571458747
3.99022103549131,3.04357825813441,-2.99040402719425
3.62377387968497,3.38712032995224,-2.82631688730233
3.41211981978362,3.26594797406861,-2.63363229929536
3.20121379191483,2.93630168122392,-2.45430662090272
3.46859224124614,3.42574169156294,-2.75440808246168
3.68766510553592,2.80930851165418,-2.64926376443401
3.46768549663914,3.43777507571006,-2.76226006987522
2.97422031445583,3.38306524388827,-2.58074087000309
3.42012860069735,3.61710903270309,-2.88449318891922
3.22259021194062,3.72002829568872,-2.89801266819292
3.38187121976251,3.26427615344162,-2.61980637873908
4.09204394170158,2.88148176195531,-3.07702953014031
3.9228915044035,3.122152812853,-2.94483368833966
3.20758925676286,3.01153611283006,-2.47239164089457
3.56169656457468,2.68474020143062,-2.56504770286546
4.07541242758484,2.85619550289968,-3.04532536956988
3.5506909933232,2.70112255762679,-2.55953133588514
3.95043374371648,3.29692856538646,-3.09242784125005
2.98933769700287,3.75724048851727,-2.88139525491259
3.9883022503936,2.97381921761587,-2.96102304970105
3.78642118874178,2.80096558019618,-2.72144468469023
2.99051142886443,3.53903444483281,-2.6830685725186
3.18503415993978,3.34733090672039,-2.59655901690537
3.84881885112371,2.88503080036174,-2.78853220934791
3.04030367513856,3.29086767093878,-2.54041767835613
3.67932178209677,3.06541551622889,-2.70200024500113
3.45277145861042,3.00398916740867,-2.55497668734763
3.2296233587292,3.31881862153159,-2.59358105362089
3.09495547570531,3.011994927687,-2.44953775104024
3.2211586403965,2.93685164721323,-2.45931795954408
3.0596581369596,3.13023785562369,-2.47842463098773
2.96555225143048,3.71328490292792,-2.83199747006243
2.98572627547674,3.6426810966112,-2.76684721595206
3.45806471733768,3.73508752846579,-3.04124355083647
3.04242882127268,3.25063660702951,-2.52242237905837
3.35325249413383,2.91588538744755,-2.49561163384187
3.1331427341398,2.73721096508451,-2.41615624919845
3.21063224426458,3.3138775758954,-2.58576400295024
3.21505512290526,2.85999722492084,-2.44514537150108
3.85934904036482,3.02135891196092,-2.83569149814193
3.41067166762208,3.26447591525925,-2.63227169993024
3.02979201798588,2.99340430604852,-2.43609846915255
3.4867385903892,3.70365937111545,-3.02233064573896
3.39643845037587,2.684303364027,-2.48908036656871
3.21240518898014,3.07613715723756,-2.49126023771899
3.11372605313929,2.88429067886239,-2.42741345477821
3.56709357301191,2.78455089864716,-2.57322602670565
3.54962755657851,2.93182103466959,-2.5858055584114
3.6384861000816,3.48981485315846,-2.91781929926019
3.06282708892517,3.2503244874126,-2.52513663292739
3.39984445597333,2.98548786521577,-2.52789909081161
3.23024566319578,2.87610038128795,-2.45127821135196
3.51519988012786,3.20544055177175,-2.6559881526178
3.03435290827492,2.84797723355215,-2.4109224744327
3.33129794658649,3.14866253567257,-2.55142210385599
3.80435739339227,2.93358644761306,-2.7600783758079
3.87698835266698,3.4088669188641,-3.09224383324346
3.40299205360083,3.33242604378754,-2.66423838177479
3.11454610842519,3.13581861867423,-2.48913521819988
3.99280066152928,3.21064143841043,-3.08747966586626
3.23372327015689,2.69991057464881,-2.43707638634316
4.04678640408408,2.95275921727407,-3.03166445723124
3.56785092059304,3.05575858927462,-2.62820460866189
3.19087208442866,2.75925568136612,-2.42929745754217
3.93216341809228,3.10628052877433,-2.94782711325878
2.94960927867573,3.39632790860604,-2.58639296092195
3.26859624251875,3.78139755393287,-2.98955936651062
3.03521101461595,2.87068390281172,-2.41404384507037
3.31333138012941,3.35777142789113,-2.64193087138509
3.03011986176364,2.7661620380457,-2.40253413870534
3.3296030143648,2.98622282926332,-2.50204140206285
3.18230645974268,2.70852989933749,-2.42499892359459
4.01156559271418,3.03121241870913,-3.01325520535575
3.40600587974207,3.25687591328199,-2.62655181635646
3.05249380264777,3.17662529283994,-2.49385486686971
3.21017881362078,3.71423908284122,-2.88724261879942
3.07654205783984,2.95548453670908,-2.43405732979325
3.46193650080449,3.43802828484197,-2.75930832592836
3.01177740599106,2.79712495698142,-2.40302525298581
3.05403605508703,2.7134335756686,-2.40277768929076
3.22702488706497,3.19123402634237,-2.53497472457425
3.12247485732181,3.33194884422537,-2.57432268206632
3.04665820094553,3.57534866302154,-2.71832714474808
3.00528545791094,2.67510796793884,-2.39658221474079
3.09811498711537,3.54387119888489,-2.70314064524242
3.98986363367501,3.03375360898377,-2.98575796829417
3.41975575088641,3.54515472239573,-2.81911080715073
3.43681303761566,3.3581258065592,-2.69485522491464
3.566414628544,2.9758260191328,-2.60497015818744
3.86362855604361,3.13439617104373,-2.88642835053133
3.01309839343067,2.73468209484335,-2.39890950281129
2.95768680863307,3.48189934728655,-2.63992128371324
2.89499791919728,3.89200875765898,-3.0473229779676
3.52152480467655,3.58571585193173,-2.91782475261535
3.37993039598291,3.13138378758224,-2.56341894919835
3.37045488894243,3.4487981380206,-2.72184433938879
3.64454023278873,2.71547303669767,-2.61388542197146
3.53538055753038,3.68379055319726,-3.03552216063401
3.16766190950202,2.94271005751971,-2.44796412733085
3.14921790089472,3.02012030092694,-2.46145283521212
3.24994544831344,2.74379720828884,-2.44307723527914
3.58843714373411,3.02662996451125,-2.63125170125245
3.695987111586,2.99837418555234,-2.69272627110012
3.35989628866485,2.9530119565464,-2.50531614469852
3.11618446080638,2.82646204904525,-2.42024363961791
3.11581015731533,2.98605018780527,-2.44697080729359
3.08059067247717,3.37818687241191,-2.59149680099336
4.05070222906886,2.83895589358061,-3.0061883472564
3.33604787392141,2.66972138037513,-2.46711890112609
3.33586340363079,2.88773090237367,-2.48470903287312
3.34943715632668,2.878112002235,-2.48790327585424
3.42054181027129,3.60151500063967,-2.8697905626675
2.90401804583276,3.68876911930178,-2.80362390488284
2.96996504239096,3.0970436406171,-2.45817165651
3.17114121733837,3.15548042749437,-2.50755264179778
3.81841596447708,2.73994531531214,-2.74236284515354
3.96269840694672,3.10627858056935,-2.98472316153204
3.02401243281751,2.79048486673454,-2.40372279458149
3.43287469708666,3.12404214652464,-2.58301230904485
3.06036246471924,3.24668937065682,-2.52319367665563
2.84792286755883,3.87098917292118,-3.01621669953147
3.78739638808248,3.01849117394072,-2.7696547293942
3.76082895538484,3.11262130577495,-2.78202123823462
2.97578768435028,3.83378445022643,-2.97215301128627
3.37592232164577,2.75519196288755,-2.48405750915453
3.0764304764596,2.87558783098242,-2.42017111778745
3.28132210368028,3.51750512550134,-2.73516210967563
3.19321301996471,2.70845790027507,-2.42744419090687
3.31031059021518,3.7760893968753,-3.00316786344876
3.82197339880969,3.47467271955383,-3.08821414511879
3.13280422420589,2.804943382638,-2.42100101473457
3.19415464672155,3.05004646916837,-2.47926540402122
3.27776767444324,3.29649880864187,-2.59703261190805
3.93415532814539,2.8112488778874,-2.86001000438034
3.79841120710391,3.18568017926656,-2.84855404461875
3.05683026648994,3.5257646010568,-2.68220927238215
3.34893260732014,2.88126077136271,-2.48821434036301
4.09146987028329,2.71992500967879,-3.04900113565958
2.97093693629501,3.37964219707172,-2.5785582220912
3.70806461133515,2.949223633288,-2.68845478274856
3.17975930743119,2.88728002322973,-2.44087482182491
3.85919960311967,3.43837047567641,-3.09812300669365
3.01304265614572,2.67204158467024,-2.39732739282266
3.58465779921518,3.14935357751972,-2.67174664452108
3.00748961801762,2.80546465659682,-2.40337270610047
3.59305774591608,2.84294812311183,-2.59447249824462
3.3237518563093,3.31051835367464,-2.62012784657937
3.72766958433288,2.99479117721578,-2.71486076675854
2.95092949732134,3.29143913871542,-2.53192548049117
3.47282496853683,3.06673177119131,-2.58213600762852
3.7964326082646,3.32550827574797,-2.93144050073532
3.28191994018726,3.10663533385447,-2.52037863599563
3.54278037060788,3.61902927462747,-2.96716322467274
3.35600595573462,2.83876905280275,-2.4847392855255
2.98329405638241,3.34133268458714,-2.55905756864395
3.22425739311049,3.29611989647486,-2.58064387677065
3.07731191727049,3.20139790066122,-2.50699689875347
3.00215846614438,3.17416536897527,-2.4870078823858
3.2718572937591,3.44266316063844,-2.67904850819395
3.01417120460048,2.83938877053556,-2.40767108873134
3.64466365716605,3.26921336707509,-2.76810219003738
3.96981744857569,2.85281317604912,-2.90664668905847
3.09933991708539,3.32262691414076,-2.56516259852126
3.26519255128458,3.79803774276401,-3.00966004768512
3.28628499093981,3.70629034190012,-2.90884966271157
3.13817386954785,3.59052007662052,-2.74905222396698
3.05774651905039,2.73573080978992,-2.40414945262331
3.18943383342644,3.5765505477909,-2.75127575269768
3.1006514796509,3.4333832710455,-2.62769491477105
3.68258829223598,3.12636185110259,-2.72713769056112
3.68434912372849,2.99383086875143,-2.68327365913526
3.00375754009659,2.6912847182475,-2.39662143056945
2.98140251968115,3.67089886901158,-2.792202121804
2.9884361347562,3.05124339201753,-2.4464117569083
3.17503162470868,2.73485760001179,-2.42442501294142
3.91705587058342,2.929780524893,-2.8660737991858
2.99365890263356,3.13505816234301,-2.47238115458746
3.15076863129954,3.67679918569589,-2.83017516007928
3.13415424653283,3.1268889784532,-2.48980656722169
3.08164235323331,3.03605009387066,-2.45353496277655
3.5316443528762,2.98359568104116,-2.58811061975701
3.30190068927837,2.72709172490405,-2.45736392422369
3.74328869954054,2.95470071472473,-2.71593299580955
3.27228839602016,2.68022006593545,-2.4472738249448
3.2078485007418,2.83678225777283,-2.44041322343353
3.29099712493817,3.72249058691613,-2.92897369877957
3.2538293723006,3.38790273563104,-2.6389962341708
3.15311879264021,3.64354948975623,-2.79925593753329
3.64518415097689,3.14417295362557,-2.70833382575613
3.66012082237924,3.1875832244439,-2.73769874743352
4.07953220851045,2.94271771758216,-3.07673898170777
3.28380407987457,2.80057847272564,-2.45695113474982
3.58184281211914,3.1891469741338,-2.68696052454642
3.34830567594745,3.21932318029423,-2.58594191566265
3.11574707702152,3.14948040483333,-2.49410223859527
3.07192227251534,3.12347835048693,-2.47794928468267
3.97201824306993,3.26449942638647,-3.09729217947771
3.82453298012636,2.99043449772804,-2.79320641746342
3.51684864615291,2.90230719227267,-2.56305949683879
4.00702179479042,3.21652360356801,-3.11289348882976
3.7024768333882,2.75824483231932,-2.65447000838677
3.32567590882005,3.34308695627797,-2.63829516634328
3.3655721249792,2.95587289582063,-2.50800638179409
4.05261444785041,2.82718496810486,-3.00654796821393
3.51951706997119,3.51529722352805,-2.85271371319104
3.3179009194909,2.7448507366132,-2.46331658980385
3.6060637100468,2.87154691643241,-2.60636623463133
3.38343232656242,2.79170285647732,-2.4897053469766
3.89090471033715,3.31930681295789,-3.03182465486131
3.05966965175385,2.71378415307851,-2.40352746153512
3.50535729211641,2.81606342385593,-2.54468130847992
3.45994320383396,2.95681888279739,-2.54691189090608
3.45654170479354,3.4714611596854,-2.78051622390861
3.01110721958868,2.66700950556854,-2.3971236223018
3.91746932369598,3.36046862739461,-3.1013994877584
3.41804985219057,3.69866669242188,-2.96979564604827
3.01570204670476,3.12855940422997,-2.47240995799568
3.6678055831752,3.27905749089997,-2.79053477991609
3.65064645544626,3.39337277744901,-2.85101078782743
3.16552187669985,3.77210806046079,-2.9377350522685
3.19951168717418,3.3048872021223,-2.57829715934253
3.1001137690188,2.98029636877774,-2.44300002325477
3.09562731736953,3.28100631674252,-2.54427039159928
3.11259343940093,3.19182883130638,-2.50922558396204
3.5105684382907,2.89247987728698,-2.55818705116365
3.88432178836102,3.07791143929044,-2.88236808580567
3.42213779577252,2.6929615330219,-2.49943806128102
3.10380671436886,2.66935935354858,-2.40931635542519
3.72872414379469,3.1816928755375,-2.78663954538362
3.96512632354503,2.99409868758404,-2.9398262724836
3.17215946713264,3.02334418300988,-2.46711612133085
3.99788995771726,2.95330830183991,-2.96627656297747
3.83951335885913,3.46811685168437,-3.10343005259854
3.42655393699887,2.95682662551962,-2.53232509180769
3.69736294644544,3.2629215521929,-2.80405829663052
3.20504455476951,3.5150736225108,-2.70808857730116
3.3726321281999,3.61511514542595,-2.857139020029
2.94523978796468,3.84394970597177,-2.9823544285301
3.1702348479335,2.88962721083181,-2.43916879590862
3.46665054383287,3.00868908575433,-2.56253114931319
3.61279379882843,3.47379838068789,-2.88390143974473
3.33794206996455,2.99708273229227,-2.50752091289439
3.5674479541783,3.50087879436178,-2.87309564104418
3.83126162382588,2.89372007276592,-2.7744852486736
3.0093495061252,3.06156154751837,-2.45123127934944
4.04784193647849,3.08189632287871,-3.08979383865575
3.69947090964567,2.79922068680939,-2.65620005325567
3.41084089704925,3.72015654930087,-2.99073849792472
3.28862003740905,2.8915306799745,-2.47007947390745
3.82572238665748,3.37428969480207,-2.9995496811729
3.25712825878323,2.70058554445737,-2.44334565933008
3.82167410546174,3.24476967221983,-2.90375357566945
4.05433431939033,2.77118867969087,-3.00027198617663
3.89690948238626,3.31941592778296,-3.03938673394049
3.92713356351565,3.17828347437399,-2.98002959855073
4.08754031394557,2.85186180096753,-3.06257814919492
3.04043959534398,3.38327619164879,-2.58820378095023
3.02543320359554,2.84235621670457,-2.40922157273576
3.43620588611101,2.96548563773263,-2.53836599813025
3.9938011697735,3.19551026002815,-3.0785004458673
3.1034375357932,2.9985629581241,-2.44771914981696
3.61042335103809,3.23668651883234,-2.72755116794281
3.11998607340671,2.73303283005891,-2.41358558743675
3.20535093468994,2.8843486966376,-2.44632103202017
2.96902990626655,3.19635475342754,-2.49250315991159
3.74502948592071,3.19969894044706,-2.80886590198717
3.50078620122186,3.5816538848917,-2.89986280347308
3.13324715087914,3.49948187091956,-2.67822065862493
3.42236916052364,3.41787832276605,-2.72522092329866
4.06249846609691,3.07682205886221,-3.10993331463249
3.1379416129684,2.79276250568791,-2.4208439061134
3.6577943672887,3.0164704521375,-2.67168555518759
2.96351272432047,3.25284579768328,-2.51531643065486
3.53369883300865,2.77959669085769,-2.55515934752335
2.9493835558175,3.53287201691595,-2.67491170416708
3.63536347367436,3.43530571570478,-2.87047425925945
3.30160403006024,3.71008921483965,-2.91995475230823
3.16333916752049,3.66711802776685,-2.82430510601752
3.14007660790782,3.75359291465542,-2.90832107661245
3.18393689547297,2.69888226818495,-2.42510955209676
3.79246769965138,3.30205942044755,-2.91137873077198
3.52371352153773,3.14477412491277,-2.63519086196543
3.75737167275752,3.42785666616058,-2.97221371048592
2.98219741894304,3.15474385610913,-2.47816379411691
3.02205164643084,3.57379382433987,-2.71347197561009
3.38744826824603,3.80015692917035,-3.08162735536637
3.98775094248566,3.16522073974588,-3.05043267164118
4.09299935532173,2.85706608749143,-3.07222827248386
3.12886803113656,3.70448825696836,-2.85208220416481
3.82696520063163,2.72357038162053,-2.74873731103147
3.12183754156112,2.80679825789753,-2.41918976001448
4.01991027506728,2.76183160588704,-2.95362555201875
3.2541492627992,3.05143101377174,-2.49530195309197
4.09535122802115,2.77974173086969,-3.06108869834136
3.29100553526854,2.74982474138118,-2.45518766752817
3.28004405640162,3.37480760602887,-2.63994367220798
3.77542806506432,2.80065148134002,-2.71261658104686
3.21089174334858,3.12235653973339,-2.5055485232827
3.94873858816519,2.81633246061898,-2.8765589970741
3.5140600550215,3.69247711555055,-3.02927847253875
3.19149106257798,3.80594850395878,-2.98907668899646
3.07605201645464,3.21211716591913,-2.51108205833639
2.90823173153306,3.67464583388791,-2.79031538161261
3.00497049883289,2.80135793861092,-2.40274453060598
3.3154876650143,3.60224067040981,-2.81858445490726
3.04157399622997,3.66085979757898,-2.79102462758817
3.49667112304591,2.98585030452778,-2.57097925862146
3.97378944334581,2.94561518115104,-2.93426168422428
3.58050843354205,2.69529525158912,-2.57551691807348
3.56828444646564,3.58221610849807,-2.94857902810406
3.12883187944457,3.07610495144328,-2.47277721671516
2.99150443956594,3.91182684799563,-3.08758274551284
3.09255908082722,3.04370830680388,-2.4572873893752
3.12203406942537,2.69391998294493,-2.41267889442584
3.28294635353609,2.68860074698016,-2.45048780264935
3.32709569415531,2.79666180229377,-2.47019973722486
2.92629964637569,3.56597661453538,-2.69837194567655
3.10455194636455,2.99110129289446,-2.44617512434221
3.13711228730393,2.89266600578386,-2.43295586113112
3.48001696183112,3.38561789390392,-2.73408652827626
3.09882038883846,3.13227470324288,-2.48517216477437
3.03810258759364,3.1749374860329,-2.49133878485718
3.62447521530296,3.19869697037308,-2.71843854437635
3.98238258569194,2.88887538737745,-2.92924261543536
3.10433958545292,2.67588812326965,-2.40943121789556
3.48863801252286,3.48010056151955,-2.80528769841406
3.99165151226413,3.04467180417683,-2.99272899278393
2.88248017237803,3.91574364687501,-3.08385980371135
3.32342020660095,3.76504432973326,-2.99588286819366
3.34994555491416,2.95190209760261,-2.5014978921508
3.99740942530207,3.20658764493867,-3.09137532713266
3.07989550196027,3.61554223327659,-2.75740006637943
3.11847560395573,2.76994774608483,-2.4154883720408
3.45104930146062,2.71549825423228,-2.51224013133111
3.94941691912653,3.10112702581868,-2.96584078280656
3.60288220426014,3.53165261254766,-2.92680462296868
3.35144914011879,3.1105542779228,-2.54528302303609
2.98881226805562,3.63096835817709,-2.75685343143418
3.04160539610874,2.72120875526382,-2.40149693159285
3.08987421284015,3.51102729519443,-2.67739221580903
4.02217595230429,2.97723148165533,-3.00619415965672
3.2965576544453,3.33269427830751,-2.62209504293723
3.37316684566469,2.83268317569052,-2.49022087026331
3.00710842969233,2.71721730829382,-2.39760914814122
4.02612716014952,3.14391462506736,-3.0927136441284
3.56983515770948,2.86580079321723,-2.58477890477294
3.26004162240525,2.72608801121528,-2.44499543278566
3.01891053877352,2.90428208558478,-2.41735909175983
2.86761684911004,3.86502527195289,-3.00759895760821
3.9991940260418,3.17352519652671,-3.07177363582783
3.81843959329035,2.86189876176562,-2.75712496204542
3.02122887415274,3.64649167382727,-2.77474921636499
3.14494408217288,3.06408467546796,-2.47243062626282
3.76258179317736,2.93127828455447,-2.7252610670809
3.52653872006786,3.07089815144393,-2.61037576845496
3.16891106485457,3.61508097080155,-2.77805498008082
3.34781100374454,3.46023310350281,-2.71994809904121
3.47339015371475,3.77723457346989,-3.11144743183874
3.46086779282394,3.17205483680498,-2.61420106841603
2.99368139866978,2.86502068186454,-2.40899699456805
3.45858510221402,3.65235176476693,-2.943798854863
3.15900912811125,3.40288157243724,-2.62162246057157
3.9465174502668,3.13638453605556,-2.98025500025501
3.42709770765912,3.06183499775236,-2.55992329033516
3.6840659546731,2.80379764706068,-2.64619598343708
2.99192052376734,2.85727094970958,-2.4078050381958
3.38477433135359,3.21811754809324,-2.59981491638798
2.85652767447092,3.89458873508433,-3.05074176242391
3.19425535718895,2.85365830950477,-2.43932781356377
3.30117614292199,2.74466595630009,-2.45800711579461
3.03770322405822,2.74033253442481,-2.40187345152345
3.05998019865609,2.9794019813544,-2.43675148513001
3.47203989084696,3.70187965846022,-3.00948188322904
3.97020020656239,2.83120894940514,-2.90312550290521
3.04703790163039,3.60542588951423,-2.74295974741402
3.18443149503025,3.62014464617544,-2.78699172997947
3.34930292434807,3.24983360026329,-2.59998423050133
3.08581731263301,2.93050017872562,-2.43062279673572
3.25038276159485,3.09649317689083,-2.50773130513121
3.11102519163602,3.22271858911994,-2.52134659522226
3.41415833318818,3.72598685498386,-2.99994467297662
