-0.67734138110877,0.908869933570895,-3.33686262526804
-4.05610622090942,0.709019157313483,-1.1774800991429
-2.72217302130866,0.0127068833652583,-0.472831355792548
-0.446547961087364,0.609319599409491,-2.26404102032026
-2.80172638807786,-1.75439920487699,0.365444087075804
-3.74401612536243,0.483743573134676,-1.23937538684403
-1.25621946994421,0.779746580538724,-2.05161415298704
-1.38145873342793,0.867322269949903,-1.83580234635443
-2.67852934731569,0.367770063668598,-0.612818083562984
-1.83426154205967,0.602051303475056,-1.07077586378055
-2.68866083173317,-0.603060753477459,0.101510661481497
-1.25331268149581,0.797266621457598,-2.76732450247287
-3.82689544948664,-1.08665018577612,0.169055803509451
-3.78284462151209,1.06757454435725,-1.90835687824819
-3.90665929609167,-1.82555824125627,0.273774817376888
-2.24550097078367,1.19497499742577,-2.63539904623387
-0.979525380373538,0.962030685904539,-2.77830924104344
-0.453469485762883,0.564096261637735,-1.95886973845299
-3.25193157733483,-1.01228819674983,-0.0869720754505082
-2.61676963323853,0.474306128236953,-1.12246616597818
-2.50361666310092,1.40894291542711,-2.8251726238815
-4.33024618566176,0.351107592316144,-1.0501547160944
-2.75820449832409,0.251551888545158,-0.679429177298555
-3.08207361947731,-1.19008952727987,0.0125576067865264
-3.4192817777004,-0.048680213304875,-0.795790693299526
-2.4814501243049,1.48274135199126,-3.05865974702318
-2.02342330132657,-0.785552952655142,0.190836087574199
-2.26002641845074,0.345049288317609,-0.719696991043482
-2.35556844649161,-1.39739408590859,0.172694138176042
-3.25639338423226,-0.264693753641486,-0.280865988435318
-1.72874991719373,1.49064504341675,-3.89103077148396
-4.22362244214065,0.881182627186185,-1.65833563957223
-2.78591517652645,-0.6653834344221,0.0538156667979279
-1.35545356518616,1.39328175450035,-4.17653232657821
-3.21269066896644,-1.34794406437511,0.151832809115431
-2.21451317419771,1.25346292355219,-2.28116933424501
-3.79978543938317,0.949507713245205,-2.03718842332963
-2.71048911576596,-1.03838744282037,0.196302977873498
-3.19397668814155,0.463828925394912,-0.987584185744968
-3.73064315777908,0.158334807960223,-0.587125806420931
-2.18273847062233,1.6240922954437,-3.81303055817883
-3.86400757489751,0.440201551990879,-1.05070792392455
-0.620066017347765,0.653383517114903,-2.49703742418054
-1.93768063910582,0.610335294095941,-1.08539181312159
-1.91219477568339,1.08279053001906,-2.37091715082231
-2.36493557613732,0.520266692188154,-0.966758059879842
-2.34324788523035,0.842562125524737,-2.06001577192532
-2.77957218600502,0.107468327408664,-0.53240045577761
-2.63047163312114,-0.911995446444144,-0.0727354833795215
-1.26709334956016,0.724430027958434,-2.37158782410857
-2.15336826695312,1.01604475564153,-2.30112186196554
-2.43479204942484,0.558971948857045,-1.02924210586801
-2.8085011474347,1.16531214614277,-2.12219358007557
-1.9959630659349,1.2207551651439,-2.54826817122222
-1.43274661305743,1.3921157589568,-3.71259179343918
-1.86772153734678,0.950959140857312,-3.2031628377471
-1.1506454790093,0.809099970687678,-1.83063838479942
-0.371843989492506,0.517541278419344,-1.9500930302947
-3.87390999397378,0.697627242415818,-1.53852732366661
-4.64653208099593,-0.905940098355654,-0.291785213267753
-1.79203199944098,0.53330164286221,-0.950012315713622
-0.719581676075689,0.933202894946982,-3.34245176136662
-1.78988008859753,1.18588946409519,-2.58748479005212
-1.8349589694512,0.480246748529878,-1.15998527895405
-3.58976249761865,1.16218672276656,-2.17785663385315
-1.70566527012645,1.26538119550971,-3.1008808685793
-1.98097979826505,1.26665926362016,-2.70810200394335
-2.75816297972565,1.34341602586295,-2.54847776419032
-3.37579360802549,-0.388432828317566,-0.205392465227271
-2.10609536928519,1.44298688501277,-3.92778473426327
-3.00054695863046,0.719798937218886,-1.41072497571847
-1.60997142508973,1.57175277999905,-4.38313989354221
-1.04181993416036,0.933121803040007,-2.85290021074909
-0.715135437406831,0.801188155850057,-2.60322329571058
-2.19507405496461,1.03599966055244,-2.06191247005399
-2.98415787075192,1.06929060589804,-1.90967647180484
-1.89203050975865,-0.801478502955983,0.206761472222445
-2.81371918250323,1.03164992968404,-1.8751891437757
-0.533836569249006,0.749870481479359,-2.84370412344263
-2.2747224893662,1.3110011940483,-2.65758227316575
-2.21309202252333,-0.342556601215673,-0.0730812850194289
-2.06812465197377,0.80443855352095,-1.44953319090698
-1.9164611182582,-0.46477835991133,0.161418692805733
-1.89055439040337,-0.995313909371282,0.279424135852639
-3.46834166431413,-0.20473514200646,-0.481940724693756
-3.86122028463648,-1.16222206141228,-0.117439074203827
-1.22109736733067,1.02441080116673,-2.61949791303853
-4.28284312252039,-1.90488790840984,0.504479212659821
-2.65616292761899,0.00848187354042618,-0.418952797411591
-0.695705604967116,0.661391497628146,-1.86170365610349
-2.58907509939414,-0.181776581448786,-0.245842654017164
-2.08446409607461,-0.834239343353049,0.207387428733166
-3.57209947820445,0.786848195247627,-1.53087936577578
-2.11221960748045,0.231542777742966,-0.447515669479826
-2.44460436122645,1.32790219531601,-3.53895272532276
-2.2562414857798,1.35652839050574,-2.47279142527288
-0.647944360620013,0.394612962109314,-2.53242193430768
-3.31736704241893,0.705145354236942,-1.59675066309654
-0.801866865286457,0.874722810703487,-2.7447835233184
-0.896754120629015,0.945293671709301,-2.88713223278347
-2.21595279468695,0.66556113295738,-1.68076848509297
-1.40561934591194,1.06631515047356,-2.79160348538763
-4.67993647718495,-0.544022531497685,-0.280721039966803
-3.59774719816903,-0.142137596731594,-0.541341447173622
-2.66910305424377,-0.133808321257205,-0.600549010859019
-0.864767277685108,0.883972089052973,-2.63493106833969
-1.90129717944649,0.249822276313738,-0.556006592974665
-1.60963837869598,0.977759224209134,-2.69770020000591
-2.48637501680141,-1.18212094046518,0.39057028782266
-2.70327614301185,-0.323842123400002,-0.155209226133655
-3.47066181385998,0.943550370625545,-2.25572406809376
-2.3574439047066,-0.64200548231457,0.0895144066881961
-4.49693880225888,-0.436718336328564,-0.272195337453747
-2.81224297330469,-1.3675254544263,0.375653283976223
-1.86067195959104,0.998465659161106,-2.30024610190094
-1.1371526024642,0.615266028130005,-1.84317609769166
-4.10322502293539,-1.7355710253625,0.447340873895937
-1.9478139038084,0.368709428436805,-0.712910462872258
-2.87338681417576,0.862093540053808,-1.53514314326613
-3.30893743901913,-0.0878056375341809,-0.434107246297657
-2.57016749726127,-0.586600387313747,-0.139391958596741
-3.6367653918722,0.402196235609841,-0.974993658097525
-4.71245313253922,-0.250998677517232,-0.753356771160487
-2.88131087821579,0.579262167748453,-1.07231801489017
-1.43319534870401,1.29464013497873,-3.50185929332028
-2.12185725153106,0.204640499452619,-0.566740190100076
-2.52062696195215,1.52410421360055,-3.1628258280822
-3.03655399687559,0.349025934711903,-0.829272568938334
-2.39783834474231,-1.18918794285627,0.328721745751822
-1.88994688872151,0.672246598974346,-1.21145814647138
-1.77471373502396,1.25100694235039,-2.83491000269354
-3.44622931056428,1.53204337225985,-2.8321558252508
-3.36375201183454,0.224581979164826,-0.740405337711971
-1.98945959566056,0.332305624580425,-0.66977340415494
-4.54927743162481,-0.0526529735747678,-0.656686846213765
-4.62174225733845,-0.442192370988637,-0.347647139662341
-2.12395012389543,0.607334723620619,-1.26742727704656
-1.5002549385384,1.06082636768574,-2.59743887961095
-3.75453170480949,-1.23302255678238,0.180473168163032
-1.69058774236518,1.01336117062581,-2.91903909297213
-2.29512436450405,1.32231709461164,-2.68010201357789
-3.38928921679028,0.327271552940204,-1.26425195013977
-2.95453254318402,-1.10181419922502,0.258630044296829
-3.15654335638776,-1.16736911005064,0.2719110251274
-0.423389414243509,0.619628523990571,-2.41674840407924
-2.39624515451373,-0.787571649870795,0.160191305571583
-3.19680386459277,0.00487807344272873,-0.499334396549571
-1.87377918914297,0.356986576776629,-0.68890899939144
-3.79376775792057,-0.437051839270452,-0.230441058949187
-1.12659264746562,0.981039551540963,-2.58001116313898
-0.886337189781999,0.678781008599351,-2.03466902755769
-4.18688316586119,0.959646664326365,-1.76759381220912
-4.46556519326364,0.515691071059178,-1.22231956999565
-3.06884728130013,1.58686167490181,-3.15460341881225
-2.74526888288311,0.984472584286243,-1.75830738717027
-2.9102446900262,1.01571829194281,-2.13257437462676
-2.31841703194032,0.317592658814399,-0.693574381335051
-3.77795059551015,0.613041221389853,-1.19329852251477
-2.85172228498431,0.211198649344913,-0.64962846434554
-0.703002124896626,0.682161433791936,-1.95137781557353
-1.22705895637201,0.79280863420045,-1.70495390475136
-2.9309827404472,1.4869680885882,-2.86002488629616
-0.628068219548362,0.710624281322989,-2.55282663912821
-1.87680452816259,0.562171473661415,-1.00113892002371
-1.28713095917674,0.87988911612483,-1.95613711082166
-3.48959346701558,-0.003200649692646,-0.5372737790353
-0.700202868279706,0.704090393293443,-2.09501277801338
-1.22526845904844,1.08026156611203,-2.69277176098677
-1.006799281508,0.513147267600669,-2.05047748230143
-4.3791066012586,-0.635052945570615,-0.173704849850993
-4.47907567626844,0.685910856041218,-1.53501153796737
-3.50465570626474,-0.761630330649645,0.133957226838268
-3.66204663230146,-0.737810634339046,-0.082266341319992
-2.32943955342419,-1.27078101311117,0.359206184667167
-2.4321521886221,1.29361611743456,-3.21847488653422
-2.7623884942019,0.0339173508164667,-0.458996165575162
-2.51052498765542,-0.830554314505966,0.147917889775747
-3.99608444419525,1.11902265712479,-2.00163634819007
-0.374053251078108,0.539221214677068,-2.08170827154583
-2.57204964532219,0.886837425802725,-1.57989774933318
-2.20393795795938,1.617446802918,-3.76258866278415
-0.395961866663056,0.496942081636028,-2.16684121579922
-1.94984164277479,1.29911801012627,-2.84388550520991
-3.92839714820613,-1.60393100304178,0.404299709442214
-2.7690661294586,0.924818505876837,-1.64547810201689
-2.09927719335792,-0.0517243708706979,-0.432960792505323
-3.67765328237195,-1.54016758651651,0.394604520212279
-1.91774259401846,0.788321560038071,-1.43315398688908
-2.09676558279122,0.46742642882696,-0.888212770543569
-3.58959623916855,-0.47192761158439,-0.176221624075444
-0.369891195715743,0.57519629769412,-2.33475535256858
-1.69550149406692,1.10442417148373,-2.38611691028586
-1.14723995290509,1.00102196516279,-2.42949119220991
-3.70947311142355,-0.872874480194412,0.0350044190285051
-2.66463732494902,-0.658189360618067,-0.0313810166935765
-3.31698978728195,0.354786959275371,-0.960721481450697
-2.14161633262507,1.07091909848276,-1.77907102871615
-3.01661655549154,0.528571497174418,-0.882607979646627
-1.28179236845927,1.38625350005513,-3.26982452274868
-1.10136837914295,1.06544027110001,-3.40776712881393
-2.67756676515067,0.698133774474063,-1.77616355573468
-2.9839304246613,0.703278370507167,-1.52123001428747
-2.10821114917726,0.936922426055391,-1.77742994719808
-1.52109631171354,0.883251650767136,-2.15059649527582
-1.08316008299914,0.833870956998839,-1.79564745377826
-1.13113806807259,0.990443892546185,-3.37653940087964
-1.53511118147816,1.14776721302345,-2.70356196825828
-2.09970045370001,1.23517750957849,-2.5284445240324
-0.807275594712565,0.940284209526255,-3.10544414122819
-1.64170433308496,1.49505619677903,-4.06941346782895
-3.74750623726409,1.17121759358574,-2.08306363014354
-1.14759161183721,0.902882755716631,-3.78368449093869
-3.51283884204416,-1.11157352310311,0.238658775341664
-1.69164768002837,1.36940382035822,-3.44149495578401
-3.07943785609152,1.08882128827342,-1.94265056596357
-3.45610892227429,-1.16661978427772,0.480609887562243
-3.94684477518237,0.814655332552633,-1.53735131874711
-1.01861587331124,1.07241599945983,-3.27216932777602
-2.2237027715543,-1.47168344856272,0.483493419282558
-2.4760765536641,0.590356827729741,-1.07916643041509
-2.80992232984694,1.36822716506775,-2.54688682220034
-3.17666195705123,1.01786955361831,-1.54996423270396
-3.62091633882209,1.3640862409186,-2.56076400086335
-2.30984516302264,1.23703028898451,-2.48744314184159
-2.83890504533192,0.144682020771153,-0.763590357583917
-3.36008246883934,-1.14434126442624,0.243869342104956
-3.97684364806498,-0.604669239348008,-0.358167325502288
-2.63439962543541,-1.39324008145217,0.391517070419586
-3.08200414298285,-0.76382954338042,-0.0650421062315613
-0.965425307923555,0.852618488302563,-2.26650886402099
-3.47473063156399,-1.16261132981126,0.0268725276153509
-3.63926742500137,0.0172325435377806,-0.289812556655001
-3.29354173292009,0.98237789406209,-1.80580245267251
-2.90215329243648,0.230207758729781,-0.62591706740406
-2.77065941724,-0.644840969760098,-0.189382645081098
-0.591888074005069,0.582046196426296,-2.21563482068042
-3.04028808151429,-0.0132066015954346,-0.720474319797094
-0.59224982878734,0.755757250734564,-3.05856755987718
-2.06025879648798,1.56954953485194,-3.92507696462331
-3.45824805402973,0.537093564129896,-1.11144023817674
-4.60656136494929,0.349187711768938,-1.05792290052011
-4.16511913138706,-0.624146440908517,-0.151460997078287
-2.00594354680701,-0.370686476251439,-0.0268204421576468
-4.04292911705272,-1.2068782754037,0.192728671925071
-4.11111551441659,0.633165204739423,-1.31605354490355
-0.776897866584482,1.01581577177021,-3.66021725853978
-0.886803582442185,0.551415454558946,-2.22554744017681
-0.77220711482798,0.993878511527783,-3.53995245636657
-1.16152865849583,1.14814268444759,-3.33268389327227
-2.06578374628604,-0.783901680860882,0.214409767906454
-3.57487098403678,-0.747709456547781,0.00635864654456861
-1.05391178701968,0.758720865951006,-1.74278461443599
-2.172213267402,-1.1036512282731,0.0515515471006546
-3.4609676864046,-1.08091749729468,0.110000648360596
-2.16662684964664,-1.21906512995701,0.346172484189283
-2.73502184541096,0.0103923697769719,-0.432917189731173
-3.79922698579907,0.261068513347406,-1.02332847203903
-2.91139787114003,-1.1734017297323,0.450015522235461
-1.05410976927003,0.833086731835374,-2.03953843608636
-1.962708373509,1.58156885465112,-4.08806747613843
-3.81029941534666,1.32291793733144,-2.35764460956306
-3.86382256827797,-1.6987312099286,0.455894960720814
-2.39209678712131,0.594344766429485,-1.07887175285934
-4.51735504817065,-0.544372334265591,-0.614550758857266
-3.89969383333556,-0.567854901143184,-0.153091941444229
-3.84098122180386,0.688759359278249,-1.79880782147251
-2.33369552552561,-0.451606876533514,-0.180979523394245
-1.44409987631805,1.29217621000146,-3.46970745197882
-4.29894006544222,-0.53676787114575,-0.231204477921772
-3.5652668615901,0.43809774713655,-1.00663058023879
-2.28918649346905,0.699978456893542,-1.35459406555115
-1.28079225939242,0.828216730322118,-1.781941248213
-2.73161741383513,1.38983620674957,-2.6919411164542
-2.41537177786967,-0.478933379763229,-0.0171582433453179
-1.2857108660503,1.20555386932948,-2.95706917268543
-2.08990110854227,0.127153902933551,-0.447141286181337
-2.78362157158621,1.83555600779826,-3.04407352017727
-4.60985659373884,-0.567049550323845,-0.37423506832891
-2.76985732026855,1.18793397843682,-2.17794107702556
-4.09993036299131,-0.217694307396202,-0.445991224729454
-1.56766090958442,1.32822964365704,-3.42157544903164
-0.463688646111333,0.710427429250557,-2.8561875402796
-3.96620681702261,1.0449138788545,-2.01494363800934
-2.25125419883052,0.69446631556928,-0.892558691772805
-2.23261260625148,1.13962950170564,-2.19678564389634
-1.09702282243668,1.18628946410088,-3.69692541621729
-2.64087616328519,-0.475921878575563,-0.10099970439059
-1.28601931605305,1.16924608208214,-3.17858879054332
-2.55429702917716,0.687904206778006,-1.41267119017984
-1.39945114741801,1.05389721559064,-2.49463515985973
-2.77396730031249,0.157866899144309,-0.582271053867268
-3.71395847803664,0.949225596468987,-1.71577455130328
-2.19751334653726,0.121225384826157,-0.717439670849487
-2.59163304372524,0.18182383867737,-0.579683038400351
-2.29413035005137,1.04316725130519,-1.93160371444571
-1.50527934240038,0.982545674510407,-2.12531516866132
-3.25185568137473,0.917236896574136,-1.63969001680684
-2.75331653800936,-1.48354834079863,0.390558131078396
-1.38283471781143,1.04743498096526,-2.48919002683903
-3.59938884298147,0.81442064930105,-1.53169861958963
-2.33462012704753,0.403560189019392,-1.42466398411071
-4.63047679033674,-0.930127244324232,-0.0152596677206421
-1.84294649789415,0.88795489575185,-2.020920819915
-2.88374777116301,-0.0646092110591314,-0.388689102923322
-0.693611077375964,0.743804506423637,-2.30273517611862
-1.85152096849481,-0.970739644378183,0.0628646708068689
-2.35800059324929,0.683442308320661,-1.43084418804454
-2.38844306061568,-0.87732526003135,0.181338722627473
-2.24936355930891,0.907159682994253,-1.63256817910961
-1.18859438991423,1.31282635724881,-4.16000545885451
-0.340434767569039,0.51193013845184,-2.03314507027997
-0.889750276210173,0.585034873106427,-2.08634132507619
-0.899273917289722,1.10607231000938,-3.80832960387545
-1.85975731304874,1.02631465322828,-2.04035808559348
-1.84978196917183,1.04064571255007,-2.08636613067334
-1.76240416520834,0.776281857901503,-1.43184974120354
-2.46614317278501,0.717595392906273,-1.27990917905271
-2.1976065935873,1.05145498243723,-1.98348360798409
-0.822193404103603,0.878641649007613,-2.71274488404612
-3.60550109657581,-0.646049957578712,-0.0896304275937254
-2.0735369024811,0.43085724630065,-0.746444726296732
-1.10708690635446,1.05701483425215,-2.98537846742325
-1.28529726875906,1.05498683243087,-2.65450169603413
-1.50517503022587,0.865135317627649,-1.75153306997171
-2.67808939354209,0.758812659652393,-1.6453429321857
-1.70158659515384,1.27503094338102,-3.03663020070814
-3.66316844772914,0.299414623414952,-0.864577413040239
-2.7537957589465,-0.391606896870352,-0.191566713022165
-2.916710236837,-0.453591141021132,-0.612223982818303
-4.37268927678282,0.560073073319303,-1.63955642505326
-1.96786073368619,1.67632050577781,-4.35154296511019
-3.22344638796369,1.18607663151181,-2.12320032929327
-0.551842283933515,0.696498971865695,-2.44504783513612
-1.86040146318507,1.1233143340156,-2.32943632193704
-4.31407659557659,-0.298164140137239,-0.548741403583423
-4.11918030238628,-1.090074067494,0.139171942715222
-1.24652079968441,0.769344362124219,-1.61361923089977
-2.83820277238722,0.305710004440768,-0.751575098251461
-2.39741785306064,1.12127800550268,-2.03073447728998
-2.8909479284535,0.385787473379678,-0.599389482537829
-2.50600054606305,1.50073719904211,-3.09921914865068
-0.97152248690146,0.748774278859705,-3.05303004167014
-1.86887857217251,1.22353316695804,-2.70969077819231
-4.32079176338981,-1.5840322540482,0.140375165919579
-3.09639606818781,-0.333559892526831,-0.269802665207107
-1.73259796392582,1.19529424404312,-2.67232477112018
-4.77119334310985,-0.714867430882244,-0.0991520779988465
-2.94539783604081,-0.498537572918796,-0.0689308492573227
-3.69317091042564,-0.196050385205998,-0.737735474999347
-0.936036102962786,0.832392028458927,-2.22449130685048
-3.63618913263398,-1.57743686913996,0.283709574174819
-3.73409227113347,1.33655986605367,-2.38679849303711
-3.03434495817402,0.18560630546831,-0.719957903002505
-4.65121450301463,0.388697092325486,-0.689725720935925
-4.23173249150085,-1.62762426599482,0.392424416078173
-2.52374442031237,-1.41607632243023,0.401971732201528
-2.99242023373386,-1.52474099823917,0.345489163229276
-1.96777527645172,0.884607288750415,-1.86263137303089
-4.71636609980113,-0.492015794159693,-0.324214052750507
-0.710255696670147,0.73269640500591,-2.19987583791088
-4.10251401744355,0.94385063084873,-1.73717691486446
-1.96174268641526,0.429296764101875,-0.949616658138988
-1.05075595307894,1.23916937363024,-4.13193505120829
-0.86461353343419,1.05046496263062,-3.58338137985558
-4.255747806176,0.817000095657317,-1.57306830852826
-1.06887313266464,0.740809222642865,-2.6022146031117
-2.20755301851271,-0.55492973805787,0.0583628135919874
-4.05520642320868,-1.81407448325223,0.481772881895506
-1.87585205644748,0.986281219217347,-2.84512046504556
-3.29311762040974,0.693092856653513,-1.30149644189116
-4.23641993150774,-1.0805527270396,0.120732962552906
-3.98678624781626,1.02521163970376,-1.82815747230532
-0.762436885276595,0.684364904513835,-1.8420711332136
-3.09084446353339,-1.26609964128392,0.313700898284801
-2.28660732352614,0.124841235959378,-0.620190594291367
-4.12695907436666,0.620269086313911,-1.55400800939941
-3.33006154617206,-0.171920431486355,-0.827418350457709
-2.81446706883782,-0.947784039520549,0.00337391985168742
-1.22491806299341,1.01134466653859,-2.49226141389717
-1.86649215791349,1.55146775809182,-3.94014386871248
-2.67045017562139,1.26382357085055,-2.85120542105309
-1.71351615046015,-1.08761420332273,0.310975882000765
-2.37775598562829,-0.682263193613848,0.108777967477985
-2.89454594837522,-0.384508596149946,-0.139312471531085
-2.26228189918658,0.433392062642186,-0.834980280439551
-1.48207850220284,1.27949304332773,-3.58816927583272
-2.27697425666571,1.30917178085815,-2.65092098827836
-2.98252041305226,-1.13432591915214,0.120425450887327
-2.46842325546557,0.749005197008933,-1.33316987605878
-3.05089831907298,-1.05198965971971,0.227569208705109
-4.01704893395761,-0.603275501774709,-0.145180520528817
-1.12918580262256,0.831262682715089,-1.71712290517749
-2.36331756107927,0.722915680408955,-1.38829700481001
-2.05323602254972,0.575817593645192,-1.14900801999104
-0.567829208143657,0.72677020164512,-2.57794775615823
-2.44660029992612,-0.596079940288964,-0.041929031272395
-1.13449379401465,0.887414761704076,-3.0420752446281
-2.4183984974549,0.61420750452229,-1.11122019697888
-2.82717005139837,0.824111309760544,-1.46972917067282
-2.12655008709284,0.498287106119509,-1.19397402901718
-4.57814258165046,-0.286617530051573,-0.462574186586076
-3.21211416757268,1.37701291440463,-2.52436015051117
-2.36224312658163,1.31119969883023,-2.61326776246273
-2.03709328125265,0.776089251676271,-1.63152804806487
-1.81858369465924,-1.0015209777631,0.283530343605671
-2.93964381827777,1.30381387652034,-3.50797547958851
-3.24904717596056,-0.142739465595148,-0.547404322932739
-3.07299225168157,1.52171142819585,-2.90242786314263
-1.00707813689408,0.715521171424372,-1.84649468301643
-2.70761470064817,-1.10973554361351,-0.0988821146159024
-2.30387260542514,-0.506523072151944,-0.371254993503922
-1.20810112578296,1.18707776669046,-3.42950068667387
-3.94289591815938,-1.51385892273836,0.349215616768438
-0.946415534496416,0.876222163891054,-2.41581894127296
-4.18019800237316,-1.11393074939049,0.1454474425402
-3.35160150703353,-0.277259060287481,-0.59933802231945
-3.98451960644728,1.16004038304641,-2.06898745044552
-1.41795122659469,1.23624040893127,-3.25413166513718
-1.94935256041118,1.53941338553572,-3.76292110480661
-1.14392746136479,0.920936282523548,-2.2847357131074
-1.87386949868112,-1.00893196407641,0.284528735092219
-1.3704301454112,0.975947861556001,-2.81761550014329
-3.26375682186007,0.33982906832506,-0.809162621669383
-2.0006150366733,-1.15316210992174,0.408407419101877
-1.48912548127657,1.18977943838701,-2.79103962007549
-2.6874291601101,1.45481078645564,-2.8688824387603
-2.68500570752398,0.530437815877885,-1.01291640851284
-3.82402544193892,0.307895638518602,-0.938685734194234
-1.6638481414036,0.843387481947161,-1.62166752970305
-0.941603098092959,1.09962693025048,-3.63907417758628
-4.2334084174845,0.104727214434802,-0.753445314182586
-3.05709146915116,0.749533978912904,-1.88298854604012
-4.235095277352,-1.69054831757626,0.419470977579528
-1.80263206811485,0.710266683563017,-1.28222533073422
-0.578820263742739,0.633837180785369,-3.10933027704231
-2.30991325547457,-0.177276825680297,-0.436875834349193
-1.77826510264026,1.07335729901392,-2.22545734245229
-2.41817367830111,0.264299486698172,-0.788125073007073
-1.90178979571845,0.861771178036446,-1.14486645841156
-2.33439633574787,-1.19277523216271,0.307903326281153
-2.19154595584286,-1.24191765724997,0.352974769126535
-2.90496996308712,-0.147600281742797,-0.321476131255486
-2.04651384411492,-0.495177142352843,0.0431939703728706
-2.97578370455673,0.355897851949414,-0.990615299653524
-3.01535583420613,1.04105958025023,-1.85476946618424
-2.37148817368665,-0.849613372315811,0.186635182362065
-4.64068111391696,-0.342853455715524,-0.328099311406005
-2.46144488940461,0.454591608453275,-0.885669117370357
-2.39974712614269,-0.920358801035494,-0.131934062478394
-2.29205749533274,1.2131491140305,-2.81880021383086
-1.27834514081963,0.779983931276009,-1.62616298296518
-1.62094843871364,1.06778273736599,-2.32194814334425
-2.66202950784971,0.582753930574658,-1.2895139671418
-1.54671412949512,1.46653373974176,-3.46285242452249
-1.85795709776714,-0.836593226699218,0.279700179657185
-1.10605423592168,1.10632062423694,-3.9704208964017
-1.08014965848054,0.787784512863749,-2.07654653197785
-0.793178362807995,0.769744144796513,-2.20209517071772
-2.54197579256171,1.08403561148049,-1.98504970764101
-3.59901206769408,-0.0452034868444743,-0.442630585473865
-3.02517655342511,0.773466984725759,-1.39800938498137
-2.50353503409249,1.33375791584431,-2.61314792138746
-2.78149300244206,-0.925046610462856,0.195932914527464
-3.68576027924828,1.13201802771216,-2.4668628218007
-1.30767784652547,1.07814287251231,-4.28188367107838
-3.32008311230459,-0.879430030848129,0.204495918519781
-3.02878276459844,0.0761802544043113,-0.540255051881949
-2.17553502993536,-0.318896847204128,-0.0839629408408292
-1.45963900099472,0.892422689159039,-1.8625537917005
-2.27910978341323,1.08401854638469,-2.0412403226724
-2.65179390888839,0.223469833894893,-0.789595132281427
-2.94563705266329,1.638488899009,-3.26858226827638
-4.00995108037166,0.487948729302699,-1.12656348323885
-1.93099880700543,-0.281088037411234,-0.301031374463325
-3.45026504791518,-1.09953278728259,-0.123931899717912
-4.37702357444147,-0.00664135122381735,-0.540746819567761
-2.54969065005937,1.2135792611055,-2.28569784471448
-1.13543475917802,1.2824192759808,-4.13529603519686
-3.82617293181972,1.19434195840446,-2.60559356219816
-4.22660149174067,0.913355708245521,-1.7041902151794
-1.91092497688054,-0.953040703743463,0.263887546135125
-1.0031353802882,0.825448978555722,-2.11576806981443
-2.78879973961835,0.70642670926883,-1.66261285086192
-3.08370559600154,1.12456899441,-2.01139724428584
-0.981137204386371,0.705882660420779,-1.62074716136981
-2.45598335176429,0.506077608205235,-0.955446102980389
-1.48122451335857,0.927411635579376,-1.96008266006392
-1.61862580798592,0.767428911870472,-2.04598423296384
-1.84775693633494,-1.18295672641691,0.213091957514478
-0.945198665827606,0.663924932883639,-2.12907451652128
-1.1048914814404,1.0523992450302,-3.06509489805441
-3.26432672385701,-1.61388307300106,0.44569342398795
-3.50408311765573,1.23236821244255,-2.19797877907659
-3.17329850147778,-0.709243558632508,-0.23438934909619
-3.40726847537456,-0.505046265935649,-0.372666244896883
-3.16698830678327,1.32475789808617,-2.41633932839892
-3.18076523090893,1.67142107132154,-3.06211079529419
-1.7337506797567,0.811977317466206,-1.52202644658143
-1.06066388762188,1.07414278943537,-3.17820602483344
-2.13433090267232,1.0727333994359,-2.05650523232814
-2.44468935882998,0.269105008120841,-0.653966620379271
-3.23550944525597,0.493968152669642,-1.49478336228722
-4.06258388502086,-0.102632576322007,-0.537465876499378
-3.32104232321211,-0.351169001422055,-0.224797876249872
-0.347863325154217,0.529120998643546,-2.11725635678832
-1.58420690245554,0.861432033133377,-1.70189137531499
-2.84927553438383,1.50419418714765,-3.11324585669191
-3.19705067976165,-0.56129341004165,-0.181342678283365
-3.96471673643344,-0.394880510110818,-0.286519690479017
-2.51832644376719,1.60133296502341,-3.41310828411294
-2.44691632819303,1.03154830382314,-2.22036742774539
-0.621162231775228,0.683429079471829,-2.73216886739352
-0.404482780986834,0.543686441426926,-1.99860367339299
-1.79692423396726,1.21837812310935,-3.13164024583102
-4.03638232409477,-0.386414435837702,-0.30732634579952
-4.44000622979186,0.648220362063114,-1.37709895604884
-1.27783736549327,0.967808219144711,-2.29980344779435
-3.74632548279448,-1.81535893400434,0.422482309520108
-1.39611493213629,1.02439017851701,-1.92484007467603
-1.88431495992069,0.897977151253806,-1.69190734493195
-2.20051558999029,1.6250853837598,-3.79618816927209
-1.8744224869716,1.01815156641504,-2.60631941819166
-1.08840570739679,0.731464671939391,-1.60948895329905
-2.02841443974135,-1.0509455652787,0.293969750208258
-3.90546049005938,-0.242355783895079,-0.587094917807218
-3.16415894532026,-1.48237833387081,0.401705225886096
-3.79160897991539,-0.350965547794119,-0.294150776422143
-1.20055914421564,0.937844436125586,-2.5687618521128
-1.80533161524832,1.20840331342731,-4.2260639298743
-3.75610723905912,-0.899042228316942,-0.126839049255516
-4.18178789216412,0.0027379874169271,-0.649851257764389
-3.1106902684375,1.02164738482621,-2.39392407518911
-3.49493703072118,-1.13962592532278,0.229225481495931
-3.62421014836585,1.19733817563658,-2.12978248076135
-2.26885812682587,0.623312883127954,-1.11692087453472
-2.32546210560224,0.494034854141441,-0.986370489813694
-2.45688262584237,-0.96034911710839,0.234554895948086
-2.0774403899451,-0.935564508848666,0.249248837478787
-2.35453747898929,-0.380472725756556,0.0950082900514666
-0.628024039106605,0.689502008530216,-2.17454536125769
-1.89326348098339,-1.02945192062744,0.212993401321638
-4.48484853337878,0.384930669446315,-1.11258510911777
-1.35248401001351,1.37236565774235,-4.06691947411367
-4.17546698483761,0.614265505183762,-1.30080804364264
-3.45843426176586,1.41037432218377,-2.56038273921469
-2.03916869615443,0.758702099024796,-1.35969356825543
-3.066849416881,-1.30408123583957,0.337167476753838
-4.12251865800946,-0.46310198891008,-0.25903466467408
-2.26473200925235,1.25120785558364,-3.09918572044616
-4.07598395055561,0.749915506654972,-1.55529559238485
-3.04351809514108,0.167196116302352,-0.610020176241083
-2.07124907558974,0.907065174185981,-2.10576901445013
-1.3801026137855,1.23004931429554,-3.82867283894949
-3.18871495469335,-1.48505651746311,0.401475749796531
-4.29873323503681,-0.147167991166389,-0.679944597318301
-2.8140571624855,-1.32811569923401,0.360937614445723
-0.484461852779743,0.58043547775741,-1.95903732243313
-2.67940837566073,0.6323307770779,-1.15807792781786
-4.09636351707849,0.617801918197475,-1.34512268296443
-3.71363856399744,-1.05335204204236,0.163450871802738
-0.795296514104069,0.977770046127046,-3.73476316143069
-2.19741295172846,1.73495640916136,-3.69091731749791
-2.27644702655784,-1.30145166547221,0.188760304080036
-4.44077773870584,-0.313761263493,-0.420098002495833
-2.97094869882564,-0.569707292222178,-0.26254408284059
-4.08856772950474,-1.63179589137861,0.404845710088349
-1.96246713381241,0.475559946526967,-1.13066371737682
-1.64250716305729,0.804998952299864,-2.3774052718137
-2.38071621330887,-0.195447555836044,-0.390714906479427
-2.51701001624538,0.95126752190711,-1.70778229739199
-2.47762611783106,-0.358134390555712,-0.145714381487179
-1.87549910638915,1.14353756205805,-2.53655999629238
-2.36234497106254,0.085822713098312,-0.625409191327577
-2.19131026123931,0.797591972511491,-1.50273534105307
-3.04525955196117,1.18964168312663,-2.8598621419266
-0.755263990905448,0.786506087597803,-2.25252569525253
-2.5956463744701,-0.298918312726228,-0.0397544849025476
-3.45203456372742,-1.45069194067806,0.3724647224085
-0.666939306847414,0.722827224018187,-3.13175848869065
-0.672284552082941,0.786359029781532,-2.60554959338836
-3.71505894155523,0.899783165475324,-1.64022521428917
-3.60898242977896,1.14510168104947,-2.3484808383075
-3.01160231397613,0.883480593983285,-1.57501081429387
-0.913650944788821,1.03430029595072,-3.34119981854862
-3.92128001708942,-0.0132932485896191,-0.974947974448005
-2.08270796378853,1.25007510137858,-4.13248310469498
-2.64891299362035,1.50349000499889,-3.73697367642446
-1.88266949188772,1.42797060594831,-3.89623840334619
-2.87820283741933,-0.399842623874385,-0.102633578179383
-1.16561193075942,0.777720271801041,-1.69251103259926
-0.596557623020642,0.733492277960873,-2.52484349697268
-2.93933984929508,0.120637614456212,-0.569926745280986
-2.72095648850131,0.357172316645278,-0.708474516426603
-1.89249982823749,0.538821717478318,-0.962505012610347
-3.49650650279009,-1.39870707422,0.298049769328865
-1.57593662656401,0.94438202752162,-1.68687243704712
-1.97510591947198,0.414779189774266,-1.15502562301617
-1.38928798122436,1.22419588198013,-3.54513418085553
-2.98555783581964,0.496800740528139,-1.00269342002719
-1.25787978571538,1.11174684656795,-2.95707162379931
-3.45227554259364,-0.838812327814337,-0.207669848420875
-2.86012544192937,1.52226361696378,-2.98133014823926
-1.57216761586776,1.08562835161245,-2.42854684148324
-1.54100514411691,1.28300602223065,-3.26228792065737
-2.43133165504992,-1.28018589354594,0.152849555067273
-1.91112320991766,1.50612972433936,-3.6798301101239
-3.22354938073557,-0.234199450021398,-0.299845793917006
-2.89985480810516,-1.58032600808958,0.205571431556511
-3.66421071164285,0.499646768221931,-1.09339781144667
-4.46221328696286,0.929178942772373,-1.72414957873247
-2.01212056374381,1.11035690484402,-2.52814201137844
-3.06195112449241,-0.400237553057708,-0.258548824492038
-3.526825166606,-0.270515676247155,-0.405104685570431
-2.89010974063632,-1.01407072677545,0.180959473184366
-2.94520420169274,1.44042069332305,-3.67403248586727
-2.48924442660407,0.346030797088722,-0.750783875693013
-2.81550019404209,0.128519829547785,-0.558845528646768
-3.11150297586833,-1.31879299873248,0.340327477019144
-3.48282791796049,-1.48514425258558,0.384606473358065
-3.55352578575677,-0.254851113105223,-0.333168120824275
-2.57881621708965,1.03239733517207,-1.86837216644231
-3.14176001908485,1.38106148385999,-2.54615135697689
-1.8622153757813,1.19112451649652,-2.54709154343515
-1.02266437483081,0.960225713023623,-2.67667865620829
-4.16370723527035,-1.82823358632364,0.481060637202421
-3.04695906913426,1.42993916562628,-2.68197207587791
-1.96907118827875,1.51009825640508,-3.61955609205457
-4.08314404734988,1.09857529964023,-2.15147716885306
-1.78511086170352,0.645783081750009,-1.15422431891139
-3.97209925242234,-0.389762557036885,-0.291448963900734
-0.384005824718213,0.547668258120245,-2.09885607262362
-2.69154736523874,0.5686947779127,-1.06686944043955
-2.12244939308479,-0.976886770731914,0.0536195761647063
-2.10156217048701,1.44165747695395,-4.16560869810002
-1.0423420894657,0.522704097631986,-1.85702681628489
-0.791045110555329,0.71286460416102,-1.9246628678156
-2.06447785867595,0.437327066941408,-0.951073424034504
-1.76526399031385,0.868054091771102,-1.53537505863835
-0.8595807025312,0.851271994471153,-2.47463670694557
-1.86589176008559,-1.16773604221436,0.333900969968964
-3.50925132574298,0.556198182175122,-1.42347662427999
-2.29042086432604,0.493666352615567,-0.921675524791353
-2.37898937700987,0.842778232152188,-1.7318202453318
-3.34213364999617,0.931796585691019,-1.66738370976292
-2.22884443764328,-0.810041621969941,0.185531070503461
-2.15517108537226,0.0868524901012286,-0.416291359667631
-4.47448700174246,-0.97880990194224,0.0338125608256573
-3.35369117406154,-0.323708138426275,-0.250121165823658
-1.31727606516867,0.733239639078883,-1.71043284158005
-3.9541164409167,0.704003515062372,-1.70144596941714
-2.04183098361311,0.266393957374824,-0.594841735650911
-1.84593390081712,-0.920033387292931,0.254699548854465
-4.30215667034786,0.967341391045106,-1.78890674845553
-1.02076219783426,1.15751705287745,-3.93236074083479
-1.4812920556914,1.28811412222366,-2.91490806376949
-2.50906832619063,-0.66330579602072,-0.129988380803376
-4.39842507334201,0.107426958888478,-0.802692768051649
-1.02845831071198,0.722580369305268,-2.21566748133451
-2.58591079594671,0.425580413457861,-0.862416219296049
-4.33673058124825,-0.744785373080462,-0.237070689688863
-2.0368290523155,-0.326798641900372,-0.0595360268522704
-3.23939545929071,-0.216945397651713,-0.315952882031197
-4.31307226699461,-1.33931695796905,0.249618693802644
-2.20151561479135,0.509648277465446,-0.802432486023116
-2.02627256193327,-1.03063097088325,0.286948072377985
-3.9748495244591,0.506874503701555,-1.14404565798569
-4.42487663487168,-0.945950737332899,0.0202452732405552
-3.54718851320628,-1.1873554465553,0.333655220617518
-3.98230996569192,-1.02818693127692,0.120409445973194
-3.36659667932863,1.16094619474911,-2.0682352168665
-2.96535262981249,0.611690834620908,-1.25481620667014
-1.93243610307751,-0.615035223265854,0.119313789095339
-0.319279939687063,0.4665946448196,-2.68619163340555
-3.62981698073154,-0.0915845758254281,-0.480312237972917
-0.894977790691633,0.996627027003905,-4.08952964389225
-2.91238643994238,-0.898958573992112,0.174528298125276
-3.47287544292895,1.0513683828414,-1.3777189485643
-1.80476817655595,1.11671079278553,-2.06053802443236
-2.32226853090382,0.353870463900242,-0.861199736370952
-2.26548723602824,-0.286809588066204,-0.119033851489708
-1.7123567763453,0.754195984973822,-1.65520873887899
-1.10815947480766,1.12998272607538,-3.82240323724046
-2.38793656697864,-0.524297185924911,-0.184047582353421
-4.3985259997742,-1.44489159110917,0.298304284416713
-2.74560184757595,1.41914030311489,-3.23210240161004
-1.84149330389111,-0.974195432180206,0.0926576705796839
-2.45219523766959,-0.299720811390448,-0.083975063511152
-3.77297931717855,-0.516864907713433,-0.235492670113044
-3.89397521794844,0.337127757860698,-0.848718210706331
-1.08953528206903,0.950577460525933,-2.49353256969107
-0.838658904727201,1.05836833970451,-3.71503958452452
-1.13753669437544,0.756667354700008,-1.65481550689877
-2.60002347452425,-1.19578301025585,0.310656953803495
-4.1681716888429,-0.799106038072326,-0.0374916616496991
-0.818816441734311,0.896377206592903,-3.10361136661871
-2.35205430469279,1.40621695374395,-2.90161978029
-2.60137675354847,-0.208405424176736,-0.226740573738638
-2.13815862003726,0.101764161591264,-0.428580693197365
-3.37402286962899,1.33289599286639,-2.29678351637846
-2.74192247580623,0.844391427715806,-1.50226050263653
-3.83505824341559,1.08684367682025,-1.94214645970815
-2.36421197783186,0.1433023504658,-0.778144532837216
-1.31363909596981,0.637081198638757,-1.30434516338128
-0.839397105521445,0.53549975726233,-1.91401157431463
-2.83546800908779,-0.723144605620012,0.080764269860613
-2.03209568603827,0.162125102657639,-0.475337333892627
-3.2546085687765,-1.14325312587632,0.252636601988455
-3.93874638733652,-1.5938162973833,0.410056794454652
-1.51779929850736,1.02615214706096,-2.26602229523315
-2.16817309620501,-0.976502780451942,0.260165025985501
-1.33437220705108,0.787577990800267,-1.61480866623945
-0.951550246559733,1.1501667937215,-3.31026886655821
-2.13405726937334,-0.322397449511443,-0.0758314970866109
-1.98917491184206,-1.02484509837936,0.325346531699158
-2.90990876392935,-0.854149240561714,0.190437351757434
-2.79917471897872,-0.0549042083289658,-0.20494541414765
-2.13748461807288,0.399318629163556,-1.25363685229993
-1.87234651186075,-0.793337035900529,0.204691045974568
-2.079226285403,0.291151364958046,-0.629692241262322
-2.95027893764264,0.609840171240802,-1.62891964534131
-3.00985788572793,-0.638249408447283,0.0106350341943341
-2.62141644467428,-0.00409912016894065,-0.402060776470459
-3.68972486082395,-0.606449253244904,-0.0982519392405539
-4.11380670715147,0.425651229674817,-1.06958032030196
-2.09164081031002,1.60266200509259,-3.83903496793002
-3.00335388890392,1.289428630622,-2.36455668513361
-2.18871432834816,0.498253396204553,-0.919027874395942
-3.57268839094122,0.812207165200074,-1.38792639582607
-2.32704811493342,-1.01020180912341,0.139557801359821
-2.75777053452486,-0.732810839887028,0.13051770263355
-4.6740815091582,0.091736359030353,-0.809046941917152
-1.93047709709524,0.849719556337844,-1.14188247526998
-2.20447890324936,-0.00755111008880377,-0.419817669115439
-1.70598451252914,1.41471144309212,-2.4077522413993
-0.988141695509752,1.07576506059594,-2.52639414860984
-3.92146956997191,1.14965261161966,-2.28605871654939
-2.53855013581118,-0.818802617346076,0.162101140438749
-0.607344320108533,0.694469391110581,-2.26099179613397
-3.59220412778461,0.236351093318452,-1.01481856259561
-4.49392659418017,0.398922239709381,-1.0949964792165
-3.69404572228135,1.00986427804974,-1.81047819673735
-2.69718202766549,1.33600762036584,-3.86204729964357
-1.83662373197915,0.432674607992366,-0.792680794938803
-2.4530721026663,-0.868548123387077,0.0557834005993612
-4.69424589608686,-0.377553847463337,-0.408004996891323
-3.15987323917776,0.565587765819363,-1.11307564384274
-3.92745916236897,-1.48778841644308,0.433812433599943
-2.28076266327408,-0.0753134203434266,-0.286487380215335
-4.35554410414212,-0.834358341040635,-0.0674614061397423
-1.90613143795952,0.446608410921412,-0.819054798335686
-0.74656832068249,0.80692495185288,-2.51371772109273
-2.54337044389529,-0.628422199824968,0.271509924026006
-0.853458443173389,0.81923709959809,-2.32358655266164
-2.51846115165772,1.2020076984068,-2.4255659592401
-2.37927764483035,-0.622292683932748,0.0526233533731589
-3.27260972552662,0.266834140587311,-0.771688845936641
-1.74292575118799,1.03548719162089,-3.47944693270067
-3.25479552079657,-1.22071032800944,0.0525109427013924
-1.28403329681553,1.03385979393239,-2.56511765175679
-1.07011853093407,0.900627832061486,-2.3084733974652
-2.76682949390681,1.32406557232889,-3.09779850923934
-4.60396061274679,0.239239990652716,-1.08729920586938
-2.5275148977079,1.2354817456519,-2.34643171401208
-3.24983301666783,-0.57456723717983,-0.0601114014972432
-3.98236769590522,-0.360135510524575,-0.315416167878258
-0.52266305320362,0.283366769776668,-2.52870185426116
-2.68500662102098,0.162894498045555,-0.57398362573815
-3.87636014995785,0.209193398554502,-0.802004474052686
-2.61890170717056,0.537547980422806,-0.967183408021853
-3.5155348345319,-0.22526589634008,-0.610664231721187
-1.72742142149892,0.543826904863412,-0.967122080526047
-2.52127768557018,0.233671039785885,-1.07362848412468
-3.40227296238003,1.08873527018001,-1.93597426670345
-3.47699614124716,-0.140626597831741,-0.414835230191424
-3.26685887740303,-1.16950144194636,0.21749774027365
-2.82862113154304,-0.271132918154677,-0.212390764088441
-4.61306745033006,-0.837829181765617,-0.375384634693201
-2.7371805334911,-0.0797643476658321,-0.352935735078516
-2.29090526687283,0.154207079482943,-0.228797031058342
-0.979279945829933,0.749854187176488,-1.79539228433482
-1.64773001486499,1.32886922771747,-2.52562590713423
-3.02535784776486,0.105942990243462,-0.51460100997636
-3.78766199190676,-0.552668826294479,-0.388225316231218
-3.49776185074999,-0.184210093511595,-0.245848831085911
-1.28332166683646,0.976321621967111,-3.1479743870433
-0.557845267089763,0.800503000890347,-3.08077390467725
-4.17526326378626,0.761384919010351,-1.4893692571701
-4.56635311505677,-1.35090720640689,-0.00859594513066858
-3.23554733638293,0.818671165055029,-2.11236909080479
-2.49284586297835,1.02169966916334,-2.5193658006498
-2.16850141681827,-0.630897960061864,0.103746797750307
-3.71143504742778,0.0404728963929613,-0.671821720189102
-2.40663913288465,1.60745702148207,-3.75974186370908
-3.76752798344573,0.174404937465309,-0.865682338763042
-1.69734636754862,1.39256919843247,-3.81549638182393
-1.58649481576262,1.16776949414351,-2.76230072813919
-2.21187932870144,-0.66359281379496,-0.235886840026197
-2.89315279281459,-1.37141861423533,0.373324201834736
-3.87940341800946,0.298842133386642,-0.896022129063494
-2.77045891813328,0.39332636231993,-1.0282240432555
-3.29463858891158,0.169984274187796,-0.570143508895342
-3.82193499433558,-0.882674888832806,0.00568739478892283
-3.65272742591763,0.654572476730642,-1.28769995646088
-4.35412292862966,0.413164875124396,-1.09029014672136
-2.42906098149251,1.24490261963709,-2.40322386410695
-3.68132545359375,1.48987231691371,-2.59104407767999
-1.87763877826294,0.517099318085215,-0.926373787687961
-4.41675643564517,0.575992172140785,-1.28642006965884
-1.24976190038361,0.719559502802136,-1.45796465188428
-0.848765720919447,0.929878098406551,-2.92775543929715
-2.59422485674194,0.152553708203428,-0.522228484289771
-3.32426354053719,0.977317067176827,-1.76797421874058
-2.27116399383712,-0.969013298536237,0.251025619173013
-0.377375867703358,0.351486648371883,-2.11807253105115
-4.18971377014106,-0.6603785495717,-0.082549833442777
-0.647799294583912,0.684101368996016,-2.0923886139683
-3.15328589152904,0.10775943358652,-0.590058445009097
-3.07582558386777,0.111908757154884,-0.71536000503303
-1.93332728822225,0.4920189643069,-0.889893519604234
-3.62484544586717,0.734012358613767,-1.39217711449417
-1.83902317551013,-1.33541122002804,0.55469351540495
-1.72869804676813,1.48785326021859,-3.87832990589504
-2.61349080556963,-1.13522625750849,0.297020092812603
-1.40721296383528,0.94621742709458,-1.80121142451966
-1.01071846284185,1.02448367788084,-3.3713834643402
-2.8266117857395,0.443339838772942,-0.77030912203827
-0.808693717908942,1.00221433007826,-3.47047137653469
-4.71345559678984,-1.18008548684595,-0.01445284089972
-1.31015183366923,0.960058950880203,-2.67157367079966
-3.25556649042311,1.45169651060971,-3.03525320615856
-0.954504043769555,0.762827861829276,-2.92868019860382
-1.59819424260456,1.04375039998994,-2.25839646794039
-2.71716635014014,0.907569982747631,-1.44438092226259
-1.8558252998219,1.0971332315195,-2.25129309262735
-2.62456404112056,1.59004610343954,-3.30295136548713
-3.79065907252079,-1.65801319393888,0.355702596468288
-1.73312374566371,0.864103085095156,-1.65195587058729
-4.25500444661933,-0.33100133749754,-0.37859025108123
-3.03822805149908,0.445909827512398,-0.945216941555004
-2.77908506139614,-0.23418335631298,-0.275299972393782
-4.57361137933215,-0.0248934421262221,-0.685384167633496
-0.642016881259351,0.887316257256713,-3.32694479386514
-1.10971053660181,0.943872389292203,-3.25001929345398
-2.62074983027437,1.51598372283393,-3.07840894244435
-2.07754404383551,1.26410681112701,-2.63172787056077
-3.22757059740088,1.09145528569289,-1.53213106336713
-0.46161077351782,0.603074496136222,-2.17171491431526
-3.12060126623783,-0.855929849392813,0.12177494254325
-1.79122090476664,1.42125462386149,-3.48931773972341
-3.06512793295344,-0.422607036901055,-0.282646830989279
-1.87580737096319,-0.976836467206419,0.27356740040898
-1.50790360077039,0.638231801157582,-1.16687882392357
-2.1567382479608,0.942489988764552,-2.7432057987342
-4.51841951192089,-0.0638850651907813,-0.873693968191735
-2.06752704638541,0.0838216957284811,-0.576369862499781
-0.89893718412509,0.634805069216363,-2.51350376255726
-2.41018865619609,0.411013852647018,-0.822315063818471
-3.28038732518471,-1.49556402926361,0.218903306010601
-1.0828996872323,0.742193212996879,-1.83483873165632
-2.18241174379866,-0.755838004991137,-0.0184206495922371
-3.93238393214696,1.16520315850361,-2.07611636734065
-3.73768381667533,-1.11906337333582,0.0808443265327512
-2.75593734910103,1.43958132957875,-2.72302650006518
-1.29416323998796,1.35361209407075,-4.10879144620265
-2.46329702453878,-0.251919526721551,-0.0774737555460722
-1.94217740956126,0.485296603493527,-0.880144187384677
-2.436218767692,-0.402696948766464,-0.368799842733724
-1.56026245558669,1.15874532905329,-3.89601295307197
-0.843070347417138,0.878402887056995,-4.2274785170796
-0.986652757097215,0.890231804490301,-2.40581637655324
-2.88592087897922,-0.222098084515211,-0.330231141034424
-2.74535209794786,1.39186641564461,-2.67647281356044
-3.22782039018813,0.990896097358985,-2.07578319077813
-4.1425017298697,1.08798943921288,-1.79735842116071
-2.31073601102912,-0.77754095185653,0.16320574726624
-2.32540318860792,1.53136655782879,-3.32944271941262
-2.66706461410139,0.868013372001215,-1.64665485389269
-2.76890273849997,1.41471387428936,-2.62338341976532
-1.33429055381054,1.08072086634641,-2.69295025371727
-2.32117130069179,-1.15503581452427,0.319604001765818
-3.51218760753865,-0.759043119894808,-0.143184622779309
-1.62073861112233,0.903608866583792,-1.80441092365601
-1.15497773682483,1.26466903548443,-3.85835167551485
-1.159130837287,1.20115208638568,-3.61926830133546
-3.7570459420135,-0.816567468945928,0.0252247171277455
-2.09570057672847,0.579748290958807,-1.0381624076777
-0.736227858884572,0.916730350988822,-3.18575596388969
-2.21408145670463,0.21450214896721,-0.973177781404865
-2.23785225958747,1.05889837741467,-1.99085283348935
-3.0929834771453,-1.17219131555726,0.153786972928649
-1.25119409368145,1.32835868020684,-4.08003249464275
-3.41253542513319,-1.29507819467791,0.308746335279258
-4.45527626813671,-0.673339962441412,-0.158130303128944
-3.4610955800592,-0.405257964881943,-0.205491688130701
-2.9089221580477,-0.469137073169898,-0.0834180997805029
-4.11486394092978,-1.50926446923419,0.185952289598022
-2.29930446225455,1.04903278691972,-1.71628957794631
-2.17392428032545,0.680204826995701,-1.20975280107155
-2.59640086544558,-0.165327627765498,-0.260101451502284
-2.09961296624084,1.23716524534786,-2.53454566647462
-1.85443699728346,1.16269530360738,-2.45919426534673
-2.4095028443602,1.31473733017006,-2.7967588866687
-1.66013884505138,1.10066649741668,-2.40248178322594
-1.42475698209896,1.28333281756872,-3.4635927548795
-3.35072885252464,1.30797381885847,-2.3580419211239
-1.47265497629713,1.11470726335764,-2.64781750346184
-2.54178351167778,-0.0294101807051372,-0.366913031189449
-1.37324777390498,1.10600993122405,-2.74470037911959
-2.10278054863804,-0.519408380096354,-0.0859827091547079
-3.01043002145999,1.1022053813744,-2.10669926075494
-3.16279027742054,0.353055075006976,-1.07525650751325
-0.765394691244305,0.724785591334707,-2.03385476447442
-4.04030687410822,0.885566859286729,-1.31391095895421
-2.35538927836014,-0.372211022154178,-0.367214917043765
-2.4046190404696,-0.147505124275188,-0.394006565919721
-2.87318481597492,1.45914833986008,-2.80754876573839
-2.72544374590658,-0.991515347264583,0.213215664702099
-3.82218633826946,1.30870012510912,-1.9768187324876
-1.99265251499977,0.024519983321501,-0.331147730269543
-4.02420571800394,0.345446746248923,-0.96768961369023
-1.03500179260213,1.07494849768538,-3.2447928838318
-2.36726841500343,-0.725772885111202,-0.0772985261257061
-2.84640356596513,-0.365446625941358,-0.201148180362381
-2.85469276229405,-0.789878631681144,0.11509196164555
-4.01504134909838,1.24901599024528,-2.22161696973993
-1.35235312870928,1.00983133621596,-2.41613735477855
-3.4849221037227,-0.219722105341811,-0.350869044878785
-3.86261855860876,1.02657744417157,-1.84616816965929
-1.82098040851749,-1.11893899906389,0.144729103055064
-2.78085095593159,0.126406607241677,-0.74924459393782
-2.32601348000025,1.21540147817259,-1.98904177896624
-2.40275154039066,-0.462826227654354,-0.455704703772732
-1.90392664291573,1.47660179430516,-3.56707380257291
-3.76388360562189,-1.55119828279388,0.124628575507331
-2.08307987234665,-1.14615095748159,0.324429306367446
-2.20094298113506,-0.409742658878608,-0.0275076177764482
-3.01559052000851,-0.485086295827559,-0.08731175092888
-2.55114422051853,-0.0332553080791651,-0.364933578154134
-3.44952636861948,1.32988539417891,-2.71893905303145
-3.5711779534949,-0.0779864784647057,-0.483114344616965
-3.48380542290752,-1.43231249509039,0.362704458723058
-0.598711508541369,0.503993938176708,-1.84054319421766
-2.83405585708454,-0.692396203416838,0.0182450422289681
-3.32637147218332,-1.22237153182703,0.283009843724592
-3.46851260391057,0.0906372454847162,-0.621959555178303
-3.76938083573435,0.535306894943542,-1.14068959224519
-0.934194222554584,0.962455766986744,-2.88793013518325
-1.8354561760916,1.09141759576351,-2.24598386954622
-3.4210486288224,0.627843201843866,-1.22564867836535
-2.38208066115567,-1.1579659597432,0.35586321958414
-1.75398608068714,0.620734668252661,-1.3838686779356
-1.51171531786752,1.00847980104822,-2.2093004968371
-1.45097478327055,0.684054157387016,-2.45388962534333
-3.20382494853834,-0.922480031064874,-0.0322655936339232
-3.60002149141022,-0.250302157966274,-0.343785171118441
-3.58377711859837,1.33628521201768,-2.39535167507591
-1.73666707695073,0.0610300002314453,-0.851812400441017
-1.0328911436274,0.812186936147499,-1.9812103086819
-3.36519001305608,0.108563936123937,-0.666794713821901
-3.06461276760737,0.851005284374917,-1.52336750761624
-2.58699829031183,-0.214182414831726,-0.388461142406865
-1.33874120267161,1.18935010093851,-3.7345506270909
-2.16333560486541,0.750301884744354,-1.3370753870233
-0.862235693445276,0.866452728280515,-2.54800903360405
-0.998295563443576,0.795251764704352,-1.95797580241592
-3.17577184739941,-0.422948167321044,-0.152087414480614
-1.2213992715772,0.781041012923207,-1.6699341434571
-3.39938347443361,1.04076143910197,-2.28630069148314
-2.97443428411025,-0.480580408594214,0.0850587561103915
-2.22748366277863,0.413709598607047,-0.80459886561858
-3.99485470407936,0.038837725251671,-0.654242682616305
-4.09236052099683,0.76809816001665,-1.85921897056512
-4.05762047806464,0.215826747105134,-0.868943887813571
-3.32965975298904,0.712538308415361,-1.73854649331326
-1.82883752448751,1.42209107375493,-3.44172434961633
-3.48517376875972,0.54787193008241,-1.1098525666074
-2.84626858694172,-1.16376205262287,0.293626684385093
-3.06100012414144,0.930111898430279,-2.32224024135011
-4.1188718484283,-1.18466571910634,0.189908294987662
-2.8878066874705,-1.41495191417402,0.389649598893371
-1.88068678021026,1.30523607905772,-2.92897275821909
-2.05398575131447,-0.975031254327982,0.318943848870216
-1.19580486925658,0.69856407567654,-1.8650108377115
-4.82778892142033,-0.561434663471407,-0.205347812343546
-3.36575662712288,0.267378652651126,-1.07457199848645
-3.56258672749676,1.50447760122546,-2.46006975028421
-1.90787039284625,0.63542609037969,-1.30160881989721
-1.02931054690964,0.847146906461914,-2.13576344067744
-3.26987743657733,1.16309056823161,-2.07604053817967
-3.48244257353335,0.00364576581860443,-0.542422585415783
-3.48195580598895,-1.11024799250232,0.145505783696079
-2.4116569502659,1.15638083374771,-3.07093806415305
-2.03380979174579,1.27710449780339,-3.43886616943332
-1.72945544597028,1.20593132599453,-2.71409150596322
-1.27068492225515,1.04936796842013,-2.6522211538008
-1.72760015091227,0.958615829048211,-2.05057762257732
-2.64681586185324,-0.327307205024511,-0.151006820320066
-2.06140106608279,0.41364537085815,-1.3917709361013
-3.46174630119269,-1.40068319794137,0.238546879635848
-3.50688213032082,-1.32414807738003,0.479646064859017
-1.81903348136512,1.32454766114066,-2.62016393829681
-3.2475816978548,-0.828676888695639,0.0927416890410132
-4.13096913201055,-1.4702949842277,0.47944779919572
-2.75453378321756,1.19958080286531,-2.99034327648991
-4.04014479787046,-1.06117932181787,0.132124610100273
-3.01311009557323,0.496503027751582,-1.00567849241391
-2.4735834612892,-0.0745489633317065,-0.316823965450346
-3.0155189811185,0.38813411096476,-0.761326751121574
-3.0708996612677,0.915653342833565,-1.63097508228197
-2.02652654172871,0.27246569697839,-0.600050330967112
-1.85095466181735,1.50260289578341,-3.75038341430116
-2.81939801329514,0.0940171825795915,-0.519010436229609
-2.57968162983403,-0.672142335331239,-0.131228042030396
-2.51869241453242,0.109526472450751,-0.827962214365623
-2.28633618078207,-0.355119164579905,-0.221024244742422
-2.34144967627636,1.60968279446375,-3.59100028934012
-1.10997676476284,0.770053206885733,-1.72760202428997
-1.20626316800792,0.815573273825468,-1.80106578168637
-0.999821745413981,0.596463735976736,-1.92212088679573
-4.47887115544236,0.639521262818746,-1.37149905036556
-3.33407044047387,-0.595382856316482,-0.118178729730391
-2.57190026709742,0.590494285991881,-1.08726763653599
-4.03357217731174,-0.96229742340349,0.0322233910077378
-0.762964872028879,1.10723577147154,-3.7233260663063
-1.34860960595047,0.79056838465121,-1.61557968365259
-1.52890832318918,0.455617458880471,-1.30927184112163
-2.44638423612056,0.168364846525238,-0.840725109614746
-2.24809247916015,0.80533855136511,-1.43824856679053
-0.841406125900233,1.00893106258495,-3.69816161967024
-3.10566120053916,1.33784903600623,-2.45515196672912
-3.04623184295201,0.575261506052139,-1.11308740178042
-2.10317501238105,0.984791856834169,-1.98981090938906
-3.89281993358782,0.304800075890186,-0.692293193530346
-3.16031700965566,-0.667116149312163,0.00932892668802116
-0.415917538088206,0.44957541889049,-2.20565664798941
-0.694771348051403,0.51609250426006,-2.7434363100193
-1.90426592010286,0.664042685691216,-1.18372290958204
-2.69988015660129,-1.37280303929956,0.340889369844566
-3.2038530385567,0.355966636167997,-0.860819375426091
-3.40328868988984,0.471956359789358,-1.02509044749252
-3.19228742380198,1.17391031240701,-2.1012989502962
-1.29368130478811,1.6359904543053,-4.14992610467915
-2.66763510724919,0.371775377666512,-0.80573842776756
-0.60324501436983,0.651102227583625,-2.02606371827324
-3.74987886224717,-1.67738211034011,0.229369291040831
-0.69798654745986,0.522131067081335,-2.55405222839653
-1.74980935424013,0.600854971502409,-1.07020350437566
-4.06184055041165,-0.762712477593043,-0.030679290307259
-3.62802847546057,-0.879002127984098,-0.00546332530636806
-3.99221708848354,-1.28563747848889,0.253921246721875
-0.582304363035702,0.811375714147008,-3.05966448177939
-4.03456430383855,0.335837153792852,-0.958788290027464
-2.49123912532966,-0.251994461943641,-0.548291978981077
-1.18581896674729,1.11537617312612,-3.80107955480842
-4.23075190334815,0.275379001570935,-1.26845499329702
-3.87054921775532,0.161114095550106,-0.752726937708517
-1.64184376673257,0.872675448308553,-3.32565330800774
-0.968664814358644,0.715304191064316,-1.67085683477896
-2.04482948861747,-1.16222273578554,0.092322917864664
-3.91784718100635,-0.0825836174837831,-0.532614344367625
-2.9802359946203,1.61709357672197,-3.19198972375625
-0.640319566052008,0.813374667908776,-2.22643001935795
-1.78061772912039,1.06358060024494,-2.58241678517342
-1.76770590565689,0.789648832814508,-1.71953770533888
-2.48222621025204,-1.40037638703983,0.397793703818684
-3.31640026566102,0.739504463457435,-1.37003191576407
-2.27352737342676,1.22440076325008,-2.40939270505326
-2.81184690167999,-1.07457833190917,0.0863320954352115
-2.57412999484232,-0.691628144545453,-0.153796244684388
-1.59257118219957,0.827301497892024,-2.02578267212328
-4.76100920368326,-0.230830141551078,-0.480100316800695
-2.00379555650834,1.45251037377823,-3.3514548716771
-2.11100197212076,1.4655744481923,-3.33494327710716
-2.80026308793969,-0.00273077890904494,-0.430993247436845
-2.70705578902575,0.455330129933779,-1.1020082257145
-4.4215180046193,-0.463384796881757,-0.47692943228839
-1.8932777277413,0.395085843394751,-0.743487349462367
-1.65715050778168,0.385791052159182,-1.22631009582017
-1.82218228277975,0.665656847277237,-1.19077743671619
-4.01880039555318,-0.265757033031887,-0.394681043490921
-0.712824551361415,0.806890331063666,-2.31557444138542
-2.52978122976419,0.729535244308219,-1.30197188873444
-3.90653637076464,1.10310548784194,-1.97177949694573
-2.04274028568898,-1.20105323170297,0.342587142814278
-0.655452331969033,0.795316312289562,-2.71034866507876
-4.02164502554801,-0.449509310486929,0.0251307261983352
-1.417717729236,1.01266498931143,-2.31431813698317
-1.03482339947091,0.966701512487574,-2.68400297598607
-1.99241698991547,1.29132287816402,-2.78192546939543
-3.65907146299411,1.17300868181923,-2.28199645627469
-2.97297915741275,1.09745616910847,-1.96518857522531
-4.41583921911567,-1.64617614622165,0.386281587465836
-0.6557010460093,0.739841983024345,-2.38383446115487
-4.25867049595434,-0.677588877339601,-0.224687409130699
-4.34060512468189,-0.6513199807131,-0.157245995939626
-3.72193051781831,-0.951771841086492,0.10743326296991
-3.79759189774787,-1.37764466183385,0.31495631894434
-1.59831006542231,1.05147349101685,-2.28471995336354
-2.58080963571097,-0.411063725400708,-0.0774477183499876
-3.58466954783867,-0.729232185256091,-0.00616313134488182
-1.63407668233014,0.697382809965423,-1.49075355546628
-4.18201109080078,0.0459588658984809,-0.689839256168785
-2.26916714646037,-0.559407643903881,0.0537841373599228
-1.7578601230544,1.40014597961744,-3.44695381171095
-1.88896617276503,1.36524851978049,-3.37097703489012
-3.0415854846311,0.527885760017501,-1.04970702873238
-2.36997205226491,1.25664070028081,-2.52344561753072
-2.4840492896472,1.10063856898627,-2.70527048757246
-2.01572958516946,-0.663563868195461,0.135266963898561
-1.98006023149741,1.30322171806141,-2.83250465658073
-0.962709229818887,0.761038822348234,-1.86348106485795
-2.232641206722,-0.331447290988559,-0.0259232047585358
-2.01422107453964,-1.24709447525385,0.356553796228878
-3.68844737037697,-0.76260151155266,0.00116336426503607
-1.16697860678181,1.08122518897097,-2.98274795023087
-1.57195588379263,1.33054456658473,-3.42498692783186
-3.1016024959261,1.23492061701975,-2.35905098402286
-2.50207873298185,1.13102895021494,-2.09964011044982
-4.60632204224988,-0.724606077739695,-0.144306199098136
-2.63979621875492,1.28353639939061,-2.94032757489316
-4.6562346472526,0.137773300050922,-1.11621419369949
-3.38768281974837,0.658378207347603,-1.26311842056374
-2.77252173392157,1.18742842815385,-2.55500684538984
-1.93473656007575,-1.01034636772203,0.0894295296602385
-3.19399592563633,0.223817750428533,-0.714135521412319
-2.54506588061057,-0.462572949093424,-0.0389681799584547
-3.45225940924203,-0.0237891269255084,-0.512831671611646
-2.52048911221689,0.0413167426328973,-0.633788396640585
-1.98190761171064,-0.562977302069207,0.0876646559073942
-2.82793488213989,1.1490657147041,-2.08468220130235
-1.07431342170328,0.882764368528358,-2.22293111662387
-4.56609428443492,-1.06585189387733,0.0739357892268454
-2.78219688972626,0.256882454236739,-0.68880016461141
-1.2674137732132,0.585853717951402,-1.88737378034292
-2.03661351598335,-0.665656095817671,0.13433871806477
-0.950801404388653,1.10347989084749,-3.64395977240935
-2.11517429867657,0.335139407174346,-0.68891427166419
-1.24229133852677,1.19745579117108,-3.40747545410576
-0.573600078739384,0.587159055761672,-2.40476142527071
-3.84534739880321,0.404771029367316,-1.00757765768005
-2.48711222719305,0.137041015610675,-0.82745076826496
-2.9177544885392,0.798789078104731,-1.9446098790357
-2.81163503187676,1.41628604195769,-2.8381296983273
-3.40127607362056,0.950279152672569,-1.70013958613326
-3.03061314310439,-0.952498416173931,0.181119386070385
-3.17800141615591,-0.899864562900435,0.139052116470431
-2.78258874338676,-0.620274483192874,0.0279057187514366
-1.06648400655295,1.07643036333297,-3.22014668129259
-1.03936916670496,0.908008854168455,-2.3938182681446
-1.66698433237137,1.23428046998548,-2.88830437061545
-0.550349924260859,0.796767100964219,-2.8998415168133
-3.20169736874524,0.466274670451789,-1.15138741503345
-1.05979202246729,1.0710929025397,-3.16411524717517
