1.89185632213662,-2.65727270376337,0.280149102499564
1.3814342523718,-0.930449163679104,-0.0210353607869278
2.29186582649466,-1.85923882091461,0.942728793416294
1.52954459211139,-0.604344928841353,0.0845065237480229
1.61700363701166,0.831628093485145,0.151014858537094
2.12582401404618,-1.31107199150499,0.547940046288522
1.98559424165974,-2.14745338851195,0.338935308544024
1.3891584532747,-1.96219630004153,0.0127552318930428
1.5369111467277,1.93331181820038,0.0879048329109732
1.8674418446268,-0.112470255429027,0.297012571997975
1.38195182170224,1.58886833243487,0.0178537336070426
1.43088076733275,1.04982286729813,0.0343466234581282
1.61366496501654,-1.88620075233507,0.120991134073881
1.57316395180214,-1.57087953760294,0.0679306978524243
1.46946671858844,0.988294223012903,0.08129848122358
1.5220335371596,-0.702534279694807,0.0608288199037559
1.62570140392765,-0.981356083113786,0.0566598082458027
1.67707030327178,0.468254505449737,0.132747180997256
1.56784158056428,-2.62719269543458,0.0679186544365811
2.28290131804258,-1.99916786557669,0.837132420429829
1.38241844086042,2.09440552804991,0.0402229928166345
1.18860579105949,0.139654832048687,0.00186095278791274
1.3247338790054,0.820088551080928,-0.0046914687027213
1.6930954947606,-0.471776054123478,0.151870140114698
1.97757329099475,-0.445220859522427,0.390064215933171
1.56121638416195,0.0996692743996084,0.0967638979502634
1.30222208825433,0.726251598429238,-0.0288898505087039
2.09635920711397,-2.66400925286439,0.450551317372374
1.95582153145535,-1.42534490794253,0.333294148242812
1.54248295447254,0.833237053860328,0.123956291802636
1.82327545314571,0.169249269115531,0.260146639704433
2.18803709412154,-2.53962004742386,0.564655049306155
1.49326589968197,-0.736211372898719,0.0488808108353043
1.53900569291036,0.459211051660479,0.122413514108753
1.5303307997453,1.39116461208762,0.0842642324376741
1.30693513909752,-0.463017311806187,-0.00952201052749002
1.82227179467998,-0.0152552517661466,0.277580214846854
1.62342857734113,-0.274674044175544,0.184789378010328
1.9694133000618,-2.23100709771203,0.32133460348364
1.33357242576093,-1.4592311686693,-0.0013809853339215
1.14559879908576,1.84175980002231,-0.0509221727679154
1.6548212573387,-1.60968675501936,0.11768764268095
2.13721649270533,-1.57848201512111,0.481108520498208
1.88723730394869,0.498089367786217,0.387798650393993
1.87570352068823,-2.63345021106878,0.234789195811242
2.40402452962608,-2.63822557739301,1.0997167792448
2.2466794767148,-1.73120614139226,0.682008941106263
1.94147861207739,-0.45861492181812,0.351161116802932
1.65572661370782,-1.08864090258583,0.121451648485018
1.64117746433028,1.18158160954921,0.146524121843882
1.8067957677107,-1.38783846471494,0.222050908147799
1.9690404154973,0.100881207991941,0.429787691109897
1.67194685565312,-0.902690359676585,0.132901646082246
2.27951383415597,-1.72812119293242,0.667610477348179
2.1187216925403,-0.886675295197135,0.551309910007246
1.39805143218239,1.06621656877805,0.0572168505290329
2.18118389687826,-1.60636483465116,0.606369541890784
1.56123767826995,-1.92281499448831,0.0691912805783637
1.54992203083776,1.27579828291487,0.0934085814196715
1.69340904529403,-0.322334906032292,0.118556457247396
2.41399315172049,-2.30152021507839,0.966469117443351
1.35267901317363,-1.56679833208414,0.0032637249891605
1.43055315559228,-1.23236513322769,0.024816850491477
1.71932348692542,-0.0200957028545809,0.162513984759834
1.23576287313851,1.85300231528408,-0.0297706836387241
2.08029005396051,-0.417410138444096,0.520792593530799
2.44372744561381,-2.59985655514641,1.08614746365984
2.14206900058209,-2.33968425664021,0.463842497189024
1.56222460673943,-0.279134076979092,0.0824809115102874
2.31253185613828,-2.50006871134342,0.93500961616882
2.07670263127926,-1.57654087469002,0.441253402881379
1.8569283547363,0.0948233820896172,0.287548697003096
1.26735303678626,-1.05013743637653,-0.037827283331267
1.26148955233799,-0.810727237170706,-0.0582357515834009
1.68007851185321,-2.11865166511184,0.123194674624352
1.44534355369697,1.84548478780764,0.00653023061985887
1.17002270327365,1.86023640889195,-0.0458960715419843
1.62342082265354,-2.61985192772929,0.0906271259852389
2.00503339050822,-0.95209068241986,0.40090816599225
1.89410495671847,0.447285135446997,0.334193603256799
2.15504959912414,-1.45803825043297,0.655890652948461
2.2760343960742,-2.18241652167737,0.637528957953672
1.80652681568874,-0.549690524802309,0.228805714323474
1.56497100780789,-1.93597078687192,0.0666099144404244
1.78400591031702,-1.65585764803944,0.230600316606468
1.29330900219179,0.652307713759809,-0.0139362561796035
1.440219768614,-2.4982658711961,0.026497143829221
1.53527719892888,1.44497173107201,0.073392950248643
2.1535356499754,-1.48880391121835,0.569456260350906
1.79202934659763,-1.22733405984835,0.215531538414397
1.42910226981976,-2.66346789700745,0.0236032694022104
1.74652154919005,-0.246703719792324,0.191163444843701
1.59183037560401,-0.138417092797979,0.098801626513783
1.51907313693796,-2.04227893232166,0.101563532589778
2.20264025713074,-2.38459162505554,0.59260520213399
1.58372781262609,-2.34433169273582,0.0757660721118769
2.31418127734715,-2.72099984863076,0.737416737773489
1.85171287446008,-1.17006143768274,0.249532140949579
2.34815666209027,-2.5294682896745,1.03723721093704
1.40696390621537,0.276131427071329,0.00337013737284031
1.95852080883374,-1.07457475592493,0.430414446865898
2.28359884123273,-1.33633562972914,0.778013495361127
2.22327179876715,-1.3377655777422,0.759508180244271
1.98715637596498,-1.03289507319681,0.416019147433924
1.38450785477988,1.74261872999889,0.0197201693823537
1.75464447020928,-1.49081806084935,0.164537985936293
1.87793291228658,-0.532947735597034,0.2848610265972
1.89527960577579,-1.99039508907469,0.264385348498501
2.14339576753509,-1.68643589580806,0.58472644614299
1.47604650893702,-1.5919668181914,0.0746598075419539
1.51993672766525,-1.23918146703465,0.0566191523659934
2.30028271768799,-1.74479198350342,0.844572168560114
1.96241297939873,-0.234877898739192,0.381435649990889
1.45359004089146,1.9203836407347,0.0512591335775976
1.61871703220901,-2.11457302494884,0.0814515061847421
2.01108233038773,-2.36713640199942,0.326626083874161
1.44531613995972,-0.626790757175492,0.0436228954186255
2.39502879842165,-2.44519326289278,0.897809690307296
1.63324335928629,-0.380466215833465,0.118102814747173
1.39167858718675,0.821044487586335,0.0178502348374141
1.54516250122099,1.15732008915599,0.0979252154489374
1.41400238643872,1.88406471415033,0.0329485157395586
1.78543960846592,-0.259993312014693,0.219277464260693
2.03400701709194,-1.22178351930781,0.425445065329392
1.48392807229132,-0.648123837829273,0.0457018029525578
2.01640956319021,-1.10792805124724,0.407550789998724
1.96624422522431,0.203568869880098,0.403065724108415
1.38912293711983,0.64602468570509,0.0304291859432927
1.91806323463469,-1.42893431584947,0.276521573858761
1.42913375298973,-0.35670201329781,0.0721470116369033
2.40746899113871,-2.30055952567543,0.997872851432994
1.94166274933079,-2.70596227059568,0.284229771781279
1.8047644032661,-0.999161057170989,0.249615531211502
1.57092451925026,0.144197879223402,0.0448244198941326
1.39218622392123,-0.605439395415742,0.0335613937051866
1.47733801541279,-2.41111916472528,0.066297363298708
2.11822600709303,-0.714514123266792,0.576489896367142
1.46580630856948,-1.0819571008354,0.0370415941605882
1.73537834378471,0.483350903805969,0.198184185701363
2.34149619199896,-2.37488582730175,1.04311276398002
1.87955995449354,-2.21146832152021,0.24687551408357
1.48030216120697,1.15753701434526,0.0569027385411143
2.00137040136826,-2.17236776759449,0.369651162762216
1.96831781776672,0.00548822966203977,0.397418519341154
1.42400655426023,-2.34279079816242,0.0148116869396012
2.360099096051,-2.17755966115294,0.981553439211242
1.47019379525918,-1.68387656011191,0.0366472583994155
2.01615525215609,-1.2176942284906,0.38905198795819
2.1961555028108,-1.50893705907222,0.638448779885853
1.39305956541366,0.838965131304531,0.0184349515920832
1.71358614134801,-1.16574670441131,0.178920335369794
1.47045200326615,0.732546829417301,0.0489624912372368
1.30761377593739,-0.854654829018992,-0.00862808776012347
2.22628398961445,-1.98051746728858,0.659243480787222
1.59418418643803,-2.40698408897625,0.0796780687991159
1.34917916540648,-2.58347117707593,0.005259570378779
1.66553324429997,0.397673712051869,0.110225143478855
1.5270986323563,-0.151964263704487,0.067196109703201
1.53019921341191,1.06921288257643,0.131106848058972
1.87198921787841,-2.5268620414274,0.234327808783616
2.37812835678408,-2.68478875384843,1.10384119270238
1.40787367010443,0.159829662170374,0.0210761817354364
1.52618462445687,0.345676055555268,0.0711320664325163
1.37153583078321,-0.898314312679883,0.00760126660794946
1.56039236608436,-2.23759377023424,0.0343113465697541
1.91625822707795,-1.40951669955277,0.370238976911543
1.32809783529535,1.60481854768865,0.0193991774844629
1.83118095523026,0.798024433875078,0.264435536477251
2.02470355657207,-2.53175733398345,0.364506581959499
1.9946786584471,-2.49096357906456,0.318969003434224
2.35671705360993,-2.22116621422781,0.960909107517027
1.7953882779253,-2.37736485937353,0.184890480882198
1.48859192917774,0.608251128575013,0.0560347886707724
2.12888838635021,-1.6870935240728,0.522322145388376
1.36693288971975,1.86002306495181,-0.0193106878187559
1.23472283377708,1.17215386527326,0.00673608932169333
1.97181979650016,-1.41771591193003,0.303236927832707
2.08764113456818,-0.732230566509772,0.581549677060106
1.60091205396937,-2.4827133960996,0.0819863036039554
1.27713411300677,1.45855526491663,-0.0182278088978189
1.68771588315584,-2.12170149907633,0.126127633787426
2.03771909013467,-2.32286914245533,0.376437694211755
1.74334023661877,0.0540697754129815,0.194977516487496
1.8769774073271,-2.54162099760334,0.237670908184385
2.33996225130336,-1.86038512369349,0.867033176498321
2.33220567103432,-2.57961611361389,0.907689038781159
1.65060874658265,-2.5800060060266,0.139069665709363
1.3094163573452,-0.789884457946324,-0.038163172480281
2.17956853184376,-1.84411868726137,0.632234840938166
2.03280315450045,-1.93887526633715,0.393734398520448
1.90228495188934,-0.762935369593589,0.276759524481137
2.25653244037579,-1.41074604218957,0.768491844599331
2.21387624707409,-2.09145730915543,0.557340149565908
1.23910258699623,-0.303540056727317,-0.0676967267889349
1.56240341379263,-1.78519361416163,0.0705266309944947
2.05316834543033,-2.37276844772909,0.399511238006767
1.82654381312034,-1.37516623942039,0.206209879888071
1.92783759194257,-2.04232583804094,0.293148957811405
1.37632175800202,-1.13323469332409,-0.0425847139748211
1.55509516397132,-2.32172723343719,0.0645642752981295
1.54928607896939,-1.34788051692513,0.0252047727731833
1.38295883110954,-2.4022027901244,0.0119487220314374
1.54308349117308,-0.91138892074283,0.0683577506205009
1.46687016952866,1.18207634962093,0.0509271031673508
1.29637614782149,1.61493313396132,-0.012190960382223
1.38386682922331,1.8884268747171,0.0101614480602338
1.40554681042515,-0.321537571725253,0.0401401842879254
1.54018598337397,0.57200239072322,0.0860872407507734
1.73147103402186,-2.58271297207389,0.144019561112235
1.58304842295948,-2.48061426666792,0.0689912094901146
1.53396310981747,0.0570181060507937,0.0721641162362916
1.51720462903711,-0.219835982899249,0.114878634098343
1.93184774402879,-0.989389674318821,0.301553471511563
2.28381926031398,-2.21572413513631,0.75576229506997
2.15411996144653,-2.48039839952874,0.516488292413263
1.08685089686471,1.656642617301,-0.0140532860631931
2.35395191239397,-2.40020988615314,0.860227027869415
1.98345237387954,-0.381603911576696,0.399141251353233
1.92501638787636,-1.5415904454658,0.301380680676346
2.29020908182929,-1.64741092246743,0.82819216317877
1.66049752024897,-1.4774826798219,0.119313779878355
1.39482172499682,-2.19383001833057,0.0260571623644748
1.80682813085793,-0.798392565818092,0.189222226724731
1.39273921086377,-0.700068871441427,0.0139455822658843
1.32227069285261,0.526995293053824,0.0377341811847919
2.12966879150986,-1.46566320422305,0.5351954599338
1.79328075911886,0.281088369480833,0.238163301125757
1.34884531056763,-2.03403459454768,0.0034382121206793
1.35174668663182,-1.48633948052362,0.00290451750376897
2.2299699295903,-1.5489544743497,0.720214971165079
1.64774409594292,-2.07543185751855,0.0628303332543524
1.44053514149501,-1.36588192346718,0.0277258545244934
1.57193612749776,1.20787297241273,0.0396694347167666
1.41364701293355,1.50078874981847,0.0478468410660311
1.17340878756111,2.0187340826371,-0.045528666692142
2.15841553076454,-1.33536431347559,0.586345293883535
1.56113581753012,1.60924667489684,0.0745599867327065
1.65874809606512,-1.18296377978191,0.0758965021887277
1.63742507155383,-2.44006016766747,0.0982910955906611
2.18483790739872,-1.20664080368878,0.591208597523016
1.359818507018,-0.573654045957669,0.00439380875387263
2.19619285305336,-1.09453821257331,0.668488645907397
1.29959632452785,-1.54991899954597,-0.0175719621367358
1.16176071487039,1.98812149031693,-0.0403125643205041
1.26636483617659,1.68740100893727,-0.0211941648133203
2.11576503910482,-2.47211640183555,0.428624967108269
1.42157144910096,-0.396507787397351,0.0336527607045282
1.16902043334551,1.01512092852638,-0.0432303255685709
1.6138448204457,-2.39031430462766,0.0881648566067852
1.47832166026976,-2.23652994197846,0.0380113354884928
2.01863357936344,-1.20738892942559,0.406125610095098
1.76213032177765,-1.23847165860526,0.132653858139485
1.88810103293058,-1.1532298652396,0.267776106936957
1.43881796425501,2.08831830660889,0.0458203077695798
1.81050433012552,-1.19986620668764,0.246057419341127
2.40438621758183,-2.60128371023232,1.11304592031004
2.36215595877783,-2.47766180289905,1.08203191870455
2.2660821535471,-1.52980445269102,0.77952476034405
1.22318996749174,0.836904582612044,-0.0611814448200131
1.45401764269043,-0.730862283417395,0.0341608644018796
1.85215987908423,-1.67400627760298,0.229075003914018
2.24795185889975,-1.74888688769091,0.719311855064638
1.57789535003663,-0.413505387738928,0.109985939978717
1.43121184342401,1.26611006795628,0.0323657359707191
1.61192778394372,-0.476647143251437,0.116077105778329
2.23317166869251,-1.4762770201668,0.759817137431607
1.89370820038903,-1.19731809884396,0.321557983049213
1.33006727598859,1.88335172749591,-0.000161200481458401
2.16800858081646,-2.31363559734359,0.501439089444026
1.32035940909745,-2.02447699276252,-0.0288971580467649
1.55287680943545,0.328855905548548,0.0840067386720731
1.28309212223506,0.710901243346844,-0.0197411151398992
1.86256949547116,-1.25852674613496,0.299442472042026
1.13755120651604,1.43090821774575,-0.0507485560519747
1.31396167227914,0.423006734576053,0.0113624377990401
1.45276816346755,2.11500709586008,0.0527149323096741
2.02162525106506,-2.47131855459235,0.363464362362966
1.20016038710891,1.66647031803825,-0.0386223232247414
1.56210456233578,-1.10566958007024,0.0752258998082851
1.40439101285737,-1.6719668695197,0.0166363256637452
2.0025196375166,-0.0940505141895929,0.433561926093471
1.50416603447287,-2.67571755341208,-0.00591764811848243
1.4231271603365,2.05746638502111,0.081032600439477
1.99132301015963,-1.43766426354464,0.366300107907502
1.93762154712048,-2.45086869638247,0.321458717282513
1.66927577153679,1.01276003492826,0.153220799721945
2.12187564821596,-1.45206465323797,0.581677324390935
1.94251439101284,-1.48881621893534,0.282886447220868
2.34985831387407,-2.59079310492421,1.06594605845312
2.03276714243085,-1.12854984961366,0.425514255555274
2.28817974026284,-2.53850250907247,0.778736683427419
2.29221829931635,-1.83435958316656,0.766698314692625
1.34810796481598,1.70868081313932,0.00564608703262603
1.6653326900503,-0.938638798238454,0.128675285162457
2.33716511172789,-2.33842796702446,0.878939467666734
1.44071224937547,1.23877249653028,0.0397865914784326
1.78752188812157,-1.15715364374939,0.171247507450943
1.66253163165139,1.0738287928078,0.158712421328128
1.63004106287949,-2.54379202971724,0.0941180554874694
1.38787086379501,-1.87866400524411,0.00243573508442093
2.08198809690928,-1.15968787502422,0.581858246063911
1.344130001374,0.894484486342817,0.00160491826513254
1.16778430416437,0.873305460653322,-0.0428487213270117
1.38687046001383,0.233917076887812,0.0140588298867279
1.84551527090404,-0.172112179972914,0.291858240271334
2.33708769195342,-2.56924407061592,0.851010586493741
2.01830392121904,-2.69050398651227,0.348292569056448
1.45728004990452,0.00455192734024633,0.0930248265646431
1.50013735118512,0.813727610898435,0.0631107407361875
1.69240471523953,-0.853319774118417,0.145549989853294
1.80457791365413,0.126665471601285,0.243486149534614
1.82806589455477,-2.02445594679318,0.257168351722694
1.5873593776098,0.567910936100743,0.0868729363329808
2.28924867003539,-1.99514818994703,0.789209532009848
1.96429640598439,-0.355045422877697,0.378940062571038
1.47382866965741,0.230910563974998,0.0468572297596714
1.37260459617484,-1.3669060929193,0.0565688741487994
1.76578213378613,-0.0643360904300692,0.208852718315777
2.19622776010997,-1.59221008893846,0.663646110795623
1.5467790255707,1.00594320158169,0.0884236826309612
1.89602183765884,-1.43886917982942,0.32454279750752
1.63679984050336,-2.56638159684215,0.0969615754890865
1.71181351249734,-2.69035750197256,0.0915683232570154
2.13914630424743,-0.939309284951224,0.579883114903391
1.48657245053119,1.66004514597645,0.064751111618087
1.65856578468832,-0.112190012578429,0.116023161077172
2.01863937034671,-0.525435105165388,0.434319162130217
1.95656110840171,-0.594003855996875,0.284713623704153
1.59062028084232,-1.40298155578002,0.117374549868628
1.62827362826887,-0.780338931495468,0.110483145971788
2.07329813380378,-2.57309388780527,0.354487586735741
1.50962862858044,-1.96663865725237,0.0550592669143856
1.5979592972948,-1.57020915366344,0.132778923648532
2.09312998309988,-1.38917860621635,0.48875993068572
1.22220769389357,1.09839868382929,-0.0710137524416905
2.04666818043582,-1.39640170429148,0.406075279758476
1.61033504174487,0.126241624167202,0.0938984352015401
1.4626193996174,0.56882962524018,-0.019029105077317
1.49831080402834,-0.964868189150028,0.0496232484731884
1.94240721228957,-0.58561440019942,0.289432146902819
1.32723247214869,-2.32993489691626,6.19014449860789e-05
2.11916211732308,-1.56083179860821,0.496100891111247
1.36067243954126,-2.36670917887446,0.00691071976898949
1.33588687371068,-0.668317554724401,0.0188284178492968
1.89581921359334,-0.410195737224364,0.369546483506489
2.23875552704517,-2.47831681694613,0.706855690245069
2.08424170763805,-0.381272304263877,0.446660217436656
2.30279785306133,-2.42917709933846,0.852697883316597
1.46654505007956,-0.293064132141157,0.0601519273404812
1.2937037871209,1.96073894603718,-0.0123206676882226
1.11926981830873,1.9990726605699,-0.092220278337982
1.64949220284202,1.44367779819196,0.156775820612161
2.17482359459946,-2.2690267821921,0.556901905708047
1.5149258224979,-2.40933493844825,0.0496476592996005
1.77186328308642,0.714112850870375,0.231572725841837
1.86994086742709,-2.53293533381969,0.232708072951383
1.36556190822505,-1.93401051324784,0.00697399497368933
2.15363624666616,-1.39907592166149,0.609199254927801
1.30434661935974,-1.81428007140148,-0.0552470246337147
1.22096552506178,1.54750291541996,-0.0189008477063656
1.89265880044064,-0.0546994287401089,0.377277536178973
1.58519952850962,-1.4671358584919,0.0320208343414202
1.61952769750308,1.60853387020844,0.0985535195169394
1.52141592606742,1.5395466284615,0.100199168884877
1.65182833240418,-2.447969214437,0.0974165975274106
1.4748779950121,1.37787945008868,0.05634289348879
1.96397951915535,0.0226255604004471,0.393183133532799
1.54703401240024,-1.60881804912181,0.113493565241586
1.43454532067018,2.08894718710542,-0.00817869347087843
2.01869092906553,-2.00630008382176,0.395492570623549
1.7042050784677,0.656470046700414,0.20874221584951
1.64514583310378,-2.04083706858783,0.105533211182313
2.22411855737637,-1.94493448567831,0.657854966763252
2.21991622513385,-1.87451601753349,0.616694812927678
2.20611320322739,-2.69198358071276,0.474218181093908
1.59147469460702,0.523004720698016,0.106659533293185
1.87129093009478,-0.410491292450857,0.27903466522584
1.7522478880324,-2.54167062225805,0.156248689582174
1.28682783965621,-0.467862435389707,0.00910564905134007
1.25258244619456,-1.96684694666638,0.00844803171230237
2.0074012754044,-0.685676418909141,0.39102048829236
1.90195440527879,0.0780410032465229,0.329612097599397
1.89571870886895,-0.813137872200969,0.296115817456673
1.79524855995873,0.977512779424271,0.281713810678253
1.34982413672605,-1.67027476662832,-0.0171854173910968
2.03312034458303,-1.7326059064257,0.408666594642775
1.51181015552234,0.441348464203066,0.0622610251622875
1.87357803699421,-1.5682994841259,0.29969417086367
1.84374569834985,-0.36379156311408,0.263335874314038
2.40106341815103,-2.64732708970613,1.05751356845078
1.30284011201583,-2.31539851186441,-0.00436759375329054
2.14062254996173,-0.610480549966741,0.603134367870679
2.15935487680412,-1.25349680415754,0.592941729888538
1.47804308904439,-1.71025969383177,0.0392078735673571
1.94167324381603,-1.04322809348726,0.35102084703431
1.60975476065919,-0.236380442551532,0.0954498247691338
1.60181280843679,1.21506225083494,0.122393289368564
2.11357461875399,-0.967521827111817,0.539078699699061
1.47493104996962,-2.57711814712341,0.0770286775388883
1.86542557564577,-2.36468078325957,0.200633449364453
1.32583363576048,0.976590652400185,0.00616867674054625
2.22238469227696,-2.56837191369135,0.515195658716473
1.54698770686531,-0.351458833871191,0.0746123415745317
1.78670163814658,-1.16935739683751,0.218626715330085
1.69651357970581,-0.61761703135781,0.139737601894566
2.3528076594928,-2.50454995857055,0.905453146176262
1.52790185316065,1.39931753193858,0.0331018500843442
2.22483550085743,-1.29543561840376,0.706218890667702
1.55729897867164,-1.51911450221294,0.038252606151212
1.65531404342881,0.89809063245436,0.113923497794273
1.41821494948798,-1.69499935315979,0.0205250420478442
2.25938143095232,-2.1321510551929,0.711152411258134
1.99224933236429,-0.450720709844225,0.406384548555097
1.75346063588057,0.244236437355635,0.206401684153791
1.53071788763204,-2.55170281256295,0.0480184056196889
1.95097282536561,-2.25283365326891,0.300258878718379
1.58440805602654,1.03060329941471,0.109473804619265
1.54318117744821,0.774742656853605,0.0839013859482474
1.53653051821265,-2.58687108886936,0.0565728691643328
1.41279755200356,-1.26384876234958,0.0150478137232272
1.25051626698433,-0.590421007851859,-0.021399496212722
1.59099044538032,-2.46553293037678,0.0204553296283577
2.30619941076356,-1.92012253501947,0.840675949027191
1.40750947555914,0.209914138770892,-0.0316595319778656
1.61883174918158,0.997231658862314,0.129373283136664
2.01067144990376,-1.21384286476853,0.397018552956065
1.49932294557581,0.874348071505148,0.0327912998503959
2.42569343158742,-2.47134970580672,1.05263947755967
2.11252207931264,-0.64261114881303,0.615964171745263
1.94553067938244,-0.201811648953296,0.346111410378355
1.78272748182044,-2.38096814682631,0.17687332292495
1.46043165907169,-1.79987792965716,0.0331905086941924
2.35796924771393,-2.15341803557344,0.909725865960603
1.80409548800234,-1.96179485629283,0.197908486778304
1.45780425485735,1.00394023093505,0.0454743128496418
1.26008997376215,1.36191601588995,-0.0230786849681854
1.49260290883513,0.211540198882482,0.0921629286851526
1.89625621209736,0.254818930225189,0.329846553242025
2.33169085799583,-2.59906869515691,0.833158732938237
1.70976355008821,-1.63197385045304,0.144484493823608
1.52133189813985,-2.04996081090224,0.0532044752124767
2.32265290193366,-2.50298534100558,0.820072423985426
1.26809317251185,0.223211206572472,-0.0199609021470246
1.96347164209814,-1.71002949998058,0.331629295265784
1.27714435005706,0.168274221715209,0.00748656855776592
2.11390513126132,-1.52649492367845,0.509858950399972
2.12829041662526,-2.60196511535614,0.477106604049668
1.52424892514423,-1.49496099647083,0.0914628968875943
1.933716172753,-1.48150320232331,0.310944315614938
1.47190592392662,-2.73192282103583,0.0353817968491077
1.64168462752643,1.24379685687049,0.147946165722254
2.21537530894304,-2.61908671716886,0.612229030089436
2.14522518607534,-1.28556600001965,0.568599978072337
1.62039372315134,-0.705954096592477,0.0891935550067186
1.81040239936414,-2.14481946483561,0.178241379000344
1.65178588832688,-1.25000369984372,0.117385600945327
1.81741119822495,0.432690683102544,0.262225569262186
1.52151107701556,-0.936054850462498,0.0660564996371954
1.63179914474195,-1.86828280766865,0.100763555028461
1.92361849708348,-2.52064680819789,0.274155512262793
1.46192907421474,0.763464081570774,0.0454928291333729
1.22997490999747,0.118416456502584,-0.0280273369627595
2.05226350893228,-1.87724226795822,0.423855660390689
1.76646922915782,-1.90422964695862,0.218323395087638
1.73982760742103,-0.668385149325504,0.168265770715229
1.90848337385146,-1.7499961500796,0.308555549909769
1.79322459681229,-2.6885581908495,0.234010519794012
2.22496490744488,-1.95302179173649,0.715525869193105
1.70511497223902,-0.723240703801419,0.126736060102444
1.63949329450666,-1.84575069287291,0.104693264715941
2.15703698195279,-1.65588669029213,0.691642367873118
1.2312081069144,-0.136647611486584,-0.026860096359236
2.04636960974641,-1.19661214183579,0.414998853864289
1.59625177528365,-0.587118868597368,0.110051663728866
1.3754883543877,1.70932977775199,0.00309106143389781
2.22314361403296,-1.48167745187067,0.690801869246006
2.23320415464599,-1.82271232077219,0.683907185943038
1.52474023523394,-1.16856729615759,0.0589551055190469
2.32296989125764,-2.14207412076427,0.801582787314325
2.09386020515343,-1.15293400659658,0.501404820206394
1.21903899082913,1.80189902320963,-0.0789121065114677
1.19119935699859,-0.143332856273086,-0.00715576581558627
1.7994809809848,-0.406162616566063,0.226678847057143
1.58119605489768,0.185000163566079,0.0800701997322856
1.36793767324193,1.90714758705551,0.0162841090791388
2.03370351740035,-1.8542889870406,0.418383779935664
1.71382770359563,-0.11854830509915,0.1549048574734
1.35741968836206,-2.43363091914897,0.0375483435814467
2.10165922297267,-1.66856744163063,0.444189413007721
1.32326361793378,0.217580703812892,-0.00566588380812894
2.4029126168643,-2.52241079781192,1.12779179188057
1.77265256408136,-0.606435302217455,0.189471229914177
1.0845200281418,2.04357986023479,-0.0660270729623703
1.346587276562,-1.58471991512411,0.0319596840795498
2.03339760101116,-1.81410141793724,0.388807223986973
2.403171287084,-2.11829351871513,0.963426371117488
1.36402529858896,-2.26886775682865,0.000121641060131451
1.6196829069303,1.35655788643603,0.13570332879254
1.64180856605437,0.203358219654685,0.143612240535986
1.8766985100056,-1.48267455310246,0.261928119275241
1.98257044122802,-2.63171666605499,0.321514875274304
1.76961459097472,1.04261552776916,0.237998844615957
1.58467947797803,0.821812965155372,0.0820032794637647
1.3557439948128,-1.03740471183293,-0.0341932392893142
1.16344591859164,1.73208238772952,0.0023788569888307
1.24895632516971,0.11926826529303,-0.0240606541868773
1.87998256754043,-1.06049756659429,0.280584573291093
1.77430285145675,-0.453097318233047,0.167856705893162
1.65527906476803,-1.01773463206523,0.133073872992159
1.56615387063274,1.51805513946644,0.0779144806960642
1.72355180463141,0.809716319661703,0.196588148442712
1.44516409425123,0.20107573680125,0.0351095207424923
1.21127679279433,1.2706472605831,-0.0352528925400115
2.0191427650225,-0.182176763204118,0.450226881183742
1.65412036336777,-0.0705702794822574,0.134393008214176
2.06328030847644,-1.78289714963618,0.467904404722044
1.83748803368573,0.473403500308174,0.370386685261709
1.95733452448363,-0.473396820744466,0.367110235173976
1.72864802021905,-1.89135103386175,0.13737472904647
2.08750860389357,-1.49856322530888,0.470634050070534
1.505147720989,-1.31552224505604,0.0439936464081316
1.90711469338212,-0.80808857466097,0.233246689504213
1.4286634731376,1.5318641771971,0.0367152958574857
1.48031846691304,-0.0382798802342599,0.0524453418977978
1.82250663873003,-1.19396556324846,0.204514254233501
1.5840788606863,-0.552719060553693,0.0904345660964603
1.35083398868602,-1.29454437793958,-0.0458252587469712
1.30549101483402,1.92636512521118,0.0205051096460656
1.28031372731277,-0.508721138296799,-0.0296546295075462
1.60562375998801,-1.66657488758196,0.0902948872692007
1.46192242296113,0.75053299614371,0.028209607205001
1.52909548713799,1.82830533252938,0.115350362862601
1.28024503506696,1.46917249355201,-0.02347566708598
2.09811759166728,-0.926365535973535,0.458725217053137
1.65969691223467,0.978017463818781,0.15507755958806
1.4059765461231,-2.48055483569269,-0.0221027678723898
2.31828841423172,-1.89061193977103,0.964257843000667
2.24387326919881,-1.92152440426339,0.709240755890708
1.63094878828279,0.670809430586808,0.149554957295068
2.16542741861027,-1.70601201099133,0.533833123646041
2.31686216125113,-2.38056081117686,0.907633244407993
1.84769765741238,0.380887214625868,0.287569024533095
1.70143579716578,-1.28116192628594,0.125048628895393
1.92080462393854,-1.57823287173519,0.296625445666602
1.97352318148816,-1.97534049738943,0.332877270004297
2.27583080715672,-2.39493535529805,0.733026869998968
1.1846906337691,1.10647884329423,-0.0405351290407217
2.02295744707224,-2.33031595435663,0.317078367069294
1.42363631307076,0.869289784058175,0.0303124809816735
1.61593519719856,1.57025968614662,0.188460641474415
2.02125459733016,-0.44751885061349,0.440920496604548
1.29488431641529,-1.11298067004864,-0.0107080884511266
2.01601302287811,-0.0961151801767506,0.45021992960886
1.24131839520378,-0.884940975993104,-0.0218094540588525
1.35738269598694,1.17344527871332,-0.00457817789036252
1.23606052743447,0.715264316278522,-0.0283852702417606
1.87164866559287,-2.25043344047701,0.168064156590688
1.99270495399258,-0.529649880686217,0.452974548936911
1.61728427017089,-0.401550549213221,0.109149964340095
1.73364440342967,0.183876677044446,0.190696216384506
1.60703362853728,-0.535570585204787,0.10214621733192
2.31816505554716,-1.8612194548153,0.88237520418592
1.43922487916699,0.746971794644808,0.0358694603372172
1.68243718657457,-1.19471057694702,0.0937148867907956
1.47154159579036,0.167047514474983,0.0890900786531219
1.86661125985925,-0.354745461362995,0.284050143570285
2.30698161636898,-2.49543391410561,0.782533516699585
2.11626834550657,-1.38876569414413,0.556353919813597
2.14871966375848,-0.818984368445665,0.684110165321365
2.33601744454482,-2.10015655864781,0.903025386978828
2.04384061724587,-2.60260760019246,0.381429031943538
1.30430653696658,1.64874137330856,-0.0296496346171029
1.72298302266094,-1.57011458779442,0.139567938278706
2.09881499502274,-0.844843148944,0.554642929950721
2.01576958508678,-2.20200028594256,0.366674780734418
1.77669843734118,-0.654878814860769,0.226090408262395
1.78325573588355,-2.61206471429139,0.248061546755427
1.49509972607476,-2.7131059507665,0.0424162460371353
2.37411795693842,-2.62196678878503,1.17349383577232
1.88177699868323,-1.08489710210053,0.276396453156922
2.03905709524181,-1.30797636777406,0.425423128383757
2.19908207044015,-1.37178610141882,0.653412297391542
1.63634043069555,-0.186867354815066,0.139605253825627
2.19352656192778,-1.95857650502591,0.604277893429276
1.79906910239324,-0.165332093702661,0.231965800064752
1.90098438050471,-2.30276375109838,0.247251623830276
1.60588002403205,0.870294096133961,0.119675264158705
2.38716834024494,-2.30934613047569,0.839389091002404
1.78190363887434,0.687865391657818,0.195764191810788
1.5144760547979,-0.963415073823067,0.0560351210098964
1.70428515182592,-1.83600887247261,0.124838711552505
2.37045250682585,-2.18356144706496,1.02579570170465
2.31657487994814,-1.86489532583843,0.877081677564317
1.858831302814,-0.705292548251489,0.216425111541232
1.80098715729857,-0.91946105144989,0.228790845309041
2.04049470644031,-0.945487481981353,0.517840521677594
1.44409037668343,-0.0141568363166754,0.0192272478098335
1.74993087272644,0.347135548282066,0.206017729325062
1.77956850973867,-2.21989457080577,0.182661779739863
1.87593510220501,-0.88778858958437,0.223586572542467
1.43569375888266,1.68832861145945,0.0410020585731341
2.04869774914892,-1.76037883432028,0.469845766634645
1.31478436431262,-1.34074707436959,-0.00582581733028387
1.84565926051343,-2.09504353373165,0.22425479567974
2.27760519458782,-2.57631431782259,0.794709996968768
1.30065113346898,0.513150598065041,-0.00097993105138855
2.22625503818589,-1.88752743231311,0.669223793170493
1.56770412411623,-2.15918735602008,0.0339237283256349
1.79003962721557,0.474119522679993,0.240349360933336
1.72118583320065,-2.07021946963644,0.144997351377355
1.41676304948372,-0.160688526595687,0.0444356557911359
1.92999128577252,0.0541960128164371,0.359671790054316
1.658578840872,0.0437824122810298,0.104532614895747
2.16836297971619,-2.48358986388401,0.562941292038056
1.20815521346089,-0.192473232112617,-0.0453189803317185
1.42844494377916,0.781334828532659,0.0394506331249194
1.55258048781598,-2.02073949975294,0.0371535453403102
2.40960792597808,-2.48981286137322,1.05269051595321
1.84306794880106,-1.76100524043593,0.213960305329132
2.00071365539215,-1.50392402257692,0.325380946032873
1.21999815908405,0.8509907401546,-0.0323141484285274
2.22347264946376,-2.51643790889305,0.657039235482571
1.43699783886893,-2.35858385800007,-0.0191689475597215
1.53792518456058,-0.583390298580298,0.130209658943735
2.12020818941017,-0.597378335339076,0.614220352750165
1.45004122005451,-2.46982608045235,0.0224886200959517
1.96322264632287,-1.69383413163365,0.33189875683489
1.85397875410459,-0.687719203774669,0.290261415161552
1.51530814650788,-0.675215036122608,0.0747220039793157
1.68444189663793,-2.2872216598721,0.113294497667318
2.32367146116324,-2.51834174279132,0.927642395079751
1.58250617264097,0.113525310113765,0.150604467089206
1.8101259715513,-0.324666055715065,0.285606788800627
2.35875775476541,-2.20490073403076,1.00492477643979
2.33278947442028,-2.31922931774807,0.868457893053846
1.3004692304946,1.52441894756278,-0.0315684491289519
2.01069906842587,-1.3126344644711,0.330749620342689
2.27811809158301,-1.80310894090605,0.781450955063725
2.37486079152093,-2.26465626680675,1.02990656384419
1.52265439794198,1.66555346215965,0.0541741400178406
1.55242205626383,1.73499250090009,0.0879249970532118
1.56677257596397,0.96874148047729,0.0799978041829833
1.77343103541152,-2.1237326151501,0.17523412539894
1.88742962712691,0.384587688877949,0.312362837925887
2.4126748991155,-2.65016907071377,1.16119729672023
2.13816771205178,-1.32357997229454,0.55562165231878
2.08480810672569,-2.29801410957203,0.404228094047372
1.78790687795682,-2.1033629030815,0.218314434967835
2.26379494460618,-1.50497076252289,0.732515331207508
2.30658764504044,-2.00580745331966,0.806892565357896
2.23626608637512,-2.46963325189637,0.611315821677567
2.24142568634713,-1.78509325180581,0.782223760780031
1.57073078013583,0.185140413746659,0.0915240021648154
1.50255070647656,-1.10543532229503,0.0696287053821748
1.63354752940882,-0.632561695805793,0.144220435318093
2.37888517815589,-2.60041648446138,0.983519740687394
1.63963954263658,-2.12410094301721,0.133493633734632
1.78607645610432,-2.24048914045203,0.181265226838342
1.3876507162391,-2.37192515657811,-0.0310093805658599
2.09809277578687,-1.89860644340882,0.494782139848471
2.01256382235369,-0.281163107105825,0.387216884081823
1.90918496614392,-1.74287103218115,0.282138833771301
1.52547298891989,-1.42089837633744,0.057793802222738
1.24488548647826,0.881028273703038,-0.0614507474074565
1.64915099985074,-1.86152521086046,0.10928362039298
2.08933662116567,-2.36330195072269,0.432226206058421
1.68947700876218,-1.44573368966261,0.0949446321799599
1.38681308264744,-2.01494757986145,0.0122285989630668
1.7003182072959,1.11689911579405,0.246890307191042
2.13436193390745,-1.6337589106491,0.640454319509684
1.3889358994641,-0.0927460828592319,0.0138832122503145
1.58323552409664,-2.17109654941264,0.0518400233585783
1.8209908392593,0.222962511062821,0.268206225571199
1.84054782033944,-2.01088917318301,0.222312516200055
2.123889382881,-1.43500532238005,0.554183845134748
1.59558302837079,0.817949686932745,0.112937364984137
1.42576755960506,-2.51678314512668,0.0226324842674919
1.71236181128295,-0.783475391676506,0.158835864333685
2.16805617684387,-1.23822228238715,0.608269755117092
1.55806997252319,-1.78886634052306,0.0588203842973033
1.59054647137204,-1.52305213518096,0.0846187089291883
1.515761410246,0.195782083758767,0.064941417910924
1.77288521042959,0.66813344098818,0.231263664171612
2.04049357881545,-0.505268002630138,0.462412996375964
1.94368203475842,-0.867557478928038,0.33953817264218
2.18577939192869,-2.45920098801741,0.585994983910014
1.83549647487026,0.175270329799828,0.335160281299622
1.34996269380898,-1.90076414862812,0.00333969448541027
1.39423201146272,-1.86045457359956,0.0139679964694002
2.30429460535152,-2.56060355729217,0.826570045213704
1.44341938148333,-0.981136320718518,0.0588936333206001
2.15145671107712,-1.7253368560079,0.552735255800483
2.15771281121891,-1.04875435349169,0.603267244102584
2.02276831685522,-2.42998535486139,0.365987447874676
1.95623506374089,-2.49763352252259,0.271266753031803
1.98450778655721,-0.396475319306645,0.417636410198989
1.3289854159708,1.91782327389023,0.0310573938338992
1.62940356357282,-1.16234220656947,0.116231567210749
1.72442325517273,-2.57501528693451,0.143817502882911
2.10555255011219,-2.15682855276815,0.445841801038215
1.15367932227157,1.62421446677488,-0.0485403343049677
1.27552917902369,-0.16654250333854,-0.0174525930499421
1.41178175408129,0.498586304023416,0.0102754513047704
1.42456626207517,-2.41248881452326,0.0677118082908175
1.76772544581965,-2.31309232043217,0.168737617653803
1.18612138736947,1.40313710155002,-0.051620806120097
2.15644011946056,-1.97305967136041,0.512293791319456
1.70432019897433,-0.792344033288884,0.101132431684521
2.00057920548595,-1.89924909816161,0.361667709199121
1.82690956070257,-2.51622986775567,0.203027059370307
2.23299057062163,-1.49522181010989,0.701809438079857
1.8655554048928,0.402487611865984,0.304807435561046
1.9428896133095,-0.298091853557857,0.358256942069592
1.45575783439792,-0.544618717370987,0.0668783924375871
2.29672368175636,-2.56971572821407,0.75249898294029
2.14156077565159,-2.37827906190453,0.50470413294115
1.46646216910106,1.65582470107219,0.0549195568657947
1.90530552567124,-1.30293055464294,0.290730174392032
2.02729628226216,-2.10580001334695,0.381837858529148
1.48255984794008,-0.235783786320699,-0.00811102640453711
1.47697271106314,-1.82032166708663,0.0385385314918383
1.43185388886706,0.748762216827506,0.0199927560949463
2.00049941683372,-0.543570822881586,0.412103831045444
2.03064315685681,-1.93341668305456,0.413047901371193
2.34299104698858,-2.65193307066285,0.857782916811243
1.71488688821146,-2.58790876997987,0.134999688099881
1.57718036807056,0.627603788963972,0.100143140405003
2.34847600590091,-2.27098790326438,0.923823465865604
1.97725172589039,-1.49770900164047,0.351856170150488
2.18109574796951,-2.19825508281493,0.554341105216022
2.04936952173381,-1.00101282996339,0.453406928747257
1.42260414254143,1.47470551819269,0.0337122973364916
1.39663961198781,1.39169183837488,-0.0108412824941747
1.39831921736577,-0.56014750097083,0.0159038243499887
1.72753247010437,-0.752054754400855,0.177133057603108
1.4869692685471,1.67272603410989,0.0376921340707981
2.22267870993691,-1.73319127519,0.573106462119612
2.05044433478691,-2.01881913145678,0.409947608515496
1.75195236416774,-0.613430031586241,0.170180600607218
1.30507751221205,-1.14327623882941,-0.00846511392462501
1.50894906366672,-0.0982838206941383,0.110862886569588
2.04147162912778,-2.16822889403127,0.4132419245945
1.52330110076951,-1.07287617861508,0.0446411158199142
1.6410835072736,1.45847018249511,0.151395537843917
2.4035660080366,-2.57951884775339,1.11408559049906
1.27305627557311,0.992741844351463,-0.0224924563275923
2.10165243270554,-0.714060703736778,0.535616463775475
2.03201088716,-2.00450930062098,0.390467276195261
2.05242318284457,-0.156645210984394,0.495281189980742
1.52644121370217,-0.0457038466557801,0.0582263095380377
1.70288633274033,0.745281770312066,0.180197404932753
1.62959732008744,-0.185576248185187,0.0838522901260961
1.11809530747645,2.14118467608359,-0.0573678038786334
1.88076450249722,0.349397997407836,0.254198459099095
1.61305775325934,0.25530479751805,0.144097815592451
1.84486025681993,0.639185129459136,0.292686524811062
2.02570574997266,-1.65192982348131,0.480892110542322
1.6422094174806,-2.46944012639867,0.088341732935449
1.31648170009364,0.912799518499809,0.0235168017952008
1.45077985113345,-1.25772791677326,0.0737657558268426
1.71452250496264,-0.394770304386653,0.109741248086457
1.72442459856372,-0.216221672770881,0.221821337381569
1.41871258628051,-0.0868340613100219,0.0442643793697768
1.66438170769664,-2.43865409926432,0.110986324114387
1.80610755334064,0.426395726424516,0.252443675709738
1.17746995937172,0.762614479749803,-0.0406082801058067
2.22784683804663,-2.31217970911938,0.686236292031563
2.23294341309103,-1.53805682706486,0.671419383082278
1.36656377601398,-1.10073190565526,0.00626543014885361
1.90153858153616,-2.26882908138225,0.262623225642887
2.29018163843561,-2.07713173266774,0.777743639700976
2.27001046494326,-2.32415691342208,0.717081248582552
1.31743364867388,-0.524650850239585,-0.0374624744272748
1.29878678359526,0.929552705016413,-0.0390964031645488
1.91313774211138,-0.120931051133573,0.275026556597793
2.35903596168849,-2.32763325303525,1.06094382559695
1.98916163915767,-0.199426733793325,0.39759415404398
2.20827217275857,-2.43295016998023,0.598592623405693
2.2334423886874,-1.49521319277133,0.644208515992267
1.40863891173364,-1.3133230425936,-0.00460329057378215
1.75936686796583,0.906264094083882,0.273626703442747
2.18449645895977,-2.14582432229372,0.578545848177462
2.18747119627284,-1.9061432170427,0.685749529339262
2.15654522332721,-1.57783534548336,0.568863214533009
1.39987113530124,-0.135563054757788,0.0503636684513549
1.34144347246156,1.70574199076726,0.00322546699799098
1.45451595067308,-2.0071540041487,3.68274341315256e-05
1.2945473456313,-0.373216453557954,-0.0609240340339993
1.22661006688008,0.828776297542245,-0.0307851386314504
1.40315453595764,-1.29736866595823,0.0164257563561474
2.27590477623791,-1.88327843245875,0.673094827048598
2.40202340037601,-2.40892675605235,1.02668445679459
1.74199013474154,-0.142341792221519,0.190051011019457
1.64302590074546,-1.09875422927851,0.083604315191134
1.5637782196914,0.909390385301858,0.144405310546099
1.86925944297343,0.1949838636859,0.299890140973607
2.02201562250971,-0.933700860733993,0.421035376289861
1.51612498583228,0.80089753175026,0.0322850170868704
2.26028630315431,-1.71220825593964,0.748994461568766
2.09887161997459,-2.64708044517897,0.371215726576856
2.2488170729305,-1.31120576132125,0.756798384398661
1.20254444333344,1.14199340408399,0.0106312680201276
2.34919342128619,-2.37188216268858,0.911952869433283
1.97418620423134,-1.2518348635742,0.357098307472807
1.38550399230005,1.9747386950536,0.0530039405352968
1.18333091586903,1.98119360596054,-0.0754903210400169
2.3404516437356,-2.56481376508784,0.860895249995914
1.93044534623885,-1.66136905084143,0.352644083666801
1.17951962588795,1.71068732591252,-0.0434247788871196
1.29019274894905,-2.20542790616566,-0.0197172344499226
1.78399566330481,-1.22644510886697,0.17834993895034
2.29421679617855,-2.41294659443305,0.761043546759798
2.09623449817552,-0.426694353567334,0.543734165906564
2.00407940244578,-1.38518622285945,0.399213256554213
2.05604548414436,-0.872280077844991,0.43496350959665
1.42664353587282,1.39563186228793,0.034878834087382
2.2418713077871,-1.44634499761375,0.793513498774319
1.31605099327007,0.697468579893998,-0.00745211997909401
1.70929705161729,-2.12061325794515,0.137721198488156
1.77767708859979,0.310441850018326,0.247640640273255
2.055623464418,-2.12617303832238,0.459149276851506
1.93957467583583,-1.51707698868075,0.315242541184649
1.62129774016831,-1.09127090638145,0.103401806498435
1.87183502353298,-0.324203700625885,0.264713522426878
1.69712631413055,0.798254396674694,0.177198534949536
2.13872380232142,-1.44247033405097,0.549718264065405
1.29298933822896,1.17911697441602,-0.0138127649469433
2.03800563676461,-0.0523846865206516,0.430446766951298
1.37483296300895,0.611007036747739,-0.0208084172059674
1.80206930882785,0.0326186764701504,0.23912166731409
1.5934239374323,-0.767534800395226,0.101227083124043
1.52784622505787,0.523800017860833,0.0916559163789274
1.97462442550245,-2.65483488678623,0.301104355186725
1.62062036489644,-1.7983734867904,0.0619465858821878
1.28372463557216,-1.67604651765927,-0.0260026195227159
1.38832995113155,-1.15482530363906,-0.00129503110160573
1.71961368593816,1.00218437584575,0.168828386456886
2.09962255599221,-1.94212987278712,0.484649171221009
1.48518011816302,0.00726535787738388,0.0356654567658144
1.3766668009028,-0.373961075353367,0.033233275405893
2.18336387511197,-1.69936732300093,0.604033908637431
1.96581622608754,-0.130348389785441,0.456954001625926
1.63338233732848,-0.817167864809988,0.112753923259059
2.10353261082624,-0.735247697654258,0.560745490012099
2.22557579282647,-1.42882091125664,0.699857881345741
1.46498649874059,-2.16644380089938,0.00323947805314408
1.72160851375409,0.7790939213444,0.139163872774409
1.1925791238446,1.84919564667395,-0.0167460807367063
2.22607391579001,-2.44596046044856,0.626950559838281
1.70533198037626,-2.40036311687372,0.132154329998125
2.1619668282177,-1.12721432343745,0.644872164133477
2.36439534878506,-2.4024593579184,0.901725248829109
1.73788901630941,-1.01768073312782,0.187217114088484
2.1606771783205,-1.35985435614838,0.588460220941338
2.10316477629295,-1.56342936494057,0.493554334255531
2.07604135977352,-1.94917076822298,0.442083182987459
2.01697457610801,-2.43865595467139,0.323043759312067
1.57112179727535,1.23990825544283,0.119986188570586
1.36313353554594,-2.21045201774696,0.00702901144805113
1.65832244228693,-2.14948726653933,0.110887849321501
1.61141985389788,0.753616542253134,0.14469508920792
1.86255571388623,-1.87780733846726,0.283770028212532
1.36292030380586,0.138911597708971,0.0261850379621481
1.36539684597027,-2.70151162949122,-0.0215592961741308
1.31356516194664,-0.0357601869920252,-0.0082866786022453
1.42649763081127,0.786111461808609,0.030977135598536
1.62418149177048,-1.72570650581142,0.0984654002114498
1.58810715800275,0.901363873011782,0.109809203964945
1.66423936167366,-0.815158529503014,0.129712688791763
2.1272916211644,-1.63757755281794,0.52267246625131
1.29498281683821,0.556006597640857,-0.0491244231973825
1.9324350155571,-1.06283203947017,0.335262868077993
1.59513652003821,1.16135060697326,0.0733344482203728
2.03115770103285,-0.965913106394211,0.430439317284489
1.67348122613349,-1.14257016942486,0.130632995738345
1.85201260624163,0.697451135554549,0.291277327489355
1.68148163022713,-1.55264933874014,0.129673384641681
1.31758235021709,-0.387718803604358,-0.0040662717598045
2.15290413748505,-1.89855958642987,0.545262784623164
2.01064042858803,-1.58741462461406,0.362774765391923
2.3723303905103,-2.40743520768344,0.798607116281696
2.38431103880701,-2.65888039255614,0.99535439579817
1.8349273537462,-0.667733598657172,0.265039859946819
1.94681302033863,-2.36514155664178,0.250144294739435
1.49678693485536,0.253735275805862,0.0568831090211608
2.36128091953517,-2.10083030888934,1.00050909259338
1.18781303138479,1.51131799282038,-0.0410888887171772
1.90988478734536,-1.61028045178642,0.273166337760433
1.66921520654185,1.15199378147316,0.164713907434244
2.11326055005597,-0.709848960080117,0.626133928916741
1.71563338642141,0.658020101697308,0.187502628403547
2.30237883332437,-2.16824094981025,0.908306811892442
1.50482117947067,-0.078804967055266,0.0578908066365169
1.86910413683194,-0.191180553399133,0.290206278269097
1.9699688813396,-0.994734248831449,0.394215658335043
1.71307563096765,-0.0926741830333442,0.135269040092224
1.71469701128482,-2.6480139693255,0.134190564962843
2.1717223596568,-1.25767863123435,0.583552055373745
1.57157875366614,-0.786710050428067,0.0822139127509309
1.86617750342731,0.575441873719059,0.290053862654573
1.43365841685891,0.623003874538197,0.0535158925764019
1.86830716287905,-1.59725379509574,0.25242377948179
1.31324203229961,-1.53378391059374,0.0181240913305134
2.36411344656948,-2.38712168534762,0.840547088383771
1.77729898837506,-2.66386085140632,0.169177123527438
1.95401109925792,0.146312600668682,0.433877990267755
1.48665099257527,-2.73192590866428,0.0397795819003881
1.58801554419527,0.582527624973165,0.152006609113116
1.61885692408406,0.22602308757697,0.0835835067971682
1.27044490812465,1.13605408799196,0.0179762715358181
2.15126663495154,-0.792643932218583,0.60915722880235
1.83888100983209,-1.80871577848548,0.251505514685903
1.56382355045639,-0.790718095145024,0.0830478393790483
1.69609019328802,0.412201809397342,0.169077568911435
1.93128925112167,-2.24286227440027,0.284394371346143
1.63077600565412,-2.28942307211027,0.0708101884726501
1.4712696925595,1.82084246841261,0.102977389154767
1.34170061309166,2.04315542223492,-0.008124941804448
1.50971056741674,1.85382583831183,0.0788108368147689
1.96029868601666,-2.63724428813296,0.262827826650971
1.14906458242071,0.720466537012214,-0.0734685743916294
2.04574129129073,-0.493584773235393,0.520250410366927
1.40874025571873,0.619716858106941,-0.0111840449123729
2.14269108449872,-2.32556126621062,0.571818453143595
1.54636522944655,1.76249340320177,0.0978056807967309
1.47137507342015,1.58451444911279,0.0940781341360558
2.40745449036838,-2.68385152209581,1.10889420977471
1.93112125525306,-0.572601129635251,0.336890440713722
1.79331400957068,0.560192609978954,0.245238458809621
2.01447384180431,-2.26189895661749,0.36335098435405
1.16489901386633,0.992958326467206,-0.0646184466758716
1.8106102134516,0.361580913315938,0.254528758865034
1.90821112419012,-1.15286672473607,0.261701342595842
2.17212637039594,-2.28120722637067,0.556476576438127
1.58905157480553,1.26822344565805,0.0789937859288505
1.6579088900964,-0.670248722606474,0.0855374585866031
1.58338151016287,-0.162142560946039,0.0941818508631305
1.40286012091226,-2.00580838060062,0.0163166346651094
1.29485577455961,1.5575424922629,-0.0127667507618998
1.64523667246848,-1.76558169317072,0.144669549967544
1.13264296302817,1.83086526222668,-0.0533758636507169
1.56507165815073,0.49410306870191,0.146127862269794
1.54160386630072,0.639822589620279,0.111373375370202
1.28172976902448,0.228475257842463,-0.0166690162686864
1.34536954701496,1.8512730389194,-0.0277893147519257
1.53529275079142,1.27849568346984,0.106290918121578
1.89909177452037,-2.42349442964687,0.274141873736644
1.49887883443686,-1.06420925868682,0.0186272326160049
1.81664082470116,-1.06005940953791,0.232013274069423
1.25982981153461,-0.0439236841942626,-0.0641501243334785
1.47957949271235,-0.0618045951682766,0.0413234444635376
1.9145924078744,-0.593189108112217,0.327057422926155
1.58242611748061,0.240282414186072,0.118804314434681
1.3270824845266,0.0497105542540513,0.0315752101010218
1.54412763813204,-1.80411898033363,0.0630304329357052
1.46426096703191,-1.26544664724571,0.0180101719022585
1.41320319695536,1.53902774637906,0.0301890419665294
1.79547480914386,-0.44202497711487,0.222803913533583
1.758661980722,-0.071081369786028,0.203464789561354
1.94815698116828,-0.992859073463152,0.348771158825381
1.84313542770884,-1.65915613127445,0.208923627317344
1.5905101205306,-0.166973771406162,0.0977926533247619
1.35157595451865,-2.35330937586085,0.0397828242554031
1.84310808836395,-1.15486823995752,0.243113315878949
2.29700575515639,-1.9970205309245,0.785333949864217
1.61505603210575,-1.86292234086249,0.0988136196319269
1.42491607808036,0.153379723916292,0.0272044402811908
1.92881063518985,-2.07469450760419,0.28995568453175
1.28837247922992,1.5083582327056,-0.0371213935372137
1.21346869841761,0.90378953082076,-0.0338827999388034
1.78026205289098,0.681694906208445,0.237583613620453
1.87467021428533,-1.24716936695611,0.235420478850174
1.98540062599451,-1.26026883548927,0.368296944486752
1.40557905171533,-1.36123870002334,0.0170851125238598
1.53027716172974,0.915554900496798,0.0788525660557031
1.63965344870533,-0.670116231486607,0.178596397622086
1.78347462324316,-2.0392133140942,0.173558117967518
1.26325400015787,0.96994807127956,-0.0562478787013476
1.5769776619968,-0.222448572301116,0.0280886954094802
1.91031999132135,-1.86878389166532,0.295982648906844
1.25486587890446,1.53798457092122,-0.0245177971477819
1.50493544322207,0.317378101980165,0.0610311360906388
1.46630727717958,0.806120108159525,0.0477040339182966
2.2763828002272,-2.29604218704823,0.783870984013084
2.13672899433012,-0.917330360170703,0.51207956402264
1.85369113565829,-0.887088981909711,0.27930661586501
2.11043860509979,-2.36517740615043,0.465587698153225
2.01918589146629,-0.96584012748725,0.41643409939655
1.26605021343196,1.24709697448789,-0.0311567890883008
2.15565990037596,-1.32940091256877,0.582319191982695
1.42717449866278,-0.28372809218247,0.0262874578977206
1.48040755299709,-0.315932393152146,0.0461519151921361
1.44733306977121,-0.606303730428852,0.0218879685102919
2.0814566407738,-1.12424326330285,0.579774893506241
1.74618728315658,-0.072473457400087,0.222633126266353
1.36402716927721,0.960660745423979,0.0085072129965873
1.72718216428835,-0.0957855409570172,0.180676132673433
2.19568718795142,-2.24506982781335,0.594913397011603
1.40633962102112,0.60194365878797,0.0223047993425385
1.51076547174828,0.89224027301155,0.0689313870093131
2.31185296257153,-2.0687253315926,0.849261566564512
1.96169365828352,-0.932879182784517,0.385649549579183
2.05150653418997,-2.42785152791458,0.385678310288909
2.22879822996589,-2.69258924513089,0.615595343925952
2.11920172653058,-0.802277294184287,0.565875257804416
2.10020902825666,-2.08984102048499,0.462192910807398
1.22086409374673,0.124953500531504,-0.0643698859257207
2.34355382017616,-2.56985667827795,0.961663381028484
2.07302321856556,-2.481284998531,0.371588182490218
1.32445621104234,2.01051750981988,-0.00168183469301741
1.21562938733545,1.27580356657435,-0.0581797003469622
1.81414001113774,0.00668093358793396,0.201983752367647
1.36284971733162,1.12392414950715,0.00866465688173768
2.3175415736991,-2.35956767948503,0.876683191178032
1.61681448554737,-1.64668666977237,0.095698751741454
1.17092114428036,1.11177882080296,-0.04326074311316
1.86293055469174,-1.65171609648317,0.246929927437597
1.40155350318275,-2.62133463353515,0.0111341141697524
1.89726326956839,-0.369603053360981,0.310764975705874
2.34568400313443,-2.29426181497069,0.911271100218378
2.27697335159613,-1.66810567660313,0.733174312934841
1.47618953742577,-0.0513545059881381,0.0675495213310151
1.3359890115504,-2.69660049061668,0.00321790823774193
1.85248726974814,-2.25062038833057,0.225957149921439
2.0617319517601,-1.54189091968062,0.395632250073293
1.24611777885845,0.176833713790917,-0.0248322398765706
1.15339071165002,1.64337849546982,-0.0112508247898037
2.37174099794579,-1.97572154102538,0.943449328688927
1.33065500291145,0.953559451809427,-0.00261041870847367
1.84906246227907,-1.67683816634251,0.208200651979829
1.91634363830372,-1.72753440528909,0.288643262290089
1.38941748757987,-1.17161026503313,-0.0162095330392296
1.77514953566321,-0.192376067238599,0.213035734607427
1.46515173139182,0.713364212099543,0.0723525550586899
2.17868583115873,-0.910260991657087,0.649414213175387
1.85410865845202,-0.51376356940058,0.267873689727943
2.0104825779899,-1.0448973682244,0.456521019248417
1.75776267576754,-1.67960279957557,0.127252054805989
1.6842713851438,1.19780507868368,0.17611173375455
2.04731586231099,-1.13454769310398,0.497189084231143
1.33594342163854,0.415283753647135,-0.031307678920672
1.8468921640696,-1.8402871424584,0.279733568691701
2.27835515792456,-2.48534104572531,0.720894894580964
1.97865833833832,-0.872679964998148,0.375160259750965
2.05018745664668,-1.28650948292603,0.411635396610756
1.71432127228338,0.0443014111586547,0.153954305812951
2.27928651054287,-1.53823561132801,0.811428767591536
1.08780183314872,2.15072804831391,-0.0903114079325506
2.27789852529617,-2.01757978375851,0.760580554007867
1.61058160756778,1.27119998678241,0.0989168612226708
1.96309299849298,0.0468045169680251,0.393141045933759
2.19559275161034,-1.00409655191579,0.674225056069679
1.61032541586627,-1.61629615763401,0.139714693308969
2.02352045418088,-0.94107436685462,0.425389896100973
1.75716989179019,-2.24472415577876,0.224762931820328
1.49388242618364,-2.31203947757065,0.0612503846338135
2.26989104185062,-1.83071167324118,0.73923831995498
1.72735153317855,0.192615874836122,0.224685830604791
1.85645719520345,-0.699879549538687,0.265199183612839
2.25874557838821,-2.43233417642229,0.820939505591279
2.30589355100752,-1.88550841280185,0.932979000442247
2.09793668314291,-0.637404101411987,0.459071929383116
2.23409142345254,-1.756360861198,0.763664874084723
2.24288006606181,-1.65236732543315,0.747500168271822
1.900014169912,-1.42133848562395,0.282923232296147
1.67859160559146,-2.03396224249106,0.185521879218674
1.44536938239592,-0.657516690658748,0.056149985728238
1.26795352692727,-0.803521526947059,-0.0172083946788051
1.38147841657581,-2.36331040305346,0.0115267482329025
1.34095513351886,1.86257441008288,0.0197810554221351
2.06941732405258,-1.784985295116,0.441171510842119
1.97576740634429,-0.36217883966622,0.391280984046915
2.14921862917302,-1.44046262437943,0.484069217699416
1.43719021245772,0.497676317085654,0.0335932220786477
1.57176160087545,-2.5372134962629,0.0764665955273836
2.02601236207998,-2.28341177724761,0.355636727379006
1.49609132285384,-0.562334124483341,0.0371088731668652
2.3325981326566,-1.93220658302318,0.919004416234948
1.77142351025051,-0.769566246808924,0.198904204223485
1.84760038874099,-2.35051304799067,0.236821889379981
1.52317292412784,0.100292394946916,0.0367806975270664
1.31078232356395,-2.68686505753423,-0.0442857971148268
2.1006298952988,-2.16509586589837,0.567065578243218
2.31766489961601,-1.81184809691004,0.887261172865029
2.22872555211794,-2.59904820951146,0.666554410856882
2.02522306495475,-0.0906290766760787,0.462239072632408
1.77634609373327,-0.95496958865262,0.139542422623197
2.01724009918925,-1.2826951438315,0.401627425440292
1.9176136623286,-1.60251438297713,0.331217300014634
1.2970590537601,-1.21930189872865,-0.00991981149439813
1.66802045833869,-1.53443416002546,0.142790843871721
2.08170335559122,-1.44529212766944,0.471308645425599
1.57350286340879,-2.1898497543306,0.0719045337855246
1.59175167340478,-1.83817013490771,0.0826597468053234
2.22368457439297,-1.54090012316259,0.687223771797377
1.64064416729776,-2.61581309468228,0.0982919504164168
1.83418217034023,-0.616622810484088,0.248347460645405
2.2048849842898,-1.54746766997056,0.727144180647238
1.90342149461919,-0.200791997719344,0.321941584025086
1.51754103799026,1.38693246865252,0.0864948898471433
1.98968929219432,-0.248095073994125,0.411705440282466
2.39015690722688,-2.46989048977777,1.06196815659171
1.46591073195579,0.907992933860545,0.0483034490949563
1.56610186215889,-2.51453829120772,0.0722875264944857
1.95500540178701,-1.67584494008943,0.324727896314386
1.41698259699276,-0.115009090535609,0.0452867553922957
1.53428935995874,0.205208016965976,0.0736801708004731
2.26902997206364,-2.39040528754848,0.665102033689841
1.63523626794305,0.664148904112621,0.0675091182040001
1.5663164479624,-0.588200189695189,0.0310764766067529
1.19964409567014,1.95529501175541,-0.0269359636960248
2.12293106882949,-1.78486107645196,0.533687801761401
2.19060078251805,-1.11619090606139,0.656383988161147
1.44684410322411,0.184234088415101,0.0219545446723431
1.81768303942155,-0.443378371258198,0.254939717459033
1.35057180898909,0.820753181933629,0.00353856610591707
1.72247039768647,-0.784284450992205,0.165207058612504
1.36130985555202,0.0679057288821414,0.00542907387210456
1.90868893962197,-2.0326359680306,0.253491818155122
1.6846654705223,-2.43739481734971,0.121038670307383
1.98774312899129,-0.922814567289107,0.33886958845165
1.34335578690068,1.57977960449647,0.00343147348013151
1.99145356473308,-0.499367822637298,0.339312510329646
1.3673455509338,-2.65273133700548,0.00917122948998816
2.34559186965862,-2.02256528959036,0.951243155365437
1.89633944028938,-1.44209549931645,0.241864791338094
2.2866680272229,-2.16485218665811,0.766844082500119
1.42763381364861,-0.236415263902507,0.0266219248167168
2.07762873885925,-1.75326778888624,0.452399455628433
2.3049272064534,-1.99912729667607,0.828387055557715
2.42835270316836,-2.60531957806912,0.983201071806354
1.97694599945905,0.121869731586076,0.412170195990947
2.10780948115359,-0.991534382620851,0.529365131990596
2.18041987844319,-1.11238219746989,0.6381423440849
2.27346723402372,-1.89212219836401,0.762139183268908
1.20487010809308,0.890241104830385,-0.00399248613697976
2.02426943559531,-0.172192583658715,0.416582552335912
1.45445230542031,0.98538087569109,0.0438777706522191
2.16102616249554,-1.9760051770525,0.552877441555584
2.02169211546414,-0.68914848861218,0.368302944465801
1.99413800308852,-2.42439886189183,0.338391329245595
2.12603209827793,-2.1913322171601,0.493310418578092
1.61952074438352,-0.258936756798188,0.112110927720079
2.14938681971145,-1.9857310479801,0.492735315861784
2.00793695435864,-0.592652747865666,0.418731366360685
1.1948173876928,0.260931209873732,-0.0739608322510028
1.42736791529322,-2.66096869406585,0.0231540106789474
1.36784515880264,-1.23938681894354,-0.0142468135811184
2.0157401986971,-1.80477476517968,0.346452567416711
2.13772361396218,-0.835586895804121,0.609044750888355
1.92608156037431,0.359787604195061,0.348434712134203
2.05668642292346,-1.93922068954532,0.432815765963854
1.7030339243215,-0.942602968937078,0.150587335125452
1.82934118970775,-0.496110301159504,0.263783815853791
1.26902063191724,-1.07273341295183,-0.0159747231241252
1.77663362380145,-2.35061371157123,0.173591803434913
1.93923214977019,-1.89958556532606,0.303820337520623
2.26326074605825,-1.50261045328162,0.775465708394618
1.43262543524404,-1.34662992264545,0.0252588127602009
1.34740960720086,-2.22390658539741,-0.0418300561250746
1.51221967561848,-0.663999894611425,0.0599077567076335
1.47076809909971,-0.868161227357452,0.0569143161698559
2.10541757040611,-0.675851366780689,0.543338378037583
2.17165087254433,-1.91832242324695,0.572130924399455
1.3755082137444,0.963434106694122,0.0125672041927507
1.46166227973436,-1.4320204211132,0.0303680914478534
1.7578427090928,0.517644853456319,0.21584311905008
1.44791327843001,-0.0554109505372521,0.00829315907305193
1.44804229599715,0.822256010220578,0.0236118671542862
1.62350641181574,-1.9267783541571,0.0514702946735373
1.42176456491458,-0.23776541398337,-0.000786715340336995
2.29880501092901,-2.3985645795758,0.77276828478839
1.70838110075834,-2.61375623067057,0.156939386388884
2.25552562975295,-2.45434957865773,0.678666912212033
1.38234003703367,-2.67606534451684,0.0124470948019606
1.48302828390012,-1.69345131863438,-0.00795619902029936
2.06396909726037,-1.44110908501888,0.4494279486309
1.62795514299424,1.47047180376304,0.144204817196688
1.73449265978447,-2.56579622033846,0.145903172799172
1.86547978021765,0.484869802966946,0.342997193957004
2.37277999102859,-2.21280591410544,1.03082414927844
1.78277886487225,-1.8366902899484,0.20916702912171
1.78439297732659,0.319177260458973,0.231961795953299
1.83099753830143,0.434401076440712,0.284077690080212
1.9646941152768,-1.50255878692527,0.347586835089402
1.76459722182463,0.26375162634153,0.24638490475963
1.82153916508086,0.290386234798181,0.261915248223043
2.30603001332614,-1.97176080661286,0.788680204032932
1.4230166839032,0.658264179461748,0.0789307642161929
1.75943139826068,0.982811796993796,0.205787068486848
1.59536739980683,-0.542816434234905,0.0747868240458705
1.23816748421546,1.89533434649364,0.00727517851487923
1.41019301015461,0.156181993909896,0.0218849317495582
1.59966775783872,0.828081062788979,0.115437013297915
1.30650383243861,-1.39040476550561,-0.00278149778034327
2.14880630446324,-0.635647409357852,0.579082040104902
1.34292248723451,-0.300691351981471,-0.034022531040804
1.43830313891077,0.489962987740809,0.0804007807016006
1.33880282793702,-0.721003960539549,-0.0272840234283396
2.29994881059916,-1.71181771359282,0.847492222086576
1.61091302142294,-1.33944125022888,0.0828372461652646
2.3062387314663,-2.52044977746101,0.77841694371533
1.3325333454197,-1.9595191793508,-0.000232408425504316
1.52502344285669,-2.25230585954235,0.0683091135242813
1.42094124764453,-0.963571516329828,0.0222929791411672
1.1980982927921,1.93674761997431,-0.0153834124659475
1.3208206863223,0.960580131649888,-0.00568201008624958
1.28280813761792,-0.17188029566916,-0.0543775817462282
1.58520157488088,-1.73596732053292,0.080562866777709
1.93552553790649,0.172516836221613,0.367581389742056
1.35508001056071,-0.0511228262576706,0.00338126163997665
2.01429343157888,-2.5472453769153,0.35377526143222
1.8256651215173,-0.611222184214257,0.286207899323205
1.70740454309951,-1.27910880288344,0.148155287034221
2.17683531136082,-1.29193002375996,0.656970663185086
2.17543005590015,-0.889484237871601,0.644959573313588
1.92570048984828,-0.659067767782785,0.260728109496994
1.83499632800253,-1.07758578403363,0.238605092995618
1.75199453336001,-2.64035259867327,0.154741436351662
2.19109060402379,-2.60201763954957,0.496846624015256
1.5817833212996,-0.287806036642816,0.0459459578383664
1.20730447657081,-0.289522349486875,-0.030507392813133
2.3561694261213,-2.15213597897317,0.833073487271084
1.30901860641189,-1.33972559697621,-0.015163836868078
2.16716311959178,-0.953185212582336,0.625749443922061
1.44403142171588,2.10744704880285,-0.0166058573407707
1.47957447806935,0.252268744152869,0.0494219926501722
2.24915145398995,-2.47165551335472,0.682414901156781
1.47230037991373,1.32337999268698,0.0546429909367931
1.51804566999277,1.22659567846255,0.125298397089776
1.876287241685,-1.17385844401387,0.269434582380309
1.48688061713882,0.149166752427884,0.0518116232834822
1.54130291788742,-0.429349635385507,0.0713411075016588
1.46896061453343,0.517594106241059,0.0303836268630012
1.39009783659651,1.85623341379145,0.0226673944336286
2.05101632958623,-1.38763610433159,0.466537758976836
1.43944611040414,1.08400610726317,0.0381544677897465
2.20121960052346,-2.36231829981633,0.591711616357973
1.36261098940969,1.06891629004504,0.00838441058799289
1.69160316948941,-1.75836336191281,0.145249736147752
2.30850813725623,-2.30187470155171,0.734456899846867
1.86801347301912,-1.70724565877571,0.249589847960372
1.77165152719966,-2.16558512732454,0.223989007524905
1.6948590292758,-0.599238693906009,0.0768503996090833
1.64613617091003,-1.80141659323685,0.129288045586415
2.19135102149243,-1.1791365243633,0.579174304393597
1.47486600825176,-2.21212617058342,0.0369648331445067
1.63521290312813,1.14643606577655,0.151253896745806
1.26068269394769,-0.552468394868297,-0.00766979524535701
1.90925041046136,-0.234075357140166,0.36812349491494
2.2098071093651,-1.60033160239968,0.773107387869559
1.56346230475075,0.605035698557665,0.139735171675033
2.03668573474657,-1.9699803507689,0.396756950530081
1.42756199382192,-1.606023459201,0.0317508872922827
1.19807884741542,0.944499328641166,-0.0879469921993479
1.38058937021869,1.90247395459437,0.0276563751410977
1.2754602377009,-1.35169267359926,-0.0136202208829039
1.14455822084273,1.92587717797003,-0.0514266422087486
1.52451783491733,-1.36842145392481,0.0352765299550762
2.28398326464739,-2.07178857031337,0.8273190233264
1.94830926718985,-1.3246256516187,0.329300185221348
2.16245480954468,-2.61086468553079,0.48964082329769
1.42431845757109,-1.23416323836438,0.0228585347697725
2.1086028467723,-1.559539478896,0.476085773068792
1.17454769029193,1.19876918415383,0.00660481686759621
2.10972191767274,-1.23802088176946,0.518947930503997
1.8241951680477,-2.42838748283808,0.202818479206919
2.03292615992516,-2.59128323150591,0.370722784888388
2.20199208604113,-1.59013473618983,0.661159961289198
1.3508483721317,-1.78558661050467,-0.00526598258545139
1.83944796077197,-2.51143058480905,0.272179123155279
1.380135505405,1.45704525536416,-0.0186979740847786
1.62104498856841,-2.62997145062055,0.104566182846384
1.45545856710951,1.14807683090066,0.045542445653783
2.23994718398165,-2.13342716288469,0.635641694534963
1.67573708930303,-0.695378223573057,0.13801025958961
2.05871274327339,-2.49415905236737,0.400962891784809
1.73998604290126,-1.27509128470346,0.168131272302974
1.46042407015055,0.365786069698343,0.0421733346259952
1.73212735824284,1.06767451389114,0.206838160938881
1.88129220769497,-1.71523335919379,0.259899003289319
2.09842424505522,-2.34014932363314,0.482857425059497
1.35444146139283,-1.56138480427117,-0.0358453756169823
1.98520455728482,-0.413127362048608,0.396339241260278
2.14161125423339,-2.63853953025141,0.519596457877596
1.69757718454624,-2.72440641858761,0.0891625679119643
1.4183046738964,-0.845891517287832,0.0324581991965317
2.3083865357218,-1.3565799956313,0.79329687829169
1.40352681343166,-0.113558847284073,0.0272288802450455
1.58959258587909,-1.74679843818058,0.0824093272350792
1.7264226605544,-0.167259460652332,0.178804055514618
2.16728061854371,-1.60766038656314,0.574635538540529
1.49631024915314,1.24200105373869,0.105187350489323
1.6935021932546,-2.39684039890646,0.142943238372842
2.09981498247825,-1.82850297180113,0.491281797525324
1.59145705317724,-2.29149686040832,0.0793015561075521
1.92856377262721,-2.63280810717026,0.275376036096705
1.20241134393026,-0.121781374530749,-0.0321602593595178
1.98018337518118,-1.64132661126718,0.349987764071847
1.77161711706007,-0.446549387260684,0.169821507001965
1.27522414463149,-0.598948329339887,-0.0163965375612425
1.7201663427316,0.587072651376622,0.189299536175804
2.16102881151481,-2.09118856204545,0.54653211240351
1.86546194677435,-0.268164330974209,0.237864319411529
1.62167855055081,1.30591735519679,0.130746807662016
2.21295587957992,-1.73711534381727,0.629923526468323
1.50925045044496,-0.396699109213445,0.0904801172125057
1.18006444408683,1.92862442774372,-0.06275654873578
1.94778732071658,-2.07427921801704,0.306444559697491
1.35721812648054,1.62183342770056,-0.0309592095932397
1.52377265568438,-1.43562634621105,0.0763718113187271
1.14381558324552,1.44624633870291,-0.0496945534808733
1.83531491028002,0.486415502796402,0.229115870800814
2.20819819596809,-2.40127540580695,0.695178198053368
2.08277270443829,-1.55271969017834,0.46772134339633
1.80087234241994,-0.851450112698604,0.187804184880315
1.67291078913339,-1.70577989421625,0.0875130107514775
1.40130388053757,-1.33898753249602,-0.0188390088314906
1.9120189810385,-0.391071651614121,0.384271322004576
2.22274514963626,-2.50719673705531,0.617431328897145
1.96832077360408,-1.3021106728865,0.322342832473822
1.88658485830035,0.0941011730934251,0.315145503619477
1.36460659702387,1.47434380941376,0.0263167844263801
2.05209983467036,-0.458031901582858,0.404996280979502
1.60413087213501,0.795295209498221,0.174942642614371
1.86671079051806,-2.55923384674492,0.179322464231958
1.17588397681066,0.717173743995975,-0.0407001348755247
2.08677140399794,-2.65892418819411,0.387598632771878
1.2385230663566,0.153208460143433,-0.067963649759996
2.05277690984085,-2.32250718171087,0.400960325731916
1.49412954899452,1.50241874948325,0.0668837021486108
2.11059790041197,-2.3083967678985,0.504857451001454
1.77997852998209,0.301564055073781,0.227926091083632
1.95903971327689,-0.337969000234338,0.353958440713771
1.35079745125196,0.282183835719983,0.0504824199946175
1.6664676253802,-2.23614703897071,0.114031755454833
1.45511177521048,-0.242949141027264,0.0366811512122958
2.26484058839822,-1.72887346804553,0.785028890699426
2.35655876077058,-2.60122665919507,0.90434673473948
1.38302461200945,0.305657926930691,-0.032953867432907
1.66030368348053,1.05404675183236,0.156857525749941
2.07612757949864,-2.52017113237905,0.429514996693552
1.37996553066919,-2.29007223154826,-0.0371187603021351
1.58956620780756,0.748946668424997,0.074152633601476
2.34391071996935,-2.15826808759385,0.944000052068031
1.49737815987981,-0.326063905132063,0.024991638227885
1.84050404733792,-2.12688288425324,0.21990921512843
1.41285043152912,1.66722933086366,-0.031072488001109
2.38743165417154,-2.56282234864679,1.02764405440757
2.17817043560951,-2.0687371330773,0.635577916037857
2.14137134054198,-1.08933109901642,0.601827124703007
1.71074695697515,-2.14908233669683,0.138155197312338
2.10784293215824,-2.31387307801003,0.500759791084455
1.75757135735527,-1.07457156329464,0.183007404221884
2.35737443454582,-2.568801981858,0.91134565267516
2.03287216315139,-0.822315748990113,0.381329742705113
1.78949897708338,0.785422846815007,0.282232087299208
1.28037734751825,1.88154799548202,-0.00220126278308483
1.33686987152291,-1.95933444881113,-0.0269277006542341
2.17302211291985,-1.29113299733659,0.672588052692781
1.18384657353361,1.96595015457248,-0.0430145339709953
2.08599675252134,-1.51367239240049,0.499385615313532
1.51379140220686,0.138507924750766,0.021311562580049
2.29020265621837,-1.62298736904915,0.830909163606601
1.57265864656699,1.57133752844182,0.0976169541638675
1.55959386918422,-2.45731636532559,0.0709530532308224
1.4154804055669,2.00471642606001,0.0345068071123287
1.13226300501761,0.58783164409083,0.00706603746635766
1.3706813937205,0.0304363176526761,0.00828862901925476
2.04113307285361,-1.88014468341604,0.405004554893768
1.52748746930181,1.22916805837414,0.080888880687281
1.65016727673808,-0.935057075387515,0.120343070726435
1.43620496210168,1.57979447075509,0.0388305450228542
1.77524639436631,0.566286551223506,0.198167501085949
1.2318773432948,-0.00251160766662585,-0.0742719719667609
1.80082821304221,-1.16163044235548,0.184195546443073
1.91103853311127,-0.308461664132493,0.325854258568139
1.6239415716668,0.693214871340197,0.127794743781122
2.18580386254021,-0.917547780825159,0.662119985950339
1.73508014631386,-1.19323912326361,0.176121511748849
1.57223926530157,0.018147333129511,0.155104182995198
2.01944853283394,-1.71095103166515,0.387856260037805
1.69027028070573,-0.439767469336735,0.180568300923177
1.97348450544951,0.363620418672944,0.368190537756505
1.33724212788784,0.0103548091096686,-0.00178098727140119
1.62351283326241,1.19071259175634,0.135378886549773
1.32972732839033,-2.12384562322432,-0.000241872456268943
1.78025629977111,-2.5232508590335,0.190938811828358
1.54829564930797,-1.93434364859594,0.102942352525723
1.29888040778689,-0.30005606661679,-0.0117226452266082
1.60794247922647,-2.10119031036938,0.0877755355011065
2.2014410162669,-1.47750825636946,0.65011949486271
1.99237180576514,-1.9054992068514,0.35328554399312
1.66424056344997,-0.42319848090005,0.203637018349882
1.59898071081641,-1.32325592283697,0.0223056453720371
1.62091601569217,0.752552457027701,0.124888003772863
1.84074054386247,-2.01430617657205,0.222380677542639
1.86077269197674,0.72213172495606,0.242691800596002
1.30107591845733,-0.799607853733621,-0.00265936790446082
2.24133056405557,-2.32628090518259,0.653798909217539
2.09649738188369,-1.70285064426365,0.478216393276789
1.47612341900482,2.02438331413522,0.0487459245630626
1.92492108739572,-0.498846483808666,0.361329203914411
2.03855137573343,-2.61153392491003,0.375715113834239
1.44595226159047,-2.41497978467908,0.0281046103295792
2.13482330655615,-0.969408958467976,0.615022455238909
1.57225373881448,-1.72736451447887,0.12199877953345
1.99560737652053,-0.186090093789189,0.421261594213853
1.35874306783514,1.63018519921142,0.00921970300826969
1.96457852602881,-0.00549340167093604,0.392745041657566
2.07418576971446,-2.00331830788551,0.445805603004708
2.19502237980673,-1.3234278540652,0.64948721092864
1.93236751725455,-2.314321485968,0.335532355734185
2.23891638939798,-2.46952169496247,0.655879148261669
1.83688848316391,0.469408525145602,0.280379442712332
1.55017299311201,0.020553433919416,0.0795523236764653
1.43802949872266,1.59183437140473,-0.00971990786560269
1.39885558633443,0.16934724720369,0.0179557905730103
1.43483115142712,-0.602767169130026,0.0278656667192554
1.6902911892497,0.764034421358931,0.171776483535236
1.26255555692907,1.354812995695,-0.0224017521166435
2.21180210975267,-1.50716200815808,0.667055352824559
1.50481686351179,-0.522683118157878,0.0649748283134376
1.86876887893869,-0.132861302160709,0.29160442787924
1.44322956810076,2.09188834058149,0.0479302702016553
1.90391922747587,-0.836934561444799,0.288483604990573
1.22514180535284,2.17015325566644,-0.0901722063047795
1.20991565990058,0.662051751296819,-0.0782571286360446
1.73779974090079,-1.90371337669686,0.22774262312938
1.54635606214087,-0.317444091083384,0.0746173201957163
1.6799132048661,-2.23300262757034,0.120834913112277
1.37222423279586,-2.54655655196856,-0.0293518627216198
1.8983212846025,-0.573425707267607,0.305545878407288
1.22505669541312,0.205352952065887,-0.00138581667950516
2.25699670947812,-2.63358586651148,0.668290908551364
1.86109509355074,0.37064625133453,0.299625391635234
1.82397906960442,-2.31126764371166,0.204889125080192
1.78726673027188,0.502148613919439,0.314482141468469
2.14977883102557,-2.06504406862833,0.438153544972767
2.33671251003974,-2.61981389017803,0.904257929678911
1.42512364975688,-1.81141889475118,0.0725357458730622
2.36393780255105,-2.26667357849803,0.981477464672782
1.24512017074245,-0.342374390027641,-0.0233819496028616
2.13748007667361,-0.924437342115081,0.499464824367072
2.06337740625413,-0.223418709107704,0.486583732925052
1.31792646929065,0.297398353745562,-0.00714476517993501
2.41887143391318,-2.6351570012848,1.0041698751056
2.16980803025287,-1.46960839422458,0.649969604528961
1.27674791015475,1.12273044520834,-0.018490282265814
2.33216193983762,-2.12553306954955,0.885645704654842
1.91435139274922,-0.73526824381093,0.347651367060077
1.41069298093873,1.82309148927795,-0.00506070229894798
1.63059579724565,-0.386533678414381,0.11656249754344
1.85703874882242,-1.01254967737087,0.257684932906228
1.89121361245439,-1.90842286074529,0.263129580333079
1.89866508842589,-0.901665586765728,0.313379811098769
2.06582704949155,-0.427909839681354,0.402880150806554
2.02632649835328,-0.925824386913656,0.426415344307288
2.24444716351987,-1.11107408584474,0.76044319627224
2.0789431159461,-0.950655989478395,0.491365347820089
1.45099980417433,2.08649166363885,0.0515869663012767
1.30110974446005,-0.37516351381261,-0.0180509384346845
1.57111791038332,-2.2808465284298,0.0785505623749164
2.20861903136724,-1.34007407506695,0.673576312980139
2.06558239504048,-2.3605243317651,0.374752032002132
1.38427477539955,2.02920187207455,0.0213649136708431
1.96750604431795,-2.62759454756569,0.259380690163666
1.37716801528185,-1.88582740336227,-0.0091494672545599
1.63352841835563,0.900405525623813,0.10795434707805
1.29987944168706,0.208633168629967,-0.0570511390706217
1.89590405848718,-1.98030906482912,0.254377801542006
1.39127211687373,-2.14907614914567,0.0135045386064754
2.14485758177715,-1.97785429391952,0.612965504059398
1.20317780293714,-0.163624730746737,0.0173250595080587
1.88282171866842,0.51574313961231,0.32520191196005
2.23791367833129,-1.95981680177717,0.682478845609177
2.06186980947642,-0.868908519762343,0.462785416405715
1.71291868098722,-0.690329708006807,0.160713315164568
1.30140506690911,-1.93388511831788,0.0195227409830772
2.18373952807464,-1.6336765134313,0.60885153893058
1.74896868979513,-2.66504046429184,0.185653038952401
2.12854603070174,-0.849898463286121,0.528247302287921
1.65336080480845,0.435270690834332,0.141759736748837
1.92469580672052,-1.21246348224245,0.310677357902209
1.35564128157237,-0.666828380987513,0.0234365922486438
1.60050521944582,1.41994830044555,0.10490187909154
1.62872759218753,0.898002774966001,0.133894780912945
1.27698467744184,1.42654547174797,-0.0371415515187159
1.86943434365712,-1.20011185378508,0.182245926461817
1.66946596588847,0.350919555214202,0.103242998994463
1.98891983246962,-1.65061409952753,0.394493288138022
2.37849864620732,-2.33024757806011,1.0336106723763
1.37961901718611,0.153945308979281,-0.011463370365437
1.34643514953462,-0.724275845056069,0.0167120419216684
2.17337119557997,-1.14243563059419,0.623677339857913
2.21522874361491,-1.43294764257388,0.808047960050061
1.79251855140668,0.851580313734993,0.252216733353502
1.21262450316861,1.42762733388622,-0.0352455072119811
1.49649059686513,0.614234274565041,0.0670341500116474
2.1574176858277,-2.65482815236644,0.509718451479098
1.39012349730008,-1.39291475416921,-0.00372243733735324
2.1540063871101,-2.27795369574032,0.526639506496216
2.03854535605725,-0.199257153561098,0.421500279650588
2.13990068785139,-0.639166914436393,0.561479496183338
1.15258351035953,2.04711476681328,-0.0409633828668028
1.401655399639,-0.564102002207795,0.0169531645498873
1.52336053914232,-1.87203032128465,0.0158979151333568
1.26293758301713,-0.234656958494477,0.0239138559663416
1.50643141478077,-0.471325036726009,0.05582911743781
1.23285773462403,1.28963117307984,-0.0301311940694431
1.44892671213253,0.923585115732807,0.0270480949692086
2.05194793155946,-2.09632359327333,0.410290349536649
1.58882214288088,-2.60521859648504,0.0730941837503568
1.30833549549676,-0.584899412656039,-0.00898766610284829
2.15452337743044,-2.13544358689969,0.534825444218165
1.27858269121689,-0.938821879301875,-0.0515595666558557
1.77731330731829,0.611832766656775,0.233444946597364
1.83349474514143,-1.67147857413801,0.224293446090575
2.08359290504747,-2.11624353896004,0.455844007579763
1.47646799771855,-0.826165127157319,0.0733312778955148
2.1348125025866,-1.04076409928693,0.566951641818615
1.52001443931239,-2.47712809095704,0.0768377764102578
1.6600158467987,-0.82794181052827,0.133715906638492
1.95732081919328,-0.481514611513047,0.349496015302953
1.96573441064791,-0.560514657003817,0.427618108958871
1.25907777943842,0.926633891310462,-0.0807134953762381
1.28837526226639,1.24805339555163,-0.0640117046283165
1.23103107255086,0.404719311348749,-0.0287125345740089
1.60024288920492,-1.69897577041762,0.0513869277066514
1.74885430705336,0.87264026038889,0.217123584217013
1.26909698904859,1.46547137477267,0.00028970098290633
1.48394839199446,-0.71148612896226,0.0698752498212622
2.07106368060251,-0.465651010633968,0.505174246805536
1.80578885080597,0.45755856089057,0.252995098866562
2.06051920316404,-0.37463593518307,0.495282557925516
2.19204432505447,-0.829107716345557,0.612012272481242
1.99744643224459,-2.69902126126892,0.333094609171658
2.01336209216161,-2.54910283856739,0.352812472953269
1.34428268624091,1.56949510902876,0.00372242540738288
1.56085491649489,0.137134671165676,0.0988038718328634
1.6515798970877,-2.49326981539725,0.104376859048376
1.49147967755282,-0.247560041185102,0.0510732713914341
1.68927496033788,1.39905392408653,0.136563201775037
1.30951394158059,-0.0413776587186527,-0.00934534821366562
2.21448904897937,-2.10746774307455,0.653285575837271
1.27932707859778,0.811920885365521,-0.0177567788146691
2.32710902895709,-1.77301050749553,0.874143596813658
1.66760005216987,1.32443052586219,0.168954080248286
2.1755525846324,-0.689649661635315,0.614248941457098
2.23045098233406,-1.89348938378844,0.673321766001441
1.62977624322253,-0.0243214070586802,0.099586186591543
2.1060732662063,-0.591002561679541,0.570525229830169
1.56993906092496,-1.35301051261351,0.0767743073386686
1.73792823429336,-1.01303837635851,0.177984045392989
1.33469097544989,-0.129171810999185,-0.00254323492342956
1.83470344289961,-2.12484128287528,0.198428623296568
1.53269192680668,1.20745900127758,0.0833567483788198
1.32760072012968,-0.645099140743246,0.0180713001031964
1.90470029232138,-1.42903643209108,0.223026472662548
2.11923018444229,-1.72780808212047,0.506951269479866
2.02731304853993,-1.22445548770344,0.415279819191463
1.39973696339646,1.99710779459518,-0.00507973286119114
1.24740570596556,2.09028421448463,-0.0264163396731867
1.48322292361821,-1.07920733457818,0.0529483444560574
1.56829866598049,1.65456142165878,0.122080229597984
1.4558102595465,-0.535360381840614,0.0606176072560206
1.9015767868134,-1.88121284087187,0.272220173975631
1.90140774855419,-2.44517096130001,0.258339074462904
1.62681550894072,0.0910893866025959,0.120781949292743
1.40136891032721,0.0461618344983752,0.0267057138423842
1.10358357722802,1.57170829723626,-0.0172221570294931
2.0190412052529,-0.814453801902113,0.422507859714878
2.372969094568,-2.29629483294329,0.927928227320785
1.74515262612658,0.496262329140729,0.206777321357091
1.72574176292074,-2.09556976958849,0.119377502958705
2.21508767256402,-1.30562736992475,0.633698747465889
1.90064210864084,-0.697450157778379,0.277754831331299
2.08022104572742,-1.80853904209035,0.426893307760118
2.21362422999883,-1.59143454870988,0.556734575496158
2.00664284792263,-1.70301594577788,0.374662505600959
1.79077733627729,0.194347040523322,0.206873842457286
1.70571903044066,0.276337233142403,0.173064181194672
2.20236730069855,-1.41320998741386,0.656438723884371
2.07417064294917,-1.12671499447199,0.492610212277364
1.40806133982877,1.81339954792927,0.0298871430834242
1.27082858491555,-1.00088408761009,0.0256252786218763
1.87061436625891,-1.30426886317199,0.261436465283459
2.10776732097686,-0.602505844887915,0.461437104054255
1.9877676581175,-0.597398652839596,0.378767244687497
1.59675307514166,-1.66956664627955,0.0774353633196127
1.64417022888471,-1.36190926267667,0.112118698624548
1.46294512738742,0.0407289531719471,0.0986294846485479
1.90033101356417,-0.155549896801864,0.320407904525274
1.40395674882315,0.569089317577939,0.0220535076175041
1.69368300687259,-0.365390581423462,0.203962763901885
1.99460316348804,-2.37909018319443,0.347387737530441
2.23932250139777,-2.68559242918866,0.661197238085234
2.23954448849179,-1.10569899185517,0.733803882205005
2.03821171227224,-0.621690490367013,0.45415704418692
1.57729051037085,0.506065052745918,0.0760436345893917
1.40267636107275,1.05122770643904,0.0230764421394571
2.17081787627648,-1.91703574430896,0.517029044395235
1.69693048293854,-0.275066382993808,0.157493926845933
1.5427482965408,1.22692718098357,0.0889196838312087
1.31358726282552,0.829437044962058,0.00293538183927397
1.2972929290821,-0.187976643135676,0.00348892801662112
1.33420470798114,0.397687802027602,-0.002364981905562
1.24467208765222,-0.345418628738598,-0.0234587058682232
1.54974591966314,1.37518519325506,0.0963020552252166
1.18827932599169,0.926180173876952,-0.0607449459136303
1.56975592886582,-0.724526685190472,0.0906784212624558
2.1474434653059,-1.99606555972342,0.532184707845157
1.51579427290834,-2.46357675663318,0.00838796561315795
1.63286875039416,1.48950539018559,0.146509616285109
2.062538280168,-0.676784438917203,0.533742867307846
1.86333922249637,-1.64048556065142,0.247509695002845
1.41498244665353,-0.329096981601167,-0.00701614732010795
1.37423611475404,0.292798268047093,0.0100053800281479
1.37691219169854,0.974613792572981,0.013114460740425
2.23182570671825,-2.42261377398158,0.638315286097598
1.99332076713425,-1.00712375889781,0.386828184423633
2.29483248557654,-2.15964594136543,0.762292616956057
1.99687900063032,-0.409150945654589,0.413426771822344
1.53202222513157,1.44900582197224,0.153496022165066
1.46622925951579,0.0725476178568405,0.0427386901629334
1.19554907810511,0.786464109685175,-0.0372467995973522
1.79865752570289,-0.789316541999472,0.277138779289188
2.27070326724118,-1.89588706070158,0.838135338402599
1.92665254166193,-0.328726356526506,0.348470132695112
1.58655827981516,-1.60209679773527,0.0821926939758424
2.1657252479162,-2.12047470860803,0.558637652128849
1.96343082105892,-0.174695648346077,0.407414708477676
1.92763132686365,-1.66373548299124,0.300233235629165
1.61591244960945,0.430150534719946,0.121762802258034
2.09196607647748,-2.33171430221521,0.400464647412009
1.22871303602295,1.60952548736421,-0.031515575962924
1.38425771451915,0.426572259667015,-0.048319371657661
1.69073725348711,-0.910622285158844,0.166580770002862
1.64239345203785,-0.543933951500456,0.119447715191919
1.39151734686189,1.1208490493186,-0.00789499361492566
1.81845069770365,-1.91009196424696,0.20870709652033
2.29262011296256,-1.94283402732617,0.98353096557011
1.41568901908483,-1.16374438073033,0.0203050464550867
2.11355474316683,-0.547738959291237,0.563197761617714
1.85260039722358,0.367310717471527,0.291650261924403
1.41072506311763,1.64664420315873,0.0659998712389252
1.66320106593964,-1.56527329787106,0.119712199994516
2.1712072193464,-1.00926156840409,0.628989707804705
1.33432777954197,-0.585662482383941,0.0472784948300085
2.18417678934239,-0.977821714862747,0.642643863447075
1.99074708149796,-2.30304471401677,0.338958846768836
1.89128390080004,-1.56361429010271,0.244439303953677
1.53040123621032,-1.84560917246945,0.0574931954922944
1.93326314611622,-0.348958701281936,0.344141177999368
1.75812145254613,-0.847795698262362,0.110968522476522
1.4367031474479,1.5620498006819,0.0925206919488708
2.07131126536539,-0.717269611510469,0.48855284886324
1.70481081540173,-0.0579216118374233,0.166340403768936
1.67977683323205,-1.12762471770282,0.134288357450843
1.43709537024229,1.80232708847073,0.10603019040851
2.17483460341255,-1.17213382177474,0.624202837471747
1.54268933578712,1.21077376468763,0.0886926041128875
2.28892233486679,-1.9774010919022,0.790185355183088
1.99759186060832,-1.48284396133937,0.384276127755384
1.55605394758889,-1.92343316210655,0.10674271564554
1.39683745447393,0.749120026722157,0.0194379288226951
1.98020785908333,-1.67605912892876,0.435550739150221
2.31387685295271,-1.87278824083544,0.755341992318674
1.42185543635386,-0.413573751949433,-0.0231670722127014
1.81604952947456,-1.57841965541391,0.22579725408117
2.22687373212186,-2.68473530873048,0.713882697658063
2.00366566851764,-1.10025800632331,0.39366325051165
1.29213880969806,0.652167759336214,-0.032289962497565
2.01785898453906,-0.657546244194538,0.498594264303056
1.4856718754628,1.75988036918917,0.0635457232421749
1.70142500210785,1.35971669499708,0.208216690706263
1.19401690677981,1.08566973940718,-0.0382853676928233
2.10411461916182,-0.777599187005928,0.573697427207849
2.0020431309708,-2.11732118292531,0.35582943791682
2.14121378521522,-2.69061224614938,0.489363602496091
2.38010526734914,-2.54825221007653,0.801984823552201
1.94541686293196,0.261251010998254,0.333333538564891
2.14261288189442,-2.17826779879091,0.516056808043387
2.06262464754923,-1.47748997184656,0.433552424804362
1.9705957375371,-1.90755547633178,0.273282980193277
2.09919361470286,-2.66579864227404,0.386347933721155
1.37755070720065,0.783391102491775,0.00697418785730078
1.71889295922228,-1.62436141859829,0.149892208533429
2.1802708714199,-1.23345610363062,0.629492395620607
2.09640636898784,-1.16194153267856,0.504421070480855
1.44987797153082,-1.80137193568697,0.000487609245924135
1.81907680252715,-2.73016549778344,0.19408331217251
1.93192123790649,-0.977829250346035,0.324598522848548
1.91439940826078,-0.287575922107398,0.329816038509175
1.39176902108141,0.467296986357955,0.063889251433367
2.26960300527315,-1.4996172854919,0.71176421639493
1.1523388788589,1.99062206841923,-0.0500469563387147
1.57747493978594,1.6788979533,0.114780831032714
1.62651167575877,0.648388493028188,0.0970331311155512
1.57525257547526,0.401742566709817,0.0769343420040313
1.57178214275333,0.159991664143332,0.0579225317887135
1.51074543529364,1.28123988561882,0.0728892999262472
2.38847875724237,-2.50206399193513,0.885666044639054
1.47945325965424,1.08354098307709,0.0558573802096025
1.51187434221878,1.56297117105916,0.0670575261478182
2.00223003810861,-2.60828975422775,0.271305530374368
1.84554522625131,-2.19001799653928,0.222220505794322
1.53879705548919,0.944702731946347,0.0835387758744324
1.20954755620334,2.06489695732726,-0.0107670680092904
2.25065067724748,-2.01283504732302,0.796827605360889
1.55234547272385,0.679257147908179,0.0875645077983693
1.22215496842685,1.31780344440877,-0.0327851934845784
1.82359774731898,-1.86327690238684,0.208482907397329
1.48213380834696,1.65429496038407,0.062495561312462
1.50462887082045,0.727213896749442,0.0529737075322191
1.96518494097525,-2.16255122088797,0.319504321874117
1.64665006275142,-2.50275439496836,0.132335252901646
2.05911129380954,-1.12885009171279,0.477452477283551
1.22784701678565,-0.439160649208295,-0.000663059903007034
1.54032136722547,1.2720225881048,0.0881649416768109
1.25102817518403,2.06817843391987,-0.060237394820493
1.27507399264746,1.17593209303932,-0.0189483352032311
1.77962014808859,-2.22539999423068,0.177450563453541
1.56211218906133,-0.815316253243851,0.0792876814122515
1.58465228877505,-1.92992859488564,0.0789065969334006
1.15378813501226,1.98649025545716,-0.0518100970430346
1.22421959402447,-0.697231540085985,0.0127478359240522
2.22075644929125,-1.82297084022711,0.62485118227221
1.37717152061926,1.55796687762155,0.0158388648288632
1.12557565862458,1.56551800645319,-0.0534659934184676
1.96673997670421,-1.77581936975398,0.33267188309737
1.87026097622832,-2.46403454114408,0.234394139988045
1.39585922633754,-1.58124648842179,0.0142908487732316
1.52405227392216,-2.09922087598271,0.0896299460682846
2.14132106769167,-1.85701346298557,0.530881640039262
1.32850541824172,0.661331491798644,0.0248749991225145
1.27982809704618,1.68986045170886,-0.00367549763858808
2.15419580016497,-2.00859368114574,0.472093397399934
1.68213249582983,1.14084419995135,0.180448919241453
1.69643576093076,0.94783472191628,0.179701073007851
1.62647287974753,-0.122773543145623,0.117703133643899
1.57755558990951,-1.72039397656622,0.010855502710209
1.65715065906637,0.05618704301865,0.138124221616518
2.31593442224363,-1.92240018971447,0.867975767081772
1.4788145325923,0.351361063136881,0.0485457962230928
2.19899985308799,-2.01292607638818,0.579852952804155
1.68941476872813,-1.9473636858577,0.129091380854883
1.83841092371776,-1.02461621287711,0.215202297403754
1.81303359524617,-0.487437951674174,0.265057199738462
1.82172586458634,-0.771377201737885,0.235428059919588
2.24873913190036,-1.58541454278346,0.686398599781014
2.2576634396987,-1.65333199785318,0.78315030877281
1.95308744607388,-0.816725732579294,0.351840467851609
1.7496304844898,-2.09017676792572,0.182785894021458
2.10629630536727,-1.16949613067414,0.529802045174294
1.74245801354243,1.00296072691838,0.193223389567807
1.97138227418311,-1.75665512780687,0.337696062032807
1.83947281445542,-1.2188734158744,0.259488949358693
1.63075895336673,1.43164084964563,0.14410592055633
1.28319977002451,-0.454183709208077,-0.0267042445683971
1.44962293160543,-1.14640826998602,-0.0093891005010134
1.2349901495598,1.18641774734711,-0.0210701531944934
1.15374687573033,-0.00883577033494341,-0.0734578422392119
1.37842577903693,-2.64987960207042,0.0313951424917223
1.29255463953643,-1.38689949771795,-0.0473537876202585
1.56369572094932,1.03364197692661,0.0978894581852745
1.21870475804063,1.16434179638963,-0.0333196005428755
1.98643229450011,0.0304791856753754,0.462347452768601
1.53763322463139,1.11652886597834,0.0975548583267591
1.13843706321616,1.16606981952637,-0.0493255094435872
1.79886181011006,0.0689487618214786,0.237436776287244
1.96652168875927,-1.9456614368396,0.327231373178197
2.1133038396009,-0.872808345480416,0.543975946833978
2.03017547926615,-0.181999908399803,0.380304562138705
1.18793549509078,0.612423673998395,-0.0269063921303402
2.18417107135026,-2.19029938197931,0.575437898498813
1.66881287999568,-1.67283900447477,0.0855959354116411
1.71078471774678,-1.14573767332946,0.118658501516757
1.75366402749787,-0.24209070104526,0.185636411571065
1.80173192661078,-0.0894061971407631,0.235882416467099
1.73107302970704,0.199273518425416,0.222895403432142
1.2823495422582,0.091753990117307,0.0125505038250892
1.79933758963728,-2.37847600637249,0.209255934019604
1.59217474178737,-1.52724424681637,0.0403748485648531
1.23688201286512,-0.405740776519881,-0.0247187515098564
1.43531063631532,1.25546619919266,0.0215001019934476
2.18363677696674,-2.36099813723612,0.564818178605653
2.02538736589142,-1.20713461611733,0.438311628880068
2.35724102953502,-2.21848381691091,0.939611258899654
1.96871010726614,-2.73229825754338,0.258025070115216
1.59232065669978,-0.517774917529151,0.0446846970769243
1.47150761282987,0.970890073163315,0.0512903294343812
1.28441532686276,1.68864214529505,-0.00772743033689659
1.3172900808818,1.66001245961865,-0.00529648806752947
1.9895358041561,-0.704859903112029,0.393277315371495
2.28534438198835,-2.61492054770611,0.724541608769711
1.30173057181237,-0.192536507248333,-0.0111764803271435
1.72393515114627,-2.59195706034092,0.139797125221725
2.13387939788424,-2.23511650908679,0.501505686582388
1.88568347937709,-1.00232267299709,0.296807291981823
