0.524463570097865,-0.810218964456589,0.888812987411307
0.0621938479408971,-2.10183818839322,1.93644144765367
0.227710428827948,-2.00716380120886,1.8602651583025
1.47118591662141,-0.016226032805207,1.3549055328622
0.901844361695912,0.136488235368449,0.83997092877705
-1.32912754484648,-2.01944590260062,2.22637188494412
1.03745896556923,-1.26299767543141,1.50519009631964
2.11075328638181,-1.44367999210331,2.35497894952421
2.41223424473135,-0.332190576122654,2.24240470737588
-0.938875359347215,-1.58479269038325,1.69633054432883
0.481057974260146,-0.239842779425849,0.495016734353751
-1.03207230040521,-1.62154098850953,1.77009632631293
0.7992647234887,0.323488593621769,0.79404747224898
-1.10923746510711,-1.47189063215838,1.69728390954282
-0.460093687915997,-0.808800834273506,0.856909818281302
0.87442966235175,-0.958303283265066,1.19468536489755
1.22572276707539,-0.653875967455879,1.27934619729193
1.64214232782445,-0.392607557067404,1.55487791761881
0.0906866483036122,-2.14865277006577,1.98046767187562
1.19604660286367,-0.34429617190375,1.1461730477878
1.5137255835904,-1.13019859294521,1.73968619356294
1.16177153357471,-0.275221093994637,1.09949313833101
0.377043160858363,-0.733179873834776,0.759238528993501
1.09386304892017,-1.45743856863177,1.67813726701578
1.65341347592391,-1.81055126738406,2.25797904737702
0.819105182487151,-0.374707401792755,0.829499643631605
1.44304785579555,-1.8466438947782,2.15823791460447
0.98980760271169,-1.53956979843663,1.6855322851751
1.87120866451098,-0.502452272810315,1.78424811243381
0.551671002738123,-2.13145027069512,2.02754462348657
1.85864969045286,-0.293821797001656,1.73289593802218
0.917212264452659,-0.998337503187901,1.2484829403491
-0.295941011168389,-0.99391835815209,0.95501704415231
1.93331762623845,-0.111428291567051,1.78335743811901
-0.837704989477725,-1.48992446059955,1.57408161642389
0.138844949925309,-2.42512733539789,2.23697024147314
-0.333705773469433,-0.989949151759041,0.962052638377816
1.65765809608299,0.0995821222560844,1.52929846247271
0.950135397042058,0.131452006131656,0.883319195112158
1.63202702109966,-0.74397328237605,1.65173794083344
1.65983960424153,-1.03219413769309,1.8000091217189
0.743864112776338,0.154156274798561,0.699583921834439
0.698338147877553,-0.624352196979149,0.862653892679494
0.327885023599175,-0.455968411519504,0.517197900917502
1.78899174040198,-1.67056468581134,2.25410827649113
0.0326847752924732,-1.00084649495004,0.922176346620786
1.66283169954872,-0.668441083415471,1.65040613345993
0.264341289875123,-1.05599080878166,1.00247354287196
0.079540529536914,-1.27016640424201,1.17199443729161
0.549581315671333,0.085089703791702,0.51214257258289
2.03900694623469,0.0803432272377495,1.87918973852005
-0.188359673003972,-1.28671831640002,1.1975749216076
1.61578210262665,0.177052814876857,1.49688911070697
0.968612904729008,-1.34306793198008,1.52493779973287
0.359340146215222,-1.4704163558163,1.39396299711273
0.90876345347794,0.125034737580442,0.844769365669597
0.0766001955148145,-0.620809734350883,0.576042604149003
1.61511640153501,-1.45314542080717,2.00076805484938
-0.585604070024643,-1.09227054165102,1.1413236676856
0.140400118663945,-1.15295554130451,1.06960647941919
1.19901642345397,-1.00816858901179,1.44263426257423
-0.882251940892094,-1.7400369810625,1.79661483325862
0.604505621417858,-0.604033161853631,0.786974520645424
-0.0833996626557312,-2.06437333235906,1.90264343138658
-0.381095736806859,-2.15027376050006,2.01105830781017
0.972411787875562,-1.80934624336677,1.89163003060665
-0.87156159279657,-1.12815963406908,1.31285198941548
-0.421286143778867,-0.839849915292743,0.865273812573964
-0.638581712979856,-1.70614074490886,1.67764176079771
0.440947781761382,-1.19526629594117,1.1732409430153
0.6491503620528,-1.88735842456521,1.8380124010067
0.758382950930323,-0.492757317550631,0.832874586420057
-0.389566401759816,-0.349640160642078,0.482057037823757
1.04842786821043,0.108096909799879,0.970621213541144
-0.376888804026967,-0.866600345018454,0.870263608878006
1.61279611727527,-0.610862748290251,1.58819873750324
0.411821442561762,-2.47609928190569,2.31157624989527
0.869133917971979,-0.100694232522637,0.805743906760604
-0.34723154771645,-0.464836942753945,0.534318145568455
-0.0889631446314318,-0.526768009346608,0.491972978952249
0.673913174899131,-2.13478566474865,2.06156750422579
-0.106851172277296,-1.13343320541805,1.04841274058224
-1.4175280912038,-2.15491747662431,2.3753390499354
1.18118042306028,-2.26041946353741,2.34870311682751
0.999724369294245,-0.26458505640314,0.952348961506271
0.451484733024307,-0.827221115340564,0.867868860973176
0.675492617248262,-1.1085637108522,1.19547708611779
1.03153219381916,-1.65566485502666,1.79642308115491
-0.448562163778118,-0.95530560188356,0.971900774119232
1.38050718515179,-0.2005399619905,1.28466025617446
2.36851236157565,-0.334527395365666,2.20282420409816
0.265918753536373,-2.42225136352366,2.24406622623084
1.9345486022771,-1.28419394722944,2.13833222657507
-0.180749957420207,-1.27446187465325,1.18540372751669
1.12851332079965,-0.135544006386334,1.04672339137227
0.716834171557922,-0.691804557807486,0.917420033299834
0.630098600514523,-1.3418063674011,1.36513745007921
-0.81047163745722,-1.47450475165638,1.54948425683056
1.37601864072555,-0.556887425721831,1.36702541328377
2.30894141800245,-0.949724471133685,2.29916491757531
-0.585884528305297,-1.82101536092756,1.76164125304664
1.1684196439335,0.0575149517020158,1.07730684249754
1.18692795951863,-0.848059786625156,1.34338718601074
1.43020001590323,-0.616623096250122,1.43427768627426
0.140547701184583,-2.40610135364359,2.21956887063211
-0.577600088930188,-1.6578199217294,1.61670421050923
0.581038753322208,0.30696995770572,0.60516633740447
1.21026719125731,-0.736142697364262,1.304521244815
1.12604510184605,-0.736407088456352,1.23904499573685
1.78860558836143,-0.412336448222003,1.69033978118661
0.672316753001845,0.0272618654272626,0.619648959952031
-1.42525014070929,-2.12662196328914,2.35756453218133
0.784165004555485,-0.338974392015537,0.786724086000284
0.00715073254191228,-0.571738913547673,0.526558661578341
-0.238015293085821,-2.00640913420827,1.86066864776871
0.707835696551576,-0.481200314769958,0.788213901126772
-0.0210608159750205,-1.30358993670524,1.20063974365139
-0.972522862368273,-2.14337731302785,2.16752799098912
1.81467599289327,-1.80299500013296,2.3557618161154
-0.604896327622455,-2.08886471337117,2.00267938207804
1.12354911675569,0.0624466685018058,1.03627940358017
0.935083210957655,-0.411899231079349,0.940966026851469
-0.712507569465826,-0.606788826568325,0.861851259399798
1.5827366476247,-1.20686916659756,1.83294622810032
-0.405224484419957,-1.12143194773726,1.09808717374606
-0.698769812386106,-0.579440600538807,0.835962372739776
0.905781645144083,-0.046339414544973,0.835230140340902
-0.526081830571138,-1.69369221025381,1.63323961841596
0.630175986011694,-0.191226722116391,0.606463215856255
0.38820859889337,-2.24587908150349,2.0989127831877
0.688014822086814,0.0632812221663973,0.636270970450666
0.599721667257761,0.00100568578008515,0.55228773000192
2.1224977537079,0.0500593352550547,1.95516331481307
0.575176922502317,-0.926880852826092,1.00456248871985
-0.201938603601066,-1.48312486995486,1.37841999947996
-0.168322840846893,-1.75972132758508,1.62793365292761
-0.231260799513293,-1.62701272616481,1.51338475457335
0.535646434270067,-0.613357173445814,0.749915721592051
-1.10102810522407,-2.25481375340434,2.31080263058705
1.4236390274355,-0.578456391343483,1.41512933658855
-0.519988077345838,-0.825225400948647,0.898241455337539
-1.06954138174708,-1.16694439127603,1.45773195006487
-0.546949361391961,-0.879026111942052,0.953410933171899
-0.620507226788132,-0.695687027555292,0.858474394713277
0.711159679738991,-2.47767459959476,2.37383267251365
1.64210727345531,-0.224824348644899,1.52633301303063
0.263453206100196,-2.01031407704986,1.86713899161855
2.10456804018333,-0.597271255029995,2.01464555787382
-0.933931263978609,-1.43916998335709,1.57994685705483
1.48018538151729,0.250881274001906,1.38255182513238
1.59153814250267,-1.3605995467157,1.92824161239557
-0.566737560108083,-0.92943467472159,1.00249357993163
0.648659882628122,0.0666629322830255,0.600500682974896
0.447643050974697,-0.86453728848361,0.896551959589989
-0.160056614129985,-0.926315733647346,0.865689801770142
-0.810390359893733,-1.81575422552402,1.83111945955454
2.04188755983834,-1.37693423569787,2.26798142973057
0.0165187761894943,-0.554748860986832,0.51109768833692
0.510547608180578,0.199095175057949,0.504650935646825
-0.140408976384446,-1.95802761495149,1.8077884963892
-0.268566310239939,-0.511180075184032,0.531764437957152
0.308375612938322,-0.453106854594847,0.504737970901364
1.74058197009044,-0.698388495410098,1.72712671054813
1.05607462104465,-0.759075975497352,1.19770470127019
0.206973835002935,-1.03258751190992,0.969829810785917
1.44756904815816,-1.63249220065062,2.00928125759754
-0.61733350460907,-0.307911758521923,0.635298163242945
-0.543827382881736,-1.38197533665933,1.36766212499161
0.0283279166869102,-1.61205242807424,1.48477706417502
0.748498534849927,-0.0591608980681168,0.691446126878397
-0.457169402752883,-1.61875074029149,1.54902697959041
1.63282332383476,-0.331224782443653,1.53430196230767
-1.19301132163915,-1.71197628787901,1.9216141154988
0.432566852496435,-0.750714701329028,0.797892511664043
-0.0457260831467287,-1.08243720539421,0.997711355251482
1.89626830784885,-0.740920724865804,1.87485065023227
-0.0816369802936597,-2.36249694544081,2.17693486718889
1.18975161375546,-0.958890930741285,1.40720281057195
-0.693458062705422,-0.839949335843351,1.00306811429444
0.344487678313111,-0.54193941205304,0.591369090950927
-0.242029855341556,-0.468691651977311,0.485772446068676
0.672325205645774,-0.862002129726375,1.0067265178276
0.269584661265286,-0.789321194647594,0.768116764745388
0.458748502854089,-0.312833899756532,0.511343263676149
1.55048821082178,-1.27544642031312,1.84888306490137
1.84231396544426,-0.916606823498925,1.89498284690902
-0.360532749250554,-0.63835938739517,0.675147794541374
0.671543370298159,0.0299821934987877,0.619044009314428
0.09373571007327,-1.16983209990482,1.08075759787507
2.02997895113669,-0.513311739212668,1.92825891856628
-0.765961451019319,-1.68395251930816,1.70364846356214
2.50461082127486,-0.0206337749126451,2.30658803206398
0.143209634375661,-0.672138492838463,0.632869887782404
2.41708310667793,-0.15217623839344,2.23031215844923
-0.899744455201604,-2.2401697169137,2.22316197990913
2.40241484999637,-0.578691461559297,2.27567661469684
0.345753824960889,-1.75568235956986,1.6478717925672
0.472530068626499,-2.22408577733886,2.09388915967701
0.543053424349673,0.288555013477745,0.566316435065046
1.56256765042018,-0.934208340155775,1.676544452383
2.03087057488778,-0.967579865494138,2.07165783876845
-0.591373200990376,-0.594298947429935,0.772086550342197
-0.548673930399557,-0.579707682820667,0.735055679202814
0.757504379561248,-0.407024744788946,0.791915523341868
-0.483460141764862,-2.51223713464928,2.3559830597411
0.790883235068399,-1.35705709543436,1.4464667109965
-0.603480021766224,-0.386149154439565,0.659781878424171
-0.0826303768095902,-1.50972905132238,1.39239856472499
0.874571355925758,0.19461609293557,0.825097614431729
0.609879585429119,-0.169150266897822,0.582842888198171
1.06358978895402,-0.490238045785219,1.07850436846882
0.131135605608564,-0.836366326520894,0.779624207995308
0.537764843599846,-0.34809662395215,0.589927667525874
-0.496243295777876,-0.284746765114277,0.526881976088264
0.929289631517015,-0.468400077036986,0.958351510709239
1.1776489185053,-0.0527551637522675,1.08559094106075
-0.311545379355508,-1.92658177806001,1.79724741256061
1.30790643424508,-1.69145096751778,1.96902111427679
1.50318146358604,-0.117611522592467,1.38851868679635
1.99450113070883,-0.519548612118176,1.89804076613316
1.7796726080287,-0.354322181764142,1.67107646564597
1.65428072016675,-0.654692094912191,1.63840091192556
-1.32336817230744,-1.69875334127445,1.98306383335835
1.12513984402798,0.273103326170227,1.06623397934768
1.42841210798977,-0.907617006834721,1.55851645150804
1.21482373124616,-1.67565392815062,1.9059879362264
0.631421044973043,-0.0883511911770918,0.587143830146771
2.15108034595193,-0.872766149592841,2.13778385754458
0.158794196850361,-0.662804624103066,0.627653356061376
-0.171220516300061,-0.603622664525096,0.577809859033107
1.57239556285245,-1.38297890417112,1.92842493335347
-0.748588731266469,-1.00314889481628,1.15267524779061
-1.06254997487393,-2.30273264101991,2.33546961977695
0.568304943350769,0.0424525902119479,0.524813288601399
-0.264823698520962,-0.515135263581628,0.533406953830419
-0.571146629315851,-0.843304691317368,0.937955325159379
-0.136527123587082,-1.07749896501341,1.0002083277633
-0.663979497523952,-0.56063805560921,0.800278920553134
0.393537848115796,-0.59657073689178,0.658153468922948
-0.17028265130874,-0.751391256782624,0.709506705108293
2.26254825753211,-0.141942793151852,2.08768928434256
2.22832626167606,-0.171176077695851,2.05812359570242
1.29655624729661,-1.86222038925422,2.08964849257538
1.0457676270211,-0.915390530196491,1.27988291688223
0.264176911597506,-0.580290980909307,0.587164480373334
1.2383905264983,0.246938092744073,1.16289230533632
-0.0552620337510785,-0.658847126106531,0.6088664635938
-0.598625317151346,-0.250800751021804,0.597704734270858
0.626485590607087,-0.409056423602886,0.689026452488711
-0.790734120770965,-0.919023245003888,1.11648693882861
0.46566073693473,-1.58348464830163,1.51998605842813
-0.593158593733882,-0.893815850941442,0.987880433782549
0.00711471987254317,-1.78326700735575,1.64223338087224
0.968287588798538,-0.874682204094105,1.20164922839872
-0.371703916299128,-1.30991988080803,1.25393845625111
0.309185996882046,-1.09661142865346,1.04924744226597
-0.196388843116172,-0.749645501435485,0.71364941382204
-1.27831984243538,-1.74218995588321,1.98995021175182
-0.680279683025767,-0.90270263004257,1.04092973934833
-0.376660397548474,-1.67604838369115,1.58197813336606
1.25468325540815,-1.75314879662033,1.98534930238969
0.21983605502476,-1.82593277048846,1.69365463443157
-0.271265865606419,-1.32022835440459,1.24120430783278
-1.08136923387611,-2.01804822154901,2.10842666835531
-0.736624541466336,-0.534274986104565,0.838006492823816
-0.188088589973294,-0.975899710137686,0.915251029418434
0.773598380024927,-1.03587443610924,1.19060300645902
0.261230132995514,-0.77447534307506,0.752697687150152
1.17382127839608,-2.26720366776873,2.35111848879227
-0.122950358019412,-0.532157615977856,0.502976705901526
0.686345643355352,-0.839585268321937,0.998651275361616
-0.0221830636106578,-1.1791356218828,1.08606456724065
0.630057359010816,0.314769701706425,0.648602700142789
1.29875610182083,-0.151170100092113,1.20410626305028
1.30599386865591,-0.72760577128594,1.37675523589388
2.31663061322285,-0.133510575713812,2.1369377323305
2.17406658130596,-1.27427026732134,2.32066898949688
1.22494903150732,0.159981682231261,1.1376422826539
2.35770422581519,-0.977482878651642,2.35042819641662
0.953447607676229,-1.75196826728886,1.83684401573248
0.14111345064672,-0.574006231900969,0.544344837365658
-0.355492070892868,-1.86161085425246,1.74534533584339
0.0715043632132676,-1.8709883851012,1.72426123169777
2.01668778284931,-1.20538769503295,2.16363578055703
0.927692562717478,-0.775248631557588,1.11335295736137
1.44864043616187,-0.448281828945789,1.39647522438629
2.00099033067324,-0.881653412471376,2.0136635464093
0.164621941624724,-2.36883978676376,2.18673887697738
1.39633294520195,-1.80075053979935,2.09846210439325
0.424991387548158,-0.605663333334498,0.681374050485825
-0.38964771002382,-0.724635220722572,0.757677187783543
1.44639538613256,-1.80455085748995,2.12975457073749
0.0733419027525228,-0.942626278558871,0.870693258248002
0.872385393544979,-0.0930138979443214,0.807937944683503
1.16609715114771,-0.385795101366432,1.13111050602828
0.894942608220811,-0.2357373448437,0.852270193596325
2.07662592864793,-0.459020814101102,1.95853779168696
0.768866744758327,-0.909032541841581,1.09641760721967
-0.691746962401888,-1.90958246518158,1.87037213530146
-0.0333378837200409,-1.10392422135987,1.01707330610847
2.25965955989063,-0.594463325966859,2.15173810208772
-0.31607036976572,-0.549236420155847,0.583567201373437
0.199951032483697,-1.66504466912944,1.54436535383085
0.444478536286417,-1.53646799658661,1.47295799386191
1.39326010068167,-0.127457255986064,1.28841849645305
0.323517621725058,-1.23767909739795,1.17808004770679
-0.656320957984713,-0.403521448480917,0.709507755270911
0.849503033479584,-0.984519315055347,1.19750774904114
1.40916427736754,-0.728762264921579,1.46097475006261
0.189151325175067,-1.1888253216463,1.10856664047292
-0.600630081997056,-1.60650526022158,1.57945773081541
0.568546802423026,-1.15251059048023,1.18347140456162
1.57856595320158,-1.09446450466594,1.76893521353794
-1.24358245766648,-1.62043955719765,1.88106558161701
0.718482386130429,0.210729718569922,0.689526353238927
-0.0681181258426135,-1.8978936263266,1.74890596798984
0.334554671220123,-1.71409763420866,1.60830739855905
1.34384761612933,-0.793003624038383,1.43696109836381
0.124387889708253,-1.38903696207511,1.28429040890206
-0.987847405325258,-1.42483707957793,1.59665014104148
-0.732685814404455,-2.41468897374584,2.32381350951411
0.662504149078295,0.290814657668164,0.666295881990859
1.71734113172511,-1.06777416804002,1.86227991574483
1.28420654316697,-1.0883059719587,1.55018680329865
0.642364620296924,-0.576975550163069,0.795148981033708
1.34447635150171,-2.03849970544063,2.24880090420363
1.04957695046696,-0.920455851286842,1.28559547344575
0.63307724723624,-0.244096991902238,0.624839705684122
-0.0712427896709333,-0.906811440450919,0.837660845954724
-0.135064759858184,-1.59657752399342,1.47554869939659
-0.480356508394268,-2.17307442680283,2.04950500010123
0.756474501215974,-0.0873938835527027,0.701275011830243
1.24625073275503,-1.13925443078355,1.55495139212433
1.66705331102798,-0.594165009427519,1.62979421158433
0.963503695952095,0.302764714493828,0.930071581290957
2.18199015025394,-1.34466529904187,2.3603232136765
-0.671210062772469,-0.895100043994853,1.03031461647198
-0.116370689955816,-0.907933805845814,0.842961023075341
0.0361775779501222,-1.51021078222473,1.39116033603007
-0.280968033844114,-0.607818733665727,0.616653755585457
0.0736936553344247,-0.712977343839932,0.660082678459792
0.519599398865451,-0.718159732323093,0.816307203687905
1.08790656057524,-0.31899947899537,1.04404093434363
-0.691682739704278,-0.985918886045946,1.10909330002342
0.545957889619253,-0.293456831904707,0.57080311852702
-0.139440236748327,-0.549696608818651,0.522251597222494
0.59454071264249,-1.28540509850623,1.30422612575007
-0.659616571312834,-0.48254494321114,0.752635943512253
1.46476615509141,-1.25982163184314,1.77920516749857
-1.08431810087708,-1.4514294348161,1.66843903896141
0.100011953952213,-0.534903049413623,0.501131383060647
1.22230425680837,-0.753224476745636,1.32218896013892
0.804822390976644,-2.32110754294905,2.2623705106583
-0.143074441902876,-0.632812819462868,0.597469916775086
-0.0949425058207571,-1.45042443688828,1.33856232958592
1.52626891088864,-0.940662195229316,1.65105331052592
-0.665496903615241,-0.630713797190087,0.844368373067573
0.603680527630761,-0.251814929530469,0.602360123122848
0.784215799433739,-0.474728492886399,0.844205416422103
1.62100944792357,-0.755903368006863,1.64712417422355
1.38358776675552,0.201212804865375,1.28755680515843
0.577288628189605,0.174686980944103,0.555434794070152
0.659245521640257,-2.46889203343985,2.35327519358992
0.513826169813813,-2.20043617466177,2.08090741276344
0.0500304150518852,-0.653586409920649,0.603652110675657
0.754932179245108,-0.0643972353416413,0.69774594105079
0.459369328131485,-0.827513567626333,0.871606184280489
-0.51246033244367,-0.315137480936555,0.55402029022332
-0.500944678072302,-2.09212973473171,1.98111408669749
-0.562591095328543,-0.357771443372633,0.613981655003046
0.0503188127999742,-0.565058321211084,0.522424468104288
-0.0546690125180626,-1.0673850655819,0.984249160034057
0.458865806690458,-1.55873897644689,1.49635802126042
1.13013023874096,-1.90406735175691,2.03906577488243
-1.03689945883568,-2.24513721551314,2.27741270276494
1.22220888124755,0.0526104027820984,1.1265810968806
2.24589747245111,-0.211197687540869,2.0773838844109
1.28690366569937,-2.21224151909172,2.3568943916772
-0.720891770570809,-0.92925159814121,1.08306996046905
0.62797590538965,-2.14988429407202,2.06257252678017
1.10494913076765,-0.223301457676568,1.03812480312752
2.11199382774582,-0.867122225274421,2.10249368052099
-0.347131944689666,-1.64459899041333,1.54789015191654
-0.693180423010023,-0.51047115707326,0.792770647375686
1.1525423182773,-0.616723308764652,1.20378280778386
2.28897797180358,-0.49685556410496,2.15702039122677
0.417290644413163,-0.988252643264001,0.987893686822143
-0.276007643090015,-0.784966437550812,0.766264463937586
1.07773180410594,0.241948336935199,1.01719201094919
-0.336181692921552,-1.6830481851746,1.58054563780014
-0.0163823581057317,-1.19061870928862,1.09655104884703
0.290975868999452,-1.05296715169317,1.00602620793662
0.500047696228625,-2.21407876797843,2.0903118593483
1.83754198858873,-0.0668938774597856,1.69332336220217
1.7563984044388,-1.0327798994192,1.876381791912
-0.475915326720862,-0.570702356736064,0.684324202540868
0.124504485979431,-0.888067642560248,0.825824502399214
0.611457440276714,-1.36835966459544,1.3802183562372
1.10167988208162,0.089583840970055,1.01789168434294
-0.532894327242862,-1.66835887265772,1.61287268774242
2.24074152708992,-0.773004787360904,2.18284878891112
-0.485805577793399,-1.38899448272029,1.35511252458509
2.44386124706505,-0.891595707052659,2.39566446167481
0.0576472006367563,-1.23579592303568,1.13928874228777
-0.850521929786063,-1.53888498732628,1.61921121030521
1.03452681461065,-0.851180559040378,1.23372259412411
0.152511062571869,-1.68046883594731,1.55391304074461
-0.728538635616983,-1.37027342617634,1.42916035103655
0.649483132977009,-0.56274373425562,0.791394261139569
1.46483425964745,0.274063947432074,1.37238101717683
-0.863491688054051,-0.813832982437206,1.09271632029813
1.02110163720353,-0.944821278530204,1.28113002562537
0.180736901680418,-0.645997304096345,0.61774729336821
0.519017112306525,0.281336002190044,0.54366869078618
2.10284817015744,0.0385193384529563,1.93684920763608
1.08905800606639,-0.114320541483347,1.00842995740159
0.508051345607517,0.216885761788196,0.508716376989808
1.96984105839784,-0.299878586382041,1.83493755607121
-0.347877718369439,-1.16935721701332,1.12351039203473
1.01981591251847,-0.150388275815492,0.949310654024937
-0.606461624030029,-0.534572320300781,0.744489988503722
1.40945171770246,-0.422753721985568,1.35510067184133
0.699494192292538,-0.312231119669409,0.705428242046249
0.358215090820309,-2.06137144351986,1.92677768559779
-0.322112196288183,-1.56974636762445,1.47570894336971
0.866175803664144,-0.0860646625411881,0.801593923713003
-0.314170141525679,-0.560320501902795,0.591578325321179
0.752717516301787,-2.45442527409781,2.36419712818646
1.3158725595892,-1.67588690915318,1.96222403944512
1.59651697455463,-1.1477339308476,1.81073516186613
1.55912376397133,-0.744823227436792,1.59122990458614
-0.35089146502909,-0.614561860391104,0.651706447581605
0.782048128899102,-0.325328972756954,0.780022801122973
1.51626012676412,-0.189897634498323,1.40724052585741
-0.691616056123381,-1.22936265351131,1.29898775650382
0.499471304366514,-0.50005126433209,0.650867706994664
0.717153025214615,0.256790887027553,0.701491845522296
0.483963465060928,-0.788124731995919,0.851706231755755
1.2632696702414,-1.86817346715792,2.07682502199784
-0.239818475446761,-1.21624615988674,1.14161363041834
0.81119318080081,-0.869693034061593,1.09521963708544
-0.942895014422153,-1.27066054883108,1.45713587866373
0.355341300797605,-2.21207358030999,2.06322633661844
0.516730900907946,-0.371919959582882,0.586303177098406
-0.0507134962624342,-0.650184634340123,0.600577171784884
0.445921522359816,-0.656737059266816,0.731032804915605
-0.551188828643482,-1.03649535775927,1.08108642447875
1.57065678175744,-0.656640637256674,1.56774238128551
0.33923802851801,-2.10461041437848,1.96316382308444
0.438763885018277,-0.776056339139851,0.820989761663427
0.386750944578516,0.366290243828201,0.490545196630344
1.06787317251508,-1.8585140413256,1.97392545866632
-0.797576264686164,-1.6544905555801,1.69142704656988
-0.00902280468892556,-0.731598035309509,0.673783856348469
0.324880793965076,-1.93640378176791,1.80816851618566
0.00747972547785763,-1.93115234980207,1.77842206835164
-0.677434551660627,-1.45845006945044,1.48091051143563
0.906698993715578,-2.295675873365,2.27301979416047
-0.555885799283469,-0.409237008781945,0.635680930102498
0.641434798372201,-0.481810150980846,0.738781797739371
-0.392887161652318,-1.70053442130052,1.60728413294311
1.39546620794392,-0.913355135465112,1.53588244233784
0.722312512425929,-1.78528738190231,1.77354684871813
-0.406242869837165,-2.5436337898332,2.37213270501516
0.72402748765286,-1.81298732253525,1.79780436002514
-1.04852954863165,-1.15489346257948,1.43649240690636
-0.218274851055448,-1.22982487272236,1.15025224650422
1.63061885546317,-0.338744108738605,1.53370587334936
1.2650918296502,-1.08947352445501,1.53750119985349
0.578355340189666,-0.597006071751777,0.765466422439242
1.2022689975898,-0.723546005375536,1.29221430952915
0.635421830735517,-0.729783737259004,0.89111353490421
1.72508485096679,-0.10374957622807,1.59151052918392
1.31445141254545,0.222816317203917,1.22775370084541
-0.623877534711546,-0.411596708134478,0.688302150543623
0.75206855739085,-1.03550476959504,1.1785709136921
-0.464578177091703,-0.395079411613748,0.561616909622365
-0.450769450096955,-0.921479874969362,0.94468843140688
1.05345587752866,-0.0530386912376009,0.971362056504261
2.52338591255963,0.0385654023995688,2.32407122229449
2.06205077451835,-1.22768371605329,2.21003124390448
0.690267837155842,-2.42660817585525,2.32332909946505
1.60280931695853,-1.2992881191435,1.90009092732505
-0.457851315756864,-1.20116553541333,1.18379395020683
1.04414289312372,-0.324177996256597,1.00683471865093
-1.3915315289587,-2.15895247032372,2.36538930956724
0.320217336435437,-0.913002831425027,0.89100318236488
2.16516895862931,-1.26523740619994,2.30939555390476
2.2476581240245,-1.27583504839959,2.38009472710707
-0.332913453945308,-0.483330141614961,0.540469825719687
0.579389180121034,-2.14382635234013,2.04509097440897
0.186817472462844,-1.00629694471364,0.942538659460049
-0.830354894886897,-2.20781614819034,2.17223255395949
0.839617353614546,-0.134117289943077,0.783010521723629
0.285099075175655,-0.54919943924887,0.569847414439577
-0.898084596923214,-2.2475971538276,2.22894295915443
-0.578227917397329,-0.835071921860363,0.935384589091326
-1.37624322665686,-1.93048685172762,2.18330833508111
1.17287798844639,-0.237424563583794,1.10201766182035
-0.40867570864887,-0.778503336076339,0.809707541932059
-0.339100501198557,-1.54156124079691,1.45357281699155
-0.284342175493206,-0.63297233306192,0.639021095993497
-0.128103738905568,-0.518464589114592,0.491815329841572
-0.402833309176011,-0.4261475337862,0.540027936782624
1.84208894068277,-0.203787348789742,1.70673893493047
-0.752273948057105,-2.16367532544697,2.10953832522088
0.169783256348545,-0.856494982819566,0.804098661534144
1.59984263554603,-0.103493441374773,1.47638330357866
0.559638528593315,-0.611162187196475,0.763138130519807
1.90642733021083,-0.4765731491997,1.8096640698477
-0.39853614922335,-1.95668956597125,1.83892278106917
0.893458404502098,-2.32540610993247,2.29410496336511
0.11354920356339,-0.667429056046078,0.623470651981801
2.084959690963,-0.331858224047484,1.94422024896318
-1.15034924828859,-1.60842785521239,1.82105265023101
-0.482719620849719,-0.318891628091681,0.53278189110789
-0.560993073624776,-0.733149510869291,0.850141605472705
2.42695230697067,-0.691884490106782,2.3240416454029
-0.132532719034712,-1.48201655417568,1.37024356306766
0.497226536568354,-0.648694948304963,0.752689870723693
-0.267586825080597,-0.526994451578116,0.544290072931054
1.46395585638077,-0.120642304267798,1.35273497951288
-0.356309723369822,-1.34662451982885,1.28278996470874
0.760446783107572,-1.35799670927252,1.4333130482248
-0.481413531239317,-0.205800965594044,0.48214745757042
0.305615229722665,-0.845368942718742,0.827816309314192
0.416524329273534,-1.19728593342414,1.16740381359998
0.664474280892107,-0.218925991688225,0.644274997899463
0.596170450482673,0.181232404228438,0.57382415389094
0.635392804530403,-0.375751612200226,0.679796218723094
-0.081058122990492,-1.10602419299916,1.02127540079456
0.517354263504282,-0.659373974103934,0.771820673056628
1.43581478573279,-0.258056127632423,1.34343569382214
-0.190707209587521,-1.17498181853468,1.09620691967578
-0.563909286355916,-1.76078570374788,1.70264435159246
-1.05676018714133,-1.62728058560974,1.78683762152871
0.97912646182399,-0.0576586807402452,0.903244964504476
0.790220142219715,-0.841461375735309,1.06303970925469
0.161378943773109,-0.806132379562548,0.757101109816734
0.520248927175286,0.146868292398504,0.497825203422232
0.599351266874338,-2.27226870265604,2.16411350997346
1.13252635098037,-0.0884285667499606,1.04612409069373
0.484682592635228,-0.977613179041147,1.00486135379323
0.0107891931353598,-1.76105930252585,1.62179955000753
-0.499964607746995,-0.410820427674621,0.595917650024961
1.59945535873538,-0.157599791987484,1.48008018869991
1.77490345346176,-1.10996449628904,1.92781905182457
0.530454251869212,-2.23515302982198,2.11553666549211
-0.339328106410155,-0.778790246838925,0.782313281059431
1.1618444698825,-0.274339342557354,1.0993716094198
-0.139365614146657,-0.900650461711276,0.839284971724113
-0.0212558043905899,-1.54929849040594,1.42689169938388
0.666560092685644,0.101308528479962,0.620888207549404
0.94883975983278,-0.767028583049792,1.12359135634763
1.60010667784615,-1.82210425185848,2.23315400347374
0.637937837741601,-0.191447214142364,0.613365010496485
1.73590145173566,0.090142722590074,1.60075502862727
0.570211353640168,0.0864435510045991,0.531110594147541
1.49887398000148,-0.527804332844089,1.46339978948984
-0.75486088902398,-0.790315757750446,1.00645063808121
-0.619023075913394,-0.832969043336745,0.955714860498487
0.772545836561752,-0.339984975856093,0.777288311199735
0.672563431896917,-0.21200936447977,0.649411099055513
-0.492634106526436,-1.0473704468215,1.06589513924557
1.39135006453402,0.181113013984226,1.29211171473798
-0.334903860834365,-0.812767664390641,0.809533969827786
0.833723787230132,-0.245168551562429,0.800289077604097
-0.128842073731137,-1.07681341397137,0.998716511213941
1.34214841708831,-2.12295112395213,2.3129735038629
-1.34764585457488,-1.74966934010273,2.0338238410205
-0.00163834516067472,-1.48220620899001,1.36497261370698
0.223205467487351,-2.39343534483874,2.21369148893289
1.06392041821387,-0.454176875469853,1.06531021442476
0.838746959013542,0.0555629255704387,0.774099615452946
0.319710655011912,-0.982641105326942,0.951611510276344
-0.409243999520782,-0.533224102150528,0.619002336499153
0.570961339219563,-0.207430701318765,0.559425881000425
2.08525205625204,-1.22510700656147,2.22721384794611
0.459688225658635,-0.436913269029812,0.584035936159522
1.41415348794188,-1.37879901351939,1.81885629987326
0.0961215522464881,-0.62180769737393,0.579427508967441
0.641808452419366,-1.74168332176463,1.70936000475754
0.0122520169473431,-0.771999572399382,0.711028143060226
0.530420144577154,-0.0406727352319891,0.489900755981238
2.45863146633757,-0.737333537216839,2.36379216940902
0.760427638889162,-0.805183879374664,1.01990903501498
2.00632145377661,-0.794419614015899,1.98719966101653
-0.575368979608476,-0.693889464093933,0.830109329750758
0.738823737851612,-0.0518665755531558,0.682061309197123
0.999252833140848,0.186043839608432,0.936030760367153
2.11061458491499,-0.942986919547628,2.12884943979116
1.5577028625161,-0.733662952174759,1.58564289937162
0.102308433655428,-1.06174854762823,0.982298811185681
0.713778533699296,-1.55497388988032,1.57564301591182
0.496923999355934,-0.285895521149587,0.527952542081648
-0.872870988548414,-1.26725874783205,1.41707227140226
0.0436744541481869,-0.616376430330285,0.569047563071069
-0.360591171197315,-0.627853993558446,0.66676774683883
-0.187310102721953,-0.877082283895511,0.825923545487398
0.481964750604915,-0.557441782252332,0.678621321243105
0.384779528512497,0.369866954435561,0.491505495276628
1.20335263247342,-2.26371340924716,2.36090703729135
1.24917068260383,-0.676602666932762,1.30827530172223
1.14705155502805,-0.331054129035092,1.09944082558979
-0.0514149737057347,-1.48896213538793,1.37201059235293
0.977578195542848,-0.106551327385082,0.90558880820004
-0.531824838465212,-0.779120903962437,0.868715569983605
2.2508224149359,-0.648993716432581,2.15723834756625
-0.413501855326932,-0.778997904205925,0.812185106820741
0.187098276141522,-0.834123401800392,0.787235537072099
-0.194555044016245,-0.807922916771215,0.765289111795621
-0.313693710361299,-1.21824555160506,1.15848513890411
0.910268656756064,-0.806209218714048,1.11978556133712
-0.755874749739397,-0.523915742723617,0.846949862178382
1.68119098320175,-0.430169106599843,1.59809565467042
-0.365986117993635,-1.52162703993168,1.44123753660451
0.797402174879534,-1.66378595898009,1.6990727927823
0.32528679313024,-2.53133754426355,2.3502909508133
1.492510974098,-0.313889576323191,1.40452895975488
0.527249581837761,-0.159230163920442,0.50720607100798
-0.895171961295349,-1.68904021906006,1.76039687569169
0.893671090957417,0.179228740650577,0.83937435847944
-0.805667449277268,-0.791577904377901,1.04013228363474
1.13621741678664,-1.82537110174638,1.98004730870906
1.91986722561006,-0.226897713057402,1.78032073908708
1.815622627979,-1.80450795206612,2.357362276872
0.574268365882486,-0.937451468221072,1.01240955103792
0.0486587140504024,-0.992727267387527,0.915305481895847
-0.759713376663061,-1.12835778299637,1.25268724587605
1.30328147028654,0.0515203023528669,1.20113643204034
1.64364572715286,-1.66285240010073,2.15315678382225
0.364920801229198,-0.625352643839968,0.666771874391217
1.46934117244667,-0.449489183086447,1.41502269855051
0.935360162319138,-1.26729412223991,1.45051613672823
1.20652538931462,-0.0286963257704349,1.11141003411796
0.069745842811386,-1.03952310346781,0.959454778397379
1.78203405572833,-0.10964065752972,1.64418802257847
0.372468728037749,-0.372526324299778,0.485124755003832
0.790311630718006,-1.0314994416494,1.19667529236976
-0.115908450955263,-1.33640265517551,1.23532072094495
-0.790051777963723,-1.17007549338346,1.3001601590552
0.148562828953867,-1.25590199993362,1.16463077224661
0.836884691668316,-0.154868381645459,0.783776675751929
0.741320716293506,0.101907934685002,0.689106622530728
0.897733224703871,-0.10315837502378,0.832167687833603
2.4373352718029,-0.272778919972219,2.25856855740877
0.344692230385823,-0.446408526616188,0.519388476176185
2.24278222701662,-0.31141650314695,2.08520578260452
1.19451794903935,-0.944247502889669,1.40222075627934
0.237393941785058,-1.32512083789917,1.23973888620436
-0.0421146829491944,-1.27609842406549,1.17580580498999
-0.7106031307368,-1.60455245111032,1.61606322788593
0.469920482271083,-1.37016483154388,1.33393939201866
0.954316820623717,0.197038394270121,0.897372500558909
-0.508744104956008,-2.19448066651762,2.07450504529694
0.200284917985111,-0.599841319609638,0.582376164703703
0.926433100381297,-1.00678752815319,1.25995866865758
0.703232202089117,-0.999222845098034,1.12523259681055
1.12483597900272,-0.205343393289217,1.05298678363643
1.56842696186271,0.0495964523027101,1.44509490183038
1.84923227856481,-0.287634339956509,1.7234453461728
0.345019207462967,-1.55739129372835,1.46898301777351
-0.284667915707248,-0.953501722083852,0.916382533559847
1.08320906944165,-0.0307946381594187,0.997936166470443
0.645937504984591,-0.4143757769487,0.706726715565618
-0.60109180407489,-0.432731023185553,0.682071777250532
1.30324924148305,-1.0645763959101,1.54969029629175
-0.692395742113804,-1.4327728042718,1.4654409216673
0.829266085449594,0.12280092585188,0.772003509503203
2.36083385829126,-1.07777073056309,2.38994504652356
0.550826376317994,0.319544896279441,0.586435772034014
1.29986503367941,-0.328570165959197,1.23470292010529
-0.117606761814643,-2.46859947598691,2.27592513271541
0.548334865322565,-1.17574132815779,1.19470892447015
1.59770848872473,-0.725561618913348,1.61594953174998
0.112319126104086,-2.08397676498071,1.92193094683515
1.45596372235186,-2.0120738001211,2.28716122314529
0.22471324391356,-1.34164039762704,1.25273439702636
-0.658408274720098,-0.409526853222506,0.714051405837511
0.950283636657183,-0.0353983054298145,0.875728323159005
-0.830558695837926,-1.81496344342843,1.83810514852015
0.852160068736709,-0.53780817119318,0.927975918028972
-0.607529955301697,-1.8391022982377,1.78365619851507
-0.68951745424314,-0.621932705430797,0.855121390144745
0.815466469837905,-1.16726401417432,1.31127715514261
-0.401250142297464,-0.674725234950039,0.722928857663305
0.828109427443777,-1.04771643025732,1.22983981929301
-0.315653532916936,-0.543592382585574,0.578875213172968
-0.115642356577153,-0.900206782133634,0.835817667502312
1.19283921181426,-1.9953226789916,2.14081858412247
1.0598342536047,-0.488763993675257,1.074795254284
-0.583397820540993,-0.269433249409068,0.591782824229492
1.40436218131984,-0.952630129155742,1.56275709828757
0.893614571548226,-0.516387944358905,0.950454517386924
0.0105217410754188,-1.09414953197463,1.00765485798993
-0.667682513169292,-0.49587305104014,0.765897760362028
-0.543287552412879,-0.837152571927527,0.919055241609881
0.65048027209353,-0.490707726611648,0.750364848744743
-0.187728863687987,-0.535890101374652,0.522909162285567
-0.494450837337116,-2.13111847100813,2.01468933211754
-0.836841178620277,-1.77520550728483,1.80733595857435
1.16360832130894,-0.540805631620231,1.18165306164904
0.97772689483262,-0.247139448329729,0.928712848618618
0.882695509969109,-0.11079513957917,0.819257555699463
0.526272463529819,-0.414462993036372,0.616898250774313
-0.579440325970184,-1.5865048485769,1.5554168681618
0.73517994004413,-0.645500183627504,0.900963759180691
1.959228761824,-1.07082111828652,2.05616456872113
-0.677466800892277,-2.30515679008397,2.2126100498438
0.279906153790675,-0.554095639008542,0.571680891264676
-0.965014342422578,-0.983461795240842,1.26886261403319
0.349439286807978,-0.816281654301112,0.817701585154593
-0.269449634498957,-1.07070018356438,1.01675718832899
-0.0691574689233689,-0.728559522889849,0.673950380574323
1.24213243849241,-1.0256644129835,1.4834527712072
0.304259471790412,-1.35670676443406,1.28043187935661
1.19310175410818,0.261071810937275,1.12473070714735
2.09107448610416,-0.649582181335417,2.01645692221875
1.66736374268832,-1.1409539141323,1.86056581754499
0.444720702284999,-0.306763116422062,0.497527736426713
1.8135863085188,-0.229686175041695,1.683482429903
0.274333735084471,-1.29720655014843,1.22102611640381
2.28259813461673,-0.773942738837675,2.21960024482332
-0.118989223098967,-2.37396671752186,2.18894333105527
-0.191171253299546,-0.752429325687223,0.714931316110316
-0.836302922002334,-1.14606790445141,1.30654196408631
2.13401180181148,-0.900604216272609,2.13306321021319
-0.509592555139801,-1.14280558678757,1.15230599084684
-0.673295299710896,-2.27598821899891,2.18575874868322
0.432460118046091,-0.393301047817996,0.5383221868791
-0.0222034336426327,-2.17482143720227,2.00290929366911
0.266408975117574,-0.587088327842167,0.593713713781359
2.24762465701258,-1.27542643063494,2.37988218654675
1.0453779422685,-1.84424960986674,1.95224824591485
-0.214807858776856,-1.98738676677631,1.84085489021811
0.63071250451077,-0.164167323498325,0.600179718708852
0.680003406336442,0.0823779478035168,0.630797218022789
-0.461383514205723,-0.496001762045113,0.623836127610132
-0.334269674869443,-0.689790971897524,0.705889378007909
-0.165012752830553,-0.97334269846712,0.909146490197508
-0.913686878639837,-1.35221259895702,1.50288345362012
-0.88563083521376,-1.44228789509815,1.55862706439205
1.32145596850558,-1.42909795357987,1.79247258124973
2.02542521017678,-0.346880341518655,1.89238188965361
2.07683769040959,-0.346811294483956,1.93905447695772
0.684122612704212,-2.02442472993146,1.96787804082949
-0.100136510897756,-0.798000585211557,0.740646335720195
2.00460184441448,-0.897436056448004,2.02260274677365
1.17470685092248,-0.88518095146628,1.35453938622134
0.161047222078787,-0.585189664939843,0.558939656915141
0.690023793958788,0.265326643226251,0.68080458227977
1.34388771384908,-0.0893702320602,1.24032708260831
-0.615071952426652,-0.987829198928811,1.07162694749785
1.07859520753864,-2.09442972870805,2.16951008521101
-0.322966074730426,-0.530671971879444,0.572088990673173
1.09861521613686,0.071113700177622,1.01383808868281
2.39698733857925,-0.176515843156374,2.21337592811135
0.945153506886196,-1.89704268772123,1.95181693051563
-0.437245192788749,-1.00197274863776,1.00675342956293
0.0601601897842195,-0.943119413210921,0.870289017188226
0.552025096918503,-0.430319901076843,0.64457259013026
2.41410824553018,-0.26200442137853,2.23622030872373
0.713062729142874,-1.76791024774754,1.75551854028554
0.944981221991571,0.196009625248731,0.888761688741494
2.19264347756265,-0.0217064070407464,2.01931627663763
1.12134807240593,-0.895963283257062,1.32180306156607
0.444238998888761,-0.459491671471246,0.588573782933409
0.0475917408341849,-0.966308194531397,0.890957107736475
0.61648287105432,-1.20479542213503,1.24631655237413
2.59264756285032,-0.199551796080925,2.3946450068391
-1.00373661791417,-1.09821031763798,1.37012445088065
-0.434009874910872,-2.19527687494823,2.06077265167428
1.10391796907524,-1.0305806369672,1.39075973573616
-0.683872967382768,-0.908019232443691,1.04683141492936
-0.132688581658826,-0.686968597236754,0.644325972357487
2.42973064232012,-0.604270787387934,2.30571153136343
-0.615894022000106,-1.77154947424601,1.72721040439551
1.52115235259304,-1.46164981881936,1.94272304742276
1.61605487235816,-0.698038763830796,1.62113143604024
0.856449155810006,-2.08858563728639,2.0788194062486
1.79618718395236,0.0326757265251909,1.65439225487371
1.27542324198479,-0.240713556599921,1.19527974616342
-0.295020347939983,-1.02375689231029,0.981149101033495
-0.128134567560555,-0.812966083991832,0.757907045661082
2.03358545615364,-0.162722408663866,1.87872575761819
2.11663562581702,-0.146433679347693,1.95388039067117
1.92034545047376,-0.69014309440179,1.87919420157429
1.84267388183415,-1.47894641727838,2.17589702671997
2.25256638220933,-1.26876326006112,2.38082388880533
-0.337314724223788,-2.0742639646133,1.93529375712023
0.96820126817821,-0.355055280920139,0.949684366798015
2.32687525358611,-1.13701456022023,2.38497632337689
1.20963621899337,-0.349534132042952,1.15953439285121
1.93002989089208,-0.575005163987201,1.85457790593751
0.715901738562663,-0.839132492781163,1.01577943643961
1.85912001258387,-1.08190535141634,1.98087734949589
-0.867497033167885,-1.93801976133919,1.95537346910592
-0.341302413072996,-1.58286080332708,1.49116622925327
1.0289625323441,-1.97266111619471,2.04891752557255
0.302826054217933,-1.76721013420676,1.65115427182274
-0.402999418462653,-1.35087760377115,1.29820849802931
0.38601154523684,-1.47797321043202,1.40672934167127
-0.944643184719748,-1.77285597306421,1.84993587133753
1.00939027414015,0.0737206577747654,0.932028868859232
0.626534134098715,-0.46684534332577,0.719538734290656
2.00450644311952,-0.582501032778288,1.9223233593159
0.869553725902981,-0.0294853414331004,0.801236998901356
2.07922850330708,0.111861633485455,1.91754191881177
0.698105955698896,-1.12053070705227,1.21578389554812
1.87315788969688,-0.0116976318071015,1.72503495020043
1.94954884412058,-0.238011013374685,1.80868033238323
0.513099050108744,-0.110868400687618,0.483420488921976
0.229636516027777,-1.46917612769438,1.36939954465897
-0.800853173006738,-0.646940426840519,0.948084449916954
0.56901984033248,-0.372478589367837,0.62629958466035
0.112732126757058,-1.46794494647809,1.35581895173869
1.6185212649864,-0.907451813040934,1.70878960559208
1.14846435126542,0.0203527987196803,1.05779314966842
0.00413422095575355,-1.4429807284751,1.32885427491634
0.205512342660499,-0.572321453253403,0.560003786126963
0.189723086467901,-1.29450378048443,1.20485086986105
0.533206083329659,-0.290464665263147,0.559163636145476
0.920157987946563,-1.15386783019321,1.35910847516123
0.410006943643065,-1.40467529014927,1.34755197286567
0.811035525508595,0.231724187630702,0.776774181453196
0.851005244240086,0.0822571724903489,0.787347863641268
0.402526412724247,-0.712319425436004,0.753470905438629
-0.366259143189467,-0.738147600474412,0.758843773326227
0.741947724664934,-0.0371194947180622,0.684118268770539
1.2042391471944,-0.190065124431403,1.12271808791795
1.81639342316632,-0.852484438317922,1.84779048818107
-0.11913655091853,-1.952649528255,1.80154945080947
1.27653677096574,-1.8831658569511,2.09510742149957
-0.539294955978975,-0.848707191240336,0.926022038577578
1.43111110445588,-1.13319115606096,1.6810500812247
1.91019022518147,0.184185694881858,1.76726316846289
-0.116084592282887,-1.59924731268117,1.47663035575887
2.32771820596885,-0.143518389538328,2.14767898037794
0.335675863374585,-0.710719071997018,0.723833961444507
1.25000953599313,0.0816242164495725,1.15359218601365
1.43536935100403,-0.135588992790945,1.32772389531613
1.67475625907974,-1.7675941158753,2.24239957440631
-0.180639060305029,-0.520030337860167,0.506968298354412
-0.614212756712043,-2.33261314789337,2.22133799465108
1.08745911249245,-1.70773490913399,1.86444714002323
0.209722414923826,-0.823926612075825,0.782953010759316
0.519698965569134,-1.25427214673897,1.25029174414109
0.812199330712627,-1.87097417397996,1.8783338343208
0.73063496122214,-0.174127229622214,0.691689957441211
2.10119000571525,-0.703319752458796,2.0405191264075
-0.307422580235883,-1.60383910123354,1.50387230050081
1.71521273864857,-1.41879245606933,2.04990466936248
0.77709621051969,-1.25863348231258,1.3622046290981
0.790918030968529,-1.02596135345839,1.19297180131236
-0.139194215682601,-1.71265606204369,1.5823947673241
0.74167880631914,-0.77493371220515,0.987822836132403
-0.743260408768714,-1.33146006830445,1.40425911429364
1.16432318402182,-1.26704126050002,1.5846645063192
1.61956280195695,-0.457308875753504,1.54978157181544
1.04093508869628,-0.416914262539521,1.03263168096074
0.609861798164827,-2.27121971904699,2.16566937483068
1.13628693251705,-0.718934268192543,1.23827183832396
0.628635183212267,-0.640841433819141,0.82669407911536
-0.228342146615689,-2.11155833600327,1.95588237228501
0.879218446964429,-1.27957892023267,1.42973271657144
-0.0848490518535518,-2.50437540966605,2.30761626032271
-0.0298295393219138,-0.851874998118065,0.784977136023294
2.18033980170396,-0.31760798522345,2.0290781285347
-0.157747537695259,-1.36486364085895,1.26527752434062
1.77982673319119,-1.36916708300176,2.06792014868167
0.0162030167654117,-0.971318107584771,0.894616588760235
-0.935586731448528,-1.62399185609624,1.72597240891996
-0.924623771893267,-2.41267125791356,2.37941577711574
-0.388161352381314,-1.30679379920097,1.25540027801025
-0.255106196899247,-1.06834661288937,1.01150624082204
2.25237454241885,-1.17459917511193,2.339330844551
1.64902953609365,-1.30429266215723,1.936197474757
1.00680129825096,-1.62755179084377,1.76241520051155
-0.740172455926965,-1.14333100789828,1.2542789934011
-0.414495978715962,-0.9338629180396,0.94090531430961
0.132845758022392,-0.636092789173297,0.598419946534577
0.900734524946114,-0.79262187389163,1.10492234869731
1.33758062386722,0.00833786249670698,1.23180922144356
-0.165110120430343,-2.26042251966602,2.08718122983959
-0.291923581902015,-0.973797573849221,0.936204047665721
-0.619684553893188,-2.21949874207528,2.12211938963368
1.32200713962214,-0.136130937644049,1.22388109784201
1.5647690143708,0.238088632367068,1.45758949217114
1.56997431830314,-0.259727680976774,1.46544903981462
1.18505214487187,-0.601056836984107,1.22366744742975
1.25308942096187,0.149428891578999,1.16215279546302
1.37196690635378,-0.872398626027105,1.49724969303553
0.772475308055906,-2.04581128742067,2.01382923972809
0.825215946868676,-1.87103757778125,1.88319265251821
0.849922178209461,-0.106124817246539,0.78877591419653
0.423329495241854,-0.884427721345399,0.90296658330051
-0.267133712852799,-0.470061118245118,0.497900693538302
1.88002323385553,-0.185782446250912,1.73975650548561
1.7917370359277,-0.496392153346412,1.71217271257592
0.286634882246096,-1.13354667357116,1.07674588122079
0.899242186935551,-1.02321302426957,1.25446165446964
1.08078918460929,-0.210002630269222,1.01391914765344
-1.08840187026095,-1.53379638901966,1.73197565322274
0.914692793025431,-0.386180235154504,0.914342755685294
1.90970853750966,-1.23372354596151,2.09373084666455
-0.0725371391873391,-1.90323756956735,1.75397434817576
-0.298470359356358,-0.976415009760456,0.940257918400291
1.26894472466997,-0.13230773914689,1.17491297984052
0.57463069426258,-1.22179274066741,1.24338536295758
0.229855014639861,-0.479962159438229,0.490071413584777
0.907494315940844,-1.03273370844752,1.26606410061222
0.858326054420664,-1.26075340379028,1.40456128939726
0.949910122638007,-1.53317299806169,1.66093887663312
-0.431642029570344,-0.455119530976507,0.57764239860754
0.197763466554664,-2.01854472491718,1.86778905590025
1.43728106201863,-0.683690375854011,1.46571856350706
0.903627739082267,0.247324255591605,0.862762293023182
-0.780490801684829,-1.38094513773133,1.46078229821774
0.484462909533755,-0.259544456407594,0.506135899755246
0.778796336009769,-0.43073013055791,0.81958111138143
1.73475990283342,-1.73762870212101,2.26114554162601
-0.637302640788286,-1.77170076190394,1.7339156123292
0.874709666042639,-1.06309962209682,1.26780883643002
-0.497950709448926,-0.933625774737745,0.974425893556354
1.89903877661743,-1.34722083553293,2.14421760661854
1.2213767689636,-1.39557932001869,1.70787691319831
-0.583020537950433,-0.280640510727645,0.595870692890418
0.197643273640346,-2.0463687456168,1.89328125503813
1.46906603970411,0.0495536204847513,1.3536403597012
0.1815472508047,-1.22467870901382,1.14013798286579
-0.258966730013357,-2.499729275961,2.31433456735278
0.961636143440736,-0.30002568800551,0.927676605008819
-1.23528103296199,-2.01421073896804,2.17594274283018
1.18250513165564,-1.26537539559198,1.59492031912119
0.718067438963068,-0.0701011753789671,0.664415907098265
0.668315297207752,-0.613013988958216,0.835150814479888
0.212721427676814,-1.45430778342647,1.35353101218204
0.576231346119865,0.0203625728557264,0.530985809717657
0.651338019096671,-2.12840584351728,2.04978590572582
0.779295274468218,-0.0734162826407071,0.720834927019716
1.48097216140696,0.0612739055657679,1.36500215784025
-0.632592879894536,-1.1613320703779,1.21784860498545
1.07245525638002,0.11113790740513,0.992918837579407
1.20431636478578,-1.06135800936741,1.47829241818642
1.20045509270354,-1.19346455577426,1.55887562920112
0.892676750876003,0.152256619082343,0.833942741337054
-0.126493857669872,-0.831091411682613,0.774170785111698
1.55988232776505,-0.648344739976242,1.55564450117359
-0.751498090187234,-1.36050023084169,1.43132239396143
0.104830055403728,-1.13431273625196,1.04904621342254
0.761586433102051,-1.41288457389318,1.47811972572967
0.613577818085345,-0.424298791187756,0.686990037948078
0.0386527351310321,-1.76248072468346,1.62346838298325
-0.772848250747777,-0.683930271233408,0.950388273930819
0.0873448826405167,-0.573484422704293,0.534215270005794
0.858977475136095,-1.03862923590711,1.24120598689676
1.04078239280938,-1.42694889118589,1.6264898331083
0.985351011702796,-1.00585593634222,1.29669988229927
1.06935835891749,-0.396811123955921,1.05039202896798
1.50364572252689,-1.69924633403684,2.08954006546487
0.5617770017963,-0.361764604199148,0.615332339320573
-0.641856919484206,-1.17943523240619,1.23656987261637
1.3507985714356,-1.54429952320536,1.88943179571056
0.135651868015348,-0.993427426625972,0.923342388922504
-0.159064884155975,-1.08843427425682,1.01299214970904
1.3021967215564,-0.885155933179593,1.45001449525155
-0.893934982204643,-1.24289636464777,1.40989124812453
1.40351156702413,-0.75000899122704,1.46547229711556
-0.275625321285402,-1.07198380347503,1.01930489508692
0.709047994367701,-0.268348461837411,0.698165357479601
2.18803255917657,-1.40141358657476,2.39283890023625
-0.979549027342667,-1.72543021503116,1.82716222275148
1.18840286227912,-0.799651681277477,1.31909674578098
-0.470483275931001,-0.4673613988767,0.610707663118923
0.862565775968621,-1.84026886512851,1.87163905602568
0.518362763678503,0.145040647844115,0.495697618381828
1.32917776453327,-1.93664480647985,2.16311000061971
1.88882063256933,-1.56650583455089,2.25980214106199
-0.523833564522516,-1.23578987103324,1.23606584026215
0.391798808462578,-0.478987326972323,0.569872460121466
0.811872726068557,-1.96259934327812,1.95590725270118
1.66275314764932,-1.20938550667776,1.89343207480577
0.582548025409759,-1.56787548327621,1.5403078291721
2.29389104836318,-0.0857598207407969,2.11393257704456
0.681448097351387,0.0544788010253552,0.629551503704343
0.826173108983523,0.205586978104022,0.784029725572947
-0.174414518976623,-0.64053206624476,0.611346504122426
1.39409865490596,-1.94459144228116,2.2034377075829
1.25125816939186,-1.77063257052021,1.9966425287382
-0.266654770497252,-0.724279983505708,0.710761403514542
-0.265430663614354,-1.18785540113918,1.12087998423151
1.20990860321724,0.291543348289906,1.14610239213022
1.12798485816816,-1.76633552373681,1.93001461758488
0.159857365472738,-1.09540415302263,1.01944883973557
-0.873706846378977,-0.925127244669403,1.17184054499308
1.09526683006505,-0.314322128896285,1.04935058098098
1.10228409297187,-1.70934307513621,1.87306010818367
0.503572983674933,-1.30135763027278,1.28502363882657
-0.425220155808522,-0.680310877390278,0.738813622528333
0.791866918941973,-1.37343486814295,1.45996963814156
-0.0546914483138227,-1.44732544148679,1.33380115856675
1.5535751997842,-0.653792628967303,1.55222177786501
-0.586670422418289,-1.27412979378956,1.29176117743397
1.89362569463778,-0.530130660035827,1.8108984141684
-0.103616851810832,-1.10069681931944,1.01811915869252
1.83862108843863,-0.657160409584044,1.79809880380049
-0.102809778019545,-1.32116856196721,1.22034956936532
-0.687041837276575,-0.663283494848097,0.879438902634988
-0.388096479272832,-0.651029378716593,0.697982018152571
-0.319450869820955,-1.55714919600515,1.46385228129897
0.431195791524098,-0.988785912098739,0.993395097103371
2.0769414502352,-0.921397438268868,2.09243398771994
0.784609271979538,-0.650772681239748,0.938744111958857
-1.08300212105165,-1.48960984364897,1.69602461939681
0.90665209625516,-0.318147110435782,0.884853386751836
0.616856829850765,-0.000981853946542261,0.568067537738949
0.964293719703951,-0.0897651689417401,0.891862658231039
0.208296251825568,-2.19550018964704,2.03092714751081
0.431530846049603,-0.555055526422457,0.647459741535502
1.19699726506544,-1.69112859730592,1.90801262333563
0.868275134824157,-0.507803220809906,0.926307214379954
0.541844095500777,-0.530770330686352,0.698500665342133
0.747697340946999,-0.280005573063982,0.735257761704799
0.623406400943328,0.303815905690662,0.638646202021422
0.835437429176888,0.233224146122547,0.798775574600604
1.40070700627201,-1.69631394735889,2.02587920809461
2.06850076031155,-0.872615158108622,2.06745891401258
0.559978182814114,0.240031875073608,0.561065655468323
1.5198992259826,-0.943577461186651,1.64747696908311
1.08775567736505,-0.752985528896995,1.21831288418972
0.165525819633789,-2.13160884102255,1.96891977368419
1.11819403336362,-0.091807792494786,1.03321593203379
0.166769049643437,-1.01565062335682,0.947843074444635
1.35061424456957,-0.312802720588249,1.27670991430017
1.93089525679753,-1.19485607036218,2.09109170381492
-0.113393778904203,-2.58044215348964,2.37863654419596
2.57079893757445,-0.113141116389366,2.36975440632677
-0.772388568353416,-0.635036028590307,0.920838619287836
0.922565620472871,-1.36630935417021,1.51821774887417
0.483339729625632,-1.21420021050241,1.20350027317869
0.518771088128992,-0.523977292036092,0.679023779200884
-0.994949911965694,-1.10008570800873,1.36595888092891
-0.938571413425067,-1.62467755017323,1.72789287631178
-0.660375429461623,-1.4155273769002,1.43844531511971
0.785313253886268,-0.468974899062762,0.842341280137169
1.64426587110424,0.015069525098451,1.51427699843782
0.606971739844406,-0.638518696786223,0.811296703089744
-0.26148825585569,-1.58076250673346,1.47551534392634
0.414447086287898,0.369385257798503,0.511257526807298
0.746100870333758,0.0879691543616043,0.691847700432854
-0.779450124186906,-1.60991769438036,1.6472055091213
0.0757384223309956,-2.02177884524844,1.86317312796286
0.813856930658718,-0.163468204301445,0.764454126236049
-0.280348086359554,-1.12481527397928,1.06753735801162
1.48985958564993,-1.65073953076704,2.0477720850918
0.821420799924392,-2.1855694634294,2.15016061279653
0.43700995109711,-0.826745603277743,0.861175116484603
1.66248486774587,-0.200756706782868,1.54211363382802
-0.0328676308941102,-0.888936142556717,0.81918551561349
-1.04804024205004,-1.80134496782228,1.91920585889046
1.69301348314231,-1.3809604114275,2.01199323658766
1.83374846549665,-1.76767516674198,2.34556425346472
-0.693525445465953,-1.05486589993389,1.16257506173378
0.777165890525915,-1.44754576767237,1.51302708002449
0.875601506031484,-0.430068617986897,0.898360621946148
2.11378690312181,-0.945103849795645,2.13231205293412
-0.0171421868993195,-1.4322925786203,1.31910051033102
0.743193545137102,-0.550134106446362,0.851518492591845
-1.00207007180237,-2.34916660189796,2.35195865942415
0.945127037622603,-0.415682222980632,0.950835137546217
1.23286570488608,-0.292123909750203,1.16678910739012
0.670401283225304,-0.292411858828239,0.673548117524232
-0.125919434410656,-0.633293595360351,0.594620087674359
-0.377686266265664,-1.99429701671999,1.86920385999328
1.40927861460406,-1.24515064438145,1.73180826871555
0.520351754808401,-2.35976177263437,2.22532407142406
0.810386521875416,-0.0315096138609666,0.746853283467685
-0.187037300753338,-1.54180719687548,1.43026797520717
-0.265047908507057,-1.84490018723752,1.71642228388879
-0.302260888800695,-1.36442497562824,1.286968964456
1.71890388859922,-0.84907340630715,1.76553600985818
0.0434882426967211,-0.860546338120813,0.793493109199506
-0.526814406908443,-1.55143126092171,1.50884460428367
0.856191894740168,-1.62580044044572,1.69213504752817
-0.0696940534635688,-0.797862043035278,0.737553344242439
-0.722122155220372,-2.40711501501303,2.31432593439406
0.422944300864342,-1.17327645941829,1.14853544560468
0.661722081314274,-0.625409035106113,0.838485589992307
1.1362019813225,-1.24597831914843,1.55287077167558
2.1443831904839,-1.29230545674629,2.30565607990861
-0.23709803062984,-0.593112296440125,0.588225553596179
0.700291647069735,-0.387460484074645,0.737031660424616
0.316696314061693,-1.28203783954646,1.21612445553385
0.803341773788067,-1.16455980020158,1.30286399839468
0.505248072147154,-1.05957194881978,1.08102232359907
-0.045049669893381,-2.22828927088619,2.05246306623738
0.371124298652915,-2.51161544993388,2.33807455824925
0.493832639849781,-1.64025749984141,1.57749661715215
-0.866399080965078,-2.38961448904009,2.34078601703944
1.43539206573001,-0.432304308259621,1.38050988659209
1.29572340882696,-0.583942523961196,1.30881628926083
1.20539283253788,0.24641982167588,1.1330111311614
-0.375965554512434,-1.99723345932344,1.87156709447857
0.817897222288187,-0.25772069171196,0.78971378249624
0.792963938204954,-0.0856201459806132,0.734489282099901
0.97809141729147,-0.736265349881423,1.12740399134952
0.233664465078668,-0.855302371386203,0.816517187631538
1.85236139654625,-0.103358639421178,1.70850318694353
-1.21943267306444,-2.12275424537824,2.25445133859485
-0.727442599491483,-1.79644457516554,1.78484350105548
-0.14062401786952,-1.25664704504687,1.16447644598337
0.964938484527092,-1.32417617555418,1.50886608793138
1.03307284316547,-0.386921765926633,1.01590020171676
0.620277562534576,0.179633339989098,0.594688478416591
0.623043984037436,-0.602516324722592,0.798170451385954
-0.84852849825082,-2.24918236061382,2.2137812232913
0.493780188557622,0.297898824566448,0.531069961691788
1.57753486215571,-0.121479762691518,1.45706147718148
0.155692780313162,-1.75492107177569,1.6224640249709
0.713705560984442,-2.38057728487746,2.28869070247872
1.75943427160849,-0.767881296959613,1.7678628097077
-0.960227277211799,-1.93624016964933,1.99031987488632
-0.546445387739806,-1.08798975787626,1.12120920559935
-0.674716881267132,-1.03250818946591,1.13585989393397
0.408456309557294,-0.541688827646917,0.624767224325107
1.62648366137264,0.131006517611954,1.50268852943608
-0.285916296644458,-2.24453698544586,2.08370898245229
0.36359496005411,-1.14469711478965,1.10605797063917
0.615924344583825,-2.22568367483775,2.12667968734665
0.687238695852857,-1.583946901014,1.59004528854844
0.314514146046348,-2.22433315937646,2.06877616057879
0.765404821543256,-0.0373631019076062,0.705704781385506
0.695580625353589,-1.8152838305736,1.79022878148699
-1.13951538700597,-2.33779860491307,2.39502663296484
-0.542514657834386,-1.89969712528807,1.81938182323961
0.529603626845213,-0.520394620869899,0.68376257043586
0.0271590723948408,-0.665449000926161,0.613325788698144
-0.307327753798268,-2.36231684763985,2.19380308091471
0.795294704374852,-0.343257100274332,0.79769716111555
1.08048398053879,0.128849748718365,1.00207373359812
0.725805803690238,-0.200256596500165,0.693373174295252
2.223831452039,-1.14812287459376,2.30476942618763
1.27591151142383,-0.347217240615213,1.21772466935254
0.303468900289843,-1.20142089668621,1.14114475615389
-0.76187940495047,-1.03969993066538,1.18701682665685
-1.07203961727989,-1.3045715538066,1.55498802416302
-0.372262714207217,-0.588128965782413,0.640989364624012
1.81431585007693,-1.59287273897949,2.2233689401938
2.03188827807678,-0.0431579478942675,1.87159903861104
-0.0692714069245436,-0.769749068398633,0.711730735858872
-1.10003054742335,-1.54239401628947,1.74463502643423
-0.799158646325873,-1.27584940787494,1.38639746871609
1.6091216426886,-0.773098858118035,1.64400435149309
-0.956326082087621,-2.23104222643289,2.2353752097983
0.785999766422634,-1.67552245924333,1.70433978787491
0.538524015292662,0.0887128388132953,0.502613696796066
