3.97269411275519,-9.13178003225377,-1.08921973274434
8.21921621661232,-11.0962297563749,0.961110467543417
5.3849327696285,-9.20959359939512,-2.23936842166115
4.80696593145729,-9.97933591756732,-4.95541470189163
3.97157463341604,-7.53161913200103,3.47336418890922
8.20115531906854,-9.52962810337005,1.61194633715991
2.03216944296444,-7.37724659448958,0.488477283794218
6.80525900084307,-9.59350942097818,-1.41817567492634
2.86061188291903,-7.04058373705027,3.79212764650949
4.73041921100397,-8.42563589946032,0.440927835661846
3.30916493254756,-7.57518705894212,1.96866634134775
4.34108452448445,-9.32835535399499,-2.29189022934836
2.93288545851734,-9.12689624502245,-6.58000706450354
9.00989810680521,-10.2514480207128,-1.6838390051703
6.50871364376352,-9.17503872591437,0.11504220753059
4.91262193188527,-7.65859822853365,4.65931981512106
2.3156313434568,-8.19234695378921,-3.06863239065189
6.30946552860104,-8.42835125011952,-0.261135954655908
3.31813965012432,-6.57813860550837,2.22969831749882
4.29176131642291,-7.21015573313946,5.71433866757913
1.30648949144093,-8.18947188618981,-5.01202747033379
5.53044772130642,-7.41129960506412,7.10406144620431
3.21591655654903,-7.98547125194245,-0.67345286835367
1.25806012208082,-9.56486749237068,-6.08974028707742
2.04116386613562,-8.30571426784567,-4.17236593031927
2.57528075491865,-7.43559383355807,-0.0684395724774089
4.59030405461749,-8.64448096105134,1.25524879167456
6.91925378837986,-8.87857897191615,2.4053290223589
3.16600535505865,-9.22988421873743,-3.8139442986038
5.95557041850846,-8.8093361984593,0.884538649216402
2.93858510475884,-8.6939493241279,-4.38744825133494
6.149449612846,-9.59180664482609,-2.68196131280456
5.17628333758168,-7.59359656874349,5.49838675303583
4.10491322318738,-8.50620721049883,-1.17862134228733
1.52296540445265,-6.68030500712315,7.57932081187561
5.37871297276605,-8.31511657426698,-0.116121357725683
3.55974777525773,-8.66362354156675,-3.02949916320469
1.94840868256055,-8.53966735191877,-5.53114981815708
0.991938303535963,-8.38997599457026,-6.63258761387278
0.463375484237131,-9.31953855163739,-10.2331300612735
4.73267167869271,-7.16775149289121,6.7834321309617
3.60118876630586,-8.16268650152193,1.23886511718937
5.06189790078515,-9.48150985642291,-4.2362143496512
4.28549246871849,-7.79149303673397,2.77297712207871
7.90468528163,-9.88636242906512,1.02656446806038
3.62967469103783,-7.69142757207734,-2.20271122308041
9.51603276102589,-10.3987300683926,-0.216166654296842
4.40668020210556,-8.62910341139431,-1.21238979192427
3.61730460151847,-6.76574112567068,6.64507788164497
3.25092709432667,-8.497555244759,-2.23159258630556
8.33063829181419,-10.8310728033165,0.00604533299172871
1.0946093443284,-9.9265911502467,-7.27891878502461
2.6142578062315,-9.65740932695443,-4.74785887424693
7.86268835597675,-9.88887782047166,-0.854889423445152
3.79512448752744,-7.56082721478446,3.05373941151896
8.61759620802699,-11.0528320228014,-1.21661381109946
1.43522926972916,-7.1275841209162,5.44582448433194
5.59803256722094,-8.60464585748124,1.22224172238958
3.06391595488043,-7.42606847927533,2.24421528927131
6.46984505978086,-8.40264788607956,3.93149689663554
1.99494489289668,-7.33151309983999,0.64669477405242
2.36212783893055,-9.37131839330621,-5.81527456642874
4.25084638959165,-8.85143798759654,-2.63501290977368
1.78727635217539,-9.44987180248318,-2.58676024575797
2.61851977617225,-8.39874689057863,1.16436594058097
4.78470739465722,-8.38686361544923,0.741617690970087
4.3970776568875,-8.81764268350247,0.196207183170747
4.72804552375997,-7.27262344404916,6.24603574852759
3.81928127966407,-7.48726573993404,4.26834714537274
9.10349222688762,-9.90988448968494,1.44660345578742
4.52507855559892,-7.93531373168793,2.51313593014568
2.56371948729495,-7.95254346218908,-1.37900140272836
3.67667839563238,-10.3998853536773,-6.44611873549096
3.96104882398057,-7.644334210427,3.4454650130114
1.97907459203378,-8.88595309127851,-7.21649227017588
9.29739138095018,-10.6389902203343,1.33057122154092
4.85931137688179,-10.7210504094961,-4.73153091554714
8.14763001875038,-10.068510806519,1.76987765706702
2.08568428682857,-8.3389398930157,-4.25340465159174
9.70051012400047,-10.4622455182516,-0.178290691583554
4.72139437862081,-9.39955399980322,-4.48388757473195
9.46707508645435,-9.94704468398655,1.96476699143212
5.50289699187576,-9.45002251411275,3.57910978678883
4.64676980369177,-6.9625634018939,7.65065647497093
4.87952297144162,-9.33165548035184,-3.83497314037205
7.77978057198643,-9.32402114546885,1.83041514214204
5.04855135335914,-8.81001193474656,6.52587704452113
5.9646963094582,-8.67970088504345,5.79297097609345
2.34465000450152,-7.27350769001553,1.61744681521465
3.40342018807041,-6.96483618603716,5.06226666265611
4.29989424635314,-7.88537691760878,2.32786356180843
4.8996729239971,-8.56325105428543,0.0758996366595272
4.44896983011269,-7.31110878043722,5.51067132703031
6.93956630829013,-8.88240629583468,2.42545342662187
6.14312147555427,-7.82436620631869,6.21140831231987
6.74154755804054,-8.88841956106122,2.01096909924018
3.51473732297989,-7.16373191398594,4.44071614830692
5.76249009190754,-8.31978504184522,2.97664864866272
3.78543524088339,-9.69959849607268,-5.25984738784097
1.79968166887866,-7.52409779969119,-0.702525669358687
2.22691627569053,-8.42163147003531,-4.39605423549719
5.88023494443934,-9.58891826784958,-3.1897231304012
2.53101850525907,-8.61544695350379,-4.78263475417617
3.03239337572765,-6.38751597880255,7.41603782967457
4.5766884643232,-10.2698699225767,-5.53862976371267
2.97538121688332,-9.06882488491929,-4.29044732351521
8.34356493729537,-8.67764595915294,1.90972891169088
3.34391432778887,-7.65637437538675,4.24002743421191
7.69650095729295,-9.36379599140857,1.49860215515897
5.76223888050022,-9.36866283997499,-2.30884600025611
5.36647514035787,-9.42283064469674,-3.34962183159889
5.88850463388627,-7.91094662585698,5.28115969614587
6.29939217202635,-10.2996392869989,-4.90406448325204
5.80624742526457,-9.58523007104278,-3.3146858520644
1.41207758062015,-8.15064173937036,-4.6115167929398
5.07704533211111,-9.01362920341886,-1.84930397599198
3.16073028550419,-6.85821049709813,5.2933296220773
3.23784882936412,-7.38859374598456,2.77049521958383
4.46272346091386,-8.52518513659873,-0.580042073754751
4.62939226357144,-7.01388507049879,7.49026757480025
3.57253364199119,-8.80711008334629,-3.72768201552661
5.66084930665082,-8.14792241977488,5.28001672557153
6.96731110496794,-9.51687344790065,-0.717623428792075
5.52763375477472,-9.23708190208705,-2.10101379578211
1.87725979202186,-8.14665265422468,-3.68889583704542
2.82300752971202,-7.87068256921281,-1.27091663689416
3.82726536148294,-8.17376315356647,6.14035203464788
8.76472215617753,-10.982856366095,2.70779938046543
1.09063016095644,-6.97699467984081,1.84279916921904
6.21411271266295,-8.7407555982992,4.43149702073386
2.86713960767244,-7.92278302021997,2.39589924758981
3.49187312395456,-8.05566125762063,-0.0978308077570458
5.39845240688407,-10.5812760294617,-2.03566217382356
2.56996895496177,-8.9100095637879,-6.19128534777303
6.26522746838567,-9.54109898276332,-0.555157568762309
3.72237782306104,-7.50811282022332,3.1083280361789
3.04360773691106,-7.98726296933977,4.47728286780871
1.78032381030245,-7.58300135367795,7.68372746945026
3.81050314267647,-9.16273688057964,-5.05789241888309
1.93335726654676,-7.49483439853326,-0.295725351098581
4.36542972145611,-7.14136417389089,6.20388785338567
6.03825995650311,-8.25825502533849,3.82171509802963
2.25972366074642,-7.0120723339444,2.76997835791427
3.04396919576659,-7.05983696615923,4.05085572776474
2.29292918491155,-7.30594841608157,1.35364100125889
3.10664520519948,-7.60662571681259,1.34659069474211
8.77832964547945,-9.7574877468216,1.58362617052225
1.7687186344469,-7.61976965761638,-1.24466267909187
2.32679022502758,-7.02407278239403,2.83963026796211
2.22894453372131,-7.58713946967319,-0.187343034785171
7.70860558011361,-10.1832306543888,3.72219917654644
7.99097189617964,-9.7797691734119,-2.1133100863822
2.93902642076697,-6.80510684994959,5.13076662397383
6.94146166606152,-8.04201192589532,0.465888663792442
5.43696876748679,-8.66900255866241,0.585478810202802
6.64626319506988,-9.3477938180468,-0.488557166363103
3.47124872087394,-8.30186680473005,-1.37840730290343
3.22112098552863,-8.68315204141026,-3.78488306515146
6.07980100877913,-8.13821423346424,4.50716336652232
8.12861422117454,-8.92503101135524,4.44416828037004
3.78872071953365,-7.05989444631097,5.49549222141988
1.79610281669881,-7.79028904127862,-2.05073374767524
6.57469489719118,-8.90909232976888,1.58308629834145
6.76890085551332,-10.9722421893541,-3.80168479649215
5.47885854439574,-8.25359077590404,2.75989698604084
3.47512895370697,-9.27826643051422,-6.29068873791827
6.06629885333609,-10.4663723853649,-3.7702625956567
4.64088679115118,-6.89065567190835,8.00156588582566
6.16347318050789,-9.75106609601282,-3.45721820572216
4.64942749804404,-8.75980463360673,-1.39999235788535
5.339390203431,-8.19324740564473,3.2377712503834
3.55815627989855,-9.21201393447345,-5.79577552823931
7.05057776927605,-8.63186145150766,3.90325846885495
4.41076059220322,-8.659344745553,-3.13144143164536
1.7361644437241,-8.18342882061431,-4.14794631055963
5.41886649642018,-8.94923359094354,-0.861649460841715
1.6631279035872,-8.54655691053065,-6.11935055658259
10.0966796554723,-10.4415528333964,0.69460049523921
1.67452450513972,-8.66977431179812,-6.71809815084433
7.70012710856281,-9.71707760921992,1.70164417432546
3.23314428632354,-7.13171169829535,2.71428903883717
5.03980579880935,-8.95414695081956,-1.2299861838141
4.32591020246838,-6.73185053829854,2.10330135469417
5.83000989609703,-7.52586364206026,7.33736060925547
3.22016048908382,-6.17716444759561,8.84023691513679
5.93159459837607,-9.23373719818489,-1.30041804510295
4.21469396108874,-10.5336951644419,-1.4242128491702
4.04801401711117,-7.15081394185256,5.54044050058698
2.46823711610189,-9.73441250630759,-6.01563592566527
2.96781038568859,-9.40498068408081,-2.06183218047628
3.05906099850418,-9.04458112022234,-5.92044487698598
7.95272319473979,-9.06338249621455,3.4792355446392
6.66753836657809,-9.2615126035973,-2.52390869179065
6.05182271214202,-8.70616041629414,1.5911565182021
2.16521200974863,-8.81737079650442,-2.09246792441122
4.3456264011556,-8.9543612107007,2.72773368444065
6.03920136074942,-7.93652831171412,5.44463414100153
7.65731528801943,-9.72178563550672,-0.411411356729942
5.6462437049838,-7.96249990451681,4.5513754916687
1.12045701499119,-8.33120145462955,-6.08709387758968
3.34941863783148,-8.37015185633422,-2.88223094292517
2.555114315308,-8.58855002841823,-4.60035916198472
3.29593804822463,-10.5202488851617,-3.11373133372827
3.70108625180054,-10.6629750995134,-4.39189077057505
5.43610251387794,-8.77060274937297,0.0718626850617715
2.11616577785988,-7.8730416425964,-1.8467327574256
3.64897962957363,-6.52901382305224,9.32925144857848
4.10747801699815,-6.80067009141126,7.42008802933488
5.91268861388032,-8.51256464895924,2.29669208154571
5.39507117204405,-8.27974441783796,-0.48847038849226
6.18227908760245,-9.72326393917112,-3.28064457924937
8.9785275375687,-10.0737766867402,3.6789555226559
7.24451663835633,-9.45521423206404,0.1308794264953
5.78912878750949,-8.14880342121735,5.22298194879649
3.63453706177812,-8.71088261050374,3.16590679830677
9.53267472689452,-9.51591291607226,0.548136246313488
5.55653284138094,-11.0431187394705,-3.62990112030398
1.03745070815418,-8.56642428374789,-7.43336142535691
2.79843809598963,-8.29094815630502,-0.199716770567325
3.28435546369721,-7.38342406225424,2.88677346161207
8.00489172762654,-9.02732790045126,3.76211928465491
3.26889435881187,-6.66893385437511,6.45689667157079
1.40070557785853,-8.55426765132315,-6.66734028741591
8.77033812747115,-10.2804957523541,-1.06717228654944
3.46658896550489,-9.14695073419171,-5.6455938134265
2.95059641666154,-8.62595737388318,-4.02155179123432
6.82978255171786,-8.24525395178485,5.42289273008814
4.70958670990877,-7.09587649050147,7.10080234300198
6.63942304061129,-9.68517731994869,-2.20181089911646
2.14720024714837,-8.79927866449597,-8.94594446975566
3.87997471500356,-8.65051717132241,-2.80072160096512
6.74559386995333,-9.20931671363471,0.401906880394554
4.7521357053989,-7.5705773514787,3.50175046868963
3.83730887147654,-8.92828261715748,-3.82453474635668
4.67332436179288,-7.43314334602962,5.33105303046349
8.63994298920556,-9.97034265041604,0.242618537411545
3.18453322597639,-7.26459773888666,3.29183704318266
2.92015165698447,-6.56604391827335,6.29871932052036
4.91035058820172,-8.5776777556223,0.0239236687099001
3.76004656880304,-9.07535962679314,-1.60866394809748
2.29041301101013,-9.23434203216067,-6.95440440699445
3.39763426805965,-7.53922920332095,2.32149146359974
9.26127544075708,-10.0333339936367,1.1306976482281
2.53226106773777,-7.93941540713407,-1.71182415513618
6.20677182195208,-9.25637165768476,-0.880583093182627
9.16736892779928,-10.000311600222,3.00443124599592
7.40436708021112,-9.57861378251997,-0.180763956586873
6.96065971547328,-10.4732766948879,1.42008825574166
9.15141831769508,-9.53677492983496,3.47476214806433
5.1461248516671,-8.68770264991677,-0.0730252531505323
7.93797824989575,-9.22651076001815,1.24568471584818
5.51838763335452,-7.62598545604119,5.99892006153546
2.04312038309796,-10.3128563807322,-6.19686213641216
10.1018831696267,-10.460514671832,0.609152570403566
3.53479402972311,-8.83609141278247,-3.94693130684893
4.09748981877152,-9.06791469456336,-3.96967850967937
4.7416937862322,-7.23835577409559,6.44518074086754
3.52119868825549,-9.7043234484456,0.724351210039637
2.11753426754013,-7.18163347734813,1.63973823444795
3.46563648629081,-8.97710546150449,-4.79163806226245
3.7608151592571,-9.04240075949117,-5.58747126903939
3.05934853274153,-6.88781515987207,4.94746452954981
2.91195972083348,-7.63729194718496,0.885101061014259
5.72981068947046,-7.98216287233072,4.61443128197699
4.83610440717181,-8.31371650821722,-0.771158797348019
3.28925654190764,-6.04852724115627,9.62246085955706
5.9414206116936,-9.73669938945618,-3.81564254905071
5.48829550017195,-7.78243517916867,5.15222975011851
4.49175069169498,-7.86228534843156,-3.36226676341794
5.26020993605152,-8.82820069141783,-0.559614678571701
9.67162256419889,-10.1584794167907,1.29625723519102
9.68786681546816,-10.3651463380861,0.286435564524102
4.91944326133424,-7.66283503428013,4.65120608398082
3.32455965093698,-6.39250746866195,7.95773208943199
3.26420374363742,-9.09696635247325,-2.73429557407319
4.27218879007943,-8.46740552156296,-0.658571390390249
1.97712469728779,-8.37854703439208,-4.66359553350773
1.68165993706643,-8.13123395124922,-3.99069735248274
3.25323565562536,-6.03137647055075,9.63899313311369
5.26377984972077,-8.03377267581243,3.45021613809517
3.84446836448142,-9.25587262563344,-5.46128040515287
7.81963190374415,-9.00331556743687,3.52367987367912
6.99510527291667,-8.84006331068779,2.74656176138679
6.72324321813987,-9.64404934860871,-1.83195502488867
6.24462936171667,-9.48459519414637,-1.95708971075157
8.66913407784541,-9.84228715946145,0.944489951081807
4.82697440054165,-8.14338901395054,2.05042349365757
3.32107488718761,-7.17673287634753,3.99947461622585
0.787317138537315,-8.64201869058702,-8.29955634076832
6.07579886141443,-9.37405698471797,-1.72767371172094
3.74833729973483,-6.10626208121005,9.1107983091347
7.17026477916398,-9.91858460794348,-2.34797607311309
2.98283093861695,-6.9881285091132,2.24711137006591
7.40591614833182,-8.91186673869334,3.1817967633919
1.84090306762217,-8.55473291447343,-5.81563755831576
2.7995249308086,-7.39587703759257,1.88338468942661
6.8974392560586,-10.0351001151599,-1.51080037979171
0.815247463273465,-8.56559085867375,-7.86026859205509
5.12618657479388,-7.16860831571198,7.54259088671425
5.85564889467693,-8.46846737780329,2.4082207848476
4.57362601534137,-7.10603380363193,6.78583893700053
6.123099941002,-9.47951999522332,-2.16730190329551
7.28529550871799,-8.89415795910605,3.03700488267168
3.89508231239318,-7.58413430626171,7.5834738051964
6.67707359803337,-9.15100745945101,0.562771924714952
8.18725812860962,-9.90010513560366,-0.281748284096588
7.1618847178475,-9.91729252003504,-2.40567612574381
4.42976679825416,-9.33004802190676,-3.69670117636577
3.42326000746929,-6.93188639349954,5.43144279655063
4.97803298548405,-7.60410039197887,5.06082639547868
1.6382573686966,-8.67666492482786,-4.49202328156815
8.84715449933698,-10.411085432009,0.551197075220039
3.93436708402013,-9.28673829246302,-5.44238745396474
3.96035268560054,-7.01288457241692,6.06535301092065
5.50006216287107,-8.51452325833033,1.48626794374158
7.47698427231427,-10.4138693331882,2.74571729938969
3.04009222950273,-6.37313957577788,7.50341347203874
3.95257399460855,-9.31561581004579,-5.55256928610396
2.48481889665084,-8.96694562891233,0.177198774511591
4.45266674789602,-8.40550078321879,-1.56697671437522
3.39001171474043,-8.02219376104907,-0.278936400186345
6.26014248862929,-9.15759844210327,-0.279345132740023
6.33887709603891,-8.20514322292974,3.64475701663595
10.1130342539085,-10.5427308224074,0.216522682593658
5.2580600807934,-8.57592961531069,0.707338983138657
1.54313427651579,-8.83032125426707,-7.78196624287941
5.69090793565459,-8.01873032232225,4.3547009483636
9.93016145593815,-11.0470875082625,-1.02128970361729
1.7284638333512,-8.23937174186169,-5.93117307437861
2.33636865526487,-7.81732457662892,-1.13876419535948
4.11581284778348,-7.37662548809334,4.53417769243972
2.22712020383183,-7.89444699205393,-1.73932073575391
4.11040907782199,-8.15574262564245,0.597936239250372
2.48409078831426,-6.82954272254756,5.80841252113084
2.95930701838902,-8.11177728576837,-1.81665606214353
5.24504766505803,-9.08392059916842,-0.835270744297067
5.16819183838964,-7.3725542001019,6.59645987929407
0.971145992482168,-8.73617817933432,-8.41734547859859
3.84122620503589,-7.49483774553294,3.40580061497764
6.63542009955971,-8.09241191812396,5.81593039044826
3.33746347912928,-7.85243232289063,-2.51895216143721
5.20698895288793,-8.99362108164945,-1.49637904677886
0.98818401956563,-7.97501744040556,-4.82295231465601
2.96443286643384,-7.22196206555245,3.07963983190513
1.16695289471102,-8.65481845624806,-7.62750234233291
2.80304443711014,-7.69665007235433,-0.332120183199552
8.45565884819083,-10.4562346879158,0.611774991854815
3.14856190046941,-7.22734061629358,3.40977585944053
5.6504529745836,-8.54528446094757,1.62305070582336
1.85267363555581,-8.28296455416942,-3.69438129015073
3.21252583253267,-8.97254939142708,-1.57038105669576
2.30849397831866,-7.17799501617687,2.02856101438589
4.77774711006348,-9.01903267285815,-2.45721259446521
2.97513679576271,-6.42853134077275,7.09828660039183
4.28615051333021,-7.86693655753337,2.39411463540894
2.38438199490658,-8.5017154515034,-4.49406906671815
8.19254082864406,-10.1372544906954,-1.4664295713129
5.73884932523337,-8.65295613299425,0.967941119211043
4.08424637155282,-6.6716371558581,8.02517680022686
2.74828130510075,-9.00236217697056,1.27569811432448
3.97404006835261,-8.10016771376013,6.6334223333783
4.40855449269769,-9.03785606223859,-3.26834578322595
4.4805135762396,-9.30727512505526,-4.48626340046062
6.08879594120283,-8.62624520019335,2.06556078613716
4.47179855871016,-8.50306045863751,-0.45095488794252
3.42777142583763,-6.73363233138648,3.32647567440716
2.63084477054332,-8.45776134607616,-1.5534231579775
7.64919646384756,-9.9458992439992,-1.55640999904621
5.05105919258987,-8.46026005386487,0.888554359987997
3.81915164934842,-7.29951815010897,4.34713458857451
3.95510996157614,-10.7438927338129,-5.16074380700174
4.30449360608023,-9.11039686052633,-3.83575218355837
8.72449844133733,-10.0969461602427,-0.231251932871077
4.06490254386725,-6.97365930131458,6.46584029233925
6.05344277106327,-9.09453302824533,-0.36260329868737
5.23545399292332,-8.40157935774402,1.5419829706343
2.26696455175459,-7.04841532844017,2.60090436656845
3.75599568858278,-9.17837602457856,-0.392394549190903
0.936199362275306,-8.52535601668613,-0.738206685552629
6.02704565296393,-8.17545427693982,4.21716795923259
3.96428353837132,-9.71611048350218,-2.67747589201784
4.49062133437224,-7.9507057999812,2.36872751022013
8.15021708448506,-10.6053828756326,-0.645955450854867
3.76260025179857,-7.53561260997717,3.04780149896437
5.68101104042772,-8.07684326225496,4.04268438444727
1.75829763384747,-8.82223227378931,-7.32375992847843
4.89592035770466,-7.75174559988346,4.1575723043156
7.94457015424331,-9.30374301955134,2.65367590090021
4.21503637059156,-8.39816006425258,-1.01001324058255
6.96670229487397,-9.32968258846368,0.224398739893632
4.6951655651456,-10.1768757934605,-3.97179696662398
0.952318098412511,-8.5285243545679,-3.43641525406454
6.59278882420417,-8.2730944392165,4.82280990609764
6.91133198433811,-9.94441823442984,-2.98051185268452
1.44116920762054,-8.40259287174886,-5.82458739596221
3.32401482105575,-7.293245376903,0.61672915741405
5.85653443101256,-7.78670656983942,5.84514439235277
3.97457000664213,-8.60557929311238,-1.93221475516901
2.7271052064171,-7.55612358974482,0.935441524540162
10.0697000029908,-10.5706041604483,-0.00799815579924096
6.32987011678203,-9.33735832874655,4.96201383443317
1.93181353531203,-7.52928274396852,-0.472296168980887
5.8614247815179,-9.2771103374825,-1.65510302205766
10.4220405776265,-11.3544087016875,0.523286855224131
7.02356696060903,-10.16956221112,-0.317565520598293
10.5836587766123,-11.2635761976132,-0.583726600181186
3.67785675287565,-7.47997952644347,3.16370663753257
4.84831511806119,-7.7356935091405,4.14609330370174
8.04424196301598,-9.46548904954709,1.63069072031147
6.84506053491452,-9.6039974787194,-1.3938013617689
4.51266257652837,-7.52208285538937,4.57120406337025
5.93989391955098,-9.26936539419223,1.56884751892609
5.15916803079099,-8.86480193639394,-0.940074274438513
5.07371155369495,-9.77988413706212,-2.4707934686948
4.16264181316944,-6.53196935720565,8.88102303529079
8.35275402315075,-9.77701014578697,1.50067279755437
0.397393150688161,-7.9131734915918,-6.10273648794246
1.26427085338329,-8.48244291154716,-6.57013832332007
0.612007166286581,-9.58464984146343,-6.24475675973515
1.49407857566082,-8.74581575048567,-5.23532461563144
3.29532851289252,-8.10188940806201,-0.712086856884177
6.35342867972503,-8.97795971774943,2.79990840174481
1.21145696507981,-8.59081808563706,-5.16610015414102
3.1738688197093,-9.2192121720657,-6.57761895613036
1.28046626319772,-9.13671002346145,-5.44412835199197
5.0805644057797,-7.85211800684491,5.68814583208888
3.49959462893028,-9.23974805794363,-2.35616231621379
3.34392983753749,-8.98593404954963,-5.07225146828093
6.09848067113558,-7.77128036961906,6.39228362508821
7.00667844893384,-7.81806976205838,4.83811346523076
4.19814430918325,-7.85819667758488,2.26740767333579
4.81933965867753,-8.93579028780529,3.54915817295645
6.05306928942192,-7.99527079024437,5.17555271478526
2.86735040293827,-8.65730214613781,-4.34099885001258
5.64333189158581,-7.82670933588913,5.22993754568942
9.01126972392708,-10.2223283735239,-0.306640545183818
5.05835772748209,-7.60413081530957,5.2165147661363
9.50751536896476,-11.3728933500301,-0.556574823143802
6.83554737229557,-9.39973800423287,-0.383050865049235
3.40671450908342,-6.61304824161786,2.74491580603002
2.28645606776939,-7.25241895522446,1.61080247097666
3.02359670976987,-8.5504329636409,1.30835448124471
7.15514288241546,-9.70906959113569,-1.32162610030887
5.43555128391094,-7.4542655754773,6.70345484645082
6.20945808806611,-9.74769167376193,-3.350998019128
1.50670355498074,-9.37620033701812,-3.83477715898919
1.69975574676835,-7.59011903629786,-1.22905935659589
5.11669014343969,-7.95451356100833,6.23271012037446
4.17615107358174,-10.1578820558612,-5.15824265694852
2.49629702566583,-8.68368976241841,-4.52491385760886
7.00104135868393,-8.82914260190802,2.81310508323756
5.9729863217385,-8.78573733981417,1.03723620068957
7.69403754149969,-9.1625933885649,2.47745135819292
3.97083344029929,-9.97823639724487,-0.249798788664387
5.3578187620067,-9.50639032570498,-3.78745075465433
5.2497064680551,-9.3853551821565,-3.38734144770612
5.69412484158793,-8.51889062092545,1.84077178412783
6.23505429962664,-8.9005132381094,3.26353197218151
7.91060106741103,-9.09950456996696,4.53305737052056
4.06505127620782,-7.82062527624984,5.88759550276617
8.87027075258462,-10.2195665859413,-0.566283138225492
2.41204983082571,-7.179100939446,2.22390196449119
5.82707746830102,-9.17771265056557,1.92334624581527
3.44396493689932,-7.62495426618455,1.97943463347991
4.93705225195891,-9.04376349178365,-0.694047677956228
1.93527546661672,-8.72525306147137,-6.49174560360008
4.74745966052072,-9.43605913347013,-4.61725648854991
5.91075360812719,-8.83043957241953,0.691253420497775
7.77007922803493,-10.1010143645748,-0.264624957713938
4.2418969896693,-8.95910628109877,-3.19488701673116
5.95467850077392,-7.78890086976542,6.02450166678195
8.01022961187715,-9.84433675911549,-0.344207779072341
4.86211554602181,-7.09207029029638,7.41590883550703
2.39757412213032,-8.49706165774974,-4.44502523488447
4.538455486448,-8.05298884829973,1.94615651311538
9.04599254041009,-9.90897466224078,1.33398340048604
1.57575514895439,-8.52518765264396,-5.256582696248
8.9406338342893,-10.3185067632912,2.85490726202347
7.29192247588693,-9.75236814453269,-1.27442334697724
4.20935461837314,-7.09903561710808,6.11436146238481
1.74022075703927,-7.45228553691802,2.7000728446743
4.07503978934849,-7.81766545241647,2.23279274177137
2.91837427957511,-8.09574438780625,-1.41246974660729
2.51156519182287,-8.65403278446423,-5.01480041627582
2.36896700775209,-8.04656290518012,-2.23058765880146
3.36477020351741,-8.55296638787883,-2.34096317830416
1.51818729710002,-8.8651803265134,-8.00601230085057
3.41138395003016,-8.12475517962723,-2.16384470288084
3.56190342864016,-8.36293608752941,-1.51023535342611
6.40806677810245,-8.02346456753044,5.72223869768215
2.61826927035063,-7.84714464924614,-0.74209121917182
0.7090885078252,-7.91132273256267,-3.81860712984257
6.39692446072643,-8.43362982129962,3.63391087813278
2.33924682140822,-8.93927059121073,-6.78635807963937
3.94395405939036,-7.37547111458014,4.97463267961076
1.5736767046878,-8.40694851658806,-0.972343899099295
5.16944151153167,-7.30128810305751,6.95797472405676
5.41411050839367,-8.01353671811467,2.20066611349208
10.3859242158994,-10.4089564034829,1.42002141220353
5.21931397310238,-8.01285589258017,3.46933980758085
8.57119959656793,-9.29010744238577,3.53676483090443
4.2843102691345,-7.34003987168284,5.04543203839645
3.39397603346096,-9.03805326306821,-5.23776898764674
7.40332266215231,-9.75350209877151,-1.77871797787348
2.87701213016929,-7.21132543687505,2.96362595865961
6.36245106135091,-8.36566184455088,3.47375248519879
2.70592578246748,-7.36005097499224,1.8823064413736
2.39507807154947,-7.8022211948452,-0.948757606810093
1.41564207738812,-9.4408097511444,-6.66314589580775
5.2540741258507,-9.39468230641085,-3.42586437566162
5.27862959252046,-7.495343726961,6.19202244698477
7.78849784128352,-10.0782705371584,-1.95312769990041
5.79993191755464,-7.74609262680625,5.93996980421268
2.47582755154196,-9.0408146620071,-7.03302432131822
2.46296777183101,-8.37028906965941,-3.67937979018493
6.55473400485186,-8.81822696317728,2.00220490394473
3.30578714168212,-6.36520939393309,9.1292562419038
5.02171834888717,-8.6455510332504,-0.102001512832147
5.28182085815317,-7.49165802095629,3.29999263277237
4.45405796620617,-9.26623679709915,-4.33081025844639
4.56942935828801,-6.95415485642436,7.54297313043113
6.05074421149964,-8.93880463116538,0.416833742515926
9.10433754925056,-10.2087056529639,-0.0574342984438616
8.68539757977867,-10.2212989702546,-1.5681217201919
6.84304589567667,-9.70672011194029,-1.91530120146674
4.5213961312805,-7.70578541619473,3.66252165843691
5.99904725197512,-7.70167907820451,6.55007014953216
2.32111978882324,-8.14646590715081,-2.13650108343417
3.27009256035946,-8.36354634747507,-2.07946575146867
1.068261045641,-9.46968763278119,-7.98875462804975
4.86304268958638,-7.72150379097246,0.195882849063311
3.78023738982259,-8.56760565864761,-4.062343704573
8.1805944622387,-9.36710975099076,2.39094064804564
2.97238306600528,-8.86373938131663,-2.30717387007637
7.76424054105056,-8.97362437773169,3.56581833867378
5.28515503155325,-7.76839882432181,4.82883307630526
6.47145102000753,-9.56085815231421,-1.90129085985981
7.64552905075647,-9.48466249937914,0.760520013557544
6.16852558448049,-8.62366244476544,2.23326166918151
5.35582346974264,-9.12976073281941,-1.89358879405041
4.57359812788193,-8.72558248908339,-1.37467635831583
4.10160414945441,-7.75602132262376,2.59493930449783
8.9896971363783,-10.1094440949454,0.220298389993302
4.71947065367683,-7.49798017916395,2.34637065307657
5.99689738470444,-9.7241839566429,-3.64494772230422
4.62551949660734,-9.25832660571403,-3.95829270449334
5.95104949521913,-8.87126174971601,0.563741549905723
4.35446341692686,-9.27431003790166,-1.18891054680387
4.31404159913754,-9.59933634121548,-0.177181395826009
2.72038667695869,-7.49971097133274,5.36250995363943
2.54090428136494,-8.046241667306,-1.89538574716782
2.4315633629371,-8.53901122552972,-4.59045352634646
4.53533381789131,-8.99410075446537,-1.2708377177173
4.04317427987928,-7.12254459540419,5.67349218304713
6.54312406356921,-8.9391860141552,1.37020048231325
5.97022925531914,-7.92095325791923,5.38929665932298
3.40934461239671,-6.33654640982886,5.73292316597355
6.68554130836338,-8.57672008895625,3.47287690568453
5.34239275809997,-7.51622315181392,6.21052655934924
1.4726052502614,-8.58620223295484,-7.69336394354832
4.19867114523106,-7.6135831691635,3.50097012369595
9.49178457299282,-10.4371842144375,-0.456971545363548
5.13714915321599,-9.19237571479197,-2.63334843098377
6.70159226722817,-9.71592215944742,-2.23610837575161
4.27324575817614,-9.030825112931,0.0520169514839099
2.07635807423249,-7.232090534671,1.30561117999402
2.58468661089324,-7.69764956707969,-0.0539817797592625
2.30124987957281,-7.93805807725703,-1.81524268376974
5.29597378678785,-8.09469545821978,3.20570387710005
10.3877566223712,-9.54404531402309,1.44013922339922
3.15286564479465,-8.52576514141866,-0.25729036628941
2.13017825332925,-9.1662951407669,-6.36355359792479
7.06050067740835,-9.58090564007686,-2.17536449422008
3.803194400099,-6.34780051298729,9.11161909313853
4.29969375582844,-7.44979301712624,6.12333575228503
4.80166045077528,-8.60232729869363,-0.311153263715131
10.6714875823662,-10.5823988564918,1.10012691381391
6.35113685975454,-8.54695826910701,-0.0650749256494042
8.33515357857892,-9.67329020937493,1.14804851121842
3.18116349090644,-5.92526056248784,10.03385159344
0.917502644190071,-8.59960120914997,-7.83324750874211
2.92538180977085,-6.19814371656777,8.16261468835293
2.52521124697005,-7.23954027946482,2.1389143057163
4.58228497898697,-9.87131017388098,-2.59408662289139
6.33907621987795,-9.4602898121865,-1.65138094208218
3.90410062913611,-9.18381929244991,-4.98252818686467
10.7981774208531,-10.630262266492,2.68155892421674
1.47153951097755,-8.62862708077028,-6.90458891966759
5.88611255946248,-7.84835968077906,5.59187715776515
7.14421330559365,-9.11605355830928,1.64521391407297
2.2941270376027,-7.62808405024211,8.38830643536981
4.63406460567667,-9.17550804065106,-3.52441393978468
3.19659247374476,-6.57505934553933,6.78962839114785
7.2883108243474,-8.59475934766744,2.97037834850273
8.54018278865813,-9.49963695919661,2.42082600855751
7.13552259851109,-8.88810237482742,2.7769361112081
4.40395370710878,-7.20264679844473,5.96984366020956
1.30176354557729,-8.28603009279399,-5.50772678534425
4.73633579514766,-9.59569807022179,0.553571297401876
3.43920586269919,-7.73075258883693,1.43711263673118
2.63041894198888,-8.23591422249964,-2.67742223713746
9.51303923820071,-10.3104745189239,0.222720960451344
2.95197419792062,-8.31035487753091,-5.78602957635785
4.95970188523672,-9.3467567491981,-3.7555055505594
4.96519933559364,-8.88088104931804,-2.28659595840864
7.49745222961385,-8.95632181813328,3.13539311490473
2.96023181609549,-9.11745827168804,-6.47939580264514
6.33246924867192,-9.00575133668171,0.626095161744576
8.51666313986804,-9.67991083618111,1.46684390089765
2.27990214586391,-8.68098273601783,-5.60005377804802
6.94916142285225,-9.28540260852621,2.1410344322473
3.84333732599202,-7.48116825802211,3.4787732909415
2.35058285162969,-7.34671003607779,4.87525588705297
6.58477471702304,-8.86883846342852,1.80547079381737
4.02954415314513,-6.76348422427903,7.45625439005286
6.81629827332765,-10.683880568235,-1.70609578670486
1.92559972934277,-7.29789262346219,2.58455041419983
4.6686753753431,-8.45914950296531,3.98285448551851
6.7616567046139,-9.0348791708339,-2.82300178453724
4.48446893748087,-8.0853734744766,5.69466834280024
4.55324300914669,-8.87586012882185,-0.482276084539396
2.36268206635163,-7.29545846727849,6.06731236375392
4.0580446097773,-6.6864306420935,7.89980126127394
8.78886601305584,-10.4623539863978,0.105200300014302
4.51660997528054,-8.50802878365035,-0.389048257312935
0.324381690189466,-9.54624465433652,-7.95052840729603
5.00014902151443,-8.3461731030474,1.3646340574953
8.74635999803983,-9.9398369272899,0.602792953749732
2.05563265872395,-7.73043628354826,-1.24562654721415
3.07131138066426,-7.08534307122055,3.97538527664681
3.55035097459624,-7.94669758453712,0.564662748950183
9.01223746687741,-10.1522967945736,0.0481069163137539
1.00542171247148,-8.57785511476718,-7.55309914797094
6.33931697631748,-8.0072394860793,5.67060782826086
3.28222976368292,-8.90304242121468,-6.46693858079948
5.63124826944321,-9.19010950142464,-1.49698051569664
3.16072400441337,-8.16685806982049,-1.30059840255109
3.33322538590656,-7.83156191119319,0.723544620821918
3.53868303338632,-9.25650800758405,-6.05774987352729
4.12143513065608,-6.69848946334115,7.96202698872633
5.21606203179532,-8.60905328393268,0.458955596179126
3.00059341850163,-7.00290598909391,4.25355998358275
2.74927655920068,-8.53725054326354,-2.86392685716125
3.2756092039019,-6.09717007097807,9.35088517684556
3.82188503834325,-9.19565390317966,-5.20166972796621
3.91163279929795,-10.0159552893571,-0.940246678830009
8.25614627255773,-9.30398110946287,2.85561002596591
3.83965531306076,-6.64128976820037,7.70354677821584
4.69917309956645,-9.41908627472679,-4.62541785429551
1.49264397458336,-8.10652955097882,-4.23293708096746
3.38521435097127,-7.60978141228433,-1.2635676543763
8.83329511195179,-10.1341779383688,-0.207771298994556
1.54961105881603,-8.8774338393851,-8.00678772651984
3.2684940199067,-7.81686629353488,0.672003552294797
3.95067406092327,-7.34065732015769,4.39501818534564
6.65121707230971,-10.2291457209432,0.606370559148442
1.04433947556574,-8.44147823511673,-6.79042738014595
2.47222160046141,-8.58729261880111,-4.75484732589272
5.20484099210004,-7.6390287489807,5.32487246727224
2.48378821296905,-8.64755810183858,-5.0360676412823
9.6619146052297,-11.0197342145899,0.293468495380802
7.5170105676677,-8.89627192398513,3.47591406160207
7.74471787376531,-9.68056814995429,-0.0341540527271878
5.20698805278538,-8.77042599606079,-1.24153997449367
5.68053579541379,-9.0727988111284,-0.976584237657373
8.95386431225532,-10.1530614780511,-0.068998511603519
5.77632007065335,-8.84223582307069,0.370994764847708
4.49594502040817,-9.02354898642241,-3.0267060401489
2.9865547999004,-9.133191875906,-6.50760270313295
2.59056918379585,-7.18436603787752,2.54372605107617
3.50873310147448,-9.21878648426934,-5.87262756529385
6.96349906419729,-9.23451033720562,0.697730852334917
2.27366999425991,-8.29148174974373,-3.64955652237659
7.73353926095554,-10.0902781532795,-2.12025840868846
0.44080344438505,-7.78138390220402,-8.05485530590995
1.69258389400181,-8.55398320469208,-6.0996207145665
3.23950145780364,-8.39023133959457,-2.27327528243834
2.56900281642251,-8.8333620354768,-2.56320968067738
7.30831709446648,-8.92023926407132,2.95025356730194
8.98539281780982,-9.77866077050751,1.87867374429676
3.36776370058607,-7.70071939555565,1.44983348183361
4.92982240702333,-9.97161144191086,-3.13704843309031
3.33216925680078,-9.14424776285667,-5.89276804033204
5.16092646476159,-8.6515258981449,0.137976746060464
5.31901631499558,-9.80578638615128,-3.04957373961523
4.18488607265572,-7.43368228867374,6.01707871415779
6.13280108614197,-8.44360833365333,3.07119418717157
2.95692809736463,-9.00553950926202,-5.92187757949214
5.42548955335772,-8.55502996848145,1.13748405910463
7.97653545205768,-10.6449390495888,3.51618247177398
4.56107921978437,-10.0314993896482,-1.96485086737074
5.54217211420132,-10.2468717504009,-3.96568036709832
3.70971997213593,-8.6911839634116,-2.87740071914033
4.64019085172627,-7.4024566976567,-2.10663926265249
8.4113159125401,-10.2839340083355,0.739047148731131
3.17536645130727,-5.9366105537681,9.96541500468638
6.51551735127881,-8.4889052150964,3.58548077583714
3.04953408539206,-6.37913191559792,7.49153828855948
4.30081286270514,-9.87670319434496,-0.794726883396852
4.39269725315747,-9.9299972972881,-2.46284007751095
4.17976517399418,-11.0580639378973,-3.0377747505086
2.37593997936947,-7.85723532173127,1.83688951880666
8.59238451908943,-10.975827323581,1.46655207773401
7.09298420260289,-9.18828074573564,1.18188904604986
9.13925569933641,-10.3956665438345,-0.931732616146406
6.98070476169049,-9.08714563806622,0.340094808492749
7.93475584260326,-9.58515499242266,0.815307912799671
5.07944983413247,-9.02169475348454,-1.88527898528929
6.64912450118679,-8.99686690972909,1.28521852941449
3.66743032424732,-8.8568743463957,-3.52842352905383
6.10276459708317,-7.84722909778449,3.5615320237251
-0.0177060928701561,-8.19565076452191,-7.6980143292234
2.31840976840054,-8.8442973106489,-6.34824070228686
4.71858037320604,-10.3641545908533,-4.29519133571865
2.53377429714048,-6.94838031909856,3.62260297094602
6.08434178200028,-10.0349007536446,0.629082290823549
4.46168411335537,-7.57130879454564,2.31908303084804
2.09980667082415,-8.61226832477293,-5.60323210267986
7.44084267184101,-8.57897559773818,2.50983358647438
2.73167877557959,-6.44081024520529,6.56407265418149
3.80910022901999,-9.26470382348652,-5.57439770608634
2.52748546801756,-8.60763558842122,-4.75013003545419
2.52483182597383,-10.1918276432669,-3.86666984059517
4.06922162460408,-8.34620557771735,-0.441663927026552
1.73603389777218,-9.13918831301976,-8.05888166005928
3.63617403852725,-6.97237663668262,5.64050772037699
2.11647966910345,-8.09725698203893,-2.97588330143528
4.25516168493264,-8.76681100976531,-2.20022850256501
3.65981995751478,-7.17067125105644,4.6872321160832
2.67312480101292,-6.86961887580559,6.72626792449548
5.09120202461034,-8.9678778925586,5.37853932711289
4.21150025932906,-9.08712903024443,4.40559100468089
5.01090015678641,-7.3759315081162,6.27427384480437
2.06301371469097,-7.39783948429684,6.52009187895105
6.32997959154408,-6.90401711447598,3.85771205761771
3.8287554772058,-8.96366252884913,-4.01939923519031
1.17628253644511,-8.6177332469793,-7.42253929436893
6.87589947531343,-9.46529775059573,1.85476865184588
5.61043785967428,-8.54753251383211,1.53408824999279
3.77508307402508,-8.8385760530369,-3.49325508253935
4.05584445243037,-8.37214463982411,-6.95814856258447
5.20426759539993,-8.03410706896075,3.33306880616046
7.23737366395345,-9.20077985977839,1.39904596741217
3.84960539273747,-9.23563016622336,-5.34931762872415
7.89374764377646,-9.36518888207552,1.84409489103186
2.87736528750774,-6.26047139546525,7.56732074782038
3.22805582435833,-7.66158968137273,-0.362390687951016
3.2640919972829,-9.95653864930483,-6.01342692228803
5.66135599347305,-8.86743536056702,0.0209742071920819
5.13865189235632,-7.40280333328989,6.38673101631038
5.21451768381674,-7.62933883688183,6.44466455589709
6.87357615883709,-9.61022649961067,-1.36986323601692
4.54767754057752,-9.38491230582879,-4.74714799420554
4.0377766197421,-6.53271221004177,8.63502339370537
6.70191843506997,-8.58507765285095,3.46253944008168
4.90061149589477,-5.99293070885078,6.78176127214729
9.11688765323169,-10.2523299656911,-0.252896209066881
1.76754046328299,-8.00766987694607,3.48504229140449
4.23722126233828,-8.85293961271594,-4.2706609657079
3.06994003192289,-9.78627907711276,-1.85662846092153
2.32832304799932,-8.19523468645835,-3.05855913266703
4.65712022895478,-9.33452980452535,-4.19762601862129
5.0861715549569,-7.24392556276873,6.1399310434794
4.44948586831536,-7.22589998010083,5.94101626747223
9.32144262990665,-9.84732533046197,2.18467731986877
8.18172238766423,-9.0882938878783,3.79800557435577
2.87474231832239,-7.25839062206214,2.72207364729769
2.95215379746741,-7.76215537452424,0.333930877351688
5.28105421634859,-9.06691420683375,-1.72198561443069
2.26859064826873,-8.28803847943035,-4.00610708892238
1.53284683364793,-8.61088167042805,-6.69622955886704
7.08465768432685,-9.91109687481991,-2.47633763877181
5.17450603707195,-7.85289054454571,4.1884273753012
8.10701822096119,-9.38079733451025,1.10301722599835
6.32178210229407,-7.52057727772915,5.4468790143699
4.77320337086834,-8.03134648947105,-1.24022277600002
3.7088299627541,-9.61564838343452,-1.27001903379925
4.797275267158,-9.55688426343919,-4.52848945555908
3.8455538949323,-7.5720176877586,3.02530842227854
3.86249854753048,-8.39183549623494,-1.07265335206591
7.36968054343753,-10.688089486945,1.25018957147318
3.52297234147021,-6.54004903621631,7.59926007326018
2.46482892485764,-6.92116949126793,4.13078521909261
0.686061439231523,-9.13680026526125,-4.99404885103446
5.70518268806766,-8.20537065326313,4.70392560061076
5.93543456518433,-9.68886963314827,-3.58625533797242
5.73415111393802,-9.63161155848531,-0.0208994410956284
1.77352009251434,-8.5160834727332,-5.75162639043508
8.84848736133516,-9.83528901149704,1.32772311578683
7.70062685516129,-10.4039433478225,1.39980207432979
9.4732570328534,-9.84820848554707,2.47476933439452
1.01578604949076,-7.68714143599517,-4.82675243748124
5.8896638542305,-9.5507091034967,-2.97890418689484
2.45506983075497,-7.4762424157736,0.810152691393918
5.20711294201093,-8.81546979206428,-0.598483051912917
3.70262455935362,-9.27740635057806,-5.84498051588999
5.02524771437996,-8.79633255903424,-0.0431731205868951
6.31012877231314,-9.56953792933275,-2.2580144635016
2.99087930056791,-7.8886986248518,-0.22855271910816
8.94868561037856,-9.98654569201778,0.759981384637801
0.277626043224231,-8.14992322973094,-6.68359994300811
7.78017923995215,-9.39466368582885,0.920148113464494
3.75616414327359,-8.83827012088277,-3.52841904776184
9.96770594994256,-10.0958603957461,0.556598278635237
5.61880159306725,-7.55622906485227,2.53699090070418
5.62162190324643,-9.27965562773956,-2.13318045257284
10.4818411152877,-10.5737401708455,0.775813964096243
7.99094631464019,-10.298996071696,-0.810500091926385
2.45871386931988,-6.85502144035135,3.94738459848991
5.83130910518782,-7.90750509367404,5.18753299947795
3.45434854322556,-8.41568119085146,-1.98467554672232
1.73003477929469,-8.78039063648158,-6.28358733654419
4.69766783752936,-8.15153884787239,1.75848520588018
7.12152683384914,-8.75066719826045,3.44228041788504
6.39705369693203,-9.65209929561867,-2.5053715432057
1.30523156076866,-8.53847861939382,-6.77301714965547
8.86322299053766,-9.87910390428856,1.13554116088695
5.87812848562623,-7.77566046170438,5.94269830077993
4.6126448270653,-7.55812430038623,6.67381666188841
6.83510585708796,-9.25905505040706,0.32495531207682
3.28370197555875,-10.6060773360551,-0.280838990699381
6.59683136697906,-9.59803647255759,-1.84536612572015
3.90306272246344,-6.5712673503752,9.24074579930583
4.49488524068056,-7.48894566545522,4.70368265240942
1.84477812080238,-7.34921584670591,0.266150145380134
9.12342898732353,-9.75468568322388,2.26728784350555
1.3284972491814,-8.79162721206305,-8.00342459332032
3.52279156904809,-6.56200780613864,2.36519419948764
2.21865653992894,-7.83823023080419,-3.16445133230374
2.70637742586405,-7.18336733023774,2.77344307374772
3.62521713385333,-6.20288572095522,9.49650319968127
1.27810787159102,-8.7860903170894,-8.07328841051047
7.3604259318371,-9.92304616096884,-2.08411381127046
1.82853448482496,-8.6030865567982,-6.0832751337992
6.68562885294924,-9.87155960066533,-3.05129405497033
8.30874703451381,-9.8541176080578,-1.56193560738082
3.80241569442374,-7.40579153393046,3.77918200094745
2.95939207454619,-8.06290184394251,-1.16740470530353
4.87652968358912,-8.45589553834662,0.571933360119127
6.86322517184405,-9.86235916174989,-2.66037291727511
3.25229820732861,-8.54493969014752,-7.76292606160096
4.14298015843848,-7.42911768159578,4.32239246909061
3.16150132034405,-7.29759724899424,3.08087632957439
3.44604262350913,-9.15177496658317,-5.70976468351292
2.09865831594878,-7.39005852961909,4.45505992102006
5.40981025218953,-9.41932849164392,-3.24789903311504
5.43668090445106,-7.50589126234544,6.4455188117223
5.3868047551012,-8.7383858134834,5.80874542795102
6.96813064114909,-9.60797045120191,-1.17504619912945
9.68485520570242,-10.4106413941255,0.051355507170688
8.69995821736058,-10.0942071993771,1.44777704393111
3.42870650572485,-8.52626864086545,-2.59164462317056
3.01529773986249,-6.97464575034435,4.4244840870073
2.42782422403299,-8.56857621483764,-4.74667786312567
5.87348720663257,-9.24371390901242,-1.46342473115278
2.65394169243554,-6.48483862990994,6.2405125598797
4.09415600528513,-7.30716465333689,4.91366339144334
2.34808538809438,-8.2351110767151,-3.22114350539638
5.15220033312719,-7.4820291357795,6.01381989129412
6.1386637625419,-8.72043893231941,1.68769524618943
3.87173723063757,-7.68125392825136,2.52569647053813
3.38042284797824,-7.10580369979217,4.47201092710722
2.58794724347564,-8.72120428148741,-5.20506687470412
1.55695539855466,-8.82104522835684,-7.70841191091843
5.89442284703768,-9.35506317498433,-1.98386492919859
1.59588745989571,-9.67390441882861,-7.58747250094172
3.51699353368531,-8.17988549735292,-0.419993408486079
2.92162820657717,-8.60008933116855,0.780836816308456
5.91315304896983,-9.25677242756691,-1.4522655260019
6.13862911914918,-9.96612804480988,1.18324402927986
6.99366099987918,-9.21844228602644,-1.39646821419222
0.0346229570517244,-8.40085411815756,-6.15068499411317
2.97192919817663,-7.21363282013568,3.13615258513434
9.31284695783117,-11.0802095918059,0.571103850851371
4.87112537824744,-9.10312729960802,-2.11542261430446
5.39978487401489,-7.52132033779461,4.93948275542626
8.02078807270996,-8.99218329760207,3.97004450786652
6.61520277283233,-9.16874893714293,0.353339102709724
5.7073662317745,-9.89953057953986,-1.75155935183209
1.97101521456343,-9.86257243614774,-5.55984316521929
8.49941475096665,-9.59187547036458,1.87696556017434
8.55845369278829,-10.0555528875011,-0.344833523528452
3.98531748261232,-8.20085548631299,0.127929057340654
5.75801472678876,-7.896214570551,5.10222110672721
6.99831887441686,-9.05096225096887,1.69013475586053
4.96013742822298,-9.83111222415251,4.4871509681048
6.60525868543985,-8.28541481390507,4.78492426238139
6.41375391859925,-9.45975667744085,-1.50380904110615
2.6605205820623,-8.59631664750798,-4.43498955708425
5.15814808408462,-8.46259341062365,4.62251518154331
4.33578771540935,-6.68738318272934,8.43386363356801
4.95346904085668,-9.27845265763167,0.991614640238159
6.31126599213614,-9.56195011078585,-2.21757515740811
7.836343692864,-9.84726555427945,-0.696329111090632
5.86605720232648,-8.01078967319228,4.73452671448581
10.4609843972725,-10.6367852817324,0.417681896873886
5.322637251956,-7.89105094127469,4.2835436836332
5.71485150565899,-9.5549335256923,-3.33935123571329
2.85462699410672,-6.71515354242116,5.42026949902163
3.54707565822379,-7.42455974171564,7.89081165491506
2.89924766272312,-8.49081063680281,1.24098390424691
2.09167180082928,-7.07841431168704,0.92376322870992
4.92076537598347,-9.22774792716692,-3.23139525233932
2.15572737038785,-7.84589758739492,-1.63320608024024
4.88106382630688,-8.1717448654552,2.01248748451871
6.40761493273376,-8.23859552973854,4.63737619626114
9.31422378994959,-9.9495160413678,1.65576078545157
5.739047640062,-9.00372576003236,2.0538545793378
2.03684087954013,-8.70453390465203,-4.82477183419899
0.948738555378366,-8.74257711095673,-8.49306162059291
2.47009110421379,-7.43730938957512,5.46521017815695
5.73521567816067,-7.65193199186394,6.28886048899635
2.21326227502855,-7.22861767574254,1.58872399555841
5.01293143530575,-9.91901425263409,-0.607689541622453
5.95890955658509,-9.2449258469403,-1.22780121638876
4.37593159376632,-6.94151848690331,7.23123056132759
5.07349610538312,-9.30368697539502,0.607140357773539
3.01763830695629,-8.05045950872512,1.98711453468769
4.00692352117904,-7.21567477205822,5.13390305439215
5.28825510052824,-9.82035384751173,-1.97858463559142
9.0679195203024,-10.282467909807,-0.499758325080435
3.34087498785266,-6.7516339841203,6.17984629703041
8.07114829283099,-9.86171912350397,-0.313601652415971
6.1614693678253,-8.94118602517875,0.619657436357566
8.15138955052672,-8.72775648259773,4.30786277053258
3.13183385155157,-6.0626357944111,8.02609131050439
6.76454076564343,-10.2922293222791,1.39339327032121
3.42770113383993,-6.22658030857689,8.99390295151614
4.43150610694921,-8.440758845404,-1.53719801068235
3.22796045373754,-7.60119434488462,3.03210373280134
3.44608548726908,-6.76142009153387,4.70611887378799
2.52938109319677,-8.82544503971288,-5.8439342742071
3.22017073837238,-8.54504577453024,-3.09084711999912
9.93313001737611,-10.302235965003,1.79194843416195
8.39448507423999,-8.49242514701171,2.18545314575544
3.54505450054752,-6.21964843267196,9.25651334637079
5.12498800081107,-7.3513870958785,6.61929338656011
3.10766021615484,-8.12013067225756,-1.16810333088952
4.54158177941299,-9.95544595748487,2.67291621810631
3.03604187578564,-8.46652608364707,-3.05244469014009
1.37057184856396,-8.04073504752617,-4.13825429518195
2.98499468472917,-8.76749296201637,-4.66797312628066
1.28734294716147,-8.75186330704573,-7.88291051583386
2.85105059324224,-8.28584581719041,-2.50095638744733
7.36931163028995,-9.25900647352879,1.3616368632062
4.28217439308766,-8.20225298449993,0.696832968091078
8.44808541232758,-10.4728396566909,-0.435418052649088
1.15316330315917,-8.58850998875114,-7.32014598951455
8.23438366992783,-8.82311977727216,-0.429653521129681
2.31379700827798,-8.82150727873796,-6.24235741291402
4.5598266880388,-8.53796273259379,-0.456030508525329
3.71846535395998,-8.3035800307513,0.483823649324464
4.68062468656793,-7.41558548285464,1.27780912475836
1.45400341756098,-8.64608855049785,-7.02659503978249
2.97147233300394,-8.31132576013705,-2.39570715997376
4.10494258347826,-7.51186292202393,3.83166349990895
8.72797851143449,-9.75829097150867,1.48189042903215
5.78017060751051,-8.28563916167477,3.18300313242141
4.96386137107875,-8.92464295021488,1.09111504037929
4.51748826714568,-8.0221247082036,5.27875733872193
6.64424935487795,-9.91844082683247,1.16239054369651
4.90736950925833,-8.91845619805844,-1.6989490703634
2.22059483544864,-8.08292023682209,-2.70164583443368
2.47423428941403,-8.70001710612793,-8.56692183122379
2.83231590614825,-7.60577500907902,6.86585798856178
2.74750115855356,-8.28302710164823,-2.6876545960248
3.47132734648829,-8.12183062973636,5.68612736197872
2.54991315388855,-8.02046612675351,-1.7480313537257
5.03061813913317,-8.8511655005623,-1.12076947788139
4.39495437723379,-7.93465815639982,2.26397938937918
2.98980756766802,-8.12998523709291,-2.60081851896009
7.20702168438558,-8.94589810869592,2.62443788647324
2.15428393909009,-7.52336392537958,-0.0108479731865632
6.77470743374197,-8.91244063171394,3.78156045794501
8.27876501636646,-9.76250572426395,2.47644081969411
6.49174295828974,-8.77718611959553,2.08678666840317
3.78138374231957,-9.48656137028041,-0.467726608436285
5.38577267914226,-9.50533093690771,-3.72787812621305
4.81514381609257,-8.34470186352983,1.01311026169044
3.76613641652116,-8.68392432700346,-2.73136530859538
4.58345582437554,-8.47126586687638,-0.0741193570800199
3.82210850609421,-7.55748443275842,5.06890078414638
8.55051165593616,-9.86401310863293,-1.84445411952798
2.4228381200176,-7.05416691323718,2.87434107061894
2.04035832955764,-8.40416107399821,-4.66997521655516
5.29064225526257,-7.9087156129059,4.13246131261255
3.6708676483198,-7.31645952526959,3.97407915220801
9.50844361583947,-10.425493871862,-0.365746156027695
2.43317898027468,-7.14058384333159,2.45897265582785
3.86502317820288,-6.78355307799315,7.03593836030868
7.77764536321494,-10.0628341388544,-1.8964033104245
8.47749465865008,-10.0777301972633,-0.613651183128582
7.93104895365367,-9.33107847417679,2.08833783027703
5.02919536659156,-8.26554393478212,1.82725642818427
6.8018132910217,-9.40829052638089,-2.91301101719834
4.18057422544919,-9.23657044388779,-4.71192782589206
4.27443331262958,-6.62275405055439,5.95360985013478
2.18998972293416,-8.87273389307891,-6.74067837341127
3.19782130026663,-7.88104188288744,0.211525036252322
2.44917667333922,-8.211869417496,1.7638933449725
4.26357895338019,-6.64221096804586,8.52137853602322
10.4913589595946,-10.4931609464192,1.20029655376954
4.82840294980878,-7.8673752899909,0.98042523580139
6.38690495476153,-7.94309304086695,6.08615174434134
2.56781319842626,-7.25304930999178,2.15349998284057
6.99489901804442,-9.24647293216401,0.698375091437841
6.66364084842662,-9.84007685265746,-2.93532105334867
5.12845095193554,-9.78259291288951,-4.10043031381901
4.43572402218897,-7.15518971155708,6.27060591743519
6.83379351210329,-8.76094034602005,2.83227241351157
3.11657119990708,-7.00649748875655,6.47678670637366
2.34304468257344,-8.09185361381843,-2.50908818104961
5.06820338309188,-8.01231526472431,2.16781289132096
4.23399042609745,-8.16356293810498,2.40204546865042
5.70443736478249,-9.22160370499153,-1.3895532253045
8.96475371962448,-9.67217990259258,2.37515875609473
2.18679958422447,-7.35481171559995,0.901525410978914
3.96306685653481,-6.58885284975303,8.20719833212115
6.01731042027359,-9.45678768927037,-2.25800708919462
3.68841208016666,-6.48969074000041,8.17397882312453
3.10638275847787,-6.68142097948949,6.07868136929944
7.08711488015332,-8.94099598949894,2.41650170434469
3.94623990317087,-8.54056334594803,-0.396893268521343
0.669306745062739,-7.83643724624415,-3.06447774601192
5.91988844515968,-9.55956634189353,-2.96489328339844
1.07971732698639,-8.52312901470318,-7.13320507192899
2.82663573265233,-8.14496073314409,-1.83844350345256
4.28081924524558,-8.88443590934608,-2.74312868502125
1.2660983490162,-8.75240931007067,-7.9268792810435
1.23633568947119,-8.31543455804669,-6.8191743136448
4.11739988462437,-8.31148588544879,-0.173248108121477
4.56317830565678,-9.51671273030468,-1.70831152600381
3.69844204846877,-8.13726869950635,-0.108254587966654
5.68049436054059,-9.29948662010371,1.03274015910421
5.46825330703536,-9.34072640016584,-2.7384566594434
4.31075958809399,-8.03035811067769,1.6184234745722
4.696879652712,-6.25761947346562,5.709981373124
2.20109008564431,-7.56355257247713,3.13747400757821
4.78888259544949,-8.69620309645128,-0.80895853076404
5.43215358068798,-8.05261319853573,3.98714079397298
9.48897871862322,-10.426317834778,-0.407662606538509
1.8789735796101,-8.38556275350761,-4.88937323931849
5.28433497563993,-8.73859979062439,-0.0613342581988855
3.73006017005195,-6.47795594372597,8.31391058299316
6.64109019109647,-9.26250429336355,-0.0688430461713902
5.2956416324214,-7.85212543921826,4.42730317914056
2.35971120742286,-7.00576026186425,2.99577351846745
4.03762450376356,-9.11156322353873,-3.15122568874069
6.19272145492347,-9.28333442819856,-1.04370084399661
2.39504943253939,-8.17754424788092,1.04906682830252
5.21792837684711,-10.4071583732345,-4.41178942513203
4.93335841709188,-8.46537854687977,0.634407080154529
5.81909607177365,-9.14104179280585,-1.05161482668126
10.7896978968151,-10.6430431699784,1.02390204599824
2.29357474596432,-8.6986197986553,-5.85995021344771
1.30653451781221,-8.35107420083,-5.82620980925782
3.41851779769362,-7.32075884513167,5.15283667640745
4.27943244661033,-9.10004446915471,-3.83221161475542
4.94315198627899,-8.784999716867,-0.957075298934423
7.45762504034668,-9.38802970624228,0.882865057778696
2.26801876796379,-7.29190071729415,1.37609367199391
4.04858597010164,-9.10417450736094,-4.30089743489836
3.85538016272018,-6.93352020932275,6.26158630748108
1.88484314128589,-7.91636081931029,0.652713141061397
3.05706374249895,-6.46907999380002,7.05292324550969
3.48592794749227,-8.8813732518101,-4.26990135848993
7.37111929256469,-9.47150964637688,0.294398843916733
6.09227977930552,-9.34129719617756,-1.53063075692874
5.9259069353979,-7.92180679571857,5.29900417887026
0.788080281598279,-8.5985438869076,-8.07901813237434
3.92799563452754,-7.85122320259473,1.77841743531933
3.19713458998403,-7.16345474393905,2.87780752175788
1.62243079418556,-7.27992384975108,3.2803584821218
5.55271300943665,-9.12823442225624,-1.50390383183278
9.75959060761929,-11.7298163671999,1.53916668916017
4.95743814563016,-8.46907823020263,0.662483562206405
3.71050829661884,-8.75097594522129,-3.04393805824905
7.2305655787174,-9.16846158649846,1.5486801995687
2.78089191904198,-9.09598297889908,-6.71913314495854
4.81847383022856,-7.05418201666691,6.5087651502573
4.97290219780624,-8.14484297259211,2.32621851580596
4.06031501953878,-8.81218247099692,0.478438748167143
6.38755338394141,-9.71594368303863,-2.84549787034309
1.17097077518273,-8.70650190715508,-5.72413323512758
1.24947007741264,-8.2778573196903,-0.475778381105168
7.07729919386814,-10.9647869833898,1.31784834241874
3.52192431212177,-7.09621426496258,4.79486284795115
6.81128944586159,-9.4826420467567,-0.847845474959914
1.94811800770325,-8.84527111075121,-7.07156720885957
4.23909039839164,-6.94102565807636,6.9682219972774
2.62046255862413,-7.48121370293378,1.10598965316529
3.61108157900573,-6.80645310429806,6.42786783106885
7.20497748556558,-9.1288564716189,1.69859488311378
2.71041053384006,-8.10869533512147,-0.466705538336986
4.44406912399187,-6.76741546207225,9.17992920832844
3.17554979373847,-7.60942726649495,4.18853961389302
7.9822039637719,-10.2573435162389,1.5705694969912
6.03352107339353,-8.77240547596818,1.22185801243118
3.63387570443711,-6.81582239640462,9.07353534672083
5.13334541599973,-7.61337643464494,5.31541563521677
3.61249944445749,-9.21595863920708,-5.71021818060636
3.78181618039709,-7.09323650214646,5.31409494719799
9.84993435465127,-10.1190246000663,1.84100999525956
9.01811976935507,-9.66911590406808,2.49413529057362
5.39628798697817,-9.532231907921,-3.84302350926896
2.84732278103845,-6.5617540931739,6.17903597479055
9.71475168615968,-10.0881464983491,1.73432226225757
3.39775760588384,-7.00899867879455,4.99341679869162
3.37199665838996,-9.18948733261107,-3.00513533571711
7.7701975413527,-9.2392200127959,2.23911229686588
8.06561318746726,-9.59475686618584,1.02080896118693
5.35678862889478,-7.86896623755138,3.37001121526559
5.60562887759238,-9.56446362286596,-3.59927854038232
3.48107984347001,-7.70306205578988,1.65787923478013
8.39080140856933,-9.33072217365047,2.98211966565594
4.32857532776866,-7.36417414598741,5.00970669868303
3.33262407481324,-8.84006756680559,-4.35920513009468
2.68669017659297,-7.28962426449428,2.19984743129805
4.21002488801602,-8.06600053528927,0.45414912590163
9.65907866442695,-11.5891722357183,2.29817808697843
8.3749665191879,-9.38638765003055,2.72285519601521
2.95644435577236,-6.32380438377321,7.58971093623373
4.72309322450613,-7.21349942743273,6.53433725634815
4.84749774801447,-7.43654879100655,5.65181559357039
6.22541345156579,-8.18579697539042,4.54991628056455
8.85655455189977,-10.1785369665831,-0.386157572096296
4.93447783607121,-9.27033232744513,0.46807257770801
9.38039800439019,-10.3663242519062,-0.316033768659759
4.98781952054519,-8.85151951973944,-1.20558881925455
6.85169929432251,-8.94265986967777,1.95137744175326
8.0701029641289,-9.47005564998338,0.132262146536058
7.75903189332951,-9.27856752258882,2.01918801880643
7.48650312436035,-9.60011653153136,-1.33025863871831
6.4018077302449,-8.28224461170566,4.40617363955652
1.84735793593701,-8.35824896100041,-4.81308547813107
8.78852740970556,-10.2461332455929,-1.65760683299961
1.98799399405858,-7.41433839312443,-3.02797193579142
3.21410684313261,-7.61914121265015,1.56276692887536
2.59338355556162,-7.72826765733619,-0.191384594806832
1.92081316232591,-8.71781007396311,-6.48230140373107
1.21327795805098,-8.16675790027622,-5.07842184367652
6.80081139756439,-9.19786483298587,1.05657586490677
2.38652797782224,-7.46746282925626,0.721409468087545
0.959817834280142,-8.62277518702958,-7.86791720657855
2.02040069228797,-7.29973125748361,0.856222700092448
1.42799011669683,-8.06675177042898,-4.15794563982949
6.25529183873554,-9.07056620266585,0.149775462378884
6.74208546124907,-9.86837701663311,-1.39912807670803
2.30052360113833,-9.68719068563052,-6.86646461584913
7.68676825466613,-9.57954364922362,0.362449993459373
2.7435872857638,-7.28619463345484,2.32751705578643
2.39198841758244,-7.20844274559365,-1.16114281141354
3.94003241666993,-7.76327153820261,-0.62136804895711
4.85327261315005,-8.59908242144426,-0.194668127197476
4.93016953148013,-8.24982058760789,1.71435755568572
6.4683713782929,-8.46183728810335,4.6699905906479
1.24002478864945,-8.26244249639154,-5.50865751798129
6.91139025009648,-8.54798130749278,4.61078586960903
4.30220936681849,-6.68404079638013,8.38555812772199
6.29577967412869,-8.45912108049956,3.30923184568268
1.76831945521885,-8.62833609636827,-0.0841145547418435
5.25979229570563,-7.29429500238912,7.16850468184073
3.63603407193494,-9.16008260893746,0.803591293436717
3.34032359421126,-8.3313186820763,-1.14333804014549
1.7055084597659,-8.49510263156583,-5.77786213716961
2.51424288792227,-7.73626192250308,0.273050190305259
6.40961521931852,-8.15004680032356,1.02047745159442
5.50337215413643,-7.3616915953446,6.73759518194523
5.85763458038521,-8.2584137145206,3.47047604394901
4.58321909492255,-9.07203148411897,-3.10167165565335
1.81037831868754,-8.97389898712621,-3.17660242620352
2.80534957766363,-7.2602597868444,3.64577151206562
3.75841425417128,-8.81318297617773,-3.39764627116582
4.57239538906576,-7.23016082132931,6.1580093793712
3.90589002003849,-7.12210244022936,5.40936867896317
6.0780513171418,-9.73924266730726,-3.56337401572384
9.86555580729599,-10.0861827836449,2.03679877862118
2.77601973743801,-8.4412952396284,-3.42979410689315
6.19666764307619,-8.25422737396263,4.14934324589569
3.5084872615463,-7.69185178056783,1.76753910551108
3.81438899501339,-8.13726832780545,0.11670120082449
4.40913174318317,-8.92866719016762,-1.5998084846366
5.35310837607427,-9.1406667165725,-4.01318849376308
4.99876231126778,-8.34894246576017,1.7975983009453
4.44798087835378,-6.73005426507866,6.6870163060986
3.90961779784096,-10.0881240694906,-6.30808546011993
7.99755067795536,-9.67154477278439,0.501844627913705
6.98313368859622,-9.96287253631957,1.6152123724819
3.20872636095748,-6.67672242855164,6.3009175302389
6.57951643225785,-9.12723659226784,3.18113069175615
3.42737255391268,-6.46529378079607,7.79045380943059
5.94318611894289,-7.99901697860591,4.94348739047235
3.68439979117117,-7.10299397359177,5.86444142672838
2.41103531893347,-8.49295768333806,-4.39822975770333
7.43518218147447,-9.81381613950203,-1.30609828827272
6.96263742849553,-9.03831531818678,1.68463199072279
9.83073898152514,-10.2673903665638,1.05619381900848
6.00015617811923,-9.25143091877763,3.53470770423522
5.04048494556519,-7.13056350747246,7.56801462287227
5.90725133337663,-9.49323663801161,-2.65519394813409
7.86346758438275,-10.0310669685991,0.659297060483841
3.20012634409425,-7.32869465953073,2.99912317126411
1.95796719640878,-8.3608516455536,-4.61160166135446
6.56235345764196,-8.88630185416136,1.67397706281436
2.29038493854768,-8.61764732051735,-5.26058586738248
2.12023669140702,-8.38617825961459,-4.4243891287891
2.37305095474731,-7.61867964893537,-0.0666779528019613
4.07076077083654,-7.09171849539558,5.88233823687918
5.29196231551229,-8.61533565506578,0.574558026638396
5.64801662478748,-9.69626582417471,-1.86542523656274
4.81469905881961,-8.93621034822499,-1.96820149164472
5.07566386813463,-7.88587367582502,3.83046626896985
4.02070264548459,-9.10760522838312,-2.24922154550896
9.18090876344183,-9.80278716213289,1.58920911995321
4.45791425915111,-8.34244248976267,0.331417402979564
1.79465104138665,-8.11450970595295,-3.68720931928172
3.8908798394808,-8.44980884484857,-1.30970131117942
3.4098217067515,-7.76335180311464,-1.88545313839381
4.55522260568857,-8.29492570447095,0.759633763539756
5.92721875585744,-8.2123598632908,3.83753216301371
2.79655193244067,-7.63211827646926,0.687261896580579
7.58153529985528,-8.92685011586136,3.44702629949455
7.29251853743681,-9.25772999540044,1.21907893283922
2.28956347089086,-5.79343882192814,4.95910825642537
1.99272444932136,-8.46087966467712,-5.04818126905351
5.51923695057534,-7.49112980500273,6.68006846214924
8.17585665302524,-9.92502612312698,-0.429438816865088
4.67354556545417,-9.63902181299041,-0.732416147999468
10.1030250132707,-10.5562137288421,0.129166638179434
4.41223486344921,-8.12459119965228,3.26604780472999
4.10830231639817,-6.76066387660626,7.6232676228487
5.84212609405329,-7.78018037695834,5.8500738202565
8.39180798206319,-10.3804083902336,1.47284274332935
2.23309985945184,-8.15046212997703,-3.01770932812292
2.47343380166882,-6.82267036610892,4.13895158643527
4.62860908685313,-8.8635431450874,-0.716129820707956
6.9124635851887,-8.2780607823871,5.41800133072464
2.71317603550221,-7.49845237522182,2.11518440471657
3.53314562568184,-8.00854633603723,0.219642994588504
7.14248672269514,-9.67439156930315,-1.1714478568958
5.14263650840967,-7.24321460771003,7.19858552432735
3.72094090920865,-8.58929297715151,-0.250708985525593
3.84812232478314,-9.25859010616657,-5.46788382982343
6.73646126869708,-8.48405942675905,4.03856066154923
2.79878659260843,-8.45658490870824,-3.46266354612596
3.66596884324865,-9.00477378315548,2.33895011932849
2.71158726205868,-8.64563194115058,-4.58439900668085
3.80148233147484,-7.23196240811402,4.65324838261992
2.80452739842417,-9.49465747039937,-1.6953934547441
3.27823861413181,-8.8383387422105,-4.45600975001098
8.17476229297904,-9.9315850032116,-0.464610430343717
4.88826610151001,-10.3155961910295,1.13462742924155
6.55818478022324,-8.79336373071886,2.13417891166152
2.97474186258765,-8.2667447685618,-2.16473242059915
2.71411724646891,-6.58054061207687,5.82593778053532
2.78365280820145,-7.39461583171127,1.8589453365555
4.99387952495756,-8.35288686486227,1.31864152105626
5.18497880796483,-8.05567139961657,4.07979436050435
1.37028777621473,-7.27172641269998,6.84982364897986
1.03115476749274,-9.75092180222576,-5.76962003055001
8.66671387190359,-10.3840593514945,-1.28873778398716
5.4303624677445,-9.20827828257844,-2.14460068899014
7.06371830250697,-9.78138702565524,-1.86339076168251
0.976817474748847,-9.20624641175054,-3.80480520755963
4.87675168653249,-7.55494075075002,5.11202790158472
6.87994693639713,-9.30127841929383,0.199201554773236
7.91687027977473,-9.42152283561934,1.60510483730025
2.78298120663477,-8.90322345417107,0.694260304837818
5.30964052262448,-8.89542004282608,-0.802412018668593
4.57485753306642,-7.90557484607358,2.7595604560961
1.77583030272646,-9.36980531701654,-3.71682684335769
3.23688044237333,-6.45432113992559,7.47615957173537
4.83040030567037,-7.20869504959232,6.76673651951625
5.24388390681433,-8.22164487315651,5.27159872404866
3.41589043059682,-8.73966929844964,-5.87111108553864
8.52141884253241,-9.7819262019372,0.962043234362617
2.55651930430559,-7.84609112305869,-0.856586692357408
4.09192734526232,-9.32160004793033,-5.31235647856971
5.98045218832063,-9.6647406292976,-3.37733518499267
3.33315311998436,-8.06646640790792,-1.45572635395834
2.38951164962182,-6.89216632113165,3.62595938529659
6.40223194097268,-10.393635065969,-0.754154433208568
3.61597871075487,-9.41326360517399,-2.70750575430681
9.79859217614585,-10.7503711793671,1.98629476780419
7.71735871197447,-9.81736213918395,2.64692381723086
4.7029835341229,-10.5475494337212,-4.62261535753111
4.18954438358401,-8.83784923108502,-2.68547769128882
9.04484764507408,-9.71594385064096,1.37152103770542
2.94410828597023,-7.253777685044,2.87989702210839
1.8130901367493,-8.30394433489758,-4.60594388349544
4.18523903406923,-8.46159877789531,-0.798007958090429
1.81119468243547,-8.18785558591675,-4.02468200543614
8.22665752163687,-9.85046828822006,0.0447987070584013
2.12033873677445,-8.4042514456663,1.03855475056038
4.28168886045372,-8.80990021626891,-2.36587661108496
4.1029890631479,-8.6063253303982,3.31085383531008
5.50225641629184,-9.03124463792925,-1.1130920552959
3.31669248499682,-8.62637975776665,4.77889923439754
3.54784484125773,-8.12896040682376,-0.358571836153995
3.63067698078138,-8.72593688872043,-3.20586605165004
8.81979449331936,-10.0962651839226,-0.0429324989507503
8.37369012658078,-10.5887072732183,3.58781884877108
8.07668455531955,-9.77618872229749,0.128103710745615
4.89606765370188,-9.41959627672264,-4.24598358326201
5.70474660398199,-8.57866465197157,1.56019461395176
1.13550590759761,-8.62637318321245,-7.54518614318264
1.81860798320213,-8.14947987252259,-3.81693444128094
3.18904257301925,-7.53325747748191,1.94688316733781
7.93564770561311,-9.91807654007113,-0.860462020619735
5.69873204686827,-9.33243996275429,-2.24954134737617
6.97088936610828,-9.47584259119969,-0.503937860324314
2.6307087061657,-8.17960300454573,-2.39312328515363
4.2547963788608,-9.34883656016913,-5.13360420661372
1.68563771298995,-8.53537935073891,2.1912801437011
5.36309342464329,-8.17952695521619,2.90848309924624
5.99560066852546,-8.88741722356502,0.568774299178922
2.55831347493587,-8.50964761214545,-2.34131239572477
3.95387118409949,-8.24528574571336,-0.15695320797269
1.20545415643417,-8.33646159106839,1.25970723709598
3.75143295792065,-5.99866148177792,8.01113113398432
3.69686418366634,-8.30661884346146,2.40040396796475
5.28985724007132,-8.46523775737858,1.32677597261088
3.75121282918166,-8.399171114023,-1.73695912608158
3.86809073173375,-7.78162353394675,2.01288684577744
1.27190773744931,-8.41030262724842,-6.19182657214367
3.3044043009187,-9.1619627597222,-6.03589709286648
6.76270182460142,-9.9156465166572,-0.812113267130092
8.17440273955933,-9.99372768474945,-0.778427927604258
5.42948676407287,-9.56199355094117,-3.92857380838526
7.41199505502709,-9.8804750746137,-1.6869607544285
5.8732005343475,-7.03372202372146,4.13882056982629
1.768437794712,-7.98650549936702,-0.537359423227688
3.3357527246982,-6.04818814595622,9.71437881467702
7.2868572624627,-10.8906634461908,-2.20245317540403
4.63478525124777,-7.27724374234541,6.04181686052287
10.1532187656208,-10.3404749974886,1.31359804529197
1.97364906218259,-6.35849047891011,7.9479771374111
2.30750634869383,-8.63467143223459,-5.31314767015061
2.75577578670632,-6.44734018256807,8.04265750136719
3.2233434927211,-6.14731274413469,8.99682694262927
7.46058715338344,-9.53605732708563,0.142741445849538
3.26723454916551,-7.21125456391368,4.69964527634281
5.83474438930245,-9.27270254625037,-1.68465720800309
3.00832374137098,-7.21721140491928,0.751276880552171
4.26206492284892,-8.96074964325993,-3.16403874802168
2.82243527458137,-8.96493111500101,-5.9781986388895
2.5266613505038,-7.7941875879791,-0.652987795670071
4.79010714142653,-8.62071958937504,-0.426242065062374
7.00176153016101,-8.9776220715768,2.06635503689427
8.63600833756248,-9.92544264224415,0.461223555950897
3.07389697942055,-7.58684870424869,4.55153501303476
1.39594522267063,-7.08024942451685,5.36979156832561
5.81974130935159,-7.99854690107044,2.41779864547928
6.59329511982524,-9.13738702544061,0.468859136972479
1.81402645937833,-7.25967044674321,3.81811983008609
2.88782346813436,-8.40126348596795,-1.8420563540602
7.76386284606127,-9.29859430674468,1.92765130159114
6.79377376062792,-8.18340919556166,5.66464919316347
5.39348710713645,-8.87182193970045,-0.520833104280355
4.26132397352802,-7.27076871686238,5.34987361769935
2.52979832387625,-7.77625135954434,2.40689289155851
4.11972724381985,-8.20928284031542,5.73789972355632
3.66912485879297,-8.81490469994156,1.16526008859268
2.82601466375844,-6.32782319532358,7.31640870266014
8.12509035530697,-9.73868380775293,0.410994960618097
3.99948932514809,-7.51436575016103,3.61445779935927
2.68630635927453,-7.38779966152127,-0.799468437778856
3.07690001431339,-6.29001618670209,7.99366185693849
2.48521425630499,-7.23082486098926,2.10522893578678
2.89232518479738,-6.6167733973445,5.98912000549382
0.617153822754232,-8.55927820455942,-4.59114880759229
5.00329187670063,-7.71981813471803,4.52676237680219
9.26672962237859,-9.65637357298908,2.62656745469976
6.42389132940398,-8.06505141780718,5.54339590434201
4.80167969864162,-7.06820857550309,7.41888714393497
3.03285187708256,-7.35248904679406,2.55469302626701
2.36676318524782,-8.32579659361326,-4.35193831188493
3.47593682759964,-7.21913011912283,4.08630120559211
4.02424345656895,-6.92984010738718,6.24586556472005
1.62066852893959,-9.21124476066793,-1.73789929692336
5.25876338430214,-8.5063615732958,1.05923775835674
6.21562055329631,-9.09163427032063,-0.0333488018599902
3.00028637567266,-6.99506478839782,-0.582119570643855
2.90739228416622,-9.10681523859528,-6.52828484697607
2.72991075442121,-7.25890166069965,1.39369302456001
3.40828952307806,-7.3565193397683,3.26278904651065
3.12540813895371,-6.15690212385586,8.75849988093072
6.11341016831876,-10.3806007725573,-4.01040018326751
9.01546293033765,-9.94273174783569,1.11030551969062
3.25956650953236,-8.39869326679212,-2.45778431310702
2.4328559075566,-7.89324284069366,-1.33409620231761
4.63748814114847,-7.33523415376233,5.75486309723996
7.03644324107317,-9.52808130875978,-0.639970378142667
8.11482755604922,-9.25803154151892,2.81295844918483
5.17182124333822,-9.01203389806197,-1.65738663768562
3.16482816349035,-5.94877342229926,9.88368384049632
6.1255582330808,-7.8963606191684,5.81457299035848
6.7859310230889,-9.06807513514341,1.19184435293341
5.37644861399523,-7.60244469920417,3.38678627105179
3.80678227496494,-6.74833171078492,7.10041334895745
3.76136910244221,-9.47435906646389,-1.85666069883324
2.11923257024695,-7.1277690662183,1.91444116791764
4.72094590871005,-8.63725364092594,-0.643735447638728
3.58736139208191,-8.70961361184374,-2.11204903704759
2.86997858362977,-8.00308574396917,-1.0394829580309
3.49198079041937,-9.4591183403493,-4.16463915881484
3.88306531051933,-6.72033989984684,7.38945656727677
3.06092940153672,-7.52095449397392,2.73071226027612
2.56476678739389,-7.84204777411312,-0.820212052077991
5.99853877125085,-8.96580462717804,0.179502039120491
2.80541008428083,-8.29299711079216,2.98095881043122
7.93072103879247,-10.6236578642316,-1.27354627708428
6.21418650433146,-8.07691204979354,5.07677561882579
5.73820777500752,-7.6386132456896,6.3617750968362
2.91941711124351,-8.65168207197541,-4.21166386322348
5.35235129072916,-8.59832142186598,0.777451459121738
3.17222394111019,-8.80636250093547,1.52944335818629
1.28370477296601,-8.19837910781966,-5.10111417769572
8.79052643933799,-9.887767329864,1.78887260833535
8.98909721362734,-10.7151589837818,0.841392741932445
4.19155916692167,-6.97737043157308,6.69287316957802
7.32343086427252,-9.99414008422074,-2.43151492457608
7.34246540193022,-9.43106715718893,0.442584734327679
10.0830446348166,-10.384831701403,0.953948786582883
6.19440704213009,-7.97935961441298,5.52994052898374
2.6062028155511,-7.54114562358057,0.776343186358626
4.71804670024733,-7.9868777976587,2.62770498470736
10.5209097547431,-10.613390626208,-0.238219234625846
5.84919195633732,-9.81941230132866,1.454262756298
3.27539342227175,-7.65415395104866,1.50525221710927
2.48198692919611,-8.03296572658567,-1.94280014678994
5.69445342859148,-7.91818216906234,4.86821425903733
6.20830449610499,-8.67999308812227,2.02660388836839
2.77592977874601,-8.85228379726473,-6.82251594825579
7.03404488109477,-9.89545380172182,2.11736347128444
6.58077932033414,-8.4192161776515,4.06324240116948
6.52652556924425,-9.81642723402327,-3.08218067349749
4.04077994163495,-8.01922944694394,1.15069803110548
4.04015986021976,-7.64169163969992,2.99772553240801
1.3075746551598,-10.1370110390985,-6.58900031062896
2.79116172866278,-6.76067642120754,5.06776037846127
3.83582297121672,-10.6147810252146,-4.20050140437774
3.02612690800944,-7.92664220348763,-0.35135451705989
7.62064286247142,-9.19818779930176,2.15570455788329
6.73500496495677,-9.59825365058076,-1.57838357838601
7.63147958847621,-10.2800607316546,1.40673116875129
2.75924788957903,-9.84620356774396,-4.20679595370882
2.15599137212363,-8.66555701413272,-5.76273269778018
6.66946682559248,-9.76084051036889,-2.52476763653142
1.82231495852045,-8.37572854645405,-4.94974732364098
4.30301700351503,-8.38444925224597,-0.180766312986245
5.51284238536911,-8.44478653882217,1.86244761537379
6.02439648091427,-9.65833853815288,-3.25981849546975
3.94155772153297,-8.96678656705303,-3.81628766914717
9.62174053663619,-10.2623598680779,0.676053782741145
5.41605711818394,-9.50307522079234,-3.65775598188757
1.44888889228522,-6.92109806282846,-0.629000739753767
0.864332908705995,-8.3300495988777,-5.12215970288868
2.4287001322619,-7.97345299400147,-1.74631595130502
7.40009060565529,-10.0586019692796,2.0752113194448
1.51920980042978,-7.30018855080931,-1.57390718645514
7.70052290977476,-9.42343789053606,1.1757100822539
5.25227852630395,-7.47115512187184,6.26277729164082
2.59947862997572,-7.00666185916181,3.45641423967154
6.90452132457734,-9.49164658994352,-0.712333510667046
9.08296079962515,-9.97884072128493,1.05931798545474
7.47369547041382,-9.40461244836464,0.830488141231274
5.75055179903343,-8.26151344265505,3.24710121686132
3.0246084873277,-8.89127135350288,-5.21480192807554
3.20378707615854,-9.00610598451183,-5.44578962124264
5.34974175289354,-7.50298975363207,6.2914641368789
4.75653347811881,-6.33394589992677,6.68508195256194
3.00376091299463,-7.48724035435471,1.81927748718335
7.55876374358042,-10.9676970979155,-1.56949540528868
