-2.76923953586991,-0.186146483683046,1.03586585803518
-2.21377959845486,-1.60120104421055,2.40285776279105
0.466206800964825,-2.78736770171365,3.15530741431902
-2.57341409029347,-1.43320548087278,0.251472274465405
-2.82408793699417,-0.106277043364695,3.26758035792938
-2.54670406761925,-1.03179997762225,1.10269613964233
-1.26220729689107,-2.42816164454911,0.578875070793734
-2.60984415862098,1.08419599405932,2.73333451887459
-2.62698106350306,-0.870870419127524,0.272825019367533
-2.63998719111545,-1.15375174946026,2.68295074926309
-1.70770949235058,-2.25177613797598,1.12606969108187
-2.1212917144555,-1.85915280040289,3.22814388964167
-1.18972161710205,-2.56346054380059,3.60851464953132
-0.340474989094374,-2.80550249823868,2.02751121837758
-2.61315005122928,-0.798844639524968,1.51776556812508
-0.239053764509506,-2.74297387680858,1.06996351793068
0.485827201021829,-2.8607306556953,2.23622008236744
-2.82014698690809,-0.378681277764694,1.71141143170429
-0.0859490088284108,-2.82477968232988,3.16600663796997
-2.82455985641081,0.0928929673055851,2.6952085318938
-1.49459245449714,-2.38449542194105,1.99189686237223
-0.18606073475013,-2.81995547638727,0.211766056882183
-0.216582144429369,-2.78099742610734,1.84259667571014
0.539983018835495,-2.85162502904851,3.44411532960795
-0.82693032579013,-2.6574223420733,1.0894300242131
0.420938171863487,-2.7420112277772,2.67508054877376
-2.86762836134438,-0.0819547435306102,0.95941925837288
-2.07670427422643,-1.91678554961999,2.67339629928999
-2.78620747628216,-0.0222554119804863,0.109129776448047
-2.64074585049144,-1.08887516387766,0.21145883682832
-2.18717001778733,-1.789708020632,3.27606281159723
-0.873842013546499,-2.65343249989296,3.38367511720672
-2.26762238688083,1.74066036023837,1.85362898569654
-2.23672749875584,1.72737302923595,2.2504676829699
-2.60489362197785,1.16103274630935,1.91034035279608
-2.77679061267189,-0.525548645892653,0.303824720450231
-2.73309104655277,-0.196576402509309,3.0771588109325
-1.42835928604284,-2.43855638355923,2.69599764932208
-1.26649434825989,-2.52641238748706,2.4353938579557
-1.55296647077575,-2.38870316294416,0.396807002586308
-2.66557604496954,0.737817841095886,2.79607660959877
-0.980631559492732,-2.61041904687084,1.04521667851696
-2.27472277674802,1.76736880215934,2.87923242117832
-2.66561644458044,-0.752921601547879,2.0648514236495
0.0427493985057366,-2.78861022946099,2.00924127404875
-2.82593376750365,0.029424946982756,1.18723259251359
-1.48464626028441,-2.40470226174589,1.27361898197075
-1.06084886403853,-2.71148521143734,1.64054712879243
-2.13423179501533,-1.80685318861159,1.55316185823921
-1.00935199170278,2.57927728881422,3.46341512528272
-0.160955133846168,-2.82570860329325,1.40337915561259
-2.70507287841965,-0.79814389178517,-0.0128032915101949
-2.76423624007909,0.641363804109612,0.939525286949962
-1.54564626042769,-2.39596832906872,2.50328328999503
-2.57402099156211,-1.16669765613029,1.99402098805967
-2.08389043898368,1.90897043563663,3.03247442890547
-2.69911050990997,0.837597720338257,2.22307302079191
0.211212608570243,-2.91205402531187,0.206163115178899
-1.99536843056655,2.01587288167933,2.52264080977562
-1.29536145008382,2.51173370393023,3.56086043387825
-2.35284904309894,-1.40541329805242,0.281769797573376
-0.668119618734971,-2.77869248713223,0.743711627393688
-1.38473163658518,-2.35709037141981,0.549788177419542
-2.32880300716157,1.55957149386529,2.01480472489331
-2.44788627674686,-1.41231025696789,1.3950743542753
-2.64193060934975,1.00347901881561,1.47641936759905
-1.46775029598897,2.41505208110438,3.28933037526601
-0.585060457709998,-2.76486378446506,2.40917255558002
-0.752617467458068,-2.8106514109731,0.212161841308042
0.512952905058811,-2.82687896754373,1.62642390651594
0.635079597788516,-2.83266942950543,0.551128584019106
-1.23499816142854,-2.59553981847316,0.66290793117399
-2.52639265304661,-1.26653371390359,1.17489024924302
-2.22431435345426,1.76140642213858,3.25433761598605
-0.708218039000761,-2.75119594006942,1.60442824116013
-2.36976924954462,-1.53979258010131,1.56965226379427
0.0122674128990901,-2.9191642644905,0.688815214744232
-0.13083634111365,-2.82519036025808,2.68684177336566
-2.85434672155764,-0.375389505459888,1.04612331418183
-2.71281061380022,0.519200431755686,2.88205166165642
-2.81195376943732,-0.464587471514763,2.34640656116053
-2.86080267183456,-0.490927037812628,1.35613992105267
-2.10381498862926,-1.88698966066091,2.69965375201639
0.715115373695082,-2.73411365676836,2.0228907774214
0.672237327883012,-2.7449707577355,2.30333303782608
-2.82889063728654,-0.0617672866649419,2.87668888638908
-1.44535794719294,-2.44183508221201,1.01930265323082
-2.64554231883781,-0.698523640998907,2.10375575053556
-0.948985508064151,2.70406418962924,3.36393892030108
-1.84984105366723,-2.13655226053323,1.97490245381951
-0.80538918599688,-2.70889566888457,0.873437059621083
-2.57028314379323,1.26855873049794,2.28828967628348
-2.62935089217127,-0.868727111150487,3.02668903362482
-1.67091376325272,2.22397311839331,3.33139065381997
-0.26993888050506,-2.78138358222976,1.88679890609155
-0.163162600866436,-2.75261822157182,2.73060286082229
0.198710148259008,-2.76265919188004,0.558413833734809
-1.950987697897,-2.04460619398378,0.5578380446136
-2.30619376548379,-1.63347415096353,2.1073961944237
-2.77241913610526,-0.548141970277496,3.4760558470082
-0.0859004050679359,-2.91388035801868,2.26965636057222
-0.668919950749682,-2.7457810519616,2.81520271860186
-0.909407722038218,-2.72587525044871,0.35671710051739
-2.58457570314217,-1.14312550516094,2.06841241378473
-1.03086740407271,-2.55293306652419,3.34138769387165
-1.02449033331506,-2.52158402007329,3.36551157405253
-0.671595578263305,-2.74512784129983,1.42821006430041
-2.62629929029832,-1.04370471092203,1.13192460108944
-0.0853781147672703,-2.85409676629769,2.27540121379982
-1.81833801092482,-2.16526357288405,1.42193065008434
-2.80855190702435,-0.31433051295127,0.835454452408809
0.468806937329928,-2.71830794659054,1.7416954700118
-0.41851886166708,-2.77186389573132,2.75615405048352
-1.21755448250977,-2.48214971585829,3.56096480528378
-2.05082811202893,-1.84346888077237,2.26337717322724
-0.171158402522791,-2.89494419036676,1.61392560338399
-2.74574080136988,-0.912712293401199,1.62475530163533
-2.70109815850222,0.831165581552918,2.58544100901135
0.191545793662996,-2.81958821368517,3.06217817396654
-2.08139291317255,1.91169323554209,3.40424895342489
-1.76714028882457,-2.16737194251295,3.03523842431103
-2.2060283912789,-1.85707371393555,0.819858453212753
-2.26119758428169,-1.69521472700686,0.526252187449745
-2.73396308289017,-0.273161654171893,0.149086154124557
-2.85878949526113,-0.254917221219061,1.81814193709284
-1.48486451230465,-2.42618788361899,1.06612178963869
-2.17536006010694,-1.75700194294684,0.0210909600243929
-2.65691556850539,-0.963102874907956,1.76034885827408
-2.31509698709021,1.62083109119617,3.03808214311371
-2.41937333199633,-1.46107846989009,2.76983246928103
-2.76647713293745,0.577383545623259,1.50069786284023
-2.84909131231109,0.660929032241564,2.62047897380077
-2.30190597657998,-1.47403071415564,2.58218126026859
-2.06948448204633,1.80261903574985,2.29015023700785
-2.54004340905363,-1.23892976634898,0.561206395653976
-1.41715441747094,-2.44529040929355,3.17674377519476
0.367640472768532,-2.8020720848338,0.737766322436202
-2.08987769594404,-1.84691682109649,3.33402546509505
-0.611712677240661,-2.70597281749987,0.127481501018059
-1.58144182945019,2.42277203956809,2.97952014412136
-2.41986736267267,1.5153098563028,2.04615869760294
-0.976704998938572,-2.71027934847233,0.888749978800776
-2.7651187918555,0.914294706371869,2.95307085749753
-2.82567620483246,0.0481816486425762,1.19224407301149
0.625980269408447,-2.75588754997979,1.16561896287798
-2.88510188837017,-0.366801942382127,2.56214391511324
-1.72218653983322,-2.24072332246522,2.44773550350904
-1.06844530246433,-2.61633180645426,2.01742163632614
-2.50283833721288,-1.30742689744143,2.70811183866278
-2.79562108650485,-0.22456113883465,0.736322235289441
-1.99816919105734,-1.95970290275988,1.06776296598149
-2.22205291496179,-1.7462097035958,1.38592027401097
-1.7127552520417,-2.29091258008451,2.26108478437592
-0.430087559088725,-2.86256935554174,2.5444923285219
-0.443843985063643,-2.79101594455229,2.04437320417597
-0.571641306886222,-2.76766936285455,1.16607715863516
-1.74630164255631,-2.13933216438613,3.51058206159722
0.0164066503667856,-2.82603933228928,3.1459197917967
-2.64574333781732,0.728949236264551,3.03295401899648
-2.03623740021415,-1.95053620454667,0.152414212859649
-1.50163910769318,-2.39412770671673,1.3510299200287
-2.71211266202593,0.804106675071259,2.39332327094399
-1.91345903471821,-2.04145008111824,1.11143764272612
-1.60363325017126,-2.32704273376478,1.79125855722665
-2.66208693098346,0.956199738949156,2.17978781388591
-2.62217032444167,1.05403523443943,1.64191112507048
-1.88295202146964,2.0767984421407,3.17122055142965
-2.37348886173046,-1.50625929749092,0.72781686930379
-1.78923489715767,2.18755707779603,3.03411086027179
-2.16703324113023,-1.9508581450899,3.57021170810543
-0.959462592799679,-2.66890559994102,1.446443666766
-1.67907175598997,-2.21763734100755,3.23577074358489
-2.84699257974229,-0.386350504493022,1.80674469981006
-2.75413330467762,-0.60134249129163,0.204827987283434
-1.68770055052846,-2.26681149140554,0.388187968597501
-2.37105045513434,-1.50393072664285,0.364690341651527
-2.5256879146576,-1.23095072539157,2.46734203010501
0.205025364647438,-2.8186401128334,1.01045570620583
0.305770644665271,-2.83640193360407,1.73726950320584
-2.45458560681109,1.40063449359858,3.3051439707521
-2.05340227410461,-1.94172773233641,1.38717135554674
0.413966529251309,-2.725513542256,0.133132667721978
-2.90285604893134,-0.0970922399890877,1.28397623373825
-2.82593516743643,0.0292901906508885,3.11061152701182
-0.333237592036316,-2.80637135694408,1.75078025653862
-1.40650473355836,2.45122661545199,3.1493248788402
-2.34284628881612,-1.73274696424804,2.136192145271
-1.97797877962135,-1.96257616744508,0.0257387810754341
-2.71009593239271,-0.581308949277168,3.06481571547188
0.243148009816256,-2.87360556820674,0.360238134705945
-2.40285047453078,1.48764144970134,3.01444424758275
-2.66331451573286,-0.936775861075882,2.28804614584693
-2.79646317563563,0.00200607347044621,3.49312034123217
-2.77661520568075,0.160970475250916,0.385791688314341
-2.73175335707224,-0.438730637133434,0.354156706236332
0.552779684132068,-2.76926880711356,1.09573784314308
-0.833792183774481,2.78227192417478,3.36590398376493
-1.2737428080606,-2.52276569358635,2.43449046532052
-2.54387401843913,-1.05792223159916,1.08266618495279
-1.72346983428721,-2.2750976421855,1.08326996103939
-2.54276493876969,-1.23333448503879,2.14694749357516
-2.36072471696765,1.55362360194492,1.70009247713264
0.322390985290409,-2.87229502752606,1.5474331983398
-2.77023688432162,-0.159468563818228,0.646730545249823
-2.62186734612023,1.16074280770663,1.8069928049291
-2.34360390956539,-1.57933156775015,2.06822420381111
-2.27316170819658,1.67913767577621,2.38160075228324
-1.51827452838367,2.4219465637065,3.19626953764533
-2.63857277399876,-1.0122752600626,0.895889175575437
-2.60245500232582,1.02592400755354,3.66575518394623
-0.400868810932022,-2.76757083946038,1.40290771930432
-0.909852086071625,-2.67561893162936,1.33287569702098
-0.521816304914083,-2.80980334831159,2.824535791
-1.58550209588537,-2.33943381820589,0.913619597063813
0.751667125763155,-2.79937837773636,3.05169160606542
-2.13002610833284,-1.85735194931999,0.29527535450881
-1.24651321597649,-2.45816462865702,0.252750925723746
-1.74588552362707,-2.2223076349173,3.5863615666648
-2.10821604665745,1.91214044588721,2.9547702117813
-2.44656851361127,-1.62398084718424,0.661306078035077
-0.181027935676233,-2.76074940040154,0.210705042471616
0.00631038231569267,-2.91325248810903,0.332792852605695
-2.6995606971172,-0.836145638272673,3.24193273853416
-2.57246719754051,1.17011965345446,3.23830486368825
0.491324640531793,-2.76836708908074,0.121839509389679
-2.82607436060792,0.00843766181292683,1.34586809677819
0.72505145984821,-2.74544799631189,2.39547179653032
-1.55637861035369,-2.36516786024363,0.708618423826665
-1.37258433985837,-2.45062309316844,0.658764396068732
-2.68528890736315,0.880903496312023,2.4062626536426
-0.248071905793642,-2.76940268344222,1.0037167069072
-2.69042865631348,-0.954435511509372,3.65058500485683
-2.74194383132606,-0.318956188192606,3.28636943874043
-1.59472072535963,2.33315950889149,3.13605626544971
-2.00776240705009,-2.10040499571009,2.09655972355938
-2.51235723216581,-1.04903731937544,1.70810334614912
-2.2669492309881,1.68751553176401,2.41270830146927
-2.80895477204025,0.310709791372295,0.908259225665089
-2.81982022354217,0.188099422447027,2.84197227531024
-2.68287680674931,-1.02215512036932,2.42193151143191
-1.82096675089609,-2.1612143757511,0.712563108166533
-0.719028528954395,-2.72532070595995,2.22011550142098
-1.94279473395211,-2.05536254849492,0.836648543773836
-2.70462824999712,-0.819605707117638,2.43950973637293
-2.87815026341255,-0.398163590650455,1.23745634289326
-2.54139953672983,-1.29025684718542,2.30819558320294
-1.03169352292899,-2.52429840767003,0.852281129684474
-0.298286552036551,-2.81030116156551,2.61028504815907
-1.57037380508945,-2.34961562773812,2.27565830159391
-0.879373405141785,-2.69709247644701,1.61692916010143
-2.67525130987645,0.915160948193398,1.26482096906646
-0.966144361947599,-2.65581109224643,1.54321742731196
-1.06133569668797,-2.65273335323792,2.97617237580621
-2.58119261511634,0.999597139905544,2.53830264944434
-2.62889163094939,-0.929122811834277,2.02690514513917
0.589116841907748,-2.73028869573718,1.21663408374507
-1.29766580782796,2.50091998190915,3.29735769860439
-0.903335800543045,-2.67782596844522,2.00307062101665
-2.14474012757,-1.82317739478045,2.7110578636972
-2.39475982366365,-1.721272126565,0.497158618343671
-0.592184283247433,-2.76334674995684,1.2013313884482
-2.68791412036625,0.872860336685118,2.8942301572933
-1.80862856847212,-2.17155018066099,0.714392272937281
-2.75982721747259,0.0646109897040044,2.2354098446848
-2.66444964215359,-0.942059228631559,2.30691090346267
-0.229467393467203,-2.85448132347702,1.21806275878517
-1.47317580943115,-2.44981037915182,2.12955715807646
-2.22687517003968,1.74005587924154,2.10939170531086
-2.38796013839849,1.51142775654088,2.79044257540216
-2.47087438183051,-1.11133242607169,0.27202411147231
-2.69991488115955,0.835001269649056,2.56685019537781
-2.65711669702593,0.962547839958259,1.04777036450401
-1.17975303286135,-2.50496147715027,1.71541938834339
-1.39393664779984,-2.48970459013647,2.82403611128505
-2.57624325194069,-1.18060974912907,1.00456361111736
-2.75571028778291,0.626760157978887,2.36624160619559
-1.04088579170189,-2.6274177921403,0.319673288008366
-0.866820847666741,2.69373849178019,3.52638800861984
-1.6827507898272,-2.27048833187009,1.71247193270831
-2.37060289073356,-1.44440116608368,0.393458848846455
-2.02604399548938,2.12252269902868,2.88961098359216
-0.605556608093127,-2.75809277634295,0.0320688946404599
0.176022314875893,-2.90943194766471,1.49351853155657
-2.53938733321869,1.24027394462303,2.81198926113606
-1.41343787887442,-2.35498239241367,0.0399903159283292
-2.73614771563396,0.680119113547864,2.30132550756344
-1.20638822777593,2.55059446058545,3.33695551478564
-2.82059078311702,-0.511152898209329,2.9659002072767
-2.09295829907592,-1.89995814064167,0.572080252453495
-2.7661153629292,0.721312935014853,3.45340856564486
-2.82565958644972,0.0491465901877062,3.22742134462042
-2.46963406579492,1.5973442404429,1.78295643122253
-2.7497546185438,-0.933554670539761,1.16849063944312
-1.25611494957386,-2.4883659728576,1.64736383213022
-2.66066618742139,-0.701135930937328,0.834760367967005
-2.41413971302743,1.46925046598806,3.5633715987026
-2.71199195999896,-0.794900682301443,0.257137871833431
-2.26510164139057,-1.68999468637983,0.887081628566029
-0.415142322283368,-2.72980076576681,0.551207685392133
-2.47257175176092,-1.36863304731993,2.30571090620854
-0.697240306339451,-2.73872660940043,0.247764168885497
-1.30499755749508,-2.61087939773651,3.26299369861803
-2.82319739580878,0.127765214831128,3.10297259266092
-2.22826038260868,-1.77223846589262,-0.0463940854189305
-2.37133469178495,-1.49454249597215,1.15874079686426
-1.80270079104965,2.26065625893029,2.6900554440729
0.60359100534237,-2.76087764743244,0.0588285952686743
-2.72927468614447,-0.733367011388795,2.3263436582409
-2.88161940071652,-0.32041486602223,0.85969435797126
0.36193853619624,-2.79489227428258,3.11182295928822
-1.84890514559002,2.16648257406422,3.36467866087894
-1.49916439024532,-2.34151759415274,1.31440883011497
-0.947787605976275,-2.66241734891058,2.88398823305197
-2.67679029637656,-0.478505378850018,1.03182651237445
-2.81068113995915,0.294684603093248,3.05565143025316
-2.1422546391276,-1.84323426263689,2.17558891202955
-2.41532727198139,1.2019336688403,1.37896928331709
-2.88368737245898,-0.381926957958143,1.9591228096675
-2.75349413558061,-0.636425589637536,0.348110212892218
-1.84278571066992,-2.27272292196218,1.18704956424198
-2.06775268799261,-1.9264387628787,2.96197105592968
-2.65785031981255,-0.960520256576944,3.09207494848026
-2.31609960084274,1.72705024877338,3.43395790548482
-0.666317426230745,-2.77437048524186,3.23239193052976
-1.388346556325,-2.50743385819894,1.84929001509825
-2.03647633561004,-1.95947228108045,0.266320174178009
0.0847441185945035,-2.82001467743343,2.60472223603033
-2.80370254662303,-0.608724078068579,1.16060103384947
-0.0973792055884898,-2.82440874806414,2.5257564065515
-0.238210873230613,-2.72013386154336,2.29581403573113
-2.75266600097124,-0.639997947589916,3.41824488655433
-2.70310906939031,-0.343629561076935,1.25739261758606
-2.19951675729202,1.85337359735129,2.33773506478854
-1.37726197925539,2.36552611367512,3.4914255937196
-2.7808032135977,-0.759525968034907,2.21220136555557
-1.66819226971494,-2.18121158807232,2.65849411051459
0.0186638519127619,-2.79610389943669,2.25807128870788
-2.84539832034253,0.350705718358183,3.52534597053852
-2.72124619842225,-0.762618261907458,3.42837072439948
-2.85594023992313,0.504233149676413,2.96045332058069
-0.344928791291093,-2.80495839804457,1.40327144817141
-1.23179804523772,-2.4518354037648,3.53484859041938
0.116534663077233,-2.82368326094195,0.833318853951235
-2.88305170142874,0.147557122306246,0.293510877823835
-1.93767556880997,-2.05722650086452,3.30988537433899
-0.802313778153959,-2.66721916084929,2.39719071484093
-2.42669343692038,-1.44842205486862,2.96121953129077
-1.93085242638065,1.97081716195219,3.15341021138835
0.124352115842997,-2.87416496236636,0.28768324968639
-2.41876082239954,-1.53315097057634,3.36326830980062
-0.822942725314117,-2.70361475744509,1.26408426169767
-2.33289935514671,1.43899893676436,1.76677492909998
-2.36977455213241,1.69522696123946,3.40798709992823
-2.28929880245143,-1.65706924385095,3.14155210875168
-2.44902224688396,-1.34523714909416,0.548483131438058
-2.55766118086735,1.29804354648526,2.0501041240839
-2.83310155668233,-0.57054176079127,2.80393814000029
-1.0173498236853,-2.68659426528878,1.12107393221507
-1.31349607760325,-2.50229805178024,2.25103603679547
-2.817022320134,0.783660112863896,1.85660251506907
-1.89094655673428,2.10025917576786,3.18678336928022
-0.743527952616715,-2.80692643727086,1.11602586614144
0.136585773180543,-2.86827462160909,1.36116730107181
-2.78573887355609,-0.475842846096018,0.866108685551441
-1.69241959216052,-2.26914357076797,0.072427951278016
0.0372715709403809,-2.82584116960277,2.92773879450539
-2.63843065724496,-0.690237752478796,1.61104727241205
-2.65451126893505,-0.707340794347886,0.549597482558093
-2.28151086731521,1.66777565881773,3.45063160368386
-2.11653483352224,1.90538263133207,3.09635932515687
-2.37896676436372,1.33592813425801,1.67453751713898
-2.53920795962952,-1.24064113408205,2.57886577475421
0.00867888614782385,-2.82607363010194,3.0187070668716
-0.171009596454557,-2.8209082232045,3.04014406703636
-1.854456246926,-2.29536312883869,1.5523317834675
-1.68066100449212,-2.23062871380978,2.22054543838785
-2.36673311144562,-1.54445520006547,2.29962833061165
-1.0019040061902,-2.66505737086618,0.34502550125012
-1.7930245021911,-2.20708828747641,3.02782109040696
-2.79475440698877,0.631673513381896,2.17030948591485
0.289032751885969,-2.83963927523313,2.99335640058886
-0.578331585163158,-2.69038152248394,1.28656486508573
-2.4540718961165,1.40153437864131,3.57496134971096
-2.61724386414007,-1.06620919215859,2.76036639810374
0.788787596397927,-2.69644813988104,1.9647005250602
-1.79397403860549,-2.18367228187561,2.60260664640244
0.168198575751235,-2.73114460003109,3.26518732455721
0.729733653058404,-2.83288756192924,2.54077055194601
-2.62971083593484,0.969179366268826,2.92196598662168
-2.72097774358693,-0.858036341116099,0.0714855349925996
-2.36065359551019,-1.37704614712983,1.65730517603331
-2.53687840416191,-0.930483843718072,0.186370503286442
-0.21738434143717,-2.87923377020378,1.25149839691695
-2.65952377711848,0.955876961101035,1.72975325634372
-2.73845200031419,0.0256038235665419,2.64372356762635
-2.1223781736364,-1.8317430072755,3.0538272607582
-0.343451523085676,-2.80513966445745,0.707582651212626
-1.96141134356475,2.03460881428294,3.41087116767844
-0.672132740691167,-2.77393492943656,3.5204408274867
-2.44445539671643,-1.41824021212425,1.51980636222727
-1.60175935583164,-2.2677841020346,1.0092344542339
-1.77334185871929,-2.11191514931867,2.82491810093661
0.0894770064278605,-2.87884590353939,3.39370388395243
-2.74185065506964,-0.423517786331983,3.49738787988257
-2.82356043661349,-0.119473623086165,1.51144791274683
0.498070187459216,-2.6898912189205,3.23479146453582
-1.25146850602273,-2.48011026508585,1.70454718602731
-1.7446088917864,-2.309794619325,1.21962488938627
-2.60355163959723,-1.09922079027504,1.30366693198105
-2.57531201563722,-1.16384513915592,2.22259843586853
-2.433269498143,-1.36890639536924,3.731319114271
-2.42741736872847,1.40308335046176,2.09762803345727
0.126985651181345,-2.9200078718657,3.42015344612265
-1.71305062819917,-2.24771551381591,0.863476846214483
-2.51067047392446,-1.29742100229118,0.102063621812851
-2.75326291612114,0.784223941624846,2.2799844252636
-2.23358014792791,-1.69284642003007,3.36280064222258
0.69350807065305,-2.73568650112658,0.81438660094204
-2.83267588894648,-0.326877684476334,1.48509267902102
0.157597277428265,-2.82168931386315,0.000334758126718467
-1.8717333768751,2.09096347278348,2.88377181377151
-2.13428022901853,-1.83197919659114,1.79548405508543
-2.18395382063305,-1.79363128740681,2.85572575674728
-2.59784744975673,-1.25473520170737,3.442870443497
-2.49541873817264,1.32651905640258,2.95883318363544
-1.7540146337815,-2.24361875835638,0.760122589412235
-2.30915093083498,-1.59460907612808,2.03032705957427
-2.07591627476472,1.92133678356573,2.97444508025046
0.538602906114749,-2.86459995446566,3.56553970272469
-2.08690151179391,1.90567824301339,2.60998931684999
-2.53798544493366,-1.32890912367571,1.90918544096724
-1.86293837502944,-2.12514190035983,0.128418255343715
-2.62503847462462,-0.817695291866033,1.22563955905649
-2.7769731779103,0.524583124956465,0.987846039468298
-2.74484512540486,0.1481329800607,3.2105434133283
-0.159838523671804,-2.83740885608556,2.30412138042555
0.432491894796468,-2.79279756637635,1.56714103208803
-2.51076963699018,-1.48077107308981,1.99312644858103
-2.50258540999741,1.16016870016547,2.55984636792449
-2.57978583826976,1.15389449885382,3.55747826015235
-2.82477386073641,-0.0861401272499409,3.06738676852309
-2.66579201354785,1.08014256158267,1.60256807162696
-2.56920126425195,1.21022173445874,3.24209824279923
-1.23359950370242,-2.53832702517026,1.03648400321651
-0.84944342701682,-2.67661859911976,2.3606483709142
-0.0886036039891638,-2.90784466464102,0.265793278637477
-2.23241033227027,-1.60366682943752,0.55720475747011
-2.43224722893336,-1.32392208638745,1.26906099483599
-2.76124541857461,0.214065555260151,2.27998929575363
0.496664404291129,-2.78210207493047,0.74654769276762
-2.18578345987205,-1.79140117013808,2.56333284922871
-1.28642789694227,-2.47900250070456,1.33951127236399
-2.84154663103574,0.459394079733925,0.878226816183515
-2.48332421911445,-1.23295557786568,3.44616805379356
-2.18034573382141,-1.93808302322486,0.518764822396365
-1.60183497189558,-2.3306043974239,2.09111328804352
-1.02325974012469,-2.68788461558157,1.58942148113316
-0.54345588749516,-2.86931669676951,2.69679933128094
-2.02191406181836,1.82464000360331,2.6430376786349
-2.38542527634497,1.4740096221506,3.28515045946125
0.618156295022393,-2.69847375339835,1.34053453600321
-2.0644383662674,2.01632074966582,3.13442459602058
-2.28442975507113,-1.66377527928743,2.55371157075639
-2.58185376919763,-1.05750328795521,1.1581519799709
-1.51041743986617,-2.35930685513459,2.70829568450164
-2.27647110041058,1.71451957848838,3.6069489200338
-2.62175072962842,-1.05507847931572,1.41722024654831
-0.196256415615352,-2.81926424890469,2.38217150731278
-2.76763798496956,-0.571793205604921,1.40459143651771
-1.77325289106907,-2.07881953561303,1.91931419412983
-0.313647121708307,-2.80862830735332,1.10591799011014
-0.408364483308947,-2.88218801715926,1.57589302220208
-1.84342231357183,-2.24686249741066,1.40621483588263
-0.497304574541398,-2.78198771491941,2.67160618014443
-1.56681994631816,-2.3519869773538,0.192911589957674
-2.25629216945034,-1.73603680769447,1.01272302945254
-1.34030850749826,-2.48803950743353,0.833751602442482
-2.12131778127246,-1.98146489348342,0.209680243296211
0.243788227056424,-2.87349493721342,0.396658670187431
-2.78452146881756,-0.173209999996878,2.38831645047537
-2.17274321085413,-1.81840488377105,1.11588333229927
-2.19379201744578,-1.66816264195728,3.00214066252509
0.710318163575324,-2.76174417159231,1.65695268378896
-2.79433557128929,-0.209228215297381,1.08335654784348
-2.48331825336429,-1.34903592922133,1.96971944229194
-0.81791274159819,-2.67774286905171,2.31100129930686
-2.82208237114597,-0.150394734912713,2.93757637037169
0.617932512799375,-2.75770319205091,2.03652321256841
-2.08678839968612,1.88312709735743,2.49511763352993
-1.52022919598563,2.34337716767761,2.82011259497293
-2.04517713101207,-1.88582964076893,3.30106849828663
-2.62989799949962,-1.03460330467778,2.18865670923922
-0.500983464787168,-2.78132757039371,2.0987553117698
-0.515574620135591,-2.85331075981458,3.34638689356865
-2.06037162197559,2.07872110475587,3.43157190790154
-1.62178879170638,-2.38086200739139,1.28805955658126
-1.83618117838603,2.14830308987424,3.4656407205184
-2.46443076823167,1.32104557703873,2.26322908861784
-1.3846445341731,2.48756982932215,3.14039891233876
-2.05082074662636,-1.94445410103432,2.19018658175918
0.0307369443526261,-2.84278004028578,0.916026815211754
-1.87580084414972,-2.1137972180201,1.07485225080253
-2.53196150831586,1.25795928667844,1.42258110702604
-2.5420177024989,1.23487387453316,1.48116985598615
-2.46715250661687,-1.08845440941662,2.83116464055882
-0.412866626134856,-2.89470886499427,2.27487505567239
-0.79964259020868,-2.79612477764121,0.163637239244495
-2.15031937579554,-1.83381952980673,1.71180601567067
-2.42851102082079,1.434931519385,2.31348603261723
-2.21108073448654,-1.69512750617493,0.173030590011953
0.183189575351611,-2.81793801614385,1.72200654860557
-1.85227439318469,-2.19363889723984,3.51222101806432
-1.35400455735642,-2.53953985739184,2.20224819833685
-2.27048750980739,1.72115783459693,2.63851834257682
0.134412336098282,-2.82288873491799,3.46068928246295
-1.27128138469541,2.5240069585382,3.3219983079408
-0.243644311157099,-2.90384373037652,2.69845650691209
-2.4844951645187,1.239084000362,2.16899289609642
-2.65885342186312,1.00480947427523,2.22138483222261
-0.144447026422279,-2.85716246971299,1.12476336319232
-1.81731061923931,2.16428962919068,3.00162176410119
-0.390834396729207,-2.79893121747492,0.380362694717783
-2.88295795903382,0.0433146740231026,2.94404484746654
-2.73697055291765,-0.704102036841216,1.92863052569272
-0.753499560531632,2.73590478602101,3.34613820305045
-2.70765143748436,0.538616961904202,1.43034395782361
-2.69461044247081,-0.711464591351603,0.856775264559512
-1.97423552764604,-2.022167541823,2.96541739902725
-2.43272087370108,-1.43827557737778,1.97533951625328
-1.61376517904901,-2.34679594959001,3.61429443391245
-2.60412781055337,1.09785510525061,3.46709288939215
-1.02231363455804,2.63469966379833,3.2195834082273
-2.54602636581498,-1.22658763665597,1.36573444970671
-1.89766382423867,-2.09419184794473,1.00582936628609
-2.46849866097356,-1.28209857952542,0.741546459811796
-2.61380821589766,-1.07460415797083,0.0342017476950278
-2.68392549299973,-1.06412039984249,1.4394991052017
-2.04975711846116,1.94557529824474,2.23496185567472
-1.39478242406086,2.45791567702255,3.41053275376909
-2.26045034688148,-1.7415397370134,2.33180828146422
-2.73756065952312,0.80982570911424,1.26710116170036
-0.145595435042187,-2.91877634813266,0.719302701948541
-2.53492912573578,-1.24936056177499,0.107059606356406
-0.968799433829413,-2.7438509846305,2.65431565306837
-2.68395823704035,-0.47844393973217,0.0760170561698864
-2.61824042164428,-0.84728633782087,2.09633026366506
-2.44353602904391,-1.40436098773473,-1.30760835546587e-05
-0.16126870434937,-2.72720696094659,1.66309399512759
-2.73159244318647,-0.724686283952507,2.9237440528097
-2.48042891175073,1.16974640611336,3.56014194231619
0.450760068372161,-2.87121307844845,2.89715345904254
-0.917105420665001,-2.57872622400511,1.16597176330417
-0.164341229424877,-2.74673709405006,2.62405165075975
0.483651446809002,-2.78439378749161,1.61763826476942
-2.33741138412649,1.49210704065947,2.20303978271097
-2.87675226104905,0.35644057665881,1.62859942063484
-2.69367996279199,-0.854901014080144,3.16463126675006
-0.988744905414311,-2.68733613344847,3.26186342582412
-2.72852634722943,-0.0397497353102028,2.47878848278353
0.409021572980276,-2.79633131775529,1.52958912400747
0.388367377723621,-2.73082252840934,2.59604033129396
-2.66022843229685,1.02339961802166,1.6234519230896
-2.75324168742549,0.637516820519069,1.8884695477178
-2.80413734993421,-0.351541190369321,2.55322051170055
-2.2520035955429,1.84301275840254,2.40403846860231
-2.16511962557396,-1.84583046685229,3.07560388437382
-2.25186948483623,-1.56797984899191,2.30903968429756
-1.23591863848146,-2.54150990650763,1.59785629163063
-2.59934492453148,-1.19939355457001,1.55288192867235
-2.54925070186826,-1.21987226579117,1.03756320326483
-2.67300714846497,0.935790838973269,3.2589682064254
-2.55547952116867,-1.29484930470283,1.73428796690007
-1.11042384538916,-2.64150117052949,1.24588582158074
-2.850797128359,-0.329405680338558,1.84046460044197
-2.34029258080031,-1.70762583199784,1.57346324478794
-2.53609218905658,1.24699795285659,1.92889963596094
-2.37260428082209,1.58814084806858,1.75584090299582
-1.51513412687252,-2.38812208373708,0.1209937548791
-2.73050490333903,-0.38469046304269,1.93852154861818
-1.80795017061918,-2.17211502144347,0.363017396718341
-2.62480143885485,-0.939288600138561,2.14392877915445
-1.46545137533082,-2.41644775494181,2.05329647581674
-2.88044881638023,0.125446870714551,2.39639420046633
-2.64405395792718,0.878231003250449,3.21313610567402
-2.08144126164369,1.91164059387465,2.78765120549813
-2.62655718316197,-1.04305553514784,2.22470247010975
-2.81676611733952,0.229338453012845,2.14520259633562
0.589623553877275,-2.69815658331457,1.77016738301036
-2.81715968121058,0.111273711282339,3.58700337513114
0.302933172717574,-2.80980408190492,2.30770954485272
-1.97777339382759,-2.09827341001794,1.66453872580184
-2.73620279036969,-0.182557373818781,2.94839609233015
-2.43798949514642,-1.42932666223577,2.6545873236915
-1.76160937211778,-2.21412702184539,2.40759995125678
-2.73225173686927,-0.722196602177798,2.38504136532759
-2.66048941676561,0.953185999215533,2.03562485787648
-2.79246986553044,-0.819737560734346,3.53856816863
-0.959722506563428,-2.71782193269341,2.74887000047756
-2.56406843112536,1.4080183877602,3.27343974851951
-2.81730346498142,-0.222640230025897,1.776800144894
-2.63423537837384,-0.948355277512531,2.09348553464099
0.560929417541248,-2.76986022650226,1.70252766463493
-2.61899257428613,1.0619064844215,2.70934050643875
-1.5837543641751,-2.34061735441286,1.14879895340963
-0.434901915534742,-2.79242328626706,1.15852420063707
-2.74451448649251,0.438782270375146,0.899198256805169
-2.65864456080763,-0.675759331196476,1.05969532400533
-2.70599211900554,-0.330352433245304,0.367017637296368
-2.10933729428171,-1.89511072330793,2.09224285661819
-1.25408808903621,-2.64440243407343,2.10066221721748
-0.339995041410261,-2.81798736775105,1.12984310940144
-2.52161691241006,-1.14998957719872,3.44418954800007
0.177375310234619,-2.86589375594926,0.593284326581067
-2.77621857564457,-0.663221998152499,1.58247634415657
-0.614361465240023,-2.75850094722667,1.59822817382487
-1.38085866817275,-2.50298545862528,1.46761175870164
-1.52259556266584,-2.38085493854048,1.0554732757435
-1.03523281594175,-2.62965026241507,2.97053381874136
-1.45508459654175,-2.41365365501965,0.783981671218796
-2.51864230960102,1.4359166714436,3.60252586394272
-2.47316025132679,1.22362986173774,3.23133560500728
-2.77338794429909,0.07788685295563,1.44442735592829
-2.31309284542267,-1.62368992553281,1.74109952911843
-2.74146240403626,0.447932498198977,2.96355633819229
-1.49513328477958,-2.39819597751446,3.59816923251129
-2.46131703204574,1.4873693681223,2.25489096837957
-2.76237287656916,-0.596710630554975,0.980994253117183
-1.37695801384368,-2.40188587291805,1.95225973725586
-0.770817042414248,-2.65031598324055,2.79675191901155
-2.78509894182774,0.33124708381105,1.02825170910585
-1.87836736989506,-2.11151687408267,1.57955054516771
-1.9507423128791,2.0448403151751,3.22636057685316
0.209901128203855,-2.81828121418021,2.54438110158429
-2.36896046920017,-1.30845339431658,2.89031955636322
-2.82394221073731,0.110081225639904,1.61587255493282
-2.77243183879584,0.548077718077857,0.999583372038998
-2.25532612856735,-1.70301836150516,3.26371966697224
-2.67076435223411,-1.06570520264364,1.7894847935693
-1.86014595479057,2.12758654646494,3.3773666879975
-2.16502850561381,-1.84634264298418,0.87550901664618
-1.9306009115477,-2.18783197582863,0.953349500245076
-2.15540617203892,1.88770852127128,2.54809502269087
-0.589234535883822,-2.76397723354301,3.41538886549865
0.573518671335795,-2.83273508379106,2.60646449728155
-2.20801708550667,1.76392404483099,3.25870859348179
-2.84789071871228,-0.339180761624062,2.80574883549572
-2.79698799624928,0.0913559773433724,2.685392042223
-2.83180277270563,-0.747938215775043,3.50210732013379
-2.59488069179798,-1.11953636884039,2.34391106092239
-2.74981032806574,0.679162279882206,1.16210954807161
-2.92265213645099,-0.170749473476392,3.38561883764874
-2.45386297922239,-1.35224714955769,2.763542591121
-2.46231281449444,1.26288184622323,3.46971675495025
-2.55668205759605,1.20421939121937,3.28160481204399
-1.74877263053918,2.22003643494862,2.84055563534572
-1.46463164424711,-2.4286680796041,3.51615400233571
-2.75415890019706,-0.633542609685916,1.78849162597749
-2.51066842018938,-1.29742497651542,1.45935232249035
-2.81818210411218,-0.211227635228273,2.71510328613089
-2.7654170842459,-0.315722227216148,1.6655932626941
-2.9065219279754,0.00264814422033825,1.06163695734128
-2.50318462798303,1.53364588906299,2.8565131639075
0.344929215988116,-2.8470652469435,0.726276573763052
-0.729431698719217,-2.71059484278983,1.11953930252203
-2.86231340258987,0.155730049269782,1.64741939245659
-2.44682236129805,-1.41415268555915,0.215268717696992
-2.76652176381957,0.411302410019979,0.964244499667566
-0.416289347432428,-2.7982478728788,1.07544415526201
-1.82385404247734,2.14658606581773,2.62868490814045
-2.80277834281593,-0.362216850607876,0.129519040561593
-0.283269163978369,-2.8118545599944,0.221285452649976
-2.82471724955036,-0.558748732899539,2.85478522575152
0.491905486807977,-2.78294744432419,0.608936502349753
-2.78204705808918,0.496972486562008,3.11174658049375
-2.67722774042531,0.608944807235875,1.19322624897377
-2.73933860728812,-0.168127266893138,0.386234292937615
-2.65682954598153,-0.743686140446639,1.08570951751732
-2.76994328525076,-0.560519118600371,2.0434343223971
-2.76512497699375,-0.583824757463775,1.32927702316945
-2.85017996519781,0.38311479144987,1.87385449500447
-2.64788452263392,-0.911208490258065,0.216041878562574
0.366530359857843,-2.8310946666683,0.477166582957815
-2.64454209949042,0.905497506262965,2.65569086621357
-2.64129426849623,-0.740008573499975,0.110450354614591
-1.98869731792722,1.91838644196795,2.44820517933745
-2.85265870467074,0.331412644054969,2.93507044444669
-2.34494349347354,1.57734190911115,2.25154740699038
-0.674159879204348,-2.76184159414126,0.1894785341768
-2.73650026867718,0.255199355644801,2.95006113763592
0.0766989856669597,-2.85340026765356,2.8501710648567
-2.00445079262852,-1.98742483546217,1.42411790788638
-2.90926501237469,-0.267819170193009,1.66824339475428
-1.91378444144403,-1.98487552188195,1.9842019820407
-2.03170059304294,1.90487601974621,2.30900367904688
-0.184887631978441,-2.79625744010848,0.727107161368287
0.431669863798496,-2.7936689025367,0.925400128770454
-2.74735615357038,0.228807708024483,2.95917817522578
-1.74208004481621,2.25894418907076,2.81964499821151
-2.26250037721452,1.6934755767139,3.06530182096391
-2.758636321867,-0.738773295789291,1.15852869042257
-2.74837855839564,0.65816622943857,2.95331468553438
-0.340306046636833,-2.80552299588592,3.20426967420012
-1.42228043690702,-2.44210684545412,0.635608888822611
-2.5115299303111,-1.00848132842632,0.430421963286892
-2.06336620012388,-1.93113630021515,0.0828253029605342
-0.780911502448323,-2.6854403650702,0.488450584067335
-1.3021217745379,-2.46504273141773,3.20709712248763
-1.67038624097997,-2.27960024823808,1.28828812026641
-1.8136803510619,-2.16733270865234,1.35560684805139
-0.85744420778142,-2.6834282762841,3.39223390345627
-1.57662775698853,-2.33230211369534,0.202925510287611
-2.6380688941594,0.968332291568828,2.70930734528043
-0.773317617451659,-2.82460028701304,2.52866044607257
0.474284936074654,-2.79491000517251,0.261597614693762
-1.89911757627582,-1.93307464820374,0.745018961875658
-1.02529856743624,2.62983860257851,3.42252545338857
-1.33127703235756,-2.53770134023304,1.00032265809499
-2.75332199850096,-0.637169881894131,1.43213240722464
-2.44503461238401,1.393851605578,2.56255256396158
-2.52807558107928,1.24507829492565,1.52778051306702
-2.72077638676673,-1.04982893406442,3.10156522173546
-0.253220700081446,-2.82715530006263,1.60518953051693
-2.4678910326423,1.10152970909118,1.81970719149194
-2.18615274518754,1.70983564325796,2.54342703340497
-2.80468896015024,0.336381152810634,1.01108860341348
0.673859780668174,-2.74457291428378,3.30756605779715
-2.56646697236603,1.12466578681755,1.52340710743377
-2.61628145255061,-1.06856859717192,0.773785047022892
-2.09070603321297,-1.97615148294099,1.52418602241321
-2.86343581367325,0.428218159555394,2.23975366863062
-1.50889122407577,-2.33614100656365,0.606583228219827
-1.94812777705264,2.10324822116164,2.56581517367157
-0.289628010526757,-2.81120669843763,1.18298273868588
0.0420419533263389,-2.88248987301043,2.03704690957478
-2.82026188725341,-0.181357032199303,2.76042405498324
-1.74229535296006,-2.21668962495074,1.51623717452858
-1.82299064401909,-2.15859831286788,1.35839457492074
-1.76131876091553,-2.21009585952042,1.63784210564928
0.632122742937801,-2.82165053125256,2.3897775255749
-2.71477025810243,-0.950930214826696,0.957937950776027
-2.49382921605254,1.32950491799958,3.13157728884879
-2.77183896025078,0.667046328947807,0.762979421851632
-1.56863650190987,-2.35077583165607,1.0023832170976
-2.52511257894036,1.16040336023684,2.02439077556695
-1.43066856391415,-2.52703322635798,0.50693106688685
-0.00116756320041173,-2.82608671533951,3.60738002180265
-2.2000855304737,1.58129725225402,3.56425468230831
-2.63972389519006,-1.00926965821078,2.96349997779715
-0.276079185405869,-2.8125696025535,0.952733094288961
-2.13887734196323,-1.84715218697827,2.54817802243524
-0.728730993955094,-2.70733804402553,2.28895504307126
-0.851697354893452,2.61648801046324,3.28956637744511
-0.178496851981499,-2.82173627580704,3.6091220452313
-2.30454187685389,-1.58617776724309,0.861155157951765
-2.74592875516341,-0.668313367657008,3.53581872591367
-2.80556313169131,-0.382233992063586,3.16843552631449
0.181764474033962,-2.72261763938178,2.41105625723435
-1.89392027829503,-1.9750811338173,3.54465543867196
-2.82376477558696,-0.114542472369944,2.01563921265433
0.192016052267974,-2.85897739678526,1.6629538701677
-2.28943713413942,-1.66308165042939,3.03281890411703
-2.30112297947484,-1.64060980100545,3.62905046325803
-1.85911565165795,-2.16064973637713,2.85832045773715
-1.93227166142859,-2.10620709268191,3.08399180675156
0.434724374647665,-2.79245093133425,2.89879875365886
-1.44133327604245,2.56370214098208,3.06196302692014
-2.77218390712675,0.344016633683283,2.35091951074874
-2.71432784765889,0.987938864034512,1.13961568470634
-0.803939704287709,-2.79910674631475,2.97346417845968
0.330266935980757,-2.76023484054263,1.12415493277255
-0.624990569780787,-2.77646261254965,0.473551778789256
-1.68585199778364,2.27528478625779,2.6822171553207
0.631500130919238,-2.75462793684942,3.45730095581941
-1.35110557185505,-2.48219282480724,3.14613821135684
-2.47571851643085,-1.53324061704416,2.50516281643618
-2.25108671723117,-1.82466799670759,2.34761029477069
-2.74577013548575,-0.668964759084414,0.841291054598589
-1.4784924720457,2.37834173650638,3.59951869445026
-2.68112901673918,-0.893484572570496,2.90215705788992
-2.42185155956625,1.45650352188,3.01993795966362
-2.53235794763137,-1.33894591298253,2.20789016965849
-2.71756405594714,-0.775637213938598,1.64356042010265
-0.752035182232308,-2.69228910959448,3.08246344021006
0.583798241018681,-2.74477414597847,3.19223378328366
-2.05660139071032,1.93833903266449,3.23863527974606
-2.68866178826284,-1.21174900282058,3.30199318756281
-2.15107352385471,-1.89640653604621,3.23125280875645
-2.91043331603726,0.0914438553561143,2.00129347258326
-2.76411181085154,-0.113531243312712,3.35707780071058
-2.82435123871967,-0.0990331568969066,1.01172523207861
-2.70964811954381,0.802854005454903,3.56279144201877
-2.14473194402131,-1.84035115511059,2.29974084762855
-2.77798119345659,0.519218619296142,3.08825927192
-2.82559266070649,0.052854532293065,3.54699953952391
-0.102263913221103,-2.85557492605701,0.170525724783376
-0.426162954733056,-2.78657978282154,0.333700914215493
-2.88779133085187,-0.0777710407389344,0.965421776367202
-2.1656570718334,1.87613186485034,3.12297283123705
0.114250220136271,-2.8409526719148,3.42644999837869
-1.91406194104783,-2.01806342040648,3.3108460310743
-2.61963752229305,-0.893003142725827,2.18258828701776
0.392124018035167,-2.79875083569479,3.56046044729906
-1.9107663670909,-2.06614359636254,3.19272374654188
-2.81499327549084,-0.028857438746156,1.80923671310363
-1.62537153742476,-2.31191151455928,2.34610873310235
-1.46137322930491,-2.45104081881616,3.47284568255553
-2.72530395480544,0.608669147660548,2.6436832213514
-2.3228578337128,-1.67529440968358,2.41233607591136
-2.48866976660034,1.24773026867574,2.60458859074077
-2.26384675050397,-1.69167531638164,1.52520680475144
-2.84311882379462,-0.45745581556058,2.03610061158934
-1.34816553382531,-2.40095637953148,1.74907369246872
-2.88653850436253,-0.34685896965216,3.01392889936597
-0.413845306446062,-2.79562149586722,3.28006506939577
-0.594954362435916,-2.74138812633001,1.65194184985536
-2.81869216480792,-0.204308506608836,2.17310671692426
-0.230531772034378,-2.76873069752134,0.35737647481056
-2.36602553113474,-1.30248043506671,0.801750091677881
-2.68487862937716,-0.882153179065927,3.0025143829707
-0.799623283997445,-2.71060327040153,0.985309954374023
-2.56002701855707,-0.987969328635953,0.116387685352966
-2.05321090086227,-1.92918712475386,2.16804013847285
-0.204715902093258,-2.81866260578531,3.12128735148197
-2.79062351085879,0.446304723775687,2.92460051558776
-2.21328539055909,1.64944729271838,3.65543480600588
-2.88755534254014,0.150287688139987,3.29876577413953
-2.71227526536557,-0.469667137167974,0.827439549042957
-2.39378422252678,-1.50218660019459,0.215155363822738
-2.39890731726877,-1.42692990780457,3.28774891918771
0.0320853015007753,-2.91731165976073,2.636485157178
-0.528669295948771,-2.75626920586386,3.23402123987321
-2.88148259706552,-0.434732016195571,1.46641737423892
-2.65250118546559,0.975194825112369,2.89156922182015
0.120551008974421,-2.73103776070732,0.220736809040727
-2.67461097553127,-0.812762448244008,2.91424770648428
-2.78677477032761,0.00272001940641716,1.65778525043414
-2.70725160885768,1.02150280678931,1.39980290167193
-2.74900538899993,-0.913881578107474,3.032953863393
-2.59981236750472,1.15364988839518,2.80399339205904
-2.52387435121844,-1.27154462960763,0.901003113342679
0.543579960395943,-2.87254681231183,1.8579729422848
-0.188480418664817,-2.81979478288797,2.7235301234975
-2.73751587434386,0.584638390014326,3.13172842114125
-1.83343537142922,-2.15064693164976,3.14696522056062
-0.247066394028375,-2.81526653849402,0.623553647558709
-2.04546621054892,1.87292585624764,2.55670629054802
-2.74873573383254,0.388603779950708,2.78048318555981
-2.59682710057742,-1.31709858432718,3.0384002628929
-1.93055425306887,2.06391079307707,2.6435396623397
-1.01998808167431,-2.62060554401675,1.49052836740049
-1.68065455092034,2.15385544370611,2.86905914857917
-2.82608670696501,-0.00118766071363651,3.27736374866468
-1.45583837089247,-2.42225145756164,3.46646031052336
-2.76554758192125,-0.581819609459714,3.61115592369587
-0.236197365962144,-2.81619926321538,1.09705971533587
-2.59571080328556,-1.11761035765106,1.26642010686373
-0.469083808662554,-2.68453363762565,2.84362033817064
-2.8112327869228,-0.329699206149486,0.345814731281328
-2.68767070330283,-0.87360956750139,2.49559313402061
0.542187527190887,-2.77358976259665,3.3118437093828
-1.94189055298552,-1.87755817494443,0.29348343773863
-2.52629567314794,-1.2874867981389,0.331937447186482
-2.51281980136877,-1.31721161452289,1.73867901732378
0.376508634917169,-2.80089427391594,3.26887836975437
-2.64903030639769,-0.882610983827623,-0.0206710885869373
-2.72187819411387,-0.209334940376968,2.85134347732072
0.431457387987307,-2.71504415875791,0.643950543128308
-2.88670730508764,0.138771280794273,2.14250075971677
-1.57031263228987,-2.37183109982095,2.81355519194452
-2.77097365430407,0.7620982753325,1.85528709105358
-2.79344858231707,-0.428266860465626,1.79822650560485
-2.79584159988623,-0.412355713150591,3.11532269806089
-2.48086206126274,-1.28352072137173,1.46163201383759
-2.62767780235487,-0.954851145838949,3.27590985107793
-2.28807747151794,1.70189058819939,3.0606041802176
-2.21989907366286,-1.74894699421483,1.95955407804997
-0.66141673573483,-2.66485966162694,2.55804964739962
-2.14230308258335,-1.84317795890039,2.66782834213873
-0.64882903766115,-2.75059781969484,1.30767880661061
-0.66183796563393,-2.70634770668511,3.56613134331322
-0.900171331282271,-2.73692292666347,2.68982056660138
-0.224857296674694,-2.81712738120846,1.6890472449542
-2.64345798408608,1.06076108314763,2.13182235770696
-1.01157481934083,-2.53927774811114,0.310772979991186
-1.07519978453416,-2.61642102164295,2.57388170065326
-2.68606117268409,1.03969668996673,2.7687256004355
-1.07688012339045,-2.62331840375847,0.783613918304142
-2.75311035353059,-0.634683406378343,2.60493453688181
-2.88446468791117,-0.346773586341561,3.40636711911247
-2.22797707892437,1.70258029361546,1.9410811941944
-2.07242775501922,1.94053063303568,2.2271100327017
-1.41562430853334,-2.39817025522093,0.66965497816104
-2.70494616770688,-0.927323005415984,0.539112310022202
-1.99538114247223,-2.09472934581737,0.952580027077405
-0.50357695540938,-2.82852479284604,2.87622600585027
-2.64082993525215,-0.855829811873167,2.38103862534436
0.0910144608482247,-2.87001890456452,0.197464220716515
-2.36628007484645,-1.56620517988998,2.80209949958339
-2.86284399807009,-0.669829287244657,3.40840226808095
-2.4341861345667,-1.49083704318819,0.772134298413252
-2.37964659213563,1.52448338211985,2.41906115564008
-2.41255375020672,-1.55111393194374,2.05628606413209
-2.39090462545999,-1.50676559483429,3.02688374241686
-0.595940461253529,-2.7625391313904,2.89861537089674
-2.03255818004907,-1.96353628195099,2.96603848507882
-2.49261846088339,1.33177351463588,2.91697945864067
-0.38350341180572,-2.73399959104257,0.320690191854201
-2.36672539291215,-1.51719753805371,2.71757046977393
-0.0112217513142945,-2.90353319014244,0.689422089782818
-1.2916089470451,-2.46518842771691,3.21458563939549
-0.862587529613344,-2.73720683538043,1.93710986699513
-0.0794098184392368,-2.91640439212774,0.801609975864028
-2.0775240876375,-2.03330366549432,3.26069729199507
-0.216854110658661,-2.81775474101504,2.04539996583183
-2.72918322878489,-0.803872334879528,3.5501907668221
-1.37163430932064,-2.40155927680596,3.15437832270191
-2.08716499525849,-1.90538966313716,0.829125292236198
-2.41792923232899,-1.46300571197493,3.37007957725946
-1.81806494413089,-2.16365601349768,2.00064189062396
-0.00534188748112394,-2.82422457166221,0.111082123899385
-2.60440873774973,-0.950614488795756,1.87653503230779
-2.79894257125482,-0.390753078861514,0.970870939588171
0.58333541851235,-2.76522825013259,3.37336193197105
-2.63577224489365,-1.10858982136939,3.16304872346851
-2.82580049445746,0.04023743712338,0.156096230247915
-1.76558379291417,-2.2221759590467,2.55168786988231
-0.720199446789829,-2.65265136290448,1.51274040917228
-0.197079795891593,-2.89230475102841,2.01001060457453
-2.82319885754127,-0.127732911185677,2.21493727321875
-2.48740637951764,-1.34148313032898,0.278855627339341
0.436173664786777,-2.86064709036209,3.05186626819297
-2.69975664419812,0.835512745522405,3.18304557931886
0.469154057669158,-2.78687315032365,0.705379395835058
-2.77880104750388,-0.514812805021063,0.0832565436451182
-0.606579323313347,-2.72291527717878,2.85602767392334
-0.0412443802933758,-2.77429061398167,1.51251084581276
0.369385093538576,-2.72848088807904,0.0888824323837753
-2.67778690579142,-0.903451588627922,2.54970487356244
-2.73579402309361,0.70865968491765,3.1156755909756
-1.80744679431873,-2.18591817298098,2.33047998206429
-0.889261749674296,-2.64461902518072,2.79147980582527
-1.28347603119323,-2.51782778663966,2.00773549367534
-0.486874910892446,-2.78383194660988,2.84692376938572
-0.975364551498038,2.63496317182607,3.36114906649497
-2.40110964743254,-1.49044957876094,1.64665312541276
-2.11852164900721,1.87046344752045,2.44333219544721
-2.32771726903146,-1.53006813583258,3.36151837226033
-1.10455533384644,-2.49064848341248,1.66161184143239
0.444443954905632,-2.73643481291949,1.07709391869551
-2.81196230641914,-0.282197578126128,1.14242749236715
-2.79307931429101,0.450561631782842,3.18489899284331
-1.86636664372828,-1.98829193274005,1.44765499332764
0.626087194348,-2.84113137946493,0.16187934484954
-2.35554240049678,1.56146965557586,3.06445864107863
-2.2198874352029,1.74896176654912,2.01310394822559
-2.73256471957901,-0.512488283845867,1.72587947312737
-2.8246936951051,-0.0887300098940647,3.10311138896787
-2.34204964950209,1.38966241859641,2.50441909494024
-0.847472439021217,-2.66348021407038,2.21132119038803
-2.70162660798408,0.453082232915687,3.24489891709389
-1.11215982824536,-2.53862557418155,0.947397619535047
-1.30469007907358,2.42163411539975,3.46737125426724
-0.0811956714912909,-2.8401234304545,3.3954357469175
-0.917422504307358,-2.67303262875946,0.961948706043011
-2.76453352112684,0.807689906664734,2.75927328190806
-1.05304647202612,-2.62256756129859,2.2662297479521
-0.213610416138857,-2.73323232300444,1.57457994988957
0.601011243261874,-2.79836324895842,2.8620650485829
-1.30579647494649,-2.43148790573149,1.47701811340742
-2.0595220766961,-1.93523546407761,1.87429412640099
-2.20345542665515,-1.72346636886452,2.64785370528192
-0.641917874817491,-2.66658053121217,0.650729508137173
-1.06697086134225,-2.54869672018755,1.96192009301667
-2.79473000874182,0.419823372455932,1.43571575375256
-2.59047179540263,-1.26875784738457,0.733709892352462
0.437823690940519,-2.80163217657859,2.97090780351739
-2.20593322875018,-1.76652938727838,1.62981140319432
-2.04044480271529,-1.95533948277389,2.73664663791986
-2.82450311241067,0.0946026099255504,1.32984263372516
-2.15804337379537,-1.63810627047156,2.18267662362205
-2.64908251743564,-0.619488399476306,1.12783565110677
-2.86660702802665,-0.551535146893281,0.838354541157343
-0.423700299354451,-2.79414486778142,0.474663522021548
0.306909139163132,-2.74622728833248,0.990225595880416
-2.06179128614255,-2.04402696172752,0.603570488843283
-2.20449734091258,-1.8613128272708,-0.0392439527841355
-2.74900147945172,-0.630414175880501,1.96554018974658
-2.85464333193302,0.0589111640922584,2.97291039472705
-2.09735238106469,-1.8941701284374,0.67504701967278
-2.4235446869933,1.52996415458852,2.68942915928261
-2.8268210847571,-0.35806869375748,2.06774861642827
-0.0348105316355343,-2.82587255776151,3.21976257457635
0.41406043999027,-2.79558964046181,0.253984325432245
-1.42139753552897,-2.38540645641025,3.18643875438202
-1.20174130300712,-2.51940648919062,2.10573541343651
-2.82608611885412,0.00217592333727136,1.30904136230638
-2.39084149916169,-1.3932725596861,2.2324375491762
-0.603706647127069,-2.81337332434103,1.07110110316005
-2.70095761249913,-0.619743023797544,0.915752691074571
-0.0752350782577082,-2.76425496604236,3.31220916307893
-2.53857089068519,-1.1769593602039,1.13677368212968
-2.49113727790069,-1.40166140180063,3.51222645318045
0.0216395838080678,-2.81952411858679,1.84436422288256
-2.31645899206253,1.63595290082803,2.71737309280891
-1.54335761770609,-2.32905532060708,1.0320496825882
-2.8754621559279,-0.464557334690844,0.64671232629426
0.437406331406121,-2.70139766476861,2.57033828766586
0.187691907348061,-2.81984737773844,2.44009366905008
-1.16567934983384,-2.6792685494187,2.8829861539035
-1.93676852876935,-2.05808045318712,0.817155865312207
-2.56593719544314,-1.09654665616356,2.92022749668397
-2.35188299738022,-1.54710983023365,2.19814807845901
-0.501146690028038,-2.73752968773701,1.19948306163082
-0.529396786778483,-2.68199901338169,2.35292096194952
-1.43285046164937,-2.46452176330761,0.025398361681981
0.343159162148446,-2.72872888915771,2.11680453136155
-2.42123030223175,-1.620936821633,2.49937739201911
-1.87462164417151,2.09516823571908,2.46748641665292
-2.72778203289102,-0.857406888297785,1.68875020331336
-2.43776573781037,1.55308373866007,1.86108328945809
-1.87808142974627,-2.1117712066094,0.504172755864869
-2.80252176245709,0.346175943751846,1.22993493286309
-0.999954372940829,-2.69736683541817,2.52850484964755
-2.78420590735835,-0.745628688922551,2.06205609920342
-2.52824452205159,-1.26283297491728,1.7303438322557
-2.76607789860107,-0.579293142280305,0.568125495136962
-2.45341012317325,-1.32639177476752,3.22685001182216
-2.73331655447123,0.71815604075706,3.43270905556642
-0.710303462799061,-2.73536770408623,1.68897811931863
-2.7647674605029,-0.615987622803858,3.46035763488738
-2.71848795000257,-0.772392873810435,0.138994279042179
-0.747546439764218,-2.7586695073188,3.24938642812261
-2.70199058650209,-0.847759129686501,0.69704221554666
-2.23382970489725,-1.73111881029032,2.39663400420453
-2.88190363094865,-0.469928120516156,2.71448584759463
-0.815937307739869,-2.70573720003635,2.48488740814832
-1.84773035327832,-2.03831368826382,3.18925113960925
-2.30454520578848,1.51776259691505,2.38923148105664
-2.00140591795204,-1.99527988949141,1.09722559380616
-2.27685780172288,-1.67412246760982,2.67205178354024
-0.866987613748461,-2.76487826123847,1.84700752719208
-2.35323616710877,1.53495779797687,1.9268210401265
-2.67259607253336,0.918693484738833,1.38467108189016
-2.42084642542705,1.45817353916446,3.36185024169438
-2.81438199157097,-0.507188261951082,1.80241438313516
-2.86234517195533,0.599119305658097,2.57163117460244
-2.89847777556075,-0.13679331853511,0.0746614853965493
-2.74492028783574,0.180365064850762,0.355098982262932
-0.791106317969365,-2.71310122912715,1.23615540158232
0.334226148662692,-2.80625379596579,0.671466980719509
-2.76181931732535,-0.394889906921653,2.88881578282906
-2.88000803972565,0.185715661460867,1.57659434057386
-2.45636621307352,-1.20279162272189,1.44522775670992
-2.62024658845959,0.786210776303488,1.89608557593989
-2.51092282667103,1.29693255195661,1.92500973964791
-2.64542494339097,-0.994230533984544,0.933132041828758
-1.68960064797579,-2.26539558050732,3.3662151111821
-0.793405871778557,-2.71242965041485,0.454480250153695
-2.1580673810245,-1.641498483579,2.95113210250154
-2.66508015460624,0.940274032049322,3.13321090200227
0.363342659115583,-2.84567201602026,1.1465040264144
0.184843749819189,-2.79378352603896,1.81523471156165
-1.48066510216863,-2.40715565367972,2.18938532143448
0.3735400783882,-2.80129171912888,1.89306831511719
-2.50707153022023,1.45384486683039,3.63172245581297
-2.39884870021243,-1.48615689527908,0.810561630007858
-1.75554304052193,-2.21468646058473,3.2286065021552
0.401616195474483,-2.8793698557202,3.12247602315927
-2.79659826156309,-0.407192398313911,1.73118467810599
-2.56183392486439,-1.21812316299133,3.46974813286324
-2.20781362707006,-1.74320610135971,0.469402470671541
-2.38317862340051,-1.36419663452029,0.219339763622216
-2.82524909522931,0.0688115958850602,2.53956552797383
-2.68195467634361,-0.700345391142485,2.78063049921645
-1.04341052048874,-2.71133784947571,2.78653209226755
-2.73029982423826,0.755784465047526,1.92284847966914
-1.57674547835967,2.34534457645239,3.47318673869516
0.728292915202649,-2.73063306130427,2.3490962121993
-2.45014111112752,-1.39089016888108,0.518298031292266
0.139926780770221,-2.82262076479388,0.0796072759250352
-2.43893639763983,1.4277103116844,1.83342573067376
-2.80628220628162,-0.447346152091414,1.59953849557266
-2.69575816789124,0.848325047413992,1.27860549234464
-2.59305646568455,-0.965689497237752,1.68657120212109
-2.89121019093075,0.161927930913311,3.63728459010564
-2.13291068413075,1.71573137284069,2.83086405639668
0.270912692357064,-2.88498391472174,2.31395842587904
-1.39840400827653,-2.45585702260096,1.28478722008987
-2.68324848702061,-0.68984781507538,2.023193733139
-2.8253093195603,0.0662927946917312,0.963222217970157
-2.48812185599416,-1.25836085487454,3.49543723838461
-1.96695366652662,-2.12861996045732,1.9456218386115
-2.40917798490731,1.42731925286017,1.87894727094004
-2.11049737125831,1.8510589175368,2.57569343986285
-0.621071434728249,-2.79125015122224,0.309573592703189
-2.32762596477104,1.60278659026896,1.85341512854482
-1.59815381351204,-2.21971766116246,2.59415569280014
-2.84858535234597,0.229073101848515,3.30476522659556
-0.438494431036604,-2.86242672760253,1.2288090961141
-2.14677915517104,-1.82156772934962,3.53905572069229
-2.64275154803918,0.896675375476845,1.49084970601165
0.218571422204358,-2.81762205045635,0.131937023570747
-1.1592935366309,-2.52345723770449,2.03727111863713
-2.56592422006169,-1.40502816910292,0.652934413408174
-2.81437780301545,0.256992349528653,0.501283922075465
-2.66294626524793,-0.645071458785794,2.78578816086723
-1.4168287157473,-2.43350989374626,1.36641638302281
-2.07148740430536,1.88897542909391,3.31003330197349
-2.52846788559419,1.12554033249109,2.82649568731438
-2.22117240885356,-1.75519462162517,2.70324966708715
-0.546727335670026,-2.7091656039624,2.35810662287985
-2.15595132793503,-1.80194567568611,1.10221947439782
-2.04049969764125,1.95528219695988,2.67723582020931
-2.09569317698465,1.88805507219388,3.53269786149635
-2.57935824955314,-1.15484999297937,0.485217846225654
-2.47189627542346,1.36985265243015,3.16279364597592
-2.84378679818126,0.509158362948548,3.19233197860988
-2.7976129049407,0.40016186716325,2.75231172274563
-1.91582938542288,-2.07758640055534,0.0322158774627838
-2.6072115497294,-1.09051154087425,1.81337138001691
-2.5012281370345,-1.31553232279911,2.12725355332201
-2.16228271337448,1.81969803903401,3.62061767094413
-2.38384709805632,1.51790661732228,3.62180181576391
-1.79237140348605,2.18498792623386,3.13271129137804
-1.94239265491431,-2.05277330944195,3.58949602114349
-0.404847306376829,-2.79402070777684,0.761609602562682
0.352892936169799,-2.70933576470169,0.165039972238955
0.636010081715926,-2.75359014048533,3.34775598748276
0.199744784393172,-2.81901924557638,1.75221462222402
-1.66021822890421,-2.28701616046684,0.596441930872145
-0.39328700933657,-2.72341946205412,3.22892784856602
0.491243042408271,-2.739719479122,1.65378243285913
-2.72486682037768,-0.749578746381676,0.523902918566658
0.460780723006885,-2.82635516076397,1.78494841843577
-2.57900861105019,1.02206448463478,2.52500587959911
-2.82470046349036,0.088514277829434,0.351237768983759
-2.87371130724612,0.422294793400648,2.15048435936008
-2.60729650396353,-1.10400948800074,0.0456016758610709
-0.749693524586305,-2.64317946665131,1.04825812154835
-2.04073240961691,-1.84682897471171,3.48975803428088
-2.51822092831248,-1.2827045030058,3.58380250315502
-2.18890552235387,1.77832541903958,2.55714327808156
-1.97514005036798,2.11161236652256,3.21281025917451
-2.84963032797722,-0.198912406368692,1.29505166295566
-2.22816048568133,-1.73840971461581,2.07566130698654
-2.74003319159695,0.580629846629763,3.0406979850701
-2.60558642869419,1.06800841452675,2.31684476286341
0.365331635121639,-2.86471710746682,3.60791242260566
-2.71468250361698,0.592206786815148,1.53244487385286
-2.58702218242172,-0.874935958274991,2.40049417092544
-2.62861268583876,-0.995049972268736,3.51594210956778
-2.7443795271713,-0.266295642390804,0.12049715708998
-0.31046189443625,-2.74038752527995,3.03559233603051
-0.13035732318601,-2.79573850894198,2.40171902291401
-0.765584891403195,-2.72041306787728,2.67442160762686
-1.73665759110823,-2.2104226723384,0.991996529803542
-1.97436595728584,2.02204019557799,2.35335466917586
-1.39788056901014,-2.48063136112699,3.05322352612252
-0.451934546724708,-2.78971730669956,1.78446995293963
-2.02294312937636,-1.88361231196745,1.17462640145985
-2.81551312715929,-0.244240284588785,0.0564096719708812
-2.81418273441613,-0.259119708120559,2.59836027589854
-2.3036384209721,-1.63707590271297,2.90346902736073
-0.960010761701194,-2.65803439090622,1.39191083093321
-0.320295295555304,-2.80787791925993,3.39604270550902
-2.89704033626715,-0.334014284904966,1.79388068878452
-2.20970418088423,-1.76181012563927,3.23179204055438
-1.52713385712043,-2.32416387621172,3.24933147609276
-2.30719717661266,-1.81381630915061,3.05978326588406
-1.18240476092933,-2.56684367797378,0.802850365917598
-2.24034722082473,-1.59214502382681,0.932060273960015
-2.14178703435812,-2.00138242943781,3.22617459418068
-2.70422312293592,-0.827843354071586,0.753323989763196
-2.82563875037318,-0.050330291195507,0.328457053629945
-2.7394588903205,0.694357598119499,1.72199212456116
0.0629172116786627,-2.8253865063557,1.48686323505889
-0.931172766340882,-2.72065848847484,1.7953152577202
-2.8484150132855,-0.13371462501339,2.84634697623049
-1.01315692297313,-2.57918461241829,2.25193798083854
-2.38492200909438,-1.66332364474132,0.471384171580578
-2.61806919517117,0.904828482720722,1.68765951865807
0.362948605646559,-2.80268367738522,2.9499692592133
-1.36638543184675,2.51622142352237,3.31154718069677
-1.97399001467082,-1.95515334932175,2.98298309711126
-2.51068972450058,1.29738374936235,3.32735820231352
0.127037642575451,-2.81108001385567,1.18865755137938
-0.737638353709271,-2.71163310304956,0.976543492544372
-2.58838525778214,-1.13490524909072,1.66423239730375
-2.34680173871891,-1.57457584287585,2.24663202289401
-0.282424991629578,-2.81193947479766,0.767580203235037
-2.3616459344022,-1.55222291129331,1.36891377713621
-2.79713133936646,-0.403514257686493,2.78036184831586
-2.46091169413544,-1.38948951758901,3.58629691417485
-2.73527370560938,-0.710665351079011,2.52187073296546
-2.70401341364655,-0.419989098930339,1.43502572788079
-2.72357497262916,0.316521632391447,2.14301988657816
-2.61179640465224,1.01359020837165,2.82581551306239
-0.282918944861635,-2.81188981940272,1.65127447994744
-2.79385173472825,-0.425628911351502,1.63387077437232
-2.80764476220117,-0.571396860461352,2.07687587926822
0.184817343280862,-2.82003724008122,0.433882997577318
-1.83410342937759,-2.11000973201382,0.665376611238636
-2.80838255238522,0.632384833590135,1.35954343350814
-2.05857659766914,-1.93624117231073,1.87115313301471
-2.71419083411752,-0.888565977587712,3.53699309400068
-2.4148247275512,1.49914322426196,2.5896294484787
-2.72932067564578,0.733195836945873,3.47041955088521
-1.30921259641024,-2.45783606933355,2.12553771302958
-2.51821721429212,1.24370786982672,1.80573702427095
-0.71559695561641,2.80420996569724,3.44460655280575
0.346704270745041,-2.80473949493878,2.00749231756612
-0.951104484568034,-2.66123425223276,3.17981143535878
-2.82274238694385,0.123518220106595,0.0751892504664031
-1.13789473236994,-2.6612667793078,2.63837472772232
0.138590453343394,-2.82268669392555,1.23220660485174
-2.25317670920883,-1.75890866792484,0.0460880505586997
-1.782708917511,-2.12642470738973,2.67620938662635
-0.0844811713216235,-2.75019463213258,2.72616544609871
-2.82588968809218,0.0333909651938959,3.15584312073762
-2.38544750369841,-1.71262017701578,0.884817576352085
-0.261638724818392,-2.90254387328913,1.81338921719848
-2.55493356855527,1.38363171259908,1.73928229132827
-2.40271282957404,-1.48041592722876,2.31198065239134
-2.7978666974874,-0.398383519881631,1.31171875512452
-2.69803673728059,-0.606968202131504,3.09583695732504
-2.67609480538841,-0.67550306027257,3.32294427834633
-2.59453507601921,-1.12033710334358,2.00277113252221
-2.8184089444642,0.208179027729762,2.76401394538567
0.259037613084126,-2.8650256040533,1.80460494537797
-0.996419971361915,-2.64460105242614,0.632357765590052
0.197170454250227,-2.74993308628148,0.911251874704636
-2.72071128542844,-0.764524418945926,0.267502479773198
-1.70860629009318,-2.22014463585921,0.036763116132997
-2.42606578552755,-1.27065283092867,2.58605549241353
0.0236074651517681,-2.81834465216728,3.55711924764016
-0.889350502198165,2.59133949511702,3.32144422894527
-0.63460005354196,-2.75391544130659,1.21828677823851
-2.79622175068123,-0.409769943797161,0.635008644962274
-2.81981200548368,0.188222579815535,1.09833229294177
-2.34700795967672,-1.49942566939215,0.544400264125213
0.445259158041804,-2.83039872883657,0.88609651278076
0.183348283312783,-2.82013313388368,0.846293398392371
-2.65277795872649,0.974441679895328,1.53806207795528
-2.8141666012318,0.196782712772819,3.33538943659249
-2.29323522989809,-1.70110088608095,2.04152242959808
-2.48988428436555,1.33687835508387,3.55756558543382
-2.33225126741952,-1.65204002224978,1.02424866825962
-2.19070925726412,-1.69005962906458,0.328038178675072
-2.82474572370239,-0.0870579246673571,1.42628097811462
-1.44388564850045,2.4669102076258,3.55538376711576
-1.35690691964835,-2.49920416977953,0.472018880146735
0.602249831708745,-2.86467820185523,0.65881980796884
-1.35005537883663,2.48276417726223,3.51590529911622
-0.977655364286047,-2.65159526973952,1.9676615480434
0.295446405972482,-2.83525847580333,1.16810252708461
-2.68978218448035,-0.575428834201217,3.31011565593847
-0.39733723911158,-2.71231579582401,0.145122805505621
-0.0936790115464595,-2.82453389581679,0.496282166677537
-1.98371905907501,-2.01286516699079,0.667774780316716
-2.49438462983797,-1.32846257164076,2.91475841723384
-2.51603812174663,-1.29453643452706,1.32472281549073
-2.69025657917277,-1.2187489167613,2.27164497273559
-2.73786107853525,-0.601838459909737,0.960264318314202
-2.81581186012553,-0.357030477210205,0.421631326993029
-1.89137676591951,-2.0998717615993,3.11299531937047
-1.55549438283331,-2.35949246890011,0.846007371222304
-2.82356097121265,0.119460988054613,3.17704868516942
-1.95580395169976,2.06271103844541,2.6891862079508
-0.317246428656388,-2.80822402762441,2.63884709046584
-2.74935665038336,0.654068417533739,3.30721183974103
-2.24835371532008,-1.65676828700655,0.396823519272929
-1.88760522767498,-2.15316523150756,1.97311791135666
-2.80326960974946,0.72559985177353,3.46898446058429
0.212430316241256,-2.84822343749028,3.0819227524993
-2.35176152128758,-1.61265527720929,0.931244987391136
-1.42715089414771,-2.43926378466039,1.33870114097436
-2.80429095965057,-0.435314122729782,2.63205387398532
-2.06591505867653,-2.03854096477884,2.03530373098742
-2.83202841650054,0.122547478447527,1.58126467526251
-0.0162150503963085,-2.826040438133,2.01375141757613
-2.82027475742741,0.117563032388398,3.19097993814008
-0.749041241949197,-2.62795994144216,3.47143507358997
-2.0396338914044,-1.94674271481608,0.544280089241052
-2.07728324403623,-1.87520308242655,3.50373374888835
-0.226919801705979,-2.79522872964438,2.63610128448457
-2.09470866675093,-1.83181245908384,1.11740414673647
-2.22745487243966,1.76429237993445,3.25957586791428
-2.10765060972669,-1.88270454217889,2.74445901314673
0.639440885302345,-2.83500372174151,1.07211227838369
-1.94115758167448,-1.96972149472135,0.340591704429824
-2.09086535737843,-1.85966233338046,0.129766578299737
-2.12183593032903,1.94427449239335,3.05659452092781
-2.56666595922486,1.31095844979536,2.07503552934665
0.664676248352591,-2.74681141884517,1.74627563253589
-2.62664698496399,-0.943958595238401,2.63567577379404
0.107142410576733,-2.82405523842543,2.42596240523349
-2.84849412276076,-0.366386351394982,2.19374379440539
-0.105886345485068,-2.80226965655143,1.7677530590065
-2.79981030246864,0.384486353480565,2.56369250785883
-2.70046019813401,-0.833235983450256,3.62891425902345
-2.68352138886062,-0.707202663621715,0.304309047609871
-2.63368948009595,-0.806987900343648,2.75749620028765
-2.0434042006521,-1.98339000011238,1.04954030596902
-2.69408252510712,-0.482156001649538,0.50149019119135
-2.77020842219359,-0.860030751257536,0.593893709581915
-2.05365130979109,-1.87683581095694,2.61320780195003
-1.10301505585807,-2.60194643918216,1.92326618486563
0.49446784323433,-2.84574217171828,1.41868377576182
-2.79276013026264,-0.432733567726979,3.617267162751
-1.93135837590991,-2.06315833362952,2.53509804346932
-1.55737394054126,-2.35825229675395,1.14241023032518
-1.40645732862077,-2.5472105529019,2.29304570238505
-2.42579989864589,-1.44991804511562,0.429335786022962
-2.31273320215074,-1.73407926344015,0.229960976801686
0.0523121914085158,-2.91568172404741,1.34896979900623
-2.36510652998218,-1.51635468484999,1.3451252226841
-2.52696489128483,1.20219248080567,3.49018482100198
-0.791610049323597,-2.81435647595389,1.54166867129223
-2.8260790136466,-0.00670033197321378,2.61286443437406
-2.03382592424878,-1.9622231258641,0.127044342622638
-0.414839899417687,-2.79547408209653,2.33223359352158
-2.79241988422647,0.434923758834738,0.539444282260832
-2.21275452359663,-1.7896250771101,1.09088942940335
-0.226210036042061,-2.81701908147889,1.83886874357583
-1.00545316356412,-2.64117992982326,1.75774845104696
-2.74339631887141,-0.678634012870777,1.83718848405435
-2.66141356777147,1.11731080212486,2.27659134719288
-2.08823954266128,-2.04994099446055,0.780394474544916
-2.73843514503707,0.698384165232932,3.61146364879444
-2.59049892464696,0.953813694948962,2.05273877572036
-2.62672436043495,-1.32629589029381,3.43559608454503
-2.78433874291729,0.396915769723555,0.782665259362986
0.243207923975787,-2.86414788493501,0.0360635350146397
-2.72062114509675,0.480314715789609,3.24350111466708
-2.6034792667285,-1.09939219277615,1.72408248527578
-2.16127528089808,1.89193695670364,2.28591627461822
