25.6534764331827,24.0111353037658,15.071209539467
22.6050896540165,23.5632371088652,16.296236920577
25.3937374672778,21.5550188087437,12.1995109762071
20.8331648807921,19.1965226936593,11.9540854194885
21.7145325753644,27.2191941432001,21.3150131906752
21.845884024829,31.0671760412821,25.9746667709601
27.4221049003457,25.950682620049,16.427863573863
25.4394958456725,29.9341797839568,22.4861291530704
21.3435715096273,20.0908487251876,12.7574276188871
16.1998790809189,21.7990877334449,17.8572289565632
22.5927967063945,27.3730325298519,20.9925920052353
15.1157927408463,20.5998451120088,17.01287407897
28.1429635246731,23.96690747596,13.5661350060986
18.6843493430502,18.7874571186297,12.7027238578068
24.0870166809552,21.1217131474442,12.4276208671064
23.4529467935504,24.5205806527274,16.9805083899313
28.7125080183808,31.72078500533,22.7779255606024
26.2947911314301,23.9811285866987,14.6605789185689
25.5982629353231,24.81922205468,16.097996222502
23.7575889766805,27.9542853617509,21.0292817351533
25.7974053471598,24.2715467307528,15.3078622967559
15.8142388360081,21.722705063543,17.9879299379063
24.8903411466909,22.9436299724745,14.2019802851382
23.5143622855268,24.1563450024675,16.4964108562598
16.9852209258026,23.1877905318333,19.1088562391096
23.5685818033381,30.5823377850433,24.3740902003153
23.5846415096297,20.9888934538863,12.5568798251433
24.303981845436,22.2359884897264,13.6726721580948
28.2665716478113,30.3913458169707,21.4014679827025
20.2885381530727,21.9596169895152,15.6723282830319
26.2030746484284,24.2923580507033,15.0970916605599
23.3596519753185,23.4946843410308,15.7721728395892
24.5328280840032,20.8190181064795,11.7952794511919
19.9688113226074,26.8812888508393,21.9163522371555
22.4629617055763,31.6199544969028,26.2954658250621
18.7926651411897,23.5678404818937,18.5234235865264
29.8238880868613,30.6313184558692,20.7893754865301
18.2436757246615,25.3202018236243,21.0001731005369
21.6000639766303,25.9865157555109,19.8645031445579
27.4400204368525,23.3540338428691,13.2214035424772
21.6732821076225,19.1630893235148,11.423393861764
16.394528563809,20.3190217734905,15.9221032662144
17.682036499899,22.881415042066,18.3257233242213
22.0869377037196,25.3658501350662,18.8168683092194
18.2315017353734,21.6219670503819,16.4553866824485
25.4607764684125,32.1385132226621,25.1868777924033
29.252804746552,26.1927890903033,15.6590954369174
27.4248671411402,30.2405878738687,21.7063771613872
18.4605652911021,23.7304730108155,18.9171121969391
24.945283532217,29.574353875801,22.3312266170222
22.4869593189889,20.7235064433729,12.8698602713072
25.6909064532119,29.561642594044,21.8811026776822
30.778901103617,29.2245726170027,18.5014260326619
23.6899611898439,25.3233437801759,17.8304598232949
17.7887492606864,18.9469747498818,13.4209332565631
29.0442907118028,31.4261260619648,22.2219203313646
23.3840933202281,20.1229483035258,11.6079133114825
24.3744838429156,20.1729957030104,11.0924069068007
21.7732263818382,21.4817045939924,14.2189657086178
24.8898557706299,22.6866655056329,13.8859847950061
18.0856221120973,24.9272131291688,20.6085714512523
20.2207525208951,21.7672014155905,15.4749974211026
20.3929328930072,28.2186713526463,23.315298248769
28.3651487135313,24.5334600341813,14.1339935972911
23.1630948095891,19.7401385329645,11.2655184755362
20.7863684260945,25.4882627462268,19.7253856930778
22.6777625930871,28.411459713495,22.2212041817668
20.3228177244503,28.9428291339232,24.2474663328749
26.1361313775859,24.0360881202441,14.8206764038337
23.6436693425807,24.3204079601364,16.6229957333766
25.5780303026826,30.3858934382306,22.9613848774584
27.180358995447,27.2164378338809,18.126653557791
19.5286790514131,27.6859372250168,23.1632011646659
19.0715396449046,21.1351268913591,15.3666768767947
23.5318120856624,25.9043952120483,18.6377868755058
31.3587282965693,31.1616551672403,20.5477674078665
17.7998669551575,21.4632744563725,16.5115798098854
21.8804552098598,22.0067798888619,14.8027587453781
25.087748382641,26.4774205470674,18.4364282212737
22.8096077462855,21.2746972937212,13.3602708052837
24.3283614798419,18.6253872402661,9.21444728522333
28.4205961512328,27.7365862199458,18.0441722512009
22.8870611495869,21.5567763314833,13.6623282477195
19.3533124317386,24.9456267197102,19.8925452439214
19.2770445553067,18.9465895180875,12.5532212549392
29.141441068317,31.7652743604074,22.582742530678
15.0576755293829,19.6633384913275,15.894063421221
25.2705588871144,20.8121560123125,11.3569536193554
23.1119774080452,30.425572550346,24.4472055019659
28.3643994029782,31.0700487011156,22.179827772709
25.1450811334618,29.2102083003894,21.7666039340431
25.661586664884,29.0109096676208,21.2203315577568
27.0768783071934,29.4193102982266,20.8983030948502
31.1260280959591,29.0512958130143,18.0858797826954
25.8017973610655,31.0982061387952,23.7077269496692
23.822018239907,24.8385928723764,17.1568658587931
27.4779489405879,23.7403476605164,13.6747871468828
17.7542624073628,20.3751366099228,15.1988464321782
21.0849605837556,25.975436245738,20.1510197838979
26.4406719789177,28.8881020479804,20.6151995594813
16.9150594366792,22.7453235381425,18.6051402326658
26.7164755146622,28.6293219513924,20.135974279101
17.4903401232796,19.2416457580676,13.9575063809558
25.4419089873346,19.4083217151216,9.529232453029
23.1503992945567,27.2623006051725,20.5313822774462
23.8032095335018,20.6531990647947,12.0163379486201
22.8057942655197,20.256415373924,12.1091659726059
18.395157107506,25.6991286421053,21.3782967139821
30.0063369079742,29.5530455234671,19.3558961412985
20.0615600356183,24.8850239484184,19.4052540588163
22.1950905499663,29.5961216201445,23.9605714709343
22.7823693881771,24.3159756584711,17.1194245627382
24.3986343496774,27.4043322221507,19.9788449322456
28.0465688239369,24.1496484960052,13.847226966475
18.1562014166924,25.2867781844801,21.0100062058459
24.8171505770232,32.161423227878,25.5901203470138
18.9759699842422,21.9914984758088,16.4764095038752
22.767363579772,27.4702613206956,21.0105425670245
21.0712089230115,23.3416472261999,16.9172992590526
18.8561930851827,21.1974147318306,15.5688259396973
20.7433032534538,28.999222137437,24.0718570293774
17.9746071014174,19.6473969528585,14.1747301151164
27.088945114793,30.9657277408293,22.794641138278
24.2996707880055,24.9475813922557,17.0126809019324
22.9970462804124,22.920496946382,15.2767409006153
27.691524556408,29.1150726899054,20.1656820554108
18.2171610478056,23.1521048620711,18.3470751397437
28.2415932239932,25.578396050433,15.492123560593
28.5725772081017,26.4601333104072,16.3845217449853
21.0499073036682,29.1331382787806,24.0580245151565
23.8368993119924,27.7182198345553,20.6925117853579
30.6150940204781,30.4108609442738,20.0569907963544
23.4051524130593,19.9302359136932,11.3584468114753
19.3800449192943,19.7593019236198,13.4935092229596
19.1102393696973,23.1409048901671,17.8128882859416
27.0247697905275,31.9421163957128,24.033800138423
29.6643054406301,27.334819052236,16.8249508886737
20.6893977141717,21.1238280721651,14.4100352166865
24.5695481597331,32.1090220339124,25.6699029305334
25.4400140090412,22.0591738473312,12.7930720681914
22.9844510999955,24.9239219158807,17.7499459653842
24.090917451771,26.409931886187,18.9342203445059
20.5281418716128,25.8993919461259,20.3818838736402
22.9165637117653,19.1374247200543,10.6673381985767
23.556242182883,20.750376599155,12.2798557319451
22.8080837793311,29.0620813664958,22.9460667861145
21.6597908823307,23.4829089326887,16.748197773414
26.2875435627845,23.8025864385572,14.4450479552613
21.9608809297529,20.7292814074857,13.1835170112399
23.2102238471753,24.4345919176943,17.0161072895728
17.9621261995505,23.6784817679778,19.1435632674325
27.7756955078713,23.5605218382621,13.2799544458087
20.9078996618225,20.3149933822335,13.2871788743036
22.5333324954344,32.0007923669674,26.723205197168
26.1531577181155,22.2557699598377,12.6194947433881
23.2750202050265,31.8334221309222,26.0850162007536
27.6358634038381,24.7388924600383,14.8118035465596
17.3461842178411,23.4800010889239,19.258181039575
26.9851135934612,26.5780080157514,17.4546286674661
25.650336204874,24.6925608733174,15.9117550780194
26.0323542149594,30.6055613477755,22.9670206182838
22.9176000471041,28.7435794440786,22.490230887182
26.9790078817434,26.8601252045288,17.805423422738
16.3513226159441,20.5021947898622,16.1727335598702
25.9493782469138,24.4313646546373,15.4160147685191
19.8707757170386,20.5550432974814,14.1869761639146
21.8790932167019,21.8071683340637,14.5578654698499
19.4001555511797,20.4686531089671,14.3548779069657
23.3764961666823,22.8131846108496,14.9235506476743
30.1908837029884,27.7921563053494,17.0810130215179
19.3077973055042,23.3521280074941,17.9577489101631
23.3200100754922,24.0595663991306,16.4905434209849
28.0250823875094,31.7325815811275,23.1930117760287
21.153347787295,19.849902257209,12.5717090614483
18.3938655993054,20.1109241175405,14.500946763271
23.3365752259081,21.7713340472045,13.6644769514535
28.821610853461,27.3422655513249,17.3251589946784
30.1439848545815,28.3602017904414,17.8075058921555
21.2781714825217,27.6705678891694,22.1248453442196
27.5037039373211,30.2176908341182,21.6322562751624
16.9399278257412,21.5474493107162,17.1162755927142
27.1337686295062,23.6383839124108,13.7498433631783
21.2802668549177,20.1893625842985,12.9155689218713
28.3941805355849,26.7951384606028,16.9008072217214
27.9834081979829,26.2579349915556,16.478962994963
26.4856848407808,29.2445496609719,21.0276949944561
17.5444707648731,23.1353737508721,18.7184623930846
31.6305113797035,30.5149423467314,19.5934075248003
22.876570670899,21.169315482199,13.1915445599494
25.9908601800007,20.9565854802878,11.1149975144667
28.4301736234073,24.8610858205342,14.4993532735828
25.8860948435174,29.5252772980907,21.7226060099362
25.3309973511083,26.7695026893519,18.6541877489363
31.4421129288599,30.1271449130862,19.2258775137966
17.7406264623589,23.3536862772821,18.8728659320877
21.1017206993442,21.742055678399,14.9307024161772
23.8210751137063,26.0335192504348,18.6281608295092
23.5891182693521,18.6542551946138,9.68073977070953
20.6372665569525,28.4453942170783,23.451979877232
25.9396419571512,27.1125173189016,18.7217182150589
31.1717802437871,29.9616744039115,19.1797365955248
24.2272836762259,19.3263920389152,10.1361601942816
19.6300466063117,23.3822820928837,17.8070868771753
21.9503833210156,30.9711203011432,25.7955466385446
25.5446285148953,30.9351488987812,23.6568857024241
23.8274521027213,23.4119970900154,15.3978095881913
22.5459038042325,30.2143988739712,24.5171418362194
16.4350412388164,21.5679212481191,17.4356731569117
21.7358023511573,19.3328043316225,11.5958524678899
25.559610815087,31.1798606243911,23.9493527734523
19.9447985736061,21.5715377877961,15.3949695942917
20.4732705861336,18.880829532734,11.7752347296278
27.4821344177871,27.9280123668297,18.8266311723012
19.4320684140358,20.6979522699278,14.6185092742943
21.8880017927534,23.2050846201916,16.2732648780206
20.2280947554892,22.2541507232983,16.0700685020574
22.9315057942878,25.4103122811052,18.3794589669951
25.2527844368119,28.8274367898422,21.2327198357486
21.4483211721686,18.7493196342781,11.0452017068347
29.7009294785271,31.4178704459578,21.829132093167
28.7943413141352,26.8136583671879,16.6904261028545
16.0101749668362,19.317112426688,14.9128930250704
17.0378192421775,20.2027844789376,15.4041864697238
19.2560031305712,23.4657729672054,18.1278067320668
20.1923637298991,28.484026528677,23.758776819647
22.4797336635035,19.6720052579127,11.579856624858
25.1126236280035,20.2713803784398,10.7833831270209
21.0440246923535,25.9215397939406,20.108536245927
24.9027529152343,19.5965957296737,10.075134046799
25.4153757568273,21.9866552934491,12.7181712552015
23.2170291394915,23.3788133246935,15.7126629920569
27.7609451866097,31.4480234201879,22.9966846414795
27.5270880821827,26.1394968397614,16.5990865819077
24.4837282689928,20.8202410125884,11.8253953668393
17.6995586828232,20.5068260819545,15.3928093037209
28.9501867682586,26.2722086809656,15.9331842236435
30.3781623550939,31.2446514753679,21.2213025128215
26.7987692682574,23.2532374950811,13.4710014459477
22.4372539828995,25.6338892764395,18.9426463968831
23.8204962288342,28.659428174449,21.8605328225134
16.6056789395811,22.3204688612677,18.2624961390524
17.3452269021332,20.3484279827627,15.4043200200549
22.7545490046615,26.4954429918435,19.8181788011544
31.309722977461,30.2766759696722,19.487068447234
21.6397856263218,18.634153753172,10.7918852572635
30.9763790566427,29.9879383449998,19.3259242598174
19.3252143922876,20.2533835436451,14.1335873430177
22.7891333729596,18.9136306497907,10.4661411934326
25.3640524222279,21.539497327408,12.1977043859532
25.849107870798,23.3210137149708,14.1077950362635
24.05317385203,28.3245540907601,21.3127788574083
24.1638908534738,19.6094318597891,10.5214720627977
20.1848632181455,28.1512372206007,23.3535419681254
20.0972424823798,26.6611924195607,21.5706144773937
30.5925308138155,28.6178322305657,17.8632337143361
28.0222732714993,30.6451508498515,21.8562116001141
25.9643063885051,30.579732994435,22.9748822746168
24.8411105408479,31.5467396740731,24.8195907838607
25.9856525384903,29.5047093797515,21.6392776832387
23.000353673382,30.5010000489978,24.605087325982
22.3929084208858,26.057855329358,19.4903148687211
24.4117776369819,31.4419145471896,24.940744027131
19.3383201383139,26.1704236693293,21.4087921915072
20.4173001376962,21.3811410244711,14.8852952161898
29.5029126272464,29.6798022203243,19.8052595637342
22.5784360821301,23.0568979460647,15.6885531412343
23.2563486304415,26.607446724862,19.6636344094853
24.1449145361543,30.2621673504949,23.644184134677
16.6136422303029,20.3503792008821,15.8330200377977
24.853041111354,27.3572752600971,19.656140723457
27.868105919007,30.8787606644586,22.2335785925272
27.2287990705616,28.521574111081,19.704821778298
21.3387319103601,24.5138250543112,18.2041580629882
15.8296354642421,20.48458554016,16.455049623717
24.3430491657685,19.3352837866675,10.0796471937336
23.7891558597397,30.829190725349,24.5493932857968
23.052409362885,22.3418891803294,14.5323155535042
18.9589949265623,26.4136247025988,21.9291650189874
23.7966913686434,25.6999732822686,18.2318326145884
22.1259023770679,19.5987498684941,11.6958714866429
18.0838454944801,23.8355127965932,19.2659145003056
25.6487413372175,24.3331784247995,15.4703474698747
27.0936531837758,24.2106051147087,14.4775230854334
25.4458071382352,28.2791398052605,20.4453867433462
16.0721950126262,20.6721946474156,16.5446228440929
26.434804749494,31.4944395485812,23.826564100299
20.9933185385365,23.8456458691833,17.5830206058063
23.3175341465693,20.8843361270799,12.5838329691694
23.9268649000729,29.8148597148458,23.2206853806069
17.0730050150561,21.2622456699793,16.6876949769307
28.4604176033793,28.1820946896254,18.5693110890135
24.0578875845051,31.3931626735479,25.0869526750239
23.0400473753189,27.4975895747466,20.8852845221869
26.7555111501397,23.5952225209597,13.9171319505846
19.9864720995937,20.6156581872808,14.1941655750447
29.6697142901309,30.8570187814922,21.1570110362867
27.1284800715202,26.7751663275787,17.613755636028
26.6448492970929,29.6417568651738,21.4238415967593
26.946395362844,24.1698235585602,14.5131360632487
25.5314742767395,24.6538048693753,15.9333147135656
26.9029998286918,28.6498581501161,20.0525620053911
20.3594642216537,23.5349299935342,17.5699340944894
24.8951897314856,29.9878506414538,22.8693587573731
26.6443472801247,22.3588132694951,12.4601041800139
23.1242590847608,26.0640794449224,19.0718136147846
20.4926149107696,24.5702541849656,18.7666494810293
20.3230745678469,25.4339525318488,19.9285031945171
24.3257475632381,29.7617959943752,22.9229421000457
25.411171648382,29.707320167228,22.2234093029201
19.2942356451536,20.4067635154921,14.3404227519175
26.9232567812879,25.9427540586822,16.7087864422606
29.8759770008001,30.576317625114,20.691326585806
22.8519117759555,25.699200709259,18.7814099739993
28.9331391384473,30.4266839018363,21.0565504447333
22.3191921264279,24.6028253547395,17.7423823116399
22.6841531243875,23.747919607693,16.4774780610969
17.5323163252593,23.4335332696671,19.0925270781609
27.1166080400111,23.7934065346741,13.95064867107
25.5960948375871,30.4002016983189,22.968469539656
22.2648900589831,18.9658825292884,10.8359335800065
25.6139997924328,25.9156172744007,17.4382970502099
23.7473006155206,28.6040296974147,21.8349984714207
19.7255658539089,25.2095841271616,20.0005165371309
24.5827208706172,25.908825900913,18.0308699533137
15.8573448962767,20.6188241956012,16.6041274949193
25.6547534573929,26.8571553145226,18.5734183393961
25.0434830405659,25.651260188239,17.4453629543797
21.942400077906,28.9006449463295,23.2518054355421
23.5887436726521,22.9022681130949,14.9095190719001
29.4201365811435,29.3369707943113,19.4315280887914
19.8031890767972,24.9539684331273,19.6406668405199
21.2030540167743,27.2193744684632,21.6132765069933
27.3698308497397,27.6238336561564,18.5176802797956
24.5703029606363,26.5566747551642,18.835494583242
23.2512540149081,18.9870942103241,10.2872817512112
30.4803998019872,29.2886157178157,18.7541902392632
25.6903633369505,22.7088262454937,13.4468006314459
23.0250990568008,29.43040328655,23.2729506635444
27.0187839165549,21.9149808861813,11.6956378462074
19.8043786289863,25.7795001648291,20.6560588768881
26.0527522923311,23.0801465786591,13.6926649898899
21.7230268466763,21.8672392811832,14.7227430323486
18.4464922250449,22.3120875990905,17.1795282514569
18.5618831134816,20.7987954712842,15.2496913776209
21.4768697588531,18.6134768701409,10.8613676016176
26.1948191284094,26.2617789042088,17.525914861122
23.95385978388,24.5606828261654,16.7379823997193
23.6037566969055,28.8373913262609,22.2058696572518
21.6741534205055,19.5059605093047,11.8449006122792
20.2526078550054,19.9776376322332,13.2537950795862
21.2893836887515,21.812946726338,14.9086046435301
23.7764784618657,22.6802849157597,14.526902482235
17.3074599964694,22.1145865944291,17.6001593934903
29.1905617131994,28.8867113695642,19.0111120144978
22.0959026993115,28.3927238984942,22.5371966282901
31.4796797794154,30.9580903406511,20.2267356113324
19.8060086446574,21.1999207013637,15.0184476027481
24.6818411840704,18.8456029888977,9.27951979448398
25.4610079686246,25.4197759521288,16.9171522705424
21.4011116556421,25.6187762580548,19.5278107434684
26.388332770783,21.9945542327861,12.1609460682488
22.3433352518386,31.215216066524,25.8670105889532
17.8837720943638,23.5801431414505,19.0681829831396
21.007289429315,28.9378550410763,23.8424986697839
17.3893136171162,19.3080573036487,14.0981160801324
26.3189090677808,21.4398700676738,11.5186804359926
21.9458230098878,25.6460285357444,19.2439472313517
23.1322142690818,22.7470726949606,14.9845228451255
21.0523504224867,25.6562236097817,19.7771269722931
21.9261668538173,18.5942530587101,10.5758985647384
16.1722238543184,20.9722680876491,16.8556734171214
14.4143238856396,19.1555561244817,15.6439566662602
14.7952524492437,19.2413965631654,15.5276420669339
18.7893669304428,26.5007786945318,22.1352795075087
21.3358664097198,23.2491377023866,16.6492188408478
19.7410399381278,23.2697482626922,17.6039009872929
24.5199969562433,27.5292218240318,20.0618435338846
24.1638666404831,21.6951941421954,13.088694789013
21.6548750765188,21.917891266159,14.8247991790414
30.2146005577173,29.9018719146236,19.6638840535605
20.7527546187838,19.6302927934844,12.5348360574813
16.9170490374376,23.0163253252347,18.9375366892186
18.4573464667725,19.7305146140915,13.9957385391126
24.5941829113471,22.2169914776711,13.4801884021921
21.754957743552,23.3475696303989,16.5261645069443
24.5238559605466,29.2031667367238,22.1199283234284
29.4925548534834,26.0684591488484,15.366363316365
30.0186371539688,30.4487511696088,20.451185732167
20.6603552746438,23.4811205604225,17.3283732219393
27.5503537507251,31.6566993714504,23.3762410320121
21.7120651467324,26.9119662121692,20.9383071189925
25.145479126799,31.3235081067436,24.3674745146025
20.6110979108466,29.2045326869514,24.4015951914853
29.5979720814477,29.5766786925602,19.622940868559
22.1960464747322,26.2475510054297,19.8385096105821
18.4972385246843,23.5944638449192,18.7283390038516
20.7089852933523,25.5151068703348,19.8035176922154
20.1683214634449,22.4171608401916,16.3055356750051
26.1942989759675,27.9097265683323,19.5545533427122
16.7085293043268,20.3895719863532,15.8259682831997
26.6312396985464,21.7623185373731,11.7335613379901
23.7635105061062,31.2522249200089,25.0850180888698
24.7523905149595,25.0600349169715,16.8872892519999
24.3806657489178,28.8054033520541,21.7137888800527
22.5327980404211,22.9667586588284,15.6042009797166
26.414530268722,20.8179469342458,10.6974828196046
18.2304806453329,23.9567134245456,19.3296461696886
28.805566281729,30.1301978016587,20.7659653089218
25.4507196866854,31.8672851494018,24.8589036078421
17.993362849211,19.4199025797661,13.8837952481097
16.0008940395457,20.5797511289499,16.4723885080571
24.28217095658,31.9909251935427,25.6920026483527
23.2497015299719,28.8283071180403,22.4009984774054
26.3993410520544,25.7643655085972,16.7945099083627
27.0355338290055,29.9200954384971,21.5387736812634
26.9865993952323,29.3355602319025,20.847827427412
30.3249635611503,30.4067667236589,20.2210121401283
18.1457469217183,24.1944450263201,19.6716270041057
28.0843837717975,30.8404076090458,22.0603463947913
23.5402219580805,29.0380010535738,22.4898071910219
26.7208898148299,30.6756737446734,22.652103239189
19.8490023705146,20.2215061504936,13.7891377127449
27.3319604641602,27.9832407530576,18.9821148457727
21.0725914651633,20.0016975089572,12.8055996235937
29.5603360074673,27.1756142764058,16.6895812111039
25.844102867,20.4382016863082,10.5624740105777
15.5026489955264,20.3466807204393,16.4758497196784
20.2830933214977,26.788310122958,21.6187778347844
23.2902146296435,27.1767498783439,20.3446131293441
20.1921898967405,28.8130706115568,24.1638738368692
21.638492485177,19.3903671074439,11.7234051722779
16.1585567938865,20.0590395977186,15.7396127201819
20.4458677874824,22.4353356196802,16.1661778816374
23.4697398685778,25.9543399778746,18.7354299701102
18.2191907230427,24.4571245200687,19.9521434175119
26.8866585072422,28.9104038231872,20.3827703432481
25.4101429107256,28.4223738758446,20.642464577248
23.9682624708347,23.5277733359219,15.4582589247954
19.2446234978181,23.7412477856361,18.4734990338172
18.9948958547922,23.0545891929372,17.7738600574331
29.918083348187,30.6044457510105,20.7014117897522
21.0653513077592,29.887507287127,24.9775215363456
25.0489150105169,29.1326230614038,21.7271466011698
18.9105278822095,25.4232431917185,20.7384205874807
23.8930072420708,24.8744551994607,17.1596404301721
24.4805623240712,25.1997982291844,17.2177092288494
25.0095109045593,23.5516745647869,14.8809359721487
19.2380243160085,25.7422951518454,20.94028378338
29.9470351357533,27.9084249436046,17.3662112829168
29.178756361219,29.0343337634486,19.1996884090518
21.6261424503618,26.0249484207056,19.8966109644272
23.6223409759213,28.9981804303744,22.3929437645199
20.2414954630701,21.9733385125752,15.7166291123726
24.2445599989425,22.0128423740393,13.43264374944
29.2373887450358,30.7181745091584,21.2380364891774
20.4105912359296,23.3465306026005,17.3082553987858
15.9627521887455,19.0165698916372,14.5706112359438
27.8688614842283,29.1875517829038,20.1515559413633
19.9096467183058,20.8100941686119,14.4782488375749
20.1407953849855,24.5364688186708,18.9300727748792
25.6480809937191,27.1416221396428,18.927435335588
18.2874733333556,22.1846557391493,17.1153430990499
29.1331840338641,31.4836134604386,22.2408786382741
25.1775842531291,25.2295003803862,16.8481088734744
20.2710096418979,20.4762129128013,13.8567312380997
19.7832790666576,23.0909693268922,17.3592424093366
20.8885437835325,29.0393458907538,24.0366098977794
27.8153823165071,30.0754703098191,21.2755909761859
23.6709896028551,22.4898972586388,14.3540375087675
25.5062728295266,28.0429045507412,20.1193887665479
23.6412344549158,20.3094240557658,11.6875947995448
26.2474406229994,26.1572582626217,17.3666053954817
22.5266889092652,28.2921706743221,22.1624117014356
21.6806776568004,28.8428681351313,23.3331993781563
18.2166273355832,23.3641642626938,18.6083941745811
21.0865561440303,27.6040901782311,22.1546782184577
22.9706201932077,31.2957704722404,25.6006365920194
18.754654203498,20.6993177216586,15.0149228905047
15.335639043169,20.2464258430015,16.4497711150705
25.9256580267262,19.9484303094249,9.91212845568493
15.9076321830021,19.8170095453541,15.5879312012626
26.10605544395,26.0482374457017,17.3148057560806
21.6495157639907,19.9871545617648,12.4515228388155
28.1338856451238,27.1965508378396,17.5465509235819
22.4929493790051,30.5511062574057,24.9624265773964
30.749725458793,30.8520829158538,20.5216074045503
24.2587407938646,22.3023474772959,13.7807106765325
20.6007671521868,20.9304228148467,14.2236326827464
15.9339516492734,21.1105670903161,17.1647378276018
23.0727179300112,22.1124418574206,14.2380721104397
17.9004426522483,20.516116292326,15.2871877348902
18.197454527309,22.0840661458325,17.0439893535886
20.7436234504882,29.1461766330723,24.2525457339277
23.7481575458551,19.7937375065051,10.9905701664769
28.2666379164527,24.4743842902564,14.1186844704525
24.6006783137807,30.540578507309,23.7212835225769
18.7320539212256,20.2846061226578,14.5176547444816
25.2350975833173,27.8734805238094,20.0688727243031
23.038178582606,32.1352723919318,26.5945500004933
26.1040498821471,23.6270745809231,14.3359463278411
24.1714135133114,28.2500098303582,21.1521290084144
17.272513082113,22.1160153630267,17.6222817168574
23.3926944114166,19.0640619837709,10.2995975239295
21.4674280869742,18.6823579991438,10.951649939775
20.817902879387,19.5730343242196,12.426398645479
28.3524530506882,30.9208789783289,22.0031871354995
25.5437320855448,29.3946448347979,21.7613169531568
21.165738402538,24.1764692342557,17.8897363122479
15.718096015464,19.6568884636342,15.5012939178253
25.3826341033475,19.9872150376784,10.2762886985032
22.6825734768709,31.1886864719013,25.6366813190329
24.4726400516656,23.5009296585354,15.1313154635997
29.5115913567332,28.0169407129329,17.7535107014857
29.7433030666584,31.470618627479,21.8693645574477
26.7447060068833,32.088571660291,24.37725566353
28.4907116724163,27.7260382990278,17.9903329055561
30.7973743928738,31.1980066211519,20.9196136957764
26.7241306460157,26.6458254992828,17.6901763279354
25.3593137834667,32.1126076595349,25.2141154387004
21.7365799618984,23.9062527803025,17.2245145978604
22.8601430571088,27.9245202466449,21.5155927538846
27.0396626595608,29.3983881996836,20.8942374127768
23.1680359075546,18.5642818365269,9.8153653079186
29.1848452268332,27.2315071780904,16.9771761404546
21.2690166828244,19.7126168433761,12.3353338239181
23.1380337616791,22.3821973300887,14.5320340290621
24.8332315458708,28.2898087024937,20.8154694548108
27.8872645397179,23.7347469697779,13.4293832265838
27.3332775069713,29.0088711614383,20.2437190709309
25.2965124026182,25.5185777208644,17.1346124401384
18.9182135279078,21.8627168428743,16.3515568392835
20.8492846682402,29.4476156918191,24.5619951280418
30.5040648765193,28.8148147774567,18.1572343697029
22.9132754505256,26.6773059677963,19.9495295483951
19.4177903784427,25.861045075034,20.9816934994873
21.9753312575284,20.0571076143688,12.3477683344273
27.0475421972134,28.3012057053206,19.5392061846241
21.9928334317876,29.8909856032207,24.4413538035624
23.9975903423213,27.3541427309414,20.1507609930112
23.543789294886,27.9870413039502,21.1941808214707
16.696125164828,19.9112416108659,15.2444552003638
25.5128313375596,25.6058157155966,17.1159369233124
22.0016293875741,21.9822823679604,14.7019977218154
28.6313853594284,31.0372564549365,21.9838920679588
23.9893268563838,30.0603816646281,23.4864830393068
30.5552663490852,30.9387404657599,20.741580086126
17.9064407122547,20.9215269621098,15.7826822697377
21.5616124582009,26.7568779239916,20.8350901662434
23.6970271156895,29.0762354663609,22.4454958396071
16.8523014524518,22.3685785202052,18.1780024220966
24.5780554504889,19.856827898644,10.5846373355237
25.2712990305041,32.0781024895087,25.2229322888971
21.7038617873427,18.9013272593287,11.0833915895377
29.5924400406757,31.5231973506911,22.021988485362
20.3867437372738,28.8446453800344,24.0893692629028
24.1867591753111,32.2813056746142,26.1050072089785
18.8214172342011,26.4739346361749,22.0835632779219
26.2788201405198,25.9443534705964,17.0862718113749
15.4635012922495,19.6823619721633,15.6810010966941
23.6668999956446,31.9184222445989,25.9612859681226
25.5797496106972,31.1290874117077,23.8751248408253
26.1073631607464,25.6019693685891,16.7647657815448
23.4632322030239,28.9494617634117,22.425693161793
25.4461434156367,28.1393706419846,20.2731593951168
20.3338107789191,20.095927523883,13.3520718598908
20.6707727725736,22.9796972989534,16.7051385413114
19.2962547206994,26.162249323668,21.4232427515639
25.6612476242602,26.0224692466946,17.542281570814
19.189878942966,22.3667111473927,16.8135847604093
25.1132204401118,27.9247124693844,20.2029487712505
20.4693923715147,23.7374386607253,17.7551311124846
21.2349315142055,25.4565923798937,19.4250248335615
23.3408847156803,27.9646935343938,21.284908238841
28.9859285138932,26.469901312645,16.1556823696505
23.8787138129523,21.5025864811708,13.0177885609555
17.8397572419577,21.1672011232028,16.1239210238806
19.6570683929353,23.5663023079682,18.0178378373946
22.7423909197515,20.3915298081554,12.3124136907761
17.530061535535,22.7351698904948,18.2342777646656
28.0229449109722,28.2551125177338,18.9141010087073
19.8243127265373,21.065014684524,14.8417359988975
16.8857858381237,18.8653266330978,13.8466004527078
20.9477685082977,25.3504072285552,19.4616609435822
26.8500035604634,21.6458236310377,11.4627015758216
25.1189223660707,18.5014101467403,8.60118899011528
26.0684869106379,26.578712954117,17.9896197296749
19.8554599783666,27.2550438483942,22.4424297292115
25.8171366420846,19.6026522692773,9.54977216431526
20.0586089295868,26.5464165574269,21.4518574463629
25.1037870226682,25.4362524630338,17.1455865827874
24.1459387782021,23.6670991442693,15.5262116690421
29.6665026354187,29.4381422648259,19.412493622414
23.5632716709746,22.8963710846301,14.9171035365017
22.9634753275037,25.1942284081513,18.0948686848258
25.5727847042389,26.9186292045075,18.6968455905874
21.8002490955985,25.4929476081229,19.1403580998379
26.880309562773,28.6827735975854,20.1062969077303
26.2561930261115,23.3257116002166,13.8763665538855
30.5918350846855,29.8491531250164,19.3791798105236
26.0827282951612,30.8478112034591,23.2358345732135
29.8334262430206,29.7990061251715,19.7593866239507
24.8568034240301,27.1380176737764,19.3840806575941
27.5059017351939,29.4334785032741,20.665747367925
26.8328465971488,23.0243983363016,13.169483413411
29.0163322806539,29.5220619922828,19.8946419706687
25.305328929921,23.482049701442,14.6228651518245
16.8853468713666,20.5668081853512,15.9410824813796
18.8232842438169,24.7801221837999,19.997688441626
25.0540067903841,30.8985394750475,23.8977138795607
19.3074861153254,25.6825860312013,20.826316525375
23.1046871090271,24.3621120842201,16.9883941270495
26.4056609184077,29.5993851512203,21.5110658097021
20.9132052142462,21.7724560116313,15.077968919408
21.329370432725,20.5716260708387,13.3574554999089
19.4522059313009,26.4474990949871,21.6834617087389
24.6679556848637,24.7984639706628,16.6145417995103
18.5561478169656,24.9159107608826,20.3204822979283
16.8657721360419,22.1885060038497,17.9485152036877
22.9925366876427,20.9674378542077,12.8754944683372
21.5684051712573,31.0474765462297,26.1121085906955
31.2248681456789,30.6331549884009,19.9752771560895
23.5016924731689,21.3721647056352,13.0769545700844
23.2340031289252,19.5575947425124,10.9995203248266
23.3668635971742,19.711094269626,11.1110328739993
24.5260186451165,19.2043522983363,9.81187610722697
21.127445591508,23.7133054475998,17.3419761191707
28.4747144973713,25.2420618410977,14.9423139187602
23.1849031335336,23.6242198792454,16.033435544929
24.4899379178209,18.4953141460542,8.96019857455754
27.2076644722487,23.5256135417313,13.5679832441118
29.9892794718473,29.0425624849863,18.7375202546105
26.2442823758781,20.6625673492655,10.6054421057906
20.9264891605698,22.3107227801844,15.732740552321
23.8716311033583,30.7224648444843,24.3699736126007
28.9743029780259,27.9461102958495,17.9794117361889
15.3067770469023,19.6594076516091,15.7440724214866
21.2058787009268,20.4005722482283,13.2188774686019
17.2294373783585,21.6154085416575,17.0312227138648
19.8495419362621,19.4561819427959,12.8468430429708
25.5708845018633,23.187679248485,14.1058059115351
25.262147332932,22.1288994208233,12.982535945561
29.1009783495554,30.6452367324695,21.2277499284666
25.13319129234,23.3694292564157,14.5845546263362
17.4434810041591,19.8020892174673,14.6746193369143
27.475501308867,28.8534680889903,19.9695704741129
30.9116544804108,30.914507980962,20.5040848120255
22.4197511940596,23.5132818020518,16.3427484132762
17.7780323976036,20.7895489095489,15.6950645977491
29.0886381135975,28.818044501505,18.9859865499086
21.767241447953,23.3454809715203,16.5164359510514
23.0609273776447,23.6477278039,16.134611043571
16.7442546384206,19.0147549093173,14.1129915371202
22.5682290549426,28.0868896933969,21.8855410416862
25.8672082233359,28.6985951220241,20.7161101565333
22.3902751023861,28.2823558866974,22.2298204893258
16.297012096515,21.044657861788,16.8720577751265
17.3293476921066,22.0816380879249,17.5468514633749
22.5780262601568,24.2085017817183,17.1062148790746
27.599533812625,29.9206258253012,21.2107806041618
22.7452692755607,28.4518207745163,22.23154507472
20.7217414696154,26.244222617473,20.6934985771282
26.6885530296696,32.1934153279681,24.5390205321329
24.009566138813,22.1168545090321,13.6975967122062
25.0203408595654,20.0186263831229,10.5260608361262
26.399453074704,29.5979245964375,21.5128854668302
26.1090761464419,28.5301176515121,20.3678060849864
18.226775855007,24.2884170792155,19.7400741628352
26.5740305969785,27.9856606042973,19.4267431590721
23.5520161324823,18.9491271372487,10.0652951847724
25.3823894515392,25.3376529223459,16.8618846243686
19.4396507559324,19.7262168007532,13.4180545739127
15.4833824091037,18.9858174358536,14.8120917462541
27.3158544510375,28.2326548338158,19.2984850246999
23.1224900352401,18.8896843435173,10.2424187186555
23.1869171514915,22.7793135278187,14.9923300019273
31.7676566271517,30.3228772536488,19.2770936935272
24.7734702143924,29.9808848425261,22.9317117086999
23.0286462447841,20.0111257650256,11.6774002864031
26.6310932111742,27.9264528294005,19.3206180433309
16.3626719081097,21.4303956839284,17.3085732442756
26.0238179279775,24.0464460120094,14.8988708216591
27.762336338525,29.6436166585226,20.7749648357786
26.4485851806059,32.118684363662,24.586870368464
18.1378861505243,22.3049367372649,17.3505532469625
22.4953582763722,27.2795039206939,20.9342525521405
25.4897520326596,24.3048487111726,15.528122488281
22.9264599890391,20.2591147650516,12.0421758706828
16.5650120733442,21.3213854612147,17.0564959970747
31.1910677002983,29.4989625192256,18.5989802763566
28.8430259871469,29.4456925964604,19.9016311294967
25.3576394297119,29.1978330552593,21.6275132838767
21.660347157549,28.1393506534487,22.4791390811017
27.9950584852311,31.0803222101414,22.4076896485855
21.0534654029017,20.4447515496057,13.362066529146
26.1054902251925,20.9927098222046,11.0926647046368
30.1904684778548,29.9431063128783,19.7286982824309
22.6136554176048,20.0187173811695,11.9285616742869
21.782613282268,20.2082849492076,12.6461390195969
23.6761600320079,20.1749434997687,11.501721426967
20.4694013467228,20.5187107212641,13.7934346715457
22.9983101014469,28.150511634418,21.7132379352935
21.596406723524,19.6521896583088,12.0701865502141
25.5540978404057,20.015225597716,10.2108519374571
20.0346165131835,28.3021230052777,23.6268055633833
17.6546630496288,24.5310513912569,20.3720878460616
28.6567436744424,24.6887437496317,14.1552067089272
29.7162905183728,27.7906994157203,17.3557679024585
17.7826979198406,18.9815098371591,13.466966059171
25.5157434034794,30.3973578915869,23.0117905331958
16.7903726089549,22.8626100154462,18.822155075346
22.4338074775067,28.436409836501,22.3940674067354
28.4779792283863,29.5965513271356,20.3000265980155
23.7482488887168,25.9735888357512,18.5968332110965
23.0334178031789,31.4248664148788,25.7229386089578
29.9361521472544,28.2722523634553,17.8203607888144
20.4402763931165,24.1149748492854,18.2367781787438
28.8281764407897,28.0443640486374,18.1854936599584
26.7591021075287,22.8659187232804,13.0173940437096
25.8805313974854,21.8568091852251,12.287304654555
23.671712111717,22.075561483146,13.843641617171
22.9782352286474,20.4302329171936,12.2226226745851
26.1796053180803,22.2236300870426,12.5645250186416
29.9581584640203,29.3512660172689,19.1356146999299
17.8755019584831,20.4495158272172,15.2197472885951
18.8646655522516,23.4918840169217,18.3879794259281
22.7242298357056,29.4980942361616,23.5315845337785
30.3328595435911,28.9123454336647,18.377039840132
19.7315667884979,27.6730780017806,23.0291499100681
24.4314872336833,19.3744296213032,10.0762955221749
17.2532572043862,22.9514406260391,18.6617646245062
22.4282621703008,30.1587176984925,24.5171584732927
20.4663617282662,21.1374623061596,14.5567808693297
21.7243762387375,23.3735536721667,16.5759663292894
28.5243557070223,24.7524782996506,14.3107959905664
16.9450246515844,21.5346287084122,17.0975257248765
22.8658963633363,32.5981657270667,27.2646805426342
27.5122296810119,25.7951975488497,16.1839724369567
27.0596685292019,31.7983377393397,23.8364980692026
26.1597777724367,29.6584658269673,21.7270612503422
26.2173733652922,20.8963604901682,10.9088806055043
23.8828921921131,20.5134775584415,11.7979336852668
26.8463911914998,24.3824352504551,14.8330968553328
31.8036597928546,30.5481756069694,19.5334173243498
24.9951711690199,22.1236618152036,13.1316578471388
28.566971589228,31.9447936043064,23.1384458491386
24.3264503045313,29.0372921008982,22.0307950152436
26.1035703313673,30.9337940454348,23.3295196461822
21.5728494399376,25.4686922817061,19.2430110639902
23.153566165492,24.0748309712478,16.6063192210572
24.4479264028144,25.7571506701413,17.9227297460803
26.7338386905525,26.8666012498502,17.956255737305
18.4331315984881,20.0128311231937,14.3573309279168
25.9902236219235,22.1986014005576,12.6440728378227
15.1498053557286,20.5016352479206,16.8721755733093
25.2712635164111,22.708991932947,13.6912163327541
18.5251196533015,23.4717007556151,18.5609926225004
22.6808441338987,20.7951047840501,12.8450075604125
26.4260444537436,23.1153635875107,13.5184915748596
27.9342746774663,24.4795434114423,14.318704332625
21.8165772901996,18.7251746170283,10.8008985489035
21.1635743065623,28.4529114653396,23.1545498766752
19.3841078082175,19.5197860942372,13.196339655163
28.0876514962876,28.5404005643096,19.2275358207139
21.8180532476471,28.5214416050731,22.8575300179802
28.2317228486884,28.0128043833514,18.49420601761
29.7284534024745,28.2053483810275,17.8590408866415
19.6078582704214,27.8374108700089,23.3035005662216
26.7890610764038,29.171650935801,20.7611904120848
20.1229382456867,27.2745328619526,22.3105562401428
21.5196492655458,25.5968732185315,19.4317794153217
18.0256497416219,20.6549724102549,15.385136474094
19.5646151014367,24.9764220182564,19.807321643966
21.1048549386579,28.9105597997168,23.7520510424212
21.9400335725806,20.9042805986888,13.4110582818381
23.5882072236063,25.8651866270065,18.5566662071527
29.4882384855163,28.1506972617664,17.9317494685342
26.1599373575487,28.5944683405745,20.417373422475
26.2192705491869,24.1773690342414,14.9461228498702
27.8407078601956,23.2346508516756,12.8409811937155
25.9358538246137,31.340096496479,23.9273362406894
25.4743231627973,28.0848143955314,20.1895897028202
18.2137241673191,21.7313296139336,16.6003519597716
25.0549704224147,23.0548507716582,14.2429432550847
20.1229022900918,25.2581670827701,19.8287835340886
24.7556014670482,23.0350666033996,14.3930363395463
22.3364215594838,19.6436195957182,11.6284275894378
24.535361788686,22.8052743953824,14.2385371880556
24.7558823034057,24.248917763623,15.8869111978826
29.6099467111346,27.4370138866093,16.982409988693
22.219076880445,20.0714121883664,12.2233428492414
21.2968681533722,30.0408967592558,25.0314110137191
18.6330194340475,25.2604383748036,20.6997420268057
27.8467462386498,24.2220377392277,14.0527631844269
20.1750158435883,18.8821374227093,11.950639191318
29.6230353399473,29.1067094556749,19.0298864264139
19.6580258506441,24.3990603158429,19.0422593987495
21.9856915999867,31.6197795276365,26.5733583823559
31.3199020235283,30.6554023092245,19.9472829544916
22.3806575678826,21.5242082855607,13.9173268291285
19.0816925196468,22.3598846730378,16.8682233877932
21.7021590021095,26.4919953449946,20.4271687897919
21.1510449823258,21.5373299779579,14.6499793500048
26.3601896063075,21.3240391261916,11.3520584065303
21.3834843292118,25.6628183805929,19.5922904343457
17.3249423659128,20.709078150361,15.8600372175924
14.9248680283036,19.082193820713,15.2561636215645
18.0388833307261,25.2478251847388,21.030423768696
16.4660186992081,21.2137173652582,16.9816593828883
24.7536424245678,20.0516223905617,10.7220797950231
26.5681318059577,27.8773873230397,19.2969149423336
25.8768136148794,28.6500703550663,20.6507875398394
21.5788648415205,29.1977570538173,23.8293324621261
27.8217131136244,28.3732300706994,19.1767419347233
20.1639731266384,23.8789751813444,18.1073072905818
22.1747275421203,31.430018712906,26.2296437217555
31.9430925611469,30.5784800841751,19.4894685957429
24.6365967078573,28.4594622783956,21.1388635391094
22.7045921624795,27.9370704831154,21.621680261521
29.218251831062,28.6129715571352,18.6580509923976
29.916933813497,30.7009281516043,20.8208345924841
18.6361874763997,19.9978715557803,14.2205965403554
23.2710675537807,18.8765539417433,10.1396805535647
24.2902354420871,31.6935707821979,25.3213121484912
26.9056735103909,28.5017729491582,19.8687370507295
25.7623150291563,31.9876785497052,24.8255185107883
20.2178556170808,27.4002126210406,22.4099371710149
19.6254671047455,21.3864806752918,15.3532728532105
23.4068493075811,27.800036261269,21.0438060001654
20.4975451703896,20.4937776289592,13.7463468344059
19.8367088971961,21.6542108143354,15.5597100808899
22.5928942603754,31.0671796553816,25.5393842490583
22.9517204679045,29.4375111498145,23.3244573072974
26.0613570115922,23.5240199335563,14.2339814491863
17.0542596538353,23.7317790261636,19.738181698094
28.1263311774598,24.9174738793462,14.7458077763255
25.6902186298584,27.957354244811,19.9069050718349
21.0999627260887,20.1463251600963,12.9676615858647
25.5388695734237,31.1740189494421,23.9542487286887
22.6830986675613,28.8989611314265,22.8181238143842
22.0636404407772,26.808933789471,20.6066273683941
16.1029932860121,19.2031181740643,14.7185002903338
16.7872433409058,19.3965766714134,14.5578976010756
21.3325864835346,19.9493773058585,12.5897020769163
28.9298185243328,30.3340553083014,20.9444757848263
20.49753721295,22.055715632945,15.6688240066604
26.1337098778724,30.2447194854436,22.4638268869175
29.586526454699,28.3565217353363,18.1278104615844
21.7318889648331,23.3470821251544,16.5390067773999
21.0830584429218,18.6647584604532,11.1539622896999
26.5909370207047,27.8534924642234,19.2542158258161
26.7932926523796,30.6090079133265,22.5278597277359
25.0292902931413,21.3800446641092,12.196513774736
22.0940480693106,21.1307332783833,13.6000368353178
20.3103510555484,26.8532752740079,21.6828553433422
23.0948106160989,32.5746097954719,27.102297716917
18.1067114145439,20.998838845479,15.7611408390517
20.9639086168128,25.6872901006021,19.8668999159594
23.1678746687705,27.7718495712866,21.1483649495784
24.6211867528932,18.9882337910587,9.49041703949165
27.1069371572233,25.7569006886683,16.3730018806439
22.4002583355536,21.3930403398955,13.744460551252
25.153024331384,20.7952745224272,11.4046634891537
16.5682161849635,21.8829831963548,17.7458575448863
22.4667799504328,29.098060715614,23.1892306899977
18.2388580922449,24.2795520225184,19.7221224422892
22.6088080697595,22.9585581736619,15.5498161546674
24.7633854616553,29.2440627721118,22.0306890343229
18.4162129148306,19.2202163566957,13.391619370647
21.1958147794366,27.3762416915624,21.8105709695
18.6291395302988,25.0056175027358,20.3883629369159
23.6684944287633,30.0460642711691,23.6558116507893
22.6775634755842,24.1316006190695,16.9535621135814
16.5857880814179,19.9629687046206,15.372416231857
29.39286951345,27.0059358173763,16.5783203474994
22.6481742916914,26.840738166437,20.3051619067331
19.2727996429202,26.882234773273,22.3230863336622
20.1592150300732,24.6592585104553,19.0704721838997
21.9711682550075,23.9302094159976,17.1173051391102
21.9592738734792,26.2127724897813,19.9336720359724
22.4279999325074,22.3406870058648,14.8946826941452
16.3325843746481,21.0366251496652,16.8414427492498
15.7615742624168,21.3184853880054,17.5210941426684
17.7232389802728,23.891665191144,19.5451556761362
28.9037517072453,30.8576257633397,21.6040887319869
30.0561137538916,27.9942578669964,17.408295891038
20.5865427744973,26.1588195058321,20.6671633045344
25.1347082645053,24.5473691149262,16.0335086492057
16.92120423018,21.8492589048817,17.4986607655345
19.7028872462755,19.4939398226972,12.9787728840823
21.0858135180576,29.2952592383383,24.2366443166122
23.6490647143642,31.7083583834856,25.7131268069267
17.8667472594665,22.1908596437611,17.3681384164988
21.2495076604769,19.8143425464743,12.47190838947
19.34604092169,24.5174192889582,19.3697339292971
27.5437965477427,22.7553478953733,12.4240549274646
19.9135822403182,20.1520621551529,13.6660332535581
24.4232600358127,32.0387214780025,25.6686181340668
23.5011249642455,28.0516499835858,21.2985635474814
21.6939774799698,24.1648953069048,17.5676830177881
24.078182275329,27.9046309121839,20.7813543138951
20.868957809636,25.2016580637943,19.3245001619098
20.9078454253643,26.1522224379593,20.4718186469465
25.5786978578512,24.0486632166354,15.1609737242989
24.5231343385778,31.5254604611706,24.9786862748612
28.8501269820557,30.1835032747143,20.805609259326
23.0185000116415,28.3051165867445,21.8917648230661
23.1694167843563,30.0038563854192,23.8946764112295
22.916211193898,21.8566821693468,14.0144739963627
28.583545709862,31.8139000103206,22.9676808940662
23.0431095834709,21.9340499445598,14.0357558086761
22.4219899074896,27.4497566590134,21.1865560514934
27.4556464472666,22.9752315149183,12.7460587585397
23.069746437291,28.8345390301168,22.5135296929876
23.6758919560486,20.7533653575659,12.2138137903994
23.690119016406,20.5844227148064,11.9975847551253
24.5500332627543,18.6171458992327,9.07513426930329
19.6548426520194,25.2693777514992,20.1153228306171
19.2164167733595,26.2579969487257,21.5876133446717
25.5018127518453,22.9000801602418,13.7920702168502
19.6358271173401,19.1818296646293,12.633696166211
20.917057856899,25.0996269164855,19.1708895005798
23.7442137320276,29.5570221306115,23.009764243924
27.8760332184752,30.0552887896522,21.2154094402031
21.8905379085828,30.7896932981213,25.6071139760558
25.2571027841808,19.0198131516838,9.15873394313722
27.2144932097456,27.3135605456316,18.2263044371068
21.2986942766995,29.0016270426405,23.7511876451441
18.9519838990265,22.024879745031,16.5314728323572
15.1470049287829,19.3577822886959,15.4659244385909
17.8911047631253,22.7704900766478,18.0673688639151
23.3810616307382,18.9620709430617,10.1808428739754
23.6189752282934,31.1918745183898,25.0949587992175
27.2886058958279,23.1159242501702,13.0165623591383
18.3492214620404,25.3562883608997,20.9830872358996
28.8048066845377,25.283615227414,14.8011123387442
20.1850762914307,26.0753356038939,20.7983459470479
16.1010450933019,19.9103876354116,15.5901605344815
21.9719060616587,19.7188757400333,11.9334599266562
25.774185543429,23.2583399416965,14.0743122335545
26.7730646543392,27.3626083001189,18.5438964911081
28.1044493008148,24.7291985202831,14.5268244242004
24.4505145132503,32.0498762849045,25.6664664168324
28.5725907937755,31.5977693986399,22.7080453972421
21.7227295772926,21.0675376696821,13.7386234187505
24.8895185322764,22.220769302453,13.3127445542026
23.364717571924,27.0016461757949,20.085677819193
26.0731323136226,23.2200074948022,13.8529337687369
19.6754020861198,25.829291921815,20.7924991627433
22.2690414064551,30.700332232403,25.2765700627076
27.0766941194864,25.1778967983577,15.6779721306281
22.0124621009599,24.8629275537938,18.2412559045009
24.2103403666671,19.6475075244684,10.5412701607991
19.2241879791632,25.2374787066982,20.3270055298707
30.7840630116819,29.6028858055121,18.9640555371272
24.7171505652407,26.0636727513534,18.1431264250516
24.1310449600601,32.0930915976004,25.9058135740058
21.2428216000775,29.2210047595217,24.0537605662169
22.8100658584436,26.7152126276442,20.0563268142557
24.1934823318351,21.257284936364,12.532447910878
19.4094714970043,24.9680390138702,19.8874066626199
26.1507860724896,24.6057995415739,15.5133521626269
24.7487541390719,23.9545580816733,15.5287595267655
26.095612489868,22.9428171019715,13.4986615472074
24.5339809194265,29.9248592842208,23.0023057725639
16.014426218497,19.6940936753459,15.3744137889967
20.8103114434847,22.2302952473579,15.7014457186823
18.1626381423518,19.6827942760733,14.1087313087326
22.3435706093349,30.8131974180679,25.3720587925316
15.8525232907787,19.7675552067239,15.5591738132567
23.7956288056533,19.4515449952258,10.5417292627813
23.09504647912,29.7708190284177,23.6511841633445
23.1959215738227,26.2968233936376,19.3165225877482
18.2547735873101,20.0850159808741,14.5501080576945
19.7948504107513,24.9908686116056,19.6909434937619
26.9135004436413,27.6006916410635,18.7551027421023
20.8163197418924,23.4651766228343,17.2178676706698
20.0865565088047,22.1143922644702,15.9805253941354
23.8277992802188,30.1537882366667,23.695573201272
25.7624888052638,22.9347860803377,13.6828897660668
27.4143525868613,24.6796533539725,14.8679661371632
23.3607039014716,31.3202047449306,25.4034069877846
24.5157953119692,31.0793277600432,24.4338514293983
22.8036364534909,25.1602055265453,18.1461314578466
27.0468574580784,27.2686189627801,18.2686714817926
25.6686862340324,30.1303418465835,22.5940198488207
21.5372579479733,29.5577474636156,24.296662268002
22.0277003749311,30.7644816681467,25.4961575454384
25.9905262057307,21.0801911110802,11.2673290387964
27.3646791052809,29.6197145638142,20.9772625926774
27.988607383709,26.6465905767191,16.954300459161
28.5555291105137,27.1672744172361,17.2648228047366
21.2935830563231,19.363175940397,11.8909182207635
15.7275317380033,21.0024686357219,17.1519695508547
29.6451997843242,26.9534136951784,16.3666405642182
19.579605892782,26.9997347858935,22.2889306129456
25.8310101136094,26.2284260666002,17.6968568632955
25.0863792301818,22.7246232468052,13.8181888363617
27.6415278511929,30.7347824623413,22.1883948897508
22.0330518148684,22.6772306890946,15.5390475533487
22.2875259362609,29.6362914902552,23.9561509485734
20.7086172436963,23.4005743242732,17.2011123763067
19.2394317698928,24.9863816296799,20.009066298593
24.59080312809,32.1043573520448,25.651776136011
26.2491837590716,29.395941900468,21.3518428464603
21.4228327972354,20.8562037581979,13.6532598333514
27.4961222942413,26.1953405368719,16.6858643420941
31.0233450198953,28.9845995374899,18.0636223240135
22.9881938818272,19.2712811360668,10.7903527444266
18.166878002182,19.6816972077492,14.1049104198504
22.5588925572488,31.6647801497529,26.294738930174
21.500307401173,22.5097783655574,15.6433761247967
26.9944293185279,26.0877097581031,16.8457289301343
23.0421508209653,19.3813856066485,10.8944310879281
16.8011909629742,20.0385133257139,15.3398820063297
30.1042113498677,29.7257489236554,19.5114318497642
23.8460357966333,28.3019205028546,21.40562135222
20.3504058358893,20.59830189689,13.9607368282781
24.7388742973148,20.1630439209128,10.8678256827132
22.7198720569875,27.8575883134021,21.5149479317145
28.1741606969392,28.798146284747,19.4943663419764
25.7344730498714,29.7318253313932,22.0651813709229
14.4929834155719,19.3191757259137,15.7995084418223
29.1652612070266,27.6052472923275,17.4485965784053
24.1838505815401,24.7121926001318,16.7904475339015
25.1565213842207,30.4399764434106,23.2735671625746
25.2221773981652,25.6597770936567,17.3517195911613
17.2561429215744,23.078979975284,18.817061736423
19.101616233524,22.9384259811997,17.5686969068126
24.4208280093965,19.2190236090755,9.89122908668664
26.4211145925786,24.5642726128116,15.3047178609095
29.6440973467843,26.5968146171503,15.9283718566625
28.2190887961949,24.0837053396424,13.6655341368554
24.4944801800417,22.2618119236071,13.5934518626128
25.1138590797147,26.5549645813728,18.5166565201092
22.6281459598453,27.746477963977,21.4316398232308
23.417432221227,30.8858126607773,24.8356903937741
27.6558702875361,25.0564852679669,15.1910466322484
19.3391804495888,23.281148665633,17.8520986224507
24.5448313549619,23.6744371144359,15.302806530065
23.7966474992368,23.2079214902882,15.1645782248857
18.257977895555,23.988158076082,19.35232623793
25.4876203027196,20.807727532404,11.2250200550682
21.9293858527484,24.8119285360173,18.2268940186535
25.674558241164,23.576914008713,14.5244745753155
24.9987113505413,31.039204101778,24.1030683927464
26.6750550226589,22.1456438659333,12.1798363523573
25.5604359169422,27.9884532880725,20.0208076557457
19.1419044458055,21.1240559366987,15.3120485114183
25.2882046121801,20.2050776939212,10.5994641126447
22.7954888768855,24.1766962724892,16.9403511972148
27.6566516162707,25.9245845269791,16.2590697246925
18.4795309092855,25.0259508550401,20.5005675035553
28.7627795122639,28.4591753081103,18.7341609290068
21.6983621693462,30.754994445109,25.6763876155946
28.5400562310298,27.9916886584348,18.2885486962408
22.2279730894644,24.4576423105733,17.6168412077174
24.2034094136912,32.4947561000052,26.3580251695786
26.8543104240815,22.2911093737216,12.254425846136
27.9292998797337,30.058497992808,21.1883206317733
20.1769292805114,25.7631933644251,20.418900744896
29.4931316989485,26.5158071180029,15.9166343043675
22.1829544530749,21.4950033459002,13.9965833473692
23.114372216993,24.6455320612517,17.3315909894097
21.7881460441477,21.9912685209166,14.8374560222652
25.0842944833471,24.3368379458354,15.803757984559
24.852397065105,29.8081470646974,22.6731106023733
27.2233698962991,26.0502911990434,16.6662682945394
20.2038495976582,24.2910499464801,18.5912630250969
29.0638637060736,31.0321913940073,21.7256503539934
20.2757534074537,19.9186174514205,13.1676645176633
26.1348032648334,27.4593157119742,19.0348448230669
17.2674170354329,19.8408945921549,14.8249754092955
28.724908249282,31.6538480021408,22.6883121327341
24.928210450544,20.546322851235,11.2292478019759
20.3003484835779,23.1765749371157,17.1633087537106
25.667697392332,30.3046618206344,22.8091534557656
22.9265130899313,30.867591920208,25.0993251246909
28.0519018257565,24.767155471055,14.6041624953375
29.737969446977,28.4780090238502,18.1890934043633
28.5203436086999,31.6832664118128,22.8437219908938
20.3577065971657,20.4329108771754,13.7529152124192
26.8483054112268,26.5333181661432,17.4793421575984
28.5452146619392,24.6167762721337,14.1316158982147
25.3914362533981,25.9418372076063,17.6002582002403
22.4861181252726,30.7376795918764,25.1960463337877
21.4492222650907,25.0006759316544,18.7390030168159
26.5840856680701,21.38031892661,11.2908635329426
15.2362674861069,19.7972239478868,15.9547864898974
24.1822170138396,30.7535365040958,24.2272372746686
23.0707806916564,19.0117377654676,10.4227764554327
29.1170587442919,31.3869384209111,22.1312848657523
20.9176268261298,28.1362079236812,22.9080581498617
23.2314580346353,19.5897108967048,11.0405327346832
24.1737997798439,19.9583242076438,10.9451235437955
25.8067834336768,26.9647587194021,18.6172706105905
19.8565093563555,21.562713476195,15.4355550220599
19.1300168497798,21.4475656947954,15.7171594166682
21.6139655596658,26.6676429802015,20.6947511156188
25.454926430016,29.8357806936498,22.3560255943577
24.8601123610712,20.3198077908146,10.9901285059795
24.7945673678158,23.6306186280145,15.1033510887641
20.7995919970177,22.9919919910723,16.6452074871033
23.8332579720005,19.7122516427178,10.8406868321093
21.1950378538153,26.4446561394482,20.6644047868404
27.1271949469669,26.2945584436577,17.0229602274697
24.4959228814045,27.3821138760372,19.8948074714762
25.2812028959967,22.9808675907024,14.0200559914542
15.6720343794613,21.0315731772613,17.2201307676322
22.4095716119965,22.5542942621023,15.1683341551677
24.650206955455,28.8914110395303,21.6625861599501
19.2141404807203,24.303673813044,19.1835097396272
30.0571762013608,31.4816605337177,21.7000596122409
17.2933783491823,19.8093662862224,14.7710417780583
28.0428234284826,24.7128205076284,14.5425756893022
24.97622745011,28.0266165380447,20.4082014273251
20.8128083848381,18.8290182560819,11.513613567096
30.4458807074657,27.788386571485,16.927784982261
16.0129500606544,21.2105081117046,17.2417149389855
19.4820077054759,18.8093341910968,12.2648507960621
21.3612442321935,27.9745661506231,22.4506070938283
31.950629188146,30.6856306556684,19.6169605770711
23.7469195357442,29.9664981578548,23.5121809387016
15.8795237955593,19.2518367093704,14.9086811879262
24.7642274501008,22.7759352395084,14.0690645390509
21.7770804347501,30.0055527168981,24.7080863425813
25.1745927278532,24.2876251772579,15.6905683892342
28.9042342491123,25.8895482704046,15.4889729623476
21.2392933549725,20.3623334857475,13.152341336502
20.8630742742052,27.1361699098395,21.7089743106239
21.3739809837851,22.0272576852379,15.123088647006
26.7166577620857,26.3685012454237,17.3531931596917
22.5899541273089,23.4563776896639,16.1735312174321
24.6961448238524,21.8593368672513,12.9805643555819
27.799139608153,29.0793980864966,20.0590649751303
22.6365851017491,27.7487754724815,21.4295501200443
22.5308632828434,22.6089126114899,15.1648824684673
21.3808659213503,20.0636368888756,12.7022029484181
18.7521163783283,23.8617421155334,18.908793087811
26.0108240135861,30.0593541278639,22.3072808164965
22.1828588174393,19.1343500939642,11.0910877463059
27.6721585910051,30.4146121606048,21.7764725383784
24.2164920981217,30.8789205028187,24.3615907702761
20.096334138832,27.5324869388142,22.6435549577426
30.2363542799477,29.3166121823781,18.9308556582923
17.8844748955285,21.6319103691256,16.6698396159866
30.2409860688604,28.8071705196815,18.3011230924353
16.5274778866995,21.1444970307266,16.8606486497806
23.9020704859872,26.0850257183484,18.6443598355765
22.981203789538,26.8981704273057,20.181792857358
28.9584201767395,31.3091120566352,22.1279337866693
22.5968076760106,23.5220915471667,16.2504198836571
25.022732566386,24.6772611845897,16.2586319265607
28.5905234614283,27.1489124754935,17.2218310649122
22.076007544731,28.443689302524,22.6115191438873
20.3813758758617,24.1438239913165,18.3066080826777
25.4442084401244,19.5309348170796,9.67880783551187
26.5475919002968,24.0014661355103,14.5383024870317
20.305544723633,20.2335844899237,13.5379742977895
17.2499253159134,22.9168056070923,18.6210764827881
25.5245824069291,26.5892326122898,18.3195037331415
26.3101596825303,23.9012716048811,14.5533335999245
29.5312592229265,26.1935399457833,15.4977626547855
21.0962459617931,27.7503453802914,22.3290464854086
19.3253685479282,23.0701360901492,17.6004273143543
28.2028520638735,31.1426752795594,22.3633529124817
29.9349750925856,26.98027580567,16.2308494597738
27.702512592769,29.3523645792921,20.451344085098
19.9788274834204,21.8367125261999,15.7015244914353
23.6977773783073,19.7735039283864,10.9950229707531
31.616604831733,30.0372954915649,19.0136111976215
23.9004625031943,28.7185946587931,21.8867596302585
22.6899621949738,31.5671755162724,26.0982296968618
25.9857734213306,28.5329426515387,20.4431323416518
27.2430730739018,31.4824178436189,23.3407850885002
29.721671913418,27.1502053286455,16.564295920672
18.5977987402388,20.9837687898029,15.4564329519604
25.1648820787161,21.9608004828387,12.8323125478439
28.500810368405,31.5280138455469,22.6640153584547
24.5958347252303,22.451938964467,13.7684051504274
29.8691418614583,30.1290540856197,20.1448062581914
21.7479806738349,25.1982174619183,18.8080539281285
29.4518705958279,27.4106602245253,17.0420850605861
30.3299189845433,31.4550177759564,21.5083383177475
24.2273424259129,30.1466436353856,23.4539634594217
14.6149432927816,19.3513692242193,15.768066317517
18.6509414567823,24.4706238398244,19.7171751937204
23.7626160206716,31.9083216251065,25.8930796180061
27.3549329541266,29.787241400787,21.1891379681984
31.6692684724594,29.989517652898,18.9241176405626
26.9009058642389,32.2666331201121,24.5053996662228
27.0927839142097,26.3656957446898,17.1305693026706
22.0950151456433,21.0617096594965,13.5145173104374
16.8823061193476,20.1457591523287,15.4246166165607
27.5958297167506,31.5014686459005,23.1586800598262
18.962810657705,21.9515799356346,16.4349447736711
23.884595482387,31.7120917632682,25.580476871424
22.534104408269,29.7530288711204,23.9561516187327
21.3716753849412,26.9336102174141,21.1632940895663
25.5527917584904,25.707534757449,17.2178501185611
22.1233932323884,27.8953747815787,21.9090279557094
27.7625432408137,31.4396399139321,22.9854348163951
29.2405316239441,27.9031067337717,17.7713489763043
19.4663318351029,24.3636903849983,19.1104263557879
23.4492427015864,23.6153291652472,15.8684605115233
17.827170315278,22.2257239465764,17.4341119792044
29.3328465856434,25.8286428312454,15.1642542533387
17.3580250772748,19.9989599641427,14.9667284361553
30.8289805629868,28.9397051426556,18.1216224123559
19.4095028556638,24.8126237932093,19.6960994317167
19.1816190160025,19.017651754339,12.6962914268561
20.9470627293583,26.2378093307312,20.5543090061474
30.0477240424561,30.3952811598561,20.3684244110533
26.3149912990096,30.7647680335687,22.9982820244576
23.3942599705256,20.0542698613993,11.5174579965153
18.7757481792138,22.6074350283441,17.3511900330445
15.5767917199962,20.9734898190056,17.2041387322557
26.1292681494664,30.0784219144059,22.2617318781961
27.6612219870528,30.8404205053315,22.3069409657611
20.6724749056192,27.0070936710851,21.6611673329335
23.6945670477776,20.622627216527,12.0420159233143
30.0776212232792,31.0943512744171,21.2114362189893
19.4636849767471,24.0958911363488,18.7823546516214
17.5078098185512,19.2011318295145,13.8974611324155
24.9631361807304,31.4739647985563,24.6589126276944
22.2000989705803,27.8017788560938,21.7491308839791
23.2880493806216,29.428436067265,23.1173067616185
22.9986786422847,26.3990362338206,19.5572632596695
27.3053359749408,25.661961158493,16.1405398401751
15.5361219395666,18.9957016848353,14.793525913934
26.7904964394335,30.1240939524952,21.9326448110484
25.4208948271156,31.1614346399022,24.007504177482
24.1536784461582,29.1666918270882,22.290738560631
24.9971897036663,30.3782305850894,23.2904122549624
18.5175707563262,21.6433132520823,16.314966132876
19.7648453237307,26.7396384710936,21.8608574997772
21.2028043028872,24.1834427219766,17.8767209522598
19.4602363528953,25.8439220545834,20.9358845531206
26.4584651573139,26.0166036421574,17.0705189989396
18.1702743563036,24.7520458165712,20.3436437942371
30.5583247038221,30.8123807432062,20.5842712449936
26.2081754657379,31.311468170612,23.7334164608809
20.4799668236975,19.2223481579543,12.1916824989854
19.7240992669662,20.1342295857213,13.7544972491728
16.4468917692315,20.4724390903221,16.0804208264122
21.5802232199139,31.0840905191107,26.1502875464488
26.5754136809509,26.7295198183732,17.8798475914717
20.2815286753896,25.5666609535116,20.1160530737876
23.9198749495054,21.3021908081531,12.747151711611
25.8437076684074,24.7034223719011,15.8124450686711
26.3561525929858,25.6591612916186,16.6901880675776
26.4246451486638,32.4384771653288,24.9944293710152
25.1184011739417,18.8678562722675,9.05252378904973
25.06917818978,30.3923918526649,23.2658942123174
20.0581151441714,21.3951801978684,15.1118740535116
21.4746203449754,26.0594333975692,20.0273487039631
27.6828282202714,25.7316606880365,16.0063609659215
22.952789915341,22.790944816644,15.143073311818
23.9047976945683,23.8940536036983,15.9460671542925
30.2397068414386,29.187432043833,18.7699039424086
30.1514653174333,30.5357574924926,20.48087559926
15.5633777177425,20.4328321979494,16.5465001623226
17.8349390220381,21.5746332699028,16.6282063490665
19.143016097722,18.8210786722389,12.4768384716248
24.9352826131836,32.3158257875965,25.7113267097366
22.382813829864,29.7399864687676,24.0282565538682
22.8430167767661,21.6900476881997,13.8520268798373
21.6214281380443,21.3679629278513,14.1674232794575
17.1408316960161,20.5158507795054,15.7294904144703
24.9312842575646,22.9092082027598,14.1357553304538
25.4851926776542,30.8470043028525,23.5830287083765
21.3937003020957,24.5462519112097,18.2120394691088
25.0729180688361,28.6314188340715,21.0962651325477
19.6589956076508,23.6349555834504,18.1012150150063
25.2696588637717,27.8608086059354,20.0331367613427
21.7661504228434,23.1482739769967,16.2743443741471
16.6593524041855,20.8737172824994,16.4505221267503
21.4805612899488,18.8805690613836,11.1879603052169
18.9134821290535,26.5945755930536,22.1784044782061
28.6863169683943,27.7712410286465,17.9319892796664
28.0423452433364,26.24418223797,16.427692820066
23.3654780306348,26.7119690796464,19.728692848311
25.0095650385586,23.9298751884836,15.3464032570377
30.0368144642253,28.3638877493095,17.8744914384588
24.7639551377564,30.0281868294589,22.9954766700263
24.3298539317528,20.5155149656866,11.539994314857
29.1555672557573,27.0695802849053,16.7949328869545
23.7134590324327,22.5538865096124,14.4080499163987
24.4978377905215,31.7668102323079,25.2904860741317
19.4553602623567,27.554273924714,23.0438699282983
22.3345050654877,32.2875022508903,27.1919527615211
22.929949540658,30.4883460827265,24.630537381511
19.3209340200423,24.3054085473145,19.1234157117903
15.7550820913085,18.9788862092035,14.6452397201324
21.146303322357,22.4568246217122,15.7844794490553
24.7916216738401,29.5594734590279,22.4024510357067
24.0565408335171,23.0398227860784,14.8062368422505
17.5300410829326,23.3133678674227,18.9459502784085
29.8609530277573,31.4260034649317,21.7458958155307
22.3202725373941,24.2583189641657,17.3177256297813
25.9333821315098,22.3569497879984,12.8720938601199
28.6260649829667,29.9354651833934,20.6308799035764
20.725533351888,20.0737695978337,13.0965404314537
22.2204308405918,24.1749448257231,17.2732849511131
21.1073101582043,26.5456028535359,20.8397719490254
22.3780791454021,23.8664615948753,16.8017335069195
17.545691709766,21.991196909705,17.3094693408609
15.3447122586357,19.5180695680098,15.5480049010083
27.8136692560266,29.2195721094204,20.2231281784165
24.2709943574955,20.8480301402744,11.9835601428637
24.8184782130615,18.7125879246702,9.03618236391037
25.5609392221592,21.1094536280147,11.553668776363
23.9187073930564,19.1867813703611,10.1441329723333
27.627976969339,28.8921646527071,19.9283507714518
23.8336776998014,22.6896625738745,14.5051144290916
19.9397547789391,24.0792781978123,18.4844985390337
27.4260692416172,27.9100311759093,18.8371689570991
15.5605775751521,19.2454805912622,15.0867096338085
25.1110628504816,28.112246608662,20.4350277405747
19.3690696105955,27.2118808518864,22.672725969504
18.3572050066397,23.7535600004526,19.0057568496724
24.8007085883472,25.0006693155693,16.7860653714243
24.1961187694386,28.4316568714925,21.3613088615683
19.8946640185512,24.7902141985891,19.3858110633452
20.8106589797827,25.679832163636,19.9470199056184
21.0564913429248,24.856434078264,18.790312986926
21.8157289141307,28.1196847333957,22.3643919690168
26.5934283969006,30.1894518481084,22.1279215825128
28.0902149800487,31.7608064089472,23.1897984835163
24.5423768233009,29.3890114812683,22.3378784954086
27.9466417698625,26.6136624615107,16.9382253015733
15.2503494906335,19.0333583746265,15.0063958905205
26.9835904468136,21.8941045495923,11.6904501549243
31.2450678709725,29.4184051127543,18.4683620003859
18.1420753550025,23.9298877239192,19.3481426720225
16.2120676642776,19.4394182381709,14.9457861059853
22.8530454069015,32.486701858438,27.1349763358026
24.1843081294435,18.643976994287,9.32126870056968
24.47617379146,21.6642911829165,12.8686755568829
26.7301046362318,24.470265218343,15.0089610012641
23.1898328702168,19.0788193195616,10.4359697586591
24.2871935794986,29.4790157788498,22.5973547248123
29.3059768623404,31.3352237028698,21.9575494657903
27.5596674199315,22.785366853484,12.4517549708053
30.3712462956953,30.5123418745,20.3239874843024
22.6527394003352,31.7524846858436,26.34800280527
28.3382280258343,31.3304635349688,22.515603097854
23.3026721811599,25.2675358262655,17.9874454256858
16.6498353139052,20.5307993275602,16.0339957536026
28.0943596286363,27.9092210062393,18.4467552981131
26.8810446749307,27.5247072308734,18.6804913759286
18.1290614651097,24.881801693528,20.5273655656409
20.6505284029054,28.2536624118932,23.2082638040579
19.1441612952803,20.1508247643709,14.1128560557254
23.328096584574,28.1524324015641,21.5234336673483
22.0467904734631,27.6892015103611,21.6999015625409
24.868246579084,19.9460624299462,10.5253734727828
24.9735429665479,25.5410248655806,17.3504370154013
22.744234854386,24.6711358665749,17.578785871905
24.6183517252294,22.8534733103309,14.2495029312799
25.1089702490458,20.0505680435715,10.5137306018618
26.9779795354436,25.4346547883634,16.0515178458926
29.5943850129155,30.6413360886593,20.9354381432997
22.5397362573261,19.0987240026819,10.8392838123179
25.3680780206044,23.4136358393573,14.5020954115852
16.0802498816834,21.7862216355551,17.9111016319908
24.7441432284651,28.5889022135734,21.2355135145153
28.9863366206037,27.5791233503723,17.5207029143179
18.710014138781,18.8218714415533,12.7301268535019
26.8663984852555,22.9036864508351,13.0013573225508
23.339461558177,29.5847603209589,23.279756421902
23.1938201013275,27.9647455289544,21.3706675941827
17.6768447303289,21.0666473621808,16.0950869446141
27.4697226037151,22.8434341555402,12.5756370037784
21.9037054357154,30.7544583762759,25.556073158616
25.1872709608121,28.3719472037958,20.7102668726757
26.6546778592343,21.6196465852595,11.5442995699618
22.9465428672136,28.7313209373455,22.4582776687649
19.4480813059121,21.4905798735399,15.5847644416564
21.6501985871281,27.2515010550465,21.3922651179725
29.0097204225844,27.712341918955,17.6710458053959
23.249584885003,24.5919122718369,17.1868052406722
17.8882138200765,24.2941286436702,19.9443860585305
29.8253103317048,28.896543956497,18.65334270059
18.9811876123336,20.8375223052139,15.0530263015383
25.5732646010303,27.7490611569814,19.7186824618897
23.657147589738,29.9215544219871,23.5091736658606
21.749054688672,23.2999976707568,16.4710514864055
20.9984474282584,21.0371897361685,14.1233136090496
26.2858670198744,22.1311115449624,12.388731595026
21.9874308558481,23.6933337422089,16.8162763019559
26.2256474291788,30.5850942257699,22.8291961519599
21.6132726586821,22.0921401534118,15.0635110446181
23.1633599703214,31.0994497005321,25.2466895265659
22.5710841268483,26.5631352263513,20.0084020967228
22.9921643185534,18.7959940421441,10.2030438534259
22.4947607213823,26.9958948365359,20.5855275649092
28.7903905069497,25.3722954987859,14.9186626305565
24.8511881337891,25.860271537585,17.8146706732209
21.0036484456896,21.7205001512892,14.9613185731401
21.3918737754038,19.6420690215916,12.1769122893785
18.9395058664119,20.5670709027612,14.7444361033833
24.6233138759499,25.9429442072554,18.0492098545755
21.2897309657167,23.9532775277309,17.5427752045836
19.3938341721387,18.7305400224088,12.2192481562435
21.2061261505984,23.0573803481045,16.4887994338472
21.2215612683258,28.680699102703,23.4011273020359
19.0560720579961,24.4915745243329,19.5068899944065
21.2020461758367,27.5772661536308,22.0543658587582
23.6005866016614,30.517178594739,24.2752412600151
21.6677750562382,27.8483851047532,22.1166830965322
22.0612447083537,26.3228222603244,20.0097050923363
20.1283092430806,23.684795884241,17.8890880743752
17.3548822651937,22.2779283809399,17.7735713512708
26.9753257350386,31.7192261284819,23.788272520814
26.8949634235791,24.434962615772,14.8694455495823
25.0780115535084,19.0769200784078,9.3333800277248
25.5847859498911,28.5287902428089,20.6716790563199
21.9275410837154,21.2212571051446,13.8084803712179
31.5883527501696,29.9543769554144,18.9280156234054
29.8636572179678,27.1756070835034,16.5128254213224
27.9668028115452,26.137612562553,16.3405431764714
29.4702220534535,28.5583523889244,18.4439999144301
23.5348259404069,20.7949743872146,12.347227172112
20.6848327252556,24.3045981868619,18.327667027532
22.0904848306497,22.2554005617082,14.9863819010697
22.610118330108,29.9026607675833,24.0960285859877
23.3325454579859,22.5168092260716,14.5843746978729
25.4187671245117,21.2140653692322,11.7652719983374
25.5047485927862,26.6229388213484,18.3725474545603
16.4514643176295,22.5325866698434,18.6134377746785
23.4952407705538,30.2595236567733,24.0194986842024
21.3248816983388,25.2404420926093,19.1065671629828
26.7210421277464,25.3096823390141,16.0474174553203
22.282717711998,28.5871416021709,22.6676326875446
24.2269654469908,18.7492808830902,9.42602271902439
25.3448095981719,19.6231795884048,9.85026526905261
21.0926700542163,26.2514356949017,20.4862344889679
20.3551428401958,26.4011932055533,21.1003209568507
22.7042904491169,28.1888290312981,21.9317268175142
31.4858313632706,30.5610605495504,19.7344768082591
21.1972581398553,29.1906811091535,24.0429875342446
20.5181851156803,27.067869107123,21.8258767751099
23.1533421214077,18.5569819730237,9.81494260247941
22.9204405727132,21.711790029176,13.8336726278758
18.6771184399862,23.6166618656584,18.6508438700877
23.8274973198783,18.526929086988,9.38511881566551
29.5405764110615,28.3770219726805,18.179818011723
23.20639494335,26.6976063340671,19.8037134095888
26.1879417319371,31.4569226796993,23.9242358327774
21.8545080402905,23.7996827832875,17.0246282287322
19.7882650422977,23.5185295122413,17.8825888715208
20.7036775161455,24.3586362456614,18.3831974646518
22.6809952050516,24.7933603793549,17.7660729641113
21.7095854505471,23.6312610425646,16.9017777086576
17.4379653428504,21.0375446058881,16.1984628731235
24.4992853946152,23.2403160339075,14.7950192792949
19.134681458855,20.7301072101919,14.8313753959742
26.8884477851521,23.4634832163142,13.6775209968659
21.2871691471553,26.9597521723473,21.2447125137046
23.7925766037685,21.5764669807185,13.158915161125
25.0573239919468,26.8537535805422,18.9173568330641
24.0596035054093,30.731339500464,24.2713642102624
25.1379519631369,32.1614660005433,25.403240261698
29.3391160158555,31.4798117696221,22.1162017238881
26.5203538461234,21.6050284079618,11.6045784908531
28.0932867266876,29.2317006920589,20.0751217055474
17.3274749254454,19.2719487129561,14.0897064650981
25.6684415654113,25.3615318458812,16.7245912643081
28.5939430253341,31.814219521739,22.962015583872
17.7801877198271,24.7161821170727,20.5268074791038
18.3063232283655,24.3994659056972,19.8304031566241
22.6653613291224,31.9230186361696,26.5505454083237
20.1160000019217,21.2145956424204,14.8558762211163
28.0610828672018,30.9117908524911,22.1617842493461
23.0814043938954,25.5222746920456,18.4299183772637
15.2495115488398,20.6900902156806,17.0460313353613
17.8331683017467,21.420382471983,16.4393824002364
28.6353542054382,26.944630992389,16.9442731624555
21.0015995612298,20.272314379001,13.180049038503
26.2752540275651,21.7137379266136,11.8812019089621
20.8673204897839,20.4129698860408,13.4314165232162
25.7480650431529,21.2481378232301,11.6153255235181
28.3480932154213,30.8424279061118,21.9091680848858
23.3713576411487,19.2011705908278,10.4807872953476
22.5724185491229,26.5875545903479,20.0376804882161
19.9292595940134,22.595632694428,16.664505982226
25.5922741559532,30.9084880416689,23.5963074727667
17.0527713806018,21.8643752716275,17.440601467774
24.4779739095931,32.1113116866464,25.7260819115389
25.9450035806611,31.6219623893934,24.2689322497808
24.1627785175206,29.0725495185487,22.1695631805696
27.690968037513,31.3871638537968,22.9625532276195
26.2139470808806,31.2057870197121,23.5999782934896
28.4949820139138,27.4732130833313,17.6766609269613
19.755673301145,20.3877277640171,14.0481108123148
30.7793066782605,29.2226358580322,18.4988058904904
19.6687658320666,21.2562677379784,15.1677730922609
15.8479572348059,21.5168214496867,17.714875317305
25.4487655195767,21.4761066217624,12.0703187254444
18.2859488883187,21.4874836436174,16.2581344715238
27.4148487747974,25.4720309046741,15.8429552017952
23.4134588288497,28.2701771706115,21.618615838222
21.8189682459338,31.3519152932977,26.3408149680665
23.8423932828275,27.2419126372217,20.1030595537519
30.0158344835035,30.0066308694996,19.9086460910207
18.1938108598797,20.2018986318655,14.7294934773007
23.5975900801364,29.2297153689926,22.692345266773
21.1503896080386,24.0231332937901,17.7099504114296
24.8555469256788,26.2093390140904,18.2417718008299
21.74833367541,23.9134210842875,17.2264885730244
19.5028898864791,24.6829069028348,19.482023488043
24.4168216863448,25.0993189554351,17.1311788343642
20.4459737840726,27.6873543350975,22.630432696685
20.6605231374292,29.2277817259894,24.4014103416144
26.8501636953218,25.2375612139227,15.8834091155317
23.3185444385416,20.9868301884876,12.7093965321925
19.6539631782821,23.9424792589869,18.4826553049367
21.3781474542627,20.4058871167982,13.1250371929103
25.0379027117233,21.4664539540276,12.2978499959563
28.7701699706575,27.2540693174405,17.2465797394423
25.2641468549423,19.2557204287265,9.44498992759912
26.3680177700607,25.3174501559203,16.2626875131537
23.6823499970179,30.1441965322075,23.7685215872434
23.6102507524462,18.5563167721763,9.547880685841
27.4058501519526,29.1001775998398,20.3138128500509
24.3406244776888,26.2605803487278,18.6048890635593
17.8114855425768,24.1642283743678,19.8292115326665
22.2951450636178,19.2285626537285,11.1416171189036
25.0427522895643,29.1686181755832,21.7750413433692
22.1476682351894,19.0579098169568,11.0175088786823
25.0106357395378,24.5102296570588,16.0600942136874
28.6299664665026,27.6853185636696,17.8590694983534
16.891171816103,19.2118728426855,14.2699997946732
17.3998514742481,19.229489248719,13.9952720770106
16.8282786300727,20.7741156715822,16.2294957214371
25.9446400471871,31.0219792893539,23.5306698100084
15.0221008325048,19.1502854568855,15.2833144285594
15.0482453049755,19.5136239568081,15.7152860544965
16.8251823392053,20.6416807628809,16.068295734392
21.4362381970219,22.1748513747009,15.268473047597
27.1224646098961,30.6940854290774,22.4407649625469
20.0253111505702,25.4010706582886,20.0615397383741
25.1884756176918,22.7538044311279,13.7946136449571
26.394697015853,28.4791139573304,20.1385966063039
18.075932221944,19.2038907604798,13.5698088467937
23.5417741404702,19.3916280638991,10.6159045071541
19.1710648111761,20.4505344953657,14.4660694955636
29.0319105277848,27.7162059678696,17.6628714776062
22.2556314678969,22.3760590163963,15.038659505107
19.56111339408,22.2345927209208,16.4346497267656
16.8164923321815,23.3052078566452,19.3516955112556
22.3329242457076,27.9607834396319,21.8674397021264
29.0848736492453,28.1597487107629,18.177933126563
21.8092070145165,29.2662522471936,23.7794164166277
24.6958652236012,27.692320129428,20.1601096195797
23.9130196730995,28.0033239926874,20.9990693929581
17.1747335435579,19.9086429793112,14.9623690063845
30.8795630926701,31.3002235988666,20.9975331127895
27.8218861847809,28.2221162423836,18.9906463889301
27.9985244826201,31.5197057474294,22.9464742890522
20.2965954218344,20.4875509352053,13.8557773863141
22.5170997758402,23.3829077724969,16.1255552286679
29.567412369685,26.4589212230064,15.8033339605533
20.169325989273,24.8779763194558,19.333783846499
25.6576345253128,19.4247039311935,9.42369163941148
27.0563552523886,25.4777642637815,16.0589081102045
19.1186643800164,26.2379035057841,21.6198426871988
26.5790146745348,26.0790117328258,17.077087578504
21.8076120510436,25.849347622851,19.5747337570885
24.4717787634719,30.2458065800613,23.4335813055195
