-2.64038152580532,3.6979301700549,-1.18356009667373
-3.28024295748547,3.60979022134403,-1.00355425467168
-2.38004526461523,3.73842574752066,-1.13396251022853
-1.57044944822891,4.09851264723555,-0.272277391102778
-2.59896135957084,4.29527519362382,0.927771051980107
-1.11675544661078,3.85027653589259,-0.596924887921767
-3.39402907904086,3.87491068467981,0.00636950994382487
-2.57749065478207,3.86277864824495,-0.916693181525155
-1.87564067612419,4.2922239222237,0.0530624706835655
-1.60216243071275,4.0511670318772,-0.384715666771725
-3.637806289442,3.71822454526514,1.09872777890532
-4.17500960648096,3.29240458763621,0.221910676556477
-2.17696850078894,4.34134668719452,0.454281092289189
-2.12223538516598,4.32683480006053,0.351125687548899
-1.364244756205,4.37533724983164,2.39321868157891
-2.04494508058148,3.82952523514384,-0.853579073910732
-3.36285814981336,3.89807126198692,1.24268904800781
-2.36794131200971,3.92555780470078,-0.807450589663568
-1.21190647350014,4.30668306645862,0.353790825482426
-1.08128668340754,3.65260824950938,-0.826267543980999
-1.47291165008823,4.26046771156803,0.133633763589476
-1.27807081421782,3.88806786072935,-0.558695439621673
-2.23731603415433,3.93313434466581,-0.738144657077439
-2.3980281641313,3.6433109962406,-1.41470569369673
-1.31954878699699,3.82038670145881,-0.694205900090125
-2.85684349507899,3.92355425248487,2.19894233230046
-1.32567812559238,4.4891322997675,1.13502222961397
-2.42696889911269,3.85379367822631,2.78769348867616
-1.59329307274466,3.61138753624275,-1.16937606585021
-1.8525212538185,4.12471083457434,-0.29347800485531
-2.00778663991246,3.91646668249306,3.01518765030944
-4.03363972035048,3.44767413326678,-0.179014293609942
-2.16417540312894,4.37839267850874,1.07217444459517
-2.81318992134449,3.70895376368432,-1.10552733203968
-2.50828861823431,4.20005352381753,0.0579523772822776
-3.77405511032829,3.55325190889976,0.913381569820337
-3.66769382097029,3.5457957484879,-0.665213516196227
-4.41864939178458,3.04288039654911,-0.0379118253288215
-3.00610684884771,4.17456878104568,0.545772622210692
-1.80332515831097,4.27551802780087,2.44377756379539
-0.958105520253184,4.48325355584363,1.55736880917035
-2.21038851559416,3.86647824899892,-0.898725947313695
-2.80066145151827,4.20369543864534,0.524440803210205
-2.8579537500181,4.10327186686444,0.193175245018867
-3.03553984513179,3.82132347402677,-0.716507304321362
-2.63043029589243,4.25493947986788,1.44170712979049
-2.07731308110161,3.88285894039535,-0.856281724483165
-1.03077162264575,3.37146918989207,-1.12866568109598
-1.53714337967886,3.82339602223482,-0.937244037830415
-3.08261288365694,3.66708817731017,2.26314661689762
-2.41789394587657,4.07105009333853,-0.30981094396819
-3.2002424125612,4.01793512264127,1.13292432999095
-1.32690041511654,4.54911157955536,1.55902898190424
-2.33849827484175,4.28618323720917,0.299084556504336
-1.68614569160223,4.01629358050808,3.12208749785867
-2.13363841181518,4.37828295486158,0.419004626135007
-1.46775477450966,4.50359240720511,1.42297088818065
-1.85173313305133,4.35214061759981,0.52214835057939
-2.34635738909731,4.36980934687384,1.10209869942391
-3.05100120464521,3.8695137803798,-0.521030152625463
-3.05782493501291,4.1127497551926,0.831871801836264
-2.35299168284078,3.82133421518577,2.89715970199958
-1.64326689944178,4.20337849036715,-0.0665284300405782
-3.08959233818028,3.98224163527416,1.55260791729913
-3.85615251389649,3.48555568343057,-0.432586386848421
-1.65078730798444,3.95149871935844,3.17101505187477
-2.59872248857704,3.99691785690371,2.37657377160068
-1.81057047875176,3.87498084518627,-0.814959208006117
-2.21586566492909,4.228013427029,0.00443125734526861
-1.12150465830937,3.99169005422767,-0.286121452726545
-0.892816644182141,4.5117878873877,2.11947933695258
-2.9700596372324,4.06784656212826,0.0364510964431115
-3.69830749936117,3.72217713958465,0.353553330158594
-1.46982687711286,3.43478739810675,-1.36074315940131
-1.19515535872394,4.45853662089712,2.15388749549142
-2.81248439277032,4.20464774638543,0.577829738288823
-4.27052133040138,3.20776835243618,0.379537706392292
-2.82481664590129,3.98901039498783,2.09389935741454
-3.78621716554938,3.51899777059014,1.03315953700431
-1.60393069976959,4.46580862631677,0.950573740637915
-2.23688486899302,3.9515495125436,-0.756982877839403
-2.52849855974138,4.24308398855803,1.46784235520288
-1.35525579180601,3.30413471227579,-1.46040054887151
-3.42109136344537,3.91511639579652,0.59267150882289
-2.76371871503007,4.19303991486191,0.34600178300167
-2.25012133906112,4.01314815489878,2.67780377072695
-3.70792197932556,3.68030224802014,0.69574486408817
-1.0438838463303,4.05283615743474,-0.130036550724455
-3.0163440331459,3.70569692880406,-0.987406520121939
-3.08169076419563,4.02593595882933,0.0391728081585156
-3.88239903986676,3.3980365299244,1.39153032915206
-1.45301698315578,3.65380747123474,-1.03068356973355
-2.61664941049846,4.13277947380991,2.00464999924875
-2.82996266144741,4.17519205800323,0.755610972801361
-3.25944703457692,3.78662093237258,1.86919658095251
-2.8331221709967,4.19653773583306,1.21121226375253
-3.79746674883815,3.46279309912142,1.28058975013616
-1.96362989225763,3.98776951278435,-0.627928685463183
-2.65235509322744,4.22077605540743,0.102889289949733
-1.82814552934853,4.20952123751271,2.69365346977718
-3.58220569737345,3.72969404829011,1.25513176039105
-1.61191223107023,4.35477034081268,2.35290530091927
-2.58394803098777,4.30016177973943,0.933834165483936
-1.77346407748421,3.95118027200141,-0.723817617570685
-3.10149740059102,3.98846927162195,1.59669441071583
-1.11268743123029,4.43328488118102,2.11404002933173
-1.55418062326484,3.49986438397519,-1.31580380178152
-3.46701730395439,3.60864660168875,1.87232016862116
-3.96880732664027,3.49101957387815,0.142608541148307
-2.54491792866552,4.10121111043043,2.1895476562691
-1.6813005042885,4.12102641287417,2.87734413731286
-2.60193097698361,3.75990321550306,2.7647909687673
-1.09814221872564,4.50413378874278,1.79183874790403
-1.81368658707495,4.12099673356048,2.79914531963929
-1.77633131877146,4.06078113397675,-0.434708573805918
-2.54668687731613,4.32171106298377,0.772384743767852
-1.80645970166521,4.12716495328969,-0.319481503720556
-2.96076230189155,4.0648001018506,0.00670601946385437
-1.0360036765738,3.36245463321607,-1.14424719115457
-4.20233182886109,3.24447657426762,-0.297667408184731
-2.20162406693705,3.6678287174405,-1.21659678846982
-2.56453007972932,4.12656506905751,-0.170249289314215
-3.43062894784415,3.93126046308552,0.253372485688028
-2.18042875772161,4.27441896795444,0.0934074528788788
-1.89795490689605,3.64944443857415,-1.23226464307231
-2.13215593665715,4.38521814888035,0.750261208755068
-1.77472005355741,4.09874685923613,2.86470315086327
-2.0360615056211,4.39655793023298,1.76219014632312
-3.58604888417978,3.80014631051527,0.471843426639394
-1.03850940183548,4.48215661835593,1.7753021390896
-1.22118634224196,4.00154767285147,-0.327145490971634
-1.99229785468397,4.31903724260075,0.273647199784451
-1.68506391135646,4.18176382100629,2.72402858798923
-3.33678060962302,3.62579658540686,2.10383927303346
-4.03042133999542,3.28865148497613,1.11699106287109
-2.23055857641856,4.36979733498358,1.59266784691403
-1.71460872302439,3.65120752016208,-1.162622116473
-1.86701029193563,3.63471689018926,-1.17836098889246
-1.56751778117533,4.23338457444178,0.0318975477874022
-1.94500759999917,4.32341972355134,0.281306008951769
-4.2246461903737,3.22227329542416,0.515214313415026
-2.57708713828222,4.30358448741919,1.33605793493635
-1.09550759256291,4.51334122444327,1.13093063992742
-0.926648999278653,4.48381747880746,2.01601285102603
-0.954217528517856,4.30725513119469,0.502768402204856
-3.53592905008995,3.78605695374865,0.0927221020498855
-2.12156693387839,3.81606474913788,3.07748040255528
-1.06419169560017,3.40509611455924,-1.13083923168269
-2.69665315960999,4.1159222418701,0.0231385357382362
-1.50915843963328,4.49493975974002,1.22750340144475
-1.09101092332098,4.33433094644699,0.567601265616107
-2.75342230989921,4.22111110736055,0.27325988946335
-1.94492910083746,3.89497337907583,3.08620269678706
-3.99271001698148,3.35231632353193,-0.524825492332048
-1.90873411106823,4.4377844598639,0.888617056926556
-3.17345131907038,3.74136347534204,-0.798526969022264
-1.49081947645499,4.32827869085077,2.50534834845092
-2.55105083951491,4.2456925951528,1.6870505326143
-3.12584275987474,3.58855932367939,-1.18116073570061
-2.47517147199258,4.33070616568669,1.20686865005805
-4.3095889149736,3.12099572841872,0.466124065155672
-1.74483096372731,4.48584274002085,1.10008835129819
-1.35479879028312,3.62592166957559,-1.06751841970675
-1.98408733121413,3.92731000606327,-0.735139174450028
-3.46225161774736,3.70230335348871,-0.646441495178175
-2.4172981316101,3.9347301964126,2.66738936035785
-2.54103436945973,3.77495919257071,-1.05464234426468
-1.30095939237715,3.87254920634012,-0.625453713818607
-1.06197194279486,3.82571296659436,-0.528246066340729
-0.929057632998529,3.20873001867456,-1.37756773137842
-0.931898730680312,4.46745792447254,1.95742044873581
-2.00899318169799,3.86318196946312,-0.857891971610834
-1.09890920780485,4.03428061742389,-0.197347758380457
-1.97383436672907,3.92916928871605,3.0187174654952
-1.78955328686209,4.23530987673969,-0.0750081303212146
-2.43906522084731,4.34469191483806,1.07275650819364
-1.51188559978091,3.69175282287401,-0.960316113651104
-2.38438043344722,4.01876957732791,-0.6231416989595
-3.27646666647223,3.67813541293768,2.19427312606291
-3.28007541210878,3.82529107420346,1.5534417693456
-1.54794015753461,3.35673334344883,-1.51682251620547
-4.30122119257119,3.11939926033427,-0.367438547670186
-1.82931249895657,3.83892992170287,-0.892178453922829
-2.4796231859906,4.29590672408495,0.518111059803542
-3.69009578242983,3.5139021649846,-0.731121769215309
-4.0772217381469,3.276411725188,-0.532474105514515
-3.77678546644485,3.66234834073726,0.343143978318761
-1.17757751748314,4.20827212975796,0.0286340181007904
-1.5097029751762,3.88703352546463,-0.650993735307665
-1.16025548670684,4.45366038529812,1.34242539650927
-3.0441155773426,3.87061400913193,2.0414818247389
-1.17279066574415,3.20400087215242,-1.43963649715045
-3.36988366706406,3.70431648081926,1.75144560465104
-1.84889536216692,4.41501724846032,1.90281056351811
-3.17525574254048,3.90985750627554,1.70144922882355
-4.11687782911984,3.20862004307111,-0.640613103224307
-3.99896435196578,3.37108152774858,-0.433241333459744
-3.21897811432773,3.98121092964267,0.121521276412815
-3.72211368427761,3.51633897184371,1.52506039649278
-2.45078883972577,4.05304988412622,-0.442494578893117
-2.73267822317105,4.21905033645545,0.46268297192255
-1.95648673723301,3.77398036167235,-1.06383677436314
-3.71363160387682,3.60329831522167,1.29927976126229
-2.21278542910627,4.04821298693647,-0.502553489127778
-1.91883415085235,4.17562244370294,2.71455902771092
-1.04895646126616,4.4482897896303,2.23636562841801
-1.78359140612952,3.98612971483162,3.13199325814261
-2.70076273599473,3.79297373362377,-0.996173912008038
-4.3503974053151,3.01024924556887,-0.466438889596751
-0.762391485895544,4.49156604118678,1.62549727906186
-2.14146894503323,4.43124883916161,1.56829255610323
-1.7554438030627,3.77713034828597,-1.0056612695457
-1.23859966906674,3.64504556210567,-0.913886659080595
-1.52175903371809,3.55486271961103,-1.196343866057
-2.19076365192658,4.26477167529999,2.17433242131784
-1.52036228209933,4.36212051201092,0.43846734822505
-3.63544691757682,3.73251398261211,1.02941664565168
-1.38812773993394,3.28118895667632,-1.51930877407247
-3.71935378005027,3.50737727768334,-0.681488714571158
-1.28142531993091,4.47549995373658,1.13427002971256
-1.95597065998249,4.45134483810677,1.23278270653342
-1.96055500170148,4.10974274716744,2.75599128644481
-1.5631808529612,3.93577683782986,-0.614059814607245
-1.6435721949943,3.66915948782276,-0.998050970882865
-1.8092684626998,4.41007769450533,0.780931840361185
-4.02490187179848,3.31989664626419,1.15474212862135
-2.20706599440165,3.87867531952639,-0.772973705925831
-2.00251916246923,4.43982227658031,1.0232803487972
-3.10977782213484,3.93817742911822,-0.284264219977191
-1.64419038550329,3.82340356620457,-0.848270432672457
-1.02803013757168,4.30844675355498,0.555432258546054
-1.14050077598147,3.51583708418246,-1.02662488740818
-2.70870941339529,3.88571152911773,-0.762861886094992
-1.59078555597261,3.81461076797425,-0.840703932925936
-2.46553160803651,3.94697039978488,-0.701926718907436
-1.49587489268481,4.36553221980844,2.39908295855761
-3.27076154780581,3.73798553627163,1.95846120437277
-2.38284243853442,3.63259496739308,-1.33450242402273
-1.60470378333785,4.20652650286806,-0.0638384492878993
-2.46163838963176,3.82945203930204,-0.958351437048642
-3.94546246608301,3.43384089815037,-0.357624138283217
-1.06207845793004,4.4605912166161,0.933966045040662
-1.24389975408976,3.19778471870541,-1.52262871194846
-1.92541956888623,3.9627882702885,-0.673026511532782
-1.64245543146838,3.50302203356551,-1.35696923440811
-3.26205996925587,3.71331780306869,-0.780863021261093
-2.45000979191276,4.352619234651,1.1492151868148
-1.29756542623456,4.47355282609842,1.01794567432788
-1.68038366272699,4.19566077476446,2.72841735381937
-2.20165849495621,4.12340999056348,-0.366313906955494
-2.9854755246406,4.0161703510017,1.50541795912832
-2.97528031996688,3.75286439836483,2.36698310418353
-2.36204622910556,4.28231360531676,0.572096096524269
-3.31424254557862,3.93171482002542,1.1691695015918
-2.02056127838511,4.09764386866382,-0.386235151833938
-1.55374606662402,4.45579681806936,0.871721656692171
-3.35511529882142,3.94998772290731,0.408788331207078
-1.70209390317459,3.48405526523462,-1.49295140613613
-0.816392669211719,4.4717311805929,1.2876449374848
-2.86512961423433,3.77958856304623,2.45763748189117
-2.09193031047618,3.57765699297277,-1.32838498619331
-2.20910992869871,4.12994315677361,-0.283313587107232
-2.65593297922765,4.27361729117705,0.819451499304928
-1.9744066771167,3.69041008830747,-1.1856502816907
-0.986519581900609,4.54721658575286,1.40218711676554
-1.83895892376457,4.46352224879612,1.57988754338506
-2.23522716941664,3.78603624626493,3.03580274486359
-4.04813852861581,3.33071700017164,1.03118966138645
-1.70491192675697,3.63942193421317,-1.17721839951894
-2.03145952792481,3.92472360136394,-0.828007788734247
-1.24252853061025,4.09717755462864,-0.152678446805834
-2.37747789791699,4.34085057895555,0.84216782666859
-1.36616077857746,3.39567337391605,-1.29617266936314
-2.9401716460995,4.13444772132622,1.31533999899265
-0.821195006717392,4.46073909507133,1.20673654879187
-3.10296240588488,3.69452216751924,-1.01054929608854
-1.58048234784543,4.4916431941189,1.58914365809133
-1.17440865093385,3.37715768008052,-1.23569330050401
-3.00143916530146,4.09977743547597,0.319808167450742
-2.22160594963866,4.21856838690835,2.34221667755695
-1.67542776517499,4.12831407471937,2.86690302022368
-1.37783980362898,3.9345976507326,-0.493448419836712
-0.878981836000701,4.46276567366657,1.17234437752156
-3.10033937689523,3.97648015017081,-0.403509164167191
-3.3503824196915,3.65622765273939,1.98765653718951
-3.24083320033271,4.05383134003121,0.993457738625738
-3.854488642623,3.54512111672585,-0.168523703534792
-1.60286255969355,4.49114577442633,1.24910126689911
-1.60492923381005,4.46526340175822,0.961085785340301
-3.08018305696108,3.99465181039589,1.78588644755746
-1.89678976062522,4.43985960300939,0.896319949163878
-1.43967221145744,4.0079288905176,-0.460446221863729
-4.09835411816386,3.29689955552982,-0.236349361400134
-0.974259179023482,4.46301129510522,1.25633090829977
-2.24965563014193,3.57768340203562,-1.42198257412869
-2.66284230743303,4.08136481627108,-0.25279187759386
-3.22233435065362,3.74563165129273,-0.738619027885093
-4.08687299999114,3.27895286583411,-0.292244798964941
-2.13967016029808,3.92073493738246,-0.746330237753238
-1.479871040568,3.4562642122305,-1.33633189460182
-1.69055151288628,3.51726960760829,-1.37298240010339
-2.62790914598069,4.21084135747963,0.304506329565209
-1.08521007604735,4.46553214995884,1.05347693486941
-1.64167310946902,4.35758251012494,2.32384572227166
-2.03899298491454,3.76845997379906,-0.962362998563795
-2.68816313597221,3.76037385145939,2.68003429976387
-2.328657667927,4.16995530093649,-0.146563770900494
-3.81168688269924,3.63463120048592,-0.057546336838943
-3.39721251968853,3.92256802408831,0.868072630133153
-2.99182860058651,3.88215228936488,-0.590289573606297
-2.2633325499819,4.07972953096013,-0.41807929531298
-3.98356595415018,3.34750591774959,-0.565722176868231
-2.40085431282869,4.0680570642963,2.42734259663429
-1.49888106945188,3.6620159242783,-1.03228649395211
-1.51920623696405,3.6942058724486,-1.00349767401044
-1.47411025911583,4.40271133727704,0.770610380928324
-1.51184002285653,4.47570016093224,1.31160160299239
-2.31644093210873,4.34024313597529,0.586282142505194
-3.92904281039621,3.35361972471218,-0.71370721660422
-4.17325951674382,3.29462423995324,0.274172873807819
-1.93932758846516,4.44554843461326,1.01849258541538
-2.3339906303171,4.25723181331787,0.300642229001741
-3.18459949805067,4.04578176046037,0.57178028670734
-2.89492088037764,4.08997538668831,0.0193228168755063
-1.72250819813494,4.40715695728763,0.642277853470323
-1.21959342499134,4.36153170978264,0.534730230595337
-2.46255715450635,4.15027842773543,2.16100134607097
-2.18086141791296,4.33996151056217,0.215980086306192
-1.74203348722917,4.51203199251425,1.63249447599729
-1.9228894635017,4.44512928916586,0.984887020006801
-1.63489420860527,4.36577721301117,0.311911819754635
-3.3982170778728,3.87381427671275,0.781055421461795
-1.39894573629836,4.49012642581755,1.90881909322483
-2.64072675291578,4.09871875951135,2.06956341240152
-2.08106099898872,4.42490653220923,0.968694555347766
-1.52128561176985,4.49614996297446,1.25890329937653
-4.10744602189175,3.21145022939505,-0.60155725726407
-1.58756512439746,3.83971367088633,-0.758941421057215
-3.45789033436964,3.79722019395386,1.42453190914997
-2.51035849877968,3.67433544956513,-1.30459050490893
-1.0765875788732,3.41717851618339,-1.10767989281722
-1.65316655208311,4.47616050132181,1.06810984841399
-1.28720740428178,3.9103225019534,-0.554732575342139
-2.08285693761987,3.61011020541208,-1.34392283333593
-1.20807395111879,4.15540946479129,-0.0115744597155317
-2.42748917511915,3.87856455046672,2.75073793280269
-1.20247751182922,3.30192283507907,-1.35528523927326
-2.41010937294286,4.3622553814103,1.22364129669142
-1.88529716679277,3.68680736604472,-1.10762124301874
-2.29494132726824,4.38759727302371,1.05062332169843
-1.97257065317215,4.0869139371562,2.75771113004225
-1.808990982141,4.38618488532449,0.339117903224265
-1.60820505165482,4.01637734370402,-0.476410764320369
-1.03035694242311,4.38528453775823,0.711729546783381
-2.08538482643123,3.78766360253417,-1.0373700364141
-2.18632199872821,4.03077085773445,2.69886781026938
-1.97739498383832,3.56395070843256,-1.39321233293004
-2.5785476399202,4.29769262896508,0.814818011528011
-2.20064885469066,4.07490653936287,-0.438116688408093
-2.25328674648604,3.79397707345728,-1.04075133305196
-2.85819057268094,4.17408798584091,0.43966258824688
-3.75500991964105,3.64645312557608,0.940753602305137
-3.18154423969523,3.9887910916428,1.38332623816935
-2.729277857729,4.09714294360854,-0.248016801634494
-2.90759008348726,4.17483642120747,1.05819036089406
-2.41510492257206,4.33421061402559,1.4201295601513
-2.97776587396965,4.06979402963942,1.56073707334559
-1.92943134781453,4.44701595020872,1.02134983004695
-3.11784811442435,3.96982424623178,-0.228112390393401
-3.28544522821802,3.84710728995111,-0.376828544781882
-3.6406939991245,3.67154181159517,1.29119963250298
-2.88889376126073,3.89951178606991,2.20618895542844
-2.3507585063952,4.09945250069373,-0.346808824239992
-1.56627689801428,4.12623431523876,2.94124610316722
-3.63825443102274,3.73513911659011,0.998859758364605
-1.91228980047455,4.43376444510317,0.855723704858392
-3.07138401391186,3.77423109700602,2.07791088729755
-1.36876776183225,4.01700826004012,-0.425106668717853
-3.19372320353118,3.68157363859276,-0.896628536684442
-1.62820190845731,4.00239194357763,3.10633360461387
-2.18435726007815,4.35829283188015,0.622784023119325
-1.63039911431122,3.83208552041569,-0.827551421810989
-2.49957329472768,4.30926986587798,1.04604561673375
-4.27011840014953,3.23396790637028,0.435299673966453
-1.58060415059598,4.25669858015535,0.212987062340521
-1.9695098837375,4.41710484808727,1.72750869619471
-1.04254150483857,4.53958774521477,1.91135323159891
-3.15358570876746,4.06253297955363,0.602191290783139
-1.13840565081722,4.4848656215519,1.66932555400508
-2.07218736552204,4.26872088177191,2.25039295573247
-2.91101947266637,4.12995301514912,0.897217749382243
-3.68818788367664,3.73013554847189,0.10175444853215
-3.05101236091386,4.08721025792168,0.23740266911387
-4.00557834015715,3.3938524329772,0.97498806188287
-4.43760421236791,2.95995166795567,0.439801740520464
-1.07761251487792,3.72358030108946,-0.692169252806865
-1.83388085062387,4.2801968231121,2.50307912544199
-2.68109567988581,3.89524496716601,2.34331671382003
-2.43329195224967,4.3569916887637,1.59760786714539
-2.55981980838651,3.66646901590837,-1.25882374503962
-4.54275127110222,2.85414487612959,-0.0613413088580296
-3.98471251955093,3.32995385087022,-0.624432881418413
-0.831648242717941,4.49720749165384,1.61478315587638
-3.11438230083942,4.04664088853384,1.24220553269297
-2.25133539770914,4.04622878466826,2.61515396552534
-1.26733243828198,4.30264133549043,0.32966362448237
-2.04658409724976,4.0593520155651,-0.478445682699344
-3.01915961856278,3.96763795549297,-0.29756590767607
-1.07708140613054,3.97088188249015,-0.284237562205339
-1.22972223831725,4.36193993496526,2.43166638487706
-2.82913102490238,4.19482780451763,0.53570943596094
-2.47907995789805,4.25303499989263,0.501931563526718
-2.17557826543506,4.40087621420642,1.64973380303897
-3.169837422918,4.05633476733085,0.837048842516421
-3.88909847334541,3.55507693804969,0.0957572778908887
-2.53369727485647,4.3523062235045,1.0358151770343
-4.00816234728505,3.45786287625724,0.263157059117254
-1.32829881514675,4.37388143964696,0.535272450061174
-1.27402237316516,3.96572181647967,-0.421048689147485
-1.3298734230164,4.45193384880812,1.05663288392812
-3.47486892019186,3.67424519244522,1.71156549390827
-1.16690754740459,4.485243007328,1.97993176438043
-3.81212775001204,3.61846575073734,0.114505176896224
-2.17885102717801,4.42942119004683,1.06388314391124
-3.46744439698967,3.71502688371177,-0.494766812580853
-4.02062967614205,3.43898954188428,0.605922638225479
-3.48496911573578,3.87410622206204,0.681162712917365
-4.29050852677958,3.15118293754791,0.409623377951037
-4.25784490740126,3.18627177521499,-0.0433184950071031
-3.02824223684861,4.12097860970153,0.613002699399941
-2.5804149564096,3.61494114258814,-1.34872778506307
-2.81859787829614,3.89343569750205,2.17230813692304
-1.49029996466094,4.42200720476812,2.17600879684516
-3.63487569232594,3.63816464094224,-0.427803651569988
-4.08055004255606,3.24837104753241,-0.548676472311651
-3.76243399773406,3.6555281867937,0.82921557965945
-1.68457783810246,4.46352999383936,1.77075183396982
-1.15657526063626,4.43567911366228,2.10840491351323
-3.58848504221343,3.80020206371536,0.740951287243563
-4.25768827047147,3.19752378079891,0.12603191033626
-3.50481933219894,3.67941643088267,-0.637006786658916
-3.08507167838428,3.68183821408886,-1.01156680499799
-3.41014104564121,3.58882553426227,2.05250489623682
-1.29928803104645,4.49806885921935,1.8019977554785
-1.34362861433936,4.49233250410728,1.16375902017893
-3.17047131982732,4.02279381637002,1.22650528097139
-1.80592883814638,4.39443477739296,2.05039289105616
-1.84121793472651,4.24049516791295,2.5207231351222
-1.07752320093299,3.23724854622728,-1.33494101959753
-2.41665238989284,3.75426883754822,2.88169646792966
-1.53523736336932,4.49060377015594,1.34700658080642
-2.97470370299104,3.87310115651907,-0.629638216029273
-2.33222823610903,4.27563964191236,0.481740732391393
-1.48478160800718,4.18632703750419,-0.0606512158200081
-3.76128387152473,3.66044444849333,0.794342753014083
-1.39456073703486,4.38978134663769,2.20867885017595
-1.10260678469575,4.48774235634308,1.2046118783428
-2.25651602512968,4.32423401027365,0.261166584917956
-1.35809259081423,4.25424727659201,2.75880939572528
-2.91048177465121,3.87223073594893,-0.62639133123517
-2.58950476660802,4.25197455502948,1.56808357508092
-2.09121147973912,3.82864120780642,3.08158385150941
-1.99075730546905,4.46997786552485,1.59596995334572
-2.26925083149026,4.36835895421045,0.786488232969782
-3.30899025329473,3.97999040668982,0.568225685888072
-1.94590787555524,3.80903360064668,3.21422122680793
-1.11661533722961,4.50919777796974,1.67588719316726
-1.21868523559034,4.153625945187,-0.0208412134755038
-2.31762830030856,4.19309548026407,-0.076119672251894
-3.86495838358104,3.49612240349003,1.15646307460025
-2.63059843836343,4.11896514463494,2.02584550100966
-1.62083189181644,4.19126133749626,-0.0913804251039758
-3.17216253665847,4.05605317737205,0.705573936621964
-1.8871050202801,4.33391710857629,0.313404148689166
-3.30681334398433,3.68060586294422,2.06190508636112
-1.10110398372715,4.22695924154908,0.15945588588042
-2.3750073424575,4.33160271462463,1.55180433675835
-2.13803621980275,4.42332794228693,0.662561440885223
-2.84706580214427,3.91462219811139,2.2343754892543
-1.51368587520395,4.38582473233758,0.674185122149161
-3.30840408453164,3.63061370755595,-0.937290395377927
-1.96301572456784,3.78427604715611,-0.918009206309562
-4.21302071927256,3.1669035082539,-0.446464041307274
-3.67245894007307,3.5842075203343,1.34198176712703
-3.52247883544531,3.74803068427166,1.11837863234133
-1.55947552048629,4.12922965631483,-0.219763973554908
-4.58917927695689,2.73762418148465,-0.0229681631996616
-2.7008744534849,3.94292382926565,2.35705661212947
-1.05171697694746,3.43364957817654,-1.06690929121548
-3.63505332877063,3.72730945491781,0.606353426552082
-3.06239510904466,4.08711480384305,1.19613888607871
-0.963443688272696,4.48402144988996,1.26512097433139
-1.66388748292633,4.0971738451377,-0.377928327090224
-3.50013820676136,3.6207173742455,-0.727861997916393
-3.31743726251707,3.87883403822744,-0.279718724598019
-2.90925200414245,3.60118386662587,-1.22933126136796
-0.938511976666753,4.49915780122884,1.46512979004945
-1.66271407668841,3.7444952048959,-0.989459778366551
-1.87950516107254,4.15530840394548,2.68741676625634
-3.79126979869056,3.57635609682908,-0.423578497089679
-4.26908585139385,3.1701789866624,-0.187387846334178
-2.45779316045526,3.59502991340561,-1.34313550699194
-3.03952941238422,3.97150997075856,1.86611285745429
-2.10455145580188,4.2656561271015,0.1022107711657
-1.66567926127713,3.43334688525526,-1.47067277373465
-2.80104011472651,4.06492447661956,1.9248380482284
-4.01440183658882,3.41094226261791,0.567968455837638
-1.44942367246581,4.38721779205157,0.580702322088737
-2.38625855342459,3.95665608499225,2.65817602546129
-1.11195142335812,3.30637407450258,-1.27720591909924
-0.836154415972112,4.46837293943699,1.79650688720169
-1.61722993031325,3.76237074722462,-0.940186520243004
-1.4225435277562,4.37322223080723,0.503060529437653
-1.00255086305522,3.04060536073181,-1.50587738737858
-2.31427255868605,3.71989298147168,-1.17942837418985
-3.59482112180071,3.60263075698522,1.61991661203491
-4.37698102817558,2.97385256897454,-0.393479200255138
-4.40615229528014,2.89171342007591,-0.460740523371233
-1.97806123520458,4.39583888944145,1.56098688179692
-1.66538691051082,4.29572320530194,2.49563796574399
-4.06521711401042,3.40543548035372,0.424976656065487
-3.52025491366314,3.63956196310562,-0.64250911943333
-2.94448501094681,4.16423971962505,0.886502834825537
-2.72396957942183,4.07694150973106,2.01032298978612
-2.86322934284295,4.16317823510282,1.54070473623425
-2.47911977262359,3.95546678167636,-0.678683106292568
-0.72425957170346,4.47909840667841,1.46977166474484
-1.47019162826126,3.27945685753809,-1.56083879442179
-2.20464949615442,3.74246544289663,-1.13342119034218
-1.90832151260295,3.53912966496485,-1.41133921951498
-2.54279749048184,4.17122980272617,1.99133722284226
-2.27914969608458,4.31850117626473,1.81203526986364
-1.30799170371118,4.46662073326101,0.969160344525002
-1.87756454202504,4.27687980783558,0.11238199833308
-2.40724392121813,3.84507131423669,2.81775318037909
-1.9732978362595,4.32892186831105,2.14937493335762
-1.87949351143512,3.64607793661482,-1.19133094499404
-1.33885492833053,3.87196825506917,-0.586158150776599
-2.42978065260787,4.13698728483413,-0.19925498861225
-2.77731442376912,4.12777236132423,1.75465874988046
-1.29643831093003,4.06104360142019,-0.253889801951436
-3.13765515632724,3.92773959982221,-0.282573562251609
-1.50851779574708,3.73984513214967,-0.897283785625453
-2.91841189373206,4.00458769044922,-0.412936109065458
-2.05244301659405,3.81671001096858,-0.978772186073035
-1.60468949560183,4.43573056346458,0.753433847473158
-2.75087691784097,4.18859783920345,1.59307188708755
-2.96566926580061,3.90309868969594,-0.554131510948961
-1.83899859613261,4.41051366321234,1.93840156653314
-4.29682497368287,3.10782578127128,-0.294087430408729
-1.67958369873518,3.4504115703171,-1.46431143149303
-2.79495426131645,3.94274757078299,-0.572602434299382
-2.49926514533297,4.25650032165219,0.0856405226774371
-1.36181014893347,4.39387756117348,2.35789048765292
-1.04960275310017,4.41307457440987,0.810311690625298
-2.24233730664165,4.21880120239585,2.22281634465979
-1.13178569892646,4.41118865078305,0.76030655221961
-1.292009782611,3.61449982392783,-0.992721182656713
-1.8793848919185,3.9683012866192,-0.65241962914968
-2.13054218836809,3.8270874744791,3.01146255753583
-2.58191429410043,3.93717371498486,-0.690783512256233
-2.19448174604008,4.26060917010923,2.06489050773028
-3.43210144511378,3.83199565714997,1.28466744207563
-2.15909602543675,4.362428439101,1.77296613510266
-4.15014868830541,3.28730865004558,0.688808545667033
-2.90676820673442,3.77546225036839,2.3697377562161
-2.58018517042118,4.04506299929649,2.28265991139004
-1.48877916810458,4.29222068622165,0.218954456147426
-1.7957235065313,4.39765131721265,0.576132663630028
-0.827767138670905,4.49407782369277,1.53617709411082
-2.34313185168294,4.29351775484301,0.339811117889122
-2.25261358699332,3.88481516014862,2.88566642090714
-2.26543939087554,3.56094308188676,-1.45097609436227
-3.94572460444697,3.51963259648469,0.296384598400328
-2.63553315611655,4.26574590954745,0.61437196353884
-2.76023755729326,3.7229089010193,2.66014024187566
-0.849531620718335,4.43086272206448,1.01622105446616
-1.83226342092961,4.43056577827093,0.816647603200997
-1.15682170873543,4.35630779664233,0.524124452798246
-1.60775911219559,4.08103519760334,2.98818788382706
-1.17132207521583,3.7769594314628,-0.581182274808554
-2.02599781381883,3.72681889658152,-1.13511750369918
-1.0732477540468,3.65251896205948,-0.790741992002676
-2.40678609446251,4.31417464315754,0.531504370633974
-1.87320729196112,3.99042799054892,2.9296040050815
-1.4975074436734,4.44130725086486,0.787156975714942
-1.33627678344996,4.48266943989123,2.03444390278585
-1.76513344086381,3.68836184783635,-1.20266534014235
-3.09621917437709,3.79977128352603,-0.719869873693048
-3.37019004380695,3.65773649332934,-0.801928674736051
-1.05167253363961,4.42046077617944,0.840781311848984
-2.6084312175197,4.26897162179579,0.569949984963288
-1.7927770597574,4.12161402524461,-0.178559010570731
-1.94429691615795,4.199861035141,2.43859686827049
-2.18187487805146,4.2893942544783,0.218306599875064
-2.10771598340303,4.43462497896977,0.894174202869546
-2.23272653979726,4.07737505844798,-0.398436819492541
-4.27874748655662,3.15008214111519,0.551256706029824
-1.56694479726496,3.98476096897912,-0.523014304484666
-2.90619267714663,4.12926756260834,0.243506392767566
-1.96137461197631,4.03087217139505,-0.627992462305397
-1.2890485710813,4.38886272821882,2.40775972102061
-2.37036827413674,4.08057683401831,2.43358084001302
-4.06214230686411,3.28061530777607,-0.565978845721672
-1.63175746975172,4.21908373572399,-0.0228720423457496
-1.89490401675431,4.24398248584072,0.0101151391339546
-3.07213065241173,3.71847801282138,-0.938418672412636
-1.23209649888479,4.48012898121436,1.08556950423097
-3.35296408785883,3.61662287140509,-0.924089135925785
-3.03565931232997,3.69559627745526,2.43341052289039
-1.34907112374868,4.37206620858375,0.590529353555445
-2.52308193636563,4.29125916262064,1.47422612665891
-1.31088674926894,3.97189187866746,-0.429360165849913
-3.62253120990628,3.53716074806106,-0.63389519036637
-1.27449371258437,4.18958007526747,0.0336914587130066
-1.84305723412193,3.70081222015197,3.40770681509239
-2.58821508965401,3.81739261299077,-0.957091097307352
-2.57976341928891,4.0742100870281,-0.326860315432647
-2.04050461313094,4.21452285857401,2.42881285022735
-1.82059526583166,4.16559960473641,-0.198333989750763
-1.63327172850659,4.27178971604494,0.122642584865517
-4.07367264235983,3.3358726944488,-0.169618735203995
-3.62850779713137,3.63331590997949,-0.459515419408864
-1.76945340245675,3.86404789643239,-0.822209980792194
-0.824410375469332,4.4430587439951,2.01503042265855
-1.95951598341311,4.11571097960401,-0.483795658028639
-3.04638392564442,3.88804255405417,1.99735754008314
-2.2603365011394,4.22138183308185,0.13955832443408
-1.46342381535604,4.29133253829592,2.67329541674426
-3.96927265963772,3.53200086491388,0.193930995088951
-2.89747537190218,3.81908753033669,-0.725130465147377
-3.32733576140191,3.94292172599664,-0.0420033583975217
-0.860397567294153,4.49195574746172,1.4511420878135
-1.64677557894749,3.70669468734357,-1.04443122529841
-3.4349070864602,3.77661787530215,1.53772496137246
-4.4080072561053,2.97242519219814,-0.303303998473589
-3.60511894120136,3.62526532360593,1.5368891210687
-4.10210638124366,3.23948015235189,-0.553703780328634
-3.95831557856399,3.46993810685175,-0.11622436891334
-0.793735276156861,4.46736315737668,1.27882351339474
-0.983179701198914,4.52670795491309,1.17075184257411
-1.30390040427037,4.12743429465026,-0.0571739565003923
-1.20542123326116,4.2573858760813,0.209709680388505
-2.26390173678631,3.99194065991392,-0.630533499627719
-3.26372101594924,3.6482535074149,-0.874419399561023
-1.75518720649629,4.46606618806432,1.64472467792091
-4.32820697595372,3.02896666847473,-0.496537540678423
-2.12534528341273,4.05064212134956,-0.436309092572471
-2.94010364236268,3.85597218302269,2.32237090922217
-1.09542225247603,4.33949938311631,0.420445284962735
-2.84595980005226,4.14166103335618,1.65004785021498
-1.77348052571993,4.47098809451025,1.40374851636522
-3.70169862510691,3.68070039443032,-0.147600200877103
-1.49060988046452,4.37566407978406,0.475070601972699
-4.3453881997743,3.06326006184721,-0.218783480217452
-3.12713021895969,3.96290872258615,1.7606417379702
-2.61612318754225,4.13877282939115,-0.0907072064305944
-2.58272571311473,4.29160913122519,0.735813800908532
-3.4264198306711,3.71331394842733,-0.568158433159413
-2.03428228818708,4.07775882241029,-0.43459349423375
-1.46140400270748,4.18632541890706,-0.0521703831142827
-1.49599524756501,3.84584612998088,-0.743877667728687
-1.81571329009055,3.72536103746764,-1.17980265611434
-1.15372376359151,3.31717392317384,-1.29716892623062
-1.11115471822161,3.84137348507781,-0.535350619261185
-1.38902340973097,4.49894390499125,1.23014560550011
-1.92129081267199,3.79177241322404,-0.996518960803973
-2.65699247326387,3.87593032503728,-0.721403226851901
-1.18323167380478,4.37888126907929,2.52226542396502
-3.53732491202002,3.84034474993455,0.606390471817782
-2.59289089126317,3.86392238425984,-0.810212765905169
-1.12375300642821,3.64412361845322,-0.837904668219357
-1.22258088409106,3.61820572014629,-0.942002290510038
-3.63314217996516,3.76573108992187,1.11053145854906
-1.01394221467224,3.46235361065571,-1.00031031717483
-3.29523123446505,3.96245618067939,0.240030783060335
-2.01067619864091,3.69005204560095,-1.19494535045827
-1.67135823803321,4.21261691185746,2.69364336563206
-3.05015016015307,3.59462605127142,-1.21687921420869
-1.64493282011804,4.10215167437833,-0.307898501162704
-2.53801325984461,3.92527586902374,2.56772863279279
-3.22466159867795,4.02045778252612,0.959124712402102
-3.85121566595596,3.57707283525985,0.82708469148069
-1.27931105737308,4.16505981932352,-0.134879160247254
-1.88397936000587,3.97412968752982,-0.641568745953045
-1.26330082902874,4.5017527767662,1.51197204674547
-2.96628391302842,4.01876584461364,1.77649001040964
-1.18235129898831,3.25223329372733,-1.40335890363601
-1.40883195762019,4.45142636077446,0.876068539158684
-1.43451264417949,3.38426951360261,-1.40942810524184
-1.88896149415223,4.51165280047902,1.15915985166804
-2.94805161499568,3.83130619725999,-0.73554585078526
-2.7171309695485,3.84037420718925,-0.785712201088035
-2.88093211821879,3.95317587966071,2.09835209169559
-1.20831939591643,4.17229664768881,-0.047265721665486
-2.59582250457617,4.21558589342014,0.186761996398101
-1.5760017257587,4.23288776636768,2.70434461992012
-1.25354911764646,4.38992960011137,0.651693939666542
-2.37399982322872,4.05659821188264,2.48081013000328
-2.31061300607935,3.65106905779897,-1.30165264901876
-3.64883591963347,3.54729732775124,-0.56099320294156
-2.33949051291126,4.19771516770545,-0.0515625419576447
-1.64112074695934,4.39248092964242,2.19684745882643
-2.8677454153,3.91844373575113,2.08583302915899
-1.53418170273833,4.37944610298754,0.482622363578948
-2.16042323911009,4.26837155137664,0.174324639398048
-2.44961069710183,4.21157057154766,2.08618674670935
-2.52531566728422,4.30024559539046,1.39124268256594
-2.79159503689301,3.83191201950078,-0.849637298268734
-1.37996392214416,3.44298887834153,-1.4056537311554
-1.32073391267511,4.48573380937857,1.83859155715803
-0.992018708541363,4.40056005617423,0.86821040610685
-1.65776604040815,4.17530883932262,-0.259427390956171
-0.951867989054966,2.99588838730177,-1.42106413464845
-2.46401794606568,4.20322015381361,0.037701490960926
-1.38966627745257,4.479523931838,1.9166893245815
-4.1317883381696,3.33895553157866,0.31319815906936
-3.03019283222509,3.80106907630526,-0.772485741180266
-1.14763610646504,4.48848267995258,1.95888856385986
-2.57922158279137,4.23520058330213,1.68018942667669
-2.65917642563529,4.1950147027295,1.70790733924771
-1.08856037173646,3.54353638606453,-0.882602005300159
-2.44379507648595,4.33040526082724,1.17626022382721
-3.07547477164488,4.10070838880109,0.951276186698144
-1.12166319082428,3.3849834468556,-1.18459572002512
-2.33121569322138,3.74764937487183,3.01253803036423
-1.9700932826565,4.38045524314733,0.684743711944195
-2.34999200889164,4.27236648606229,1.99489031285173
-1.55962700929785,3.4012076228301,-1.44831040383141
-1.69613724781962,4.45132275866058,0.867347013064985
-3.45093202829797,3.93270939688736,0.588645976478828
-3.56949231531325,3.71209448929918,-0.29467949377449
-3.70780750028331,3.67181969385254,1.01096527001349
-3.63683434814411,3.75437964758909,0.201175126398039
-2.64872271848679,4.27032216845279,0.717697125850613
-1.72268333611252,4.52383081681652,1.08502682410212
-1.75601212247018,3.53048089203304,-1.3676943921205
-1.66056307273532,4.44901180191313,1.90272616538433
-3.61280391342571,3.81012201042379,0.674492268397727
-1.44579988264538,3.89058611215254,-0.670311220304624
-1.25681150102334,4.4862367051383,1.12583954749609
-4.49462304533196,2.88616926930716,0.119256203953452
-1.44427349292131,4.25039123136451,0.116111595391271
-1.31037720212279,3.62575417690336,-1.07979205561594
-3.22463583551746,3.76563909810062,-0.68222998193323
-4.53176223791202,2.87798170603436,0.0432241415529147
-1.25385113413172,4.52234344568983,1.32359565597703
-1.6568029820479,3.74515680972581,-0.985860162446376
-1.90282830025647,4.06688688610318,-0.446327035577232
-1.4060186056771,4.17828001507376,-0.046783098389878
-0.824088993227811,4.50330038971209,1.55920598866399
-3.8985127501273,3.56232569027234,0.344232068119252
-2.05823711962186,3.58331842140945,-1.34109021228345
-2.51309795905313,3.93192132995032,-0.724662808167717
-2.43617951792125,4.29998777135435,1.62482686937234
-1.38254118280648,3.76102349691827,-0.824866122287511
-3.32017560650127,3.8003846254797,1.71448043831554
-0.996401619962386,4.53374353030656,1.7977535497023
-1.09865458688274,4.5053574212897,1.41672082149117
-3.29817269721831,3.9835454874529,0.866396012555928
-3.47065843967799,3.63784122961985,-0.832664418043799
-2.17779400388568,3.915814992659,-0.728630652561182
-1.52047160410797,4.47871934681004,0.977466784346879
-2.16632718381383,4.230877937998,2.36526296132529
-2.57693425942558,3.69242226042812,-1.31230116142606
-2.74454255840907,4.09301348981186,1.87881606023068
-1.92150855887272,4.05729825974935,-0.470715292540322
-1.79513961394258,4.39758240042593,0.575683848219231
-3.49936462110195,3.49093931197954,-1.05229185856856
-0.731399832924567,4.49012718128454,1.71267110056204
-2.81914963586283,4.18878596685329,0.448131690415833
-3.55640595841776,3.83869485032679,0.986152653397677
-1.04669620086175,4.01575547699847,-0.200570234009548
-3.42066732150814,3.9048861739419,0.901152600902219
-1.1439934108008,3.47160615921026,-1.08835683284595
-2.22710044237565,3.94380658221225,-0.739083515473477
-2.58880772126865,4.14929936800928,-0.0736115355572177
-1.96403611586507,4.44866689757142,1.35981105731055
-3.95399720544986,3.43501938872365,-0.321119732026212
-3.67884788112464,3.76545230499533,0.960242258852128
-3.03932103529684,3.96481818362901,2.01094104956592
-1.55718576221112,4.2069365698389,2.66483212344333
-3.28150044500228,3.98271179131684,1.01256117175899
-1.97141478006839,4.0969053615129,2.73959258655822
-2.08752767622675,3.64183907907827,-1.25637587507022
-3.85920088222527,3.41833325587467,1.4264350430745
-1.00522023464719,4.21476018112673,0.233103337936847
-2.33909969471418,4.34095146169127,0.625172406011693
-2.62874336161911,4.28799730056757,1.41113979863657
-3.05777071980544,4.12631098247126,0.486049931996992
-1.20758767815199,4.3606620813635,0.537021177400907
-3.10240518236531,3.97877364069347,1.63032207538486
-1.38286372534827,4.349596384117,0.566330495424358
-3.13662282324229,4.02012430641726,0.132490924599059
-3.25854255905877,3.95914754731684,1.23819791954042
-3.40979028850403,3.79604054286785,-0.274764784508917
-1.92594543600576,4.04267411498587,2.9198892312448
-3.71996635356022,3.59248529460747,-0.496535805811133
-4.24470004480485,3.19295276979996,0.482096907226131
-1.03652964757633,4.4646664707684,1.07573465347334
-2.68714973879382,4.25801726590533,1.19187542389522
-1.90690822522625,4.36521917369402,0.613154541064752
-2.66091958581511,4.09994888223587,-0.192499576486838
-4.14036997635889,3.24065781662461,0.0151084998910479
-3.63341067258782,3.6875919941196,1.25384346912496
-3.13078448729067,4.05945917964975,0.406221345849773
-3.86287182270292,3.51837230351976,1.07889414643026
-1.43438300667862,4.36619656449888,0.474196930574579
-1.31659705006488,4.52949188818125,1.28477830726957
-2.63047262324694,4.21370967995428,0.29148097537246
-2.91102770826633,3.837788092897,2.29889122172834
-2.31083347614605,3.98280091870298,2.64358059132286
-2.500353593339,4.30271347437873,1.06720248735051
-2.50043812182515,4.37169244998153,1.20566928819477
-1.74751707561875,4.34280721421334,2.22277950688752
-1.81102975178916,4.47393796525455,1.58637999167497
-3.5199275367176,3.59492848215132,-0.769593915764516
-2.01233293236279,4.29235146908259,0.266168291882089
-1.74525424235532,4.21307337011644,-0.0626580716607918
-1.37238114015043,4.1727024144888,-0.0489843393960493
-2.02526747204933,3.93393291420008,-0.747879665484506
-2.0612442834881,4.39676461114407,0.700036376698821
-2.89615376563587,3.78425041617901,-0.903181893222761
-1.59893561307628,4.14049356610697,-0.206933350303983
-3.01957296103435,4.10793355809746,1.3142024071289
-3.50631451693885,3.81145095299189,0.00848250645016706
-3.04480549924431,3.67997508297211,-0.955797324238552
-1.90305731314692,3.5347101078739,-1.41647827654238
-1.67002078148535,4.27799112227918,0.0731915887579042
-2.68209482227569,3.90406318283151,-0.586093647463984
-2.81667594801612,4.21514806508204,1.02855178830666
-3.02367786195637,3.67229250681747,-1.07328325693736
-2.71624287743226,3.81579913466134,-0.8049607080528
-2.05012793500462,3.66197995349515,-1.25100524777609
-2.74229010166985,4.18774047824002,0.273178593181028
-4.47138259725337,2.92026489589324,0.0416459916437913
-0.994745230943951,4.34626786543002,0.696739416655576
-2.68690669410837,4.10813821581359,1.97462189982079
-1.71361242966793,4.28344528126702,0.143767573532055
-2.97076529030971,3.62051472574619,-1.23782911768502
-3.4753609475683,3.84603247319107,1.08351348002908
-2.45502909493279,4.18505374383896,-0.0357613339409973
-1.26373888371725,4.10278168662413,-0.151802543360595
-1.62054555247399,4.4785744827466,1.07543415112724
-2.36274103407259,4.2361070862759,0.100130282549728
-4.2182672141377,3.27413594269156,0.125970440514896
-1.19634330488955,4.5015520353789,1.30443029488157
-2.23772499176266,4.09998884694378,-0.315220517113455
-0.96514922468855,3.07948071687195,-1.38926157733314
-2.25711808547634,4.27176040287011,0.183020079987988
-3.11016783270159,4.00651774956229,-0.197296583702035
-0.969247044157538,4.30572811152689,0.387777075697711
-2.32389030151183,4.0920816796349,2.45470567803037
-1.98717059380101,3.98394366750569,-0.63940530837181
-2.20562892550586,4.38220133776039,0.889534423292544
-1.31992582829002,4.31557919579089,0.350261176302109
-1.61870209713405,3.45027593489897,-1.43658615736478
-2.16952462519619,4.40805081620836,1.32971055051422
-1.04707010241858,3.93796709270143,-0.337169911231271
-1.29569543795872,4.49894846180772,1.24413200759922
-3.28461894807514,3.99452040304338,0.603760719248745
-4.41747553369543,2.88695380730304,-0.097804711540837
-3.26389845082828,3.97933710798234,1.13635697667057
-2.98778491301281,3.80907433847801,2.25062669360456
-1.65709364547516,4.31278475818207,2.51102963614765
-3.08281590958032,3.58337285273945,-1.21951035917529
-1.23869310511326,4.42893933691151,2.19503190555133
-2.72573409909144,4.09966944074553,-0.139375035278421
-2.00715116333588,3.85268034898983,3.10488453468617
-4.56180357519117,2.75000389524856,-0.063810877895099
-2.40654837316898,3.70513430378178,-1.24569847634059
-3.21624636857713,3.96211264923428,0.00774002126733384
-2.33975496873081,3.57318768435727,-1.43519782111538
-2.45505739746006,3.64590726897709,-1.35940302383351
-2.77910907964362,4.01401370185946,2.09767703106215
-0.992516008289322,3.0573203848496,-1.52434864300606
-2.2113516802171,4.32972957942643,0.418234115004964
-1.21752795384286,4.50181205704564,1.79716301572828
-0.987544962328731,3.24411019603533,-1.2478341305335
-4.1697768292534,3.27890381115712,-0.0651191917737634
-2.65076470975734,3.69514509530841,-1.18634152818612
-2.2336300089819,3.7831464891157,-1.06041281801306
-1.12370259389097,3.77601412667953,-0.644781784550505
-4.44564132022147,2.95710486697471,0.151344722880434
-4.07396155807339,3.26754502482465,-0.165377527862451
-0.814162281483061,4.49654359651656,1.52421466342536
-1.39558523166325,3.55075679732868,-1.22956516053281
-1.68638298171636,4.20587039398959,2.72415894561179
-0.819763574729976,4.47843029509476,1.34540781975389
-2.45184171357299,4.28752993200381,0.866750682630927
-1.60826119980214,4.48547779136107,1.15417499678357
-4.43214672664049,2.95920998534637,0.393821447069421
-3.67353271314201,3.69256531020666,-0.0717160444102863
-1.25425242421151,4.4627868314863,0.962084379757498
-1.19470886790652,4.41068956620918,0.882150977266851
-2.11710229515978,4.4161153718524,1.56713052441695
-3.04411723683403,4.04677059548882,-0.141324548861179
-4.39078595139334,3.03154089624769,0.0632425854476139
-1.21591522287801,4.21769944964455,0.201887054933012
-2.22618063022789,4.06838293833357,2.59390767347361
-2.92365406091821,4.09659260911603,0.0820763551203965
-1.32772898285492,4.35617391268453,2.49957129066437
-0.951643431270085,4.4589052393786,1.00897651030863
-2.47829439433912,4.35015859334547,0.918771603026527
-1.70295232071065,3.94832212044218,-0.661000832637948
-2.35859237101625,4.24944756892712,0.151086475786812
-2.27625153860917,4.24259345126565,2.07754585662072
-1.90508021427654,4.21341921255909,-0.0790789008973042
-1.61604849629267,4.49320587620964,1.36522613948852
-2.88949510149564,4.02800982436535,1.88715409857035
-2.9435724118035,3.71563741496255,2.46620390351913
-1.45884326866539,4.32889368971747,2.52008253190205
-1.10707334497296,3.85659697877694,-0.508533818750865
-2.44457728987708,3.70528670635199,-1.20142011643696
-1.73150929485343,3.7943955315618,-0.910587739998606
-2.27245416156442,4.18707365040449,-0.111571814641255
-1.05647060493964,3.37972900693006,-1.1392679197669
-2.17014369176333,4.35747352956637,0.539567004501535
-1.78919131421606,3.6501884440847,-1.23443993310598
-3.6011814258238,3.77170816318607,0.142762357668111
-3.5538726021985,3.80584333911314,0.959182722160931
-1.02187289989956,3.68825347782832,-0.763469598127157
-0.915505867434374,4.4648696046343,1.15804088438802
-2.07534378220003,4.3402983945531,0.39103747588816
-2.20842912555067,4.15047491268014,-0.236677258470228
-3.50346269715386,3.80492743514352,-0.0382381914223057
-1.62943155201465,4.08690051797527,2.88404074675005
-3.46764543536192,3.72823166371774,1.58569184447712
-3.17692359031323,3.76259682087361,1.994406952767
-2.16320790729039,4.38064221119159,1.56995564790738
-2.43356115451184,3.8394135500897,-0.915912178321361
-1.44462569353734,4.18852616093052,0.0706781379839756
-3.2905267179406,3.76169251624866,1.78719204621135
-1.74479322434851,4.02260292404041,3.01275911347037
-1.88527738628621,3.97631344407288,-0.63738757083806
-4.46685331700847,2.92724590409851,0.108153335475636
-1.10888041764262,4.44193183327872,0.910805464137662
-2.58247518065658,4.27686109479406,0.575554019902976
-1.6512555797641,4.11241484134075,-0.286843880787733
-1.63989142586135,3.67380463119251,-1.09408712458198
-1.39248843602872,3.33002835037684,-1.5361230072041
-2.11111522048574,4.05021418883658,2.74533882200062
-3.14902801373013,3.6593799043034,-0.937706089719263
-2.40756442429858,4.33302986483356,1.45442011652208
-2.39780107059929,3.83157871624487,-0.89020231873396
-2.18850960099584,3.76214950605612,3.09913229066529
-4.3948585439179,2.97914448389182,0.140959236471196
-2.31168995696868,4.32222642687821,0.464513221107542
-2.1172953945764,4.33207647244481,1.97783325369211
-2.24846157237898,3.8993766527534,2.8670931312677
-0.852480641955907,4.49042019169433,1.44001610621606
-1.03796253804199,3.87833305747824,-0.429623264248634
-1.57638606348586,4.31210544655861,0.369876230878761
-4.2561105262071,3.08254976981689,-0.477874611596272
-3.81316407054513,3.56605699971253,1.0822597827809
-1.68505362022254,4.41746038470392,0.660767272011029
-4.44638321753442,3.02188013846429,-0.0363215105851346
-3.34502483747673,3.95710722942743,0.502079327686278
-3.32204887980291,3.94105394497915,0.192716409673117
-2.09977919247383,4.37298838701651,0.576184950642223
-3.51781304021242,3.70947288272638,1.51699936378256
-3.36908484080569,3.69525545280604,-0.702646822651569
-3.60750589843245,3.69620649651405,-0.264370620142746
-2.6140229158298,3.65946386445535,-1.30392879050404
-1.23485087177852,4.46335748481497,0.972434722818801
-1.66716041550324,3.93053615758912,-0.664179817582721
-1.15370200095479,3.94731224855748,-0.415029972004076
-1.82506388012047,4.14564676878552,2.68355024698929
-1.97672951086373,3.95391123619998,-0.700104659704826
-1.88302407673165,3.8399261447054,-0.899739960387689
-1.88036187741197,4.48264218705707,1.63944857660533
-3.23174630537737,3.71046209512358,-0.819631248882975
-2.73816679726004,4.10561287897271,-0.210777706802539
-1.27043040459079,4.37139729383982,0.547980064304612
-3.05183858139153,4.05235064555084,1.4489062107659
-1.50913139067797,4.01808580766241,-0.435104416067763
-1.22711074020783,3.60184867688413,-0.949843460791924
-3.27376514948131,3.9950568155576,1.17143289071899
-2.15955952884567,4.11526901833429,2.53920113905738
-1.15835380748919,3.30702013786684,-1.30900372904437
-2.97549597256652,4.14198465645777,1.14827877619739
-1.22047697707965,4.35921036342941,0.526465826079223
-1.99085307247005,4.29652223650794,0.165930006201524
-1.93279006306563,4.47522463776363,1.05637035597591
-2.03527666099449,4.24968375764769,0.00744282750916335
-2.18446734647269,4.4065190894378,1.27886786538504
-2.37916813836105,3.88420907140976,-0.855602825934815
-2.7795150581002,4.11951118330037,-0.00594088880284723
-1.77241343752885,4.16279325170191,2.74201215673713
-1.1246078375822,4.42509910163401,0.823636095225953
-3.75136751435425,3.6837982501207,0.395271662107058
-2.83054204021763,4.02261099495527,1.99876767849243
-1.62179998253589,3.6360170473598,-1.14513718020757
-2.1902375019745,4.40699496972313,1.15814211081064
-3.56375947482806,3.77092317553946,-0.0260625226875384
-3.56326546393017,3.79000212569272,0.0962695987022278
-4.4228934148332,2.93837866079499,0.0125658553438122
-3.89689023342312,3.51875154750538,-0.128269415726762
-1.0622315158854,4.4396696655909,0.923978738429033
-1.04244436954495,4.3723357445919,0.73589275921892
-0.956909367746649,4.47288581038304,2.11487608564249
-2.6288621074181,4.24545908713079,1.0380001330439
-2.61296230334753,4.26917375188064,0.583546773226965
-3.63753092099492,3.72973262905665,1.03598171993018
-2.37086811240926,3.98293192300122,2.62581568797554
-1.52656032010205,3.9393701383196,-0.650002069942841
-2.92432712745686,3.92440251640159,2.10148171748524
-2.00282504456206,3.91741557509546,-0.803284207065632
-1.67846379730123,4.08892767896734,2.93726491714925
-4.01642023658201,3.35673361155957,1.00277701015538
-2.10032559793962,3.72674801809781,3.1929673554274
-3.71582276224367,3.69796649628699,0.189989375805181
-2.37000886337315,3.817795286563,-1.04073115089948
-1.8819029935798,4.43884373100011,1.50649508239761
-0.986225328522336,4.45588250201585,1.05443813159406
-2.31174084405448,4.26323017363375,1.99647752585656
-1.90547587546571,3.63472982882489,-1.25097816486745
-1.91100968938374,4.42246126355143,0.765731722951879
-2.689767998543,3.93660085436239,-0.647376516033851
-0.991185364668861,4.42491876709177,2.07218091960156
-1.32890511897123,3.65589849239732,-0.873755181721902
-1.35275983238627,3.74024725228663,-0.840712114010639
-3.67845358546619,3.62762018122434,1.32711447263925
-2.14255932977781,3.66953726625034,-1.33632256666435
-3.71225395230414,3.53888140808108,-0.598730715602602
-3.43422632375529,3.86809714487301,1.12963230814992
-3.40668676766606,3.89768250413347,0.457033060007307
-1.29489354664987,3.31756548962966,-1.34363526502378
-1.30299667291522,3.6326371894101,-0.973269071285881
-4.14995869519563,3.21785711732355,-0.495944737164375
-1.8118778310216,4.16066972226188,2.72134560662366
-1.91983810551517,4.22164557010386,-0.00411973575960677
-1.44837052320107,4.43885051896825,0.872054006352223
-1.82329913370589,4.16849992136315,-0.191381001802801
-1.08932504915587,4.45746654476135,1.12230777902493
-3.11759137236795,3.65479266209768,-1.10951089802813
-2.29887080982454,4.22594645345294,0.14278133534018
-2.77056315080486,3.92265578599469,-0.714590056962348
-1.40755376458152,3.59805694609403,-1.11205968537487
-3.03288018327141,4.0790552146418,1.01523014336894
-1.37631526781244,4.50483595763653,1.63299699246695
-1.14392469818519,3.6558540402934,-0.977180394777172
-1.29984063996708,3.4737207338969,-1.19679311457358
-3.73654048740867,3.41960875725498,-0.812562558142375
-1.23735918456717,4.44108432110878,1.91490114307665
-1.61837178383569,3.62192878358401,-1.16536590745745
-2.76521559613801,4.20272101746381,0.276766671845786
-1.4403984139545,4.24404034230333,0.100490388047497
-2.33058321399932,4.40703681027573,1.31999195812632
-2.37360462990681,3.81175514635286,-1.00384735257051
-1.82899409907774,4.17063661044251,2.73227461530443
-3.2813697731811,3.79545022451824,-0.624858924521113
-3.94231526768082,3.47588593419879,-0.161790904011836
-1.36569072996389,4.36305198149231,2.46119565382478
-1.80197544603647,4.26149816399982,2.43177184413555
-2.23472142816723,3.6994745325123,-1.21268732424216
-2.63189908984646,4.14805395884371,-0.0429260669287732
-4.43669509342164,2.88289119765344,0.363480084798811
-1.07979797067794,3.28048153885574,-1.2830827060542
-2.55968479478652,3.93729957715183,-0.626718326736678
-4.36599774807247,3.07443990457182,0.481957329842559
-3.44268272678698,3.6051336912563,1.92421710920978
-3.59903086515773,3.59597265594034,-0.639347859533988
-2.74616128577387,4.02364017499669,2.12008711059123
-3.35058410370835,3.7405467009493,-0.634870720424135
-1.1785137822077,3.99779968191648,-0.310323953837611
-2.23302990235363,4.22578622175537,0.221248456083167
-2.27156198115595,4.29962370223765,1.90888226783905
-2.38474213368698,3.92431565352829,-0.768478120034559
-1.11871399794883,3.46969516981016,-1.07190962977341
-2.34045070665501,4.35540303905174,1.43825555432966
-2.38243986760084,4.34011054795795,0.698302866385007
-1.67504360582547,4.08121526152138,-0.36178300219015
-2.68911476110846,3.73647095542015,2.71325687197917
-1.31886563521507,3.86558156959916,-0.593737484386862
-3.25743050340149,3.73967035465215,-0.716284781271964
-2.11795568202959,3.55615547840979,-1.40173728895225
-1.23301052672933,3.40548632648867,-1.24220947099887
-1.38085946548905,4.27923124045603,0.215106751191238
-3.93207190874744,3.55063194082345,-0.212536002983166
-3.53223142953431,3.71409262099838,1.57218607599061
-1.06104622164519,4.28026215834112,0.367301113139674
-0.910727607952664,4.46514945834859,1.1634719318963
-3.13004766731074,4.06689544419746,1.0372390708597
-2.25863534567903,4.27155619973881,2.17007304072836
-1.07327210334766,3.16047085181644,-1.42606448547545
-3.08538994236506,4.03266807532509,0.0818989417302606
-1.08352718007715,4.4649715036625,2.02834718056153
-2.30471848743592,4.0254342781299,-0.547097795033854
-1.74668547036105,4.36521339067026,2.25162528422072
-1.17474870902028,3.90426939559966,-0.372678541112453
-3.69583741635756,3.72441886395277,0.3630264799491
-3.30080833723242,3.85339772028047,1.60045167872407
-1.06475117089817,4.48704103296709,1.05966333529382
-1.21558983487929,4.26818676265564,0.256970362731675
-1.12214208281733,4.26086912937619,0.283618782937916
-3.24940561029349,3.99062514877883,0.29333046215434
-3.51376967951273,3.80897750731595,0.0210519204844816
-2.06234288485929,4.34763861959232,0.419591996632531
-2.53953087019061,4.28770836698473,0.56978392215379
-1.86808211595736,3.92134507289794,-0.742816455516449
-3.20663421422155,3.98966254340207,0.138176519074611
-3.1678329160369,3.71819165950628,-0.783042293809429
-3.00039518152926,4.05201347124682,0.0136291124460107
-2.36985283325689,4.3278105463013,0.804434260013049
-2.79822212961873,3.77320340517726,2.50705107358927
-4.00423992142615,3.41335703915485,0.88449760775074
-4.07446236936527,3.30258952154766,1.02041676455909
-2.23702814673373,4.3320870398119,1.44064416132681
-1.78452772613171,4.21021170801428,-0.0765514284812598
-2.57893099221813,4.15473514475849,-0.0612244040333709
-4.19653129472854,3.18004021426532,0.765870948144241
-3.9928532988044,3.47689002150657,0.413609839868373
-2.0529369890317,3.54897534750703,-1.44135126204656
-1.7493343841931,3.55906120812369,-1.32120344938581
-2.29353085803258,3.80235906955179,-1.02521811968894
-1.78651506153223,4.33329124928856,0.30508822473233
-3.75379245636107,3.43606445583905,1.59644642401316
-1.75496644266108,4.30353796164596,0.203292756800551
-2.09452000485256,3.55621596814844,-1.41000450792425
-1.21768430631673,3.19019526003516,-1.51144173584064
-3.83055612132494,3.56196619964677,1.02542811633344
-2.85416304906009,3.9928886640311,-0.383777383728349
-3.25360321992628,4.01276328376049,0.674188842162826
-2.97730117501784,3.89790096654968,-0.575865033736683
-2.44302705934122,4.3231658405756,1.45920076839576
-1.02425196311797,3.37030757171144,-1.15881480717827
-0.704490996866543,4.51509982240922,1.37412175661191
-2.08963289677207,4.38255201665438,1.76540035743827
-1.80643170304812,3.63252403483963,-1.22458691537831
-1.24973350177367,4.32301129474392,0.397774741553697
-3.51384900468444,3.8045030395226,-0.00565649075478358
-1.13832924273595,4.36603885033148,0.587418592208398
-2.88625826303049,4.17032656554902,0.4988928959365
-1.23866961092825,4.43533548916089,2.37599570231079
-2.29135718420079,4.1169828905731,2.4312906185271
-3.40624654052951,3.93008804388857,0.901982143152467
-1.7741032587599,4.40020217455482,0.5849701054677
-2.84882869022167,4.19197294260909,0.583600983846071
-1.63689387006699,4.33898761121228,0.335842360733916
-4.18888852789893,3.24264584663393,-0.187225117141588
-2.26639055406278,4.18511167473592,2.29022901699372
-2.03141395397828,4.37429930953085,0.539470528809624
-2.0564920679471,3.5126418048898,-1.51498344386327
-3.7159690038055,3.69296364958665,-0.0101289377059636
-1.42577181700301,4.22957948903632,2.78560033851097
-2.37659692882452,4.26149463991005,0.215045924154121
-1.4851019868234,4.34586858404639,2.45589190562427
-1.7971430850463,4.26787572073776,0.0871536675249756
-3.5066991219643,3.83639102881733,0.186547129380728
-3.68969840934888,3.50419960006655,-0.745885559032807
-1.54708962834929,3.75466955440123,-0.920518719736755
-4.28296830850463,3.10514551178265,-0.387559047522731
-1.32378294084401,4.46793131276985,0.973468351968018
-4.38336982598431,3.04142314441612,0.218881928024796
-2.91501647314435,4.18415477810486,0.753547134637638
-1.74253977657967,3.92608128429141,-0.698245348689314
-2.51543349897202,4.30279964719829,0.649449044016886
-4.16704595325402,3.29746542072648,0.41398691872811
-1.95132010471232,4.44603285318201,1.05140501396336
-2.4882970967205,4.35121635102129,0.722844883182805
-1.67542068522358,4.19792571169539,2.72642277309907
-3.78030935935671,3.50688063815125,1.38969939823454
-4.09161915665998,3.37307772655038,0.513864578657408
-2.2698217459464,4.30782702922261,0.424732718322734
-3.11953652644044,4.00665108988422,1.47722090386588
-2.14665407598393,3.8952495691364,3.00964185896265
-3.3477257218069,3.87287025873118,-0.121569680430279
-3.43065102727981,3.68194033165731,1.78479646781623
-4.55891033748267,2.77715770698023,-0.181220663458885
-1.87828969202871,3.69494684711564,-1.16472979459909
-1.40962691844784,3.88914417329662,-0.496483600484533
-3.12636639434059,4.07580845599812,0.927634266811743
-0.958074212948809,4.50081985111925,1.47100111024162
-2.35089155332289,3.74892322013613,-1.12559209583445
-2.33554921672433,3.91013435367601,-0.692647158989932
-1.3388738843819,4.00671660791893,-0.378958572490158
-1.05559928727222,3.16752893299606,-1.40160838244646
-2.80166336232753,4.21940392546497,0.739482004680043
-2.46266677735091,4.34833570358007,1.36772194935575
-1.02099580450916,3.33986678263407,-1.08327965520849
-1.78497059092316,4.47575442210767,1.33136852348824
-1.99332527147989,4.4176875623461,1.01367543869624
-3.46574938485436,3.83052631908885,1.28805875840782
-1.11632267949698,4.29301282127307,0.373246515432021
-4.29368798694463,3.13884085324198,0.490106122692714
-1.59652415038111,3.64604052663278,-1.22474460403786
-2.86438102518525,4.05001510088036,-0.181512659173669
-2.40609023947524,3.87890200483644,2.72134015830324
-2.12077796254678,4.0605395120782,2.69638889836139
-2.26915675078679,4.24539329949439,0.0865676549696069
-3.10539918307912,4.07116718176267,1.13356930563078
-1.62525604866496,4.13069304430423,-0.237565507176606
-1.33437337737028,4.09062237968563,-0.211167396110029
-2.99757365547193,3.78859120219778,2.32233606444543
-0.862868529961696,4.48693826232476,1.19411973466807
-2.19452537661802,4.24991604460952,2.18183136756924
-2.98984712223877,3.89376985341202,2.07305290219536
-2.64019852610778,3.80478698582371,-0.968919837077903
-1.72261132909195,4.48959799974756,1.75249671894534
-4.00208678453976,3.2960050035306,-0.568560481307635
-3.34710787905736,3.77619855068613,1.72301295966948
-1.32727977886097,4.04879743495573,-0.292077304448014
-3.19934834546195,3.61896587395405,-1.06260584875522
-2.90893675473334,3.97898299281122,1.99173303567387
-2.84983465494804,3.67611933802403,-1.2119874138258
-2.73509811398809,3.60564548588782,-1.33140412246822
-1.78475848027608,4.43098154893661,1.39337236889025
-2.72594890140985,4.07471166237788,2.06855914433708
-3.21314779869763,3.95922760743658,0.119646536195103
-4.10996061324496,3.26443498796045,0.893197609799782
-2.42558475400978,4.27653512160918,0.330277260830179
-2.62265961231069,3.63854494633377,-1.28747615039983
-2.63891532268733,4.17566920648526,1.82417883827453
-2.88535631843798,4.18948399058631,0.839286539722007
-1.69150252723708,4.16434614200315,-0.176019017084085
-2.24045470673502,4.34823604582555,0.548992743202504
-2.0850635519115,3.81329615287123,3.09872065623653
-4.2892694678177,3.13166371975434,0.695548717918248
-3.8324904058737,3.47891401824753,1.42936147981612
-3.99688367318762,3.47349897864779,0.337646343223632
-1.4325434943144,4.40997859008393,2.26043882450883
-2.39581481470383,3.78524279682641,2.85948451362118
-2.98149068764235,3.72348955925034,-0.988587143773967
-2.61547782719447,4.28743920217041,1.13325451069387
-1.39586980168779,3.93487289693639,-0.472181514188795
-1.87411417117675,3.8740265355246,3.15773526021802
-2.82789644778623,4.02786481314077,-0.437877829295604
-3.74733887416021,3.45882522309073,-0.768279543761603
-2.0741534481392,4.24190926622439,0.0178885333505891
-3.67001428180766,3.72449411513353,0.133947709090372
-2.25835834471264,4.35294192601868,0.60073450449282
-1.50926205029065,4.22796723541954,2.74984398038331
-1.30880461202535,4.36988735571492,0.586718842185177
-3.35431365114511,3.90961698643574,1.21093649161871
-1.23967106995979,4.02176105287392,-0.299418573997116
-3.73140293385793,3.4990089026295,-0.846133506801212
-1.13097133286292,3.24497827184468,-1.40450105812538
-2.51085431994523,3.60553667828934,-1.37433783244547
-3.43890191440532,3.90326030969567,0.5429541794193
-3.50129006915758,3.81081498416329,-0.00704710110730983
-1.60829701555186,4.49346442440389,1.46091945997956
-1.0936452612048,3.10743142905904,-1.50977855381893
-2.83900141783086,4.20221541930238,0.676942243826705
-3.16440066120869,3.64074846962624,-0.907872638764899
-2.9658053977153,3.6433970006746,2.46310433938923
-2.47930773688323,3.81570957469613,2.72693230647443
-4.18488243993224,3.29342780832143,0.31130559372971
-3.2183345422308,3.86946404794165,-0.295042638085378
-3.55246362427918,3.82693972314597,0.426714622048526
-2.87052668074123,4.10133731607701,0.0332268318060355
-2.44018974972762,4.25368190297883,2.00966726047263
-3.94353766217573,3.48878991678701,-0.0743025921160389
-2.69298978925084,3.69762635726185,-1.17014354532557
-4.14933470857904,3.26889353231757,-0.268390303488314
-3.76239455891221,3.51248048054666,-0.592733454534059
-2.86974142425054,4.08613304735568,0.142736852081726
-2.93538703605598,3.94453303654933,-0.459944510140129
-3.87762484014263,3.55283644906789,0.824575805119704
-1.75768976395327,4.47010452066836,1.58969355959893
-3.36485963268035,3.95673144220185,0.435160253687642
-3.19380275980391,3.85794345516714,1.81315318910864
-1.73158545965794,3.63959208044587,-1.18812049526034
-3.98987763621968,3.37788683248853,1.05189307687495
-0.937423017802803,4.19608274163134,0.326966621699844
-1.68719822594927,4.18650538790611,2.74397281808852
-3.85593270217875,3.36495377864769,-0.818077041541513
-1.44843825997322,3.96705091268411,-0.505801557725644
-1.90077964190644,3.617305677846,-1.28526524566327
-3.06959733782345,4.01453014494836,-0.0385338131943927
-0.870792078308085,4.43686380779278,1.03067085771015
-1.75294148378123,4.52420027699852,1.38715117516037
-2.48195792503224,4.30900067482991,0.627449605079909
-1.38997171563342,4.47035109692871,1.13352086808634
-3.88388126152427,3.53938444827096,0.8735720202522
-4.09296927357736,3.36880979913285,0.0620161405526158
-1.29508200367042,4.37353543149538,0.546113204499237
-2.07868463289941,4.10260062720545,-0.447199038820424
-1.87779168428401,4.46311554482144,1.33665300641712
-3.26891539007009,3.95310367951654,0.095437302888565
-1.41238367167171,4.33847166385628,0.385678929054738
-1.68411673096757,4.39718056642204,0.562706196544243
-0.848851868028074,4.47082191076118,1.25402472843678
-1.31183123534852,4.42883585012716,0.768126473086796
-1.76271432304819,3.50782304750656,-1.36021923437723
-1.34616126796395,4.50846308376653,1.5519444641269
-2.82365792531068,4.13434733833365,1.63315291964726
-3.82227999425807,3.62274241117724,0.264356493624893
-2.01928994902366,4.42864297133585,0.938129738799334
-3.81133517672445,3.60124037367801,-0.0279215750681582
-1.99355089610667,4.05098034413874,-0.493740858547776
-1.69741619803477,4.15515328550737,-0.199752408784693
-2.83650901028359,3.83969046972761,2.38900202012899
-2.33550714159464,4.33716551110862,1.60207371560405
-1.572089076235,3.36409802005877,-1.52026146616938
-2.58187456490768,4.07247208792842,-0.237318409540384
-1.51241148636955,4.26065069875833,2.67244244590333
-1.40699435703965,4.14336629239819,-0.13019669786907
-2.89438348983527,4.09590647799666,1.64180723230079
-3.43295401201649,3.59424112890445,1.96238440715832
-1.82197100525566,3.74647258594587,3.35567531267753
-2.41322607280217,4.33183744013737,0.751226551922819
-3.08410286490217,3.60575635137691,-1.16132073320772
-1.52332425256615,4.43223638055614,0.736792011078189
-4.24521298977913,3.21221648476347,0.136575260202475
-1.14503713937244,3.36291866412928,-1.17074417143497
-1.28584070173368,4.38294135592955,0.583937223569874
-1.2657099318188,3.46788187093634,-1.18130114047694
-3.1519221646472,4.10392779540913,0.481262329404314
-2.94637110355032,4.02662775939275,-0.17260422420153
-3.201341789233,4.08308000428412,0.398852781232138
-2.77943753372599,4.21319479094191,0.684933660306772
-1.70017489959124,3.66544856166117,-1.13383891169555
-1.07726986426485,4.47667972382405,1.13188777413625
-1.38846288112886,4.35212080702603,2.48503681292695
-1.19907136338281,4.23773224997169,0.12528878035175
-1.45656361873803,4.38262630346187,0.556474671533984
-2.25549978217533,4.38148472434388,0.78318494560608
-1.6807737697149,3.57603909011136,-1.26516869108663
-1.65431385047657,3.80518291877399,-0.883784924048069
-1.78872607555605,4.4744835619509,1.25222591118202
-1.21873091689357,3.76924672258235,-0.708790952187057
-2.20396752241816,3.83059117729697,3.0499710893894
-1.26237984940501,3.44604081867043,-1.22151154434311
-2.04248478583326,4.23756316273766,2.36696014303686
-3.89084208544649,3.41280444180604,1.32883180373427
-1.3434434543723,4.03235748623749,-0.332087809673626
-1.43213510133132,4.29946567486001,2.61420052354977
-2.46345846566486,3.81333140158646,-0.990877019227206
-1.7384932468366,3.63180959331864,-1.25198848290535
-3.08242140650101,3.90697189286137,1.88886903922107
-1.62493254622857,4.46303748009522,0.720063474782586
-3.58331917836145,3.64627713333618,1.45198875228647
-2.71339060204905,3.94020875683592,2.34755560124509
-1.15487072960266,4.31578736795477,0.397507169357756
-3.0605794410421,4.06840527664284,0.325467354596391
-1.58313428796996,3.72468298886574,-0.986329003009966
-2.81211682015807,4.16949162967887,0.240921212951011
-3.50797130764473,3.59133127156487,-0.886382200731169
-3.29149141484311,3.73928715665925,-0.677596043185507
-3.61398986264996,3.50453580778984,-0.868520246567407
-1.849544705068,3.74127467927433,3.24562806711212
-3.34532930071428,3.90858233040988,1.2504373164469
-2.63544381683944,4.00040842237965,2.31589759592695
-2.87206244688203,4.15460285281942,1.29279890075302
-2.7794571384538,4.14640287633605,1.67541242625031
-1.85202956980902,4.49860742370923,1.24402023343532
-2.14107413274809,4.30572156400266,0.267804592504494
-2.7892484067252,3.65449385499307,-1.22251133634366
-2.4046285385973,4.30664332271268,1.65074294519107
-3.50684891474652,3.62004000398642,-0.719762382090392
-1.35176038094727,4.50865796041963,1.48890469671066
-4.09886170405318,3.34246276828437,0.0972517263748865
-4.13946075716676,3.30481092312679,-0.104274520051555
-2.62969219258396,3.69336749314382,-1.19481825828034
-4.01166852865508,3.43928811803043,0.0654090732661664
-2.24805848734387,4.24556408696334,0.078047244490552
-1.41602926310189,4.0605760929547,-0.391751818480522
-4.21436766600905,3.24337247133338,0.414463228374536
-3.78195034640225,3.62405054402318,0.875607785229057
-3.09773760012476,3.97806219254171,-0.148686718028859
-3.35119603900707,3.85198232112341,1.47950941150528
-3.54124547700184,3.65699728602123,1.52505780451791
-4.49742153674175,2.86788077948763,-0.188317230278164
-2.67597937032773,4.2268878995606,0.395505682342043
-1.13491366074099,4.15465921570221,0.0249005732414563
-2.52412906506832,4.20208371877835,1.91392118381882
-2.84077650591614,4.22207129181194,0.343224410864457
-3.74101516813125,3.65642500023573,0.217795121074806
-1.38695966097173,4.4565939540153,1.28807244825117
-3.44332659269239,3.9228689520636,0.512092392731337
-2.91585104885458,3.8448253879649,2.27926481208381
-0.846026014427086,4.49209088175587,1.47236497013888
-1.09166164984218,4.42557731417762,2.33199801963059
-2.67400935916368,4.211873202702,0.612621043054012
-1.52622672199754,4.33990346523502,0.359340781769215
-3.00815357078024,3.86115980742704,2.11731280719991
-2.02489421107195,4.4133098642439,0.946655154739389
-3.87185204498459,3.53119747089382,0.0855060131935185
-3.88244629422382,3.60485953322946,0.138450354542605
-2.70184126619779,3.90855041214162,-0.651979804790795
-2.37194566135213,4.35453712822272,1.0526527468173
-3.25954295612475,3.97898947432189,1.15864860082255
-1.59816880823914,4.49471078780417,1.37287813919296
-1.68603559226971,4.15724405145021,2.80474891129654
-2.91110189466476,4.15100017450316,1.29812236503105
-2.56559773948028,3.73189493486698,2.83665057467605
-1.71905509672961,4.19987025398797,-0.0926533897146764
-1.64556952966842,3.97420838010523,-0.591188082816898
-1.2450331797808,4.49181793919346,1.89485125737932
-2.54637721142285,4.01830343807433,2.31225549592561
-1.13589894753845,4.19956275563374,0.125562108447014
-2.15088546792112,3.67388652946569,-1.26877646704796
-3.51027436820139,3.79039278093531,0.355731580651442
-1.10893019224216,3.26664587809122,-1.32481820280565
-1.14291448084721,3.58047812168134,-0.951829942675035
-2.07032956521196,4.39906792692304,0.72592896965111
-3.14306936144949,3.96946854983315,1.56997425531045
-2.48053784975172,4.11262005912075,2.30027132718193
-1.036887015953,4.16280162812059,0.0970088367495799
-1.69811461581347,3.87957508314596,3.23786090386955
-3.94486018668641,3.47600453646503,-0.148626385156338
-3.28527156997024,3.93137178719083,1.48991692924376
-3.39157719034638,3.88436485213748,1.02787806817138
-3.71755928177182,3.71055090733708,0.557318769665914
-3.76247749488961,3.49713900314842,-0.655470331344268
-1.29212150175424,4.36073442270503,0.666158697867417
-1.0769908781773,4.13359099400707,0.0117035703663716
-1.62241768384368,4.35046210321437,2.47502559580473
-0.777225897908033,4.46828268676236,1.30225907777014
-1.45449400781287,4.49532193530158,1.20756592704134
-2.83085797419109,4.17662029300725,1.38740839039314
-2.52410801378864,3.73053056015593,2.87545197662957
-1.0974192116719,3.76107274235115,-0.675473878672915
-1.63420824358333,4.36957526903498,2.28752944089718
-1.80457332948708,4.20982465548418,-0.137565697675433
-2.73989210727555,4.08012881070355,-0.0316311490626182
-2.03520305042136,4.39512986009947,0.66667604041995
-1.05316319665373,3.46523967330747,-1.02741450617964
-1.24475798735086,4.4088698670984,2.35143244253541
-2.46521409807592,3.66946757539295,-1.31611420001208
-3.61437915048238,3.72760976225259,-0.0919451315350999
-1.70934168873529,4.46724876298081,1.7038931718184
-2.34264216576669,4.35063539764811,0.715702293866655
-2.21907735162206,4.03632750994692,2.62260262796309
-3.8648456687625,3.57645745073061,0.359639147044507
-4.16764304006772,3.24810980629715,0.786558373398129
-2.42443538047036,4.06722591516478,-0.412944377675035
-1.402414278672,4.40165316314039,0.842747274354515
-1.56276747431718,4.47418893313476,1.01034341008538
-3.81499327745373,3.45011838436453,-0.683472704910925
-1.31892050054214,3.46652976215244,-1.21964998534278
-1.8977084426322,4.23212033719567,0.0976484929262764
-3.77270831098216,3.6308679893705,0.718189067856284
-2.40284241339776,4.29828187017231,0.425153353881528
-2.04355392775091,4.40372683007915,0.73482691007862
-3.53063319624105,3.62244916657149,-0.676097097718907
-1.32047798073948,4.41711187440489,0.66082992057062
-2.94722006647857,3.9921927830491,-0.425813443298388
-3.47498070642806,3.8808994269011,0.551717500633974
-2.43604844635322,4.34382362671878,1.17452125977465
-1.20054344005227,3.69133880924061,-0.823038178868675
-1.17916844506029,4.47546706236186,1.07271917027863
-2.13143362069078,4.04853397885234,-0.505486543587468
-1.36060004408902,3.65282659531984,-0.974008189318476
-1.37699140966169,4.24311580800217,0.0444641996622887
-1.02901513601365,4.4821978586673,2.03074382136003
-4.4863527259361,2.89764647952711,0.153678387527384
-1.76798165015981,4.26435442607964,0.0792450988273116
-1.94577434678541,4.47716886413731,0.95843686090999
-1.81207481664407,4.32553822627439,0.277168978599404
-1.69107798131077,4.50144781797686,1.34809771822009
-2.45891674550826,4.15604961698652,0.0483329447138357
-2.09503174515433,3.88011465570292,3.00846501450418
-2.10903665187901,3.6163382795254,-1.33864121931967
-3.70085689644861,3.72383141488317,0.498933776673004
-2.51425565025858,4.3172207937623,0.83056363754073
-1.345731400661,3.42080641702682,-1.30075455866896
-3.82249978570904,3.57238128150512,1.01199452838394
-3.38372294540775,3.8144569273713,1.50363054563357
-3.28642926688006,3.98207746797931,0.39711209047696
-1.67867559394374,4.33716440767348,2.36522644729737
-1.41001883955016,3.37809249629217,-1.40216444711711
-2.10341521323916,3.67045044869773,-1.24683533530654
-1.84793848248989,4.4621123985831,1.50035602489013
-2.77179564086334,4.13201554847019,0.03830121627782
-2.57962375484227,3.98772908374285,2.50194927810615
-3.82960576397206,3.57573174890222,-0.102412256938319
-2.24860842055045,4.28795504562177,0.246008663049515
-4.15131953451842,3.31823703412677,0.300904320884799
-1.70710748239345,4.47655328985763,1.46411793480194
-3.21641370986594,3.99644058827287,1.21980137411938
-3.13249596237518,3.97720068385128,1.56594318973482
-3.62696694487214,3.74197330232559,0.721500404340189
-1.13990529977631,3.91020031443062,-0.440964107092198
-0.824531158276715,4.49755426047263,1.67801256664528
-3.89844254579755,3.39388803475481,-0.640244486373121
-2.53430127018965,4.31632494762946,1.05602169845171
-2.66076154749937,4.04121630194366,2.19167006926091
-1.31203769063,4.19839078290031,0.172155712004034
-3.55581498618598,3.78664935297139,0.0410326052725575
-3.58835826158103,3.60685105535145,-0.625275318913478
-0.962230497406719,4.41079174228521,0.851145279367178
-1.12594326465199,4.46349466057214,1.35553435510101
-2.31387781424161,4.33613561441082,0.554303508152564
-1.39524067620941,4.17492268007661,-0.0533422173872649
-1.16534474781348,4.50744001428426,2.11434607568239
-1.95455659877337,4.06872125414667,-0.449121352728704
-1.00867388635485,3.1791675904558,-1.34507323533084
-2.29975379193904,4.17226637729716,2.28876408638373
-1.29918443359396,4.50994946940281,1.53911649425171
-2.24409649644648,4.36803772773783,0.696793746336039
-2.33906183554384,4.12971812124883,2.2883655746792
-1.12504183279117,4.503455814237,1.36676666927463
-1.75778595313868,4.38603173015252,2.13013022329093
-2.82339930467635,3.88943524840684,2.31245058925091
-2.39382741725097,4.33723849048948,0.695426534232727
-3.77655229451654,3.4801910520381,1.47474674713861
-2.31350151829489,4.37438182612667,1.27827726909553
-3.10159707535686,4.00888024414552,-0.0052170720685858
-2.73689694859745,4.17595188050874,0.154227784652951
-1.26659256187946,3.45236109743697,-1.20310043272945
-2.3114612158967,4.04089308977244,2.58755815368404
-2.2932555460311,3.84792769967293,2.90743512674921
-1.33548362505658,3.37427513826095,-1.36128218165581
-2.29829062362047,4.08536220154515,-0.414916283956263
-2.50200556243766,4.10816392431283,2.25988828959484
-2.07659187230363,3.5286360825651,-1.37056948436486
-1.96238628844637,3.97093292222492,-0.676596149595334
-2.25546092538951,3.73165286811349,-1.15633698408228
-2.7351317441926,4.26246220083062,0.511149370809823
-1.64437332895992,3.68476422672876,-1.07863619698629
-2.9416894794065,4.13189992909129,1.22520473630152
-3.04968204209782,4.08386144491335,0.31016846293645
-2.87031990714324,3.95310491987379,-0.489834929301781
-3.84116147898593,3.51393188596725,1.17927853490375
-2.54145469837908,4.06478122749774,-0.373879408427488
-3.245876702833,3.69671811004994,-0.839841978165213
-4.16554238414069,3.2992715027118,0.484978361825389
-2.33181068589747,3.65363112452263,-1.29773427375665
-2.61009674091123,4.24745605036016,0.732503739159166
-1.91691778106273,4.43130251945939,0.838766625759258
-1.80875273864311,4.09985100482267,-0.354552797780781
-1.29323195519599,4.37903350804083,2.60703717366649
-3.347148035849,3.77215827084306,-0.493210915591953
-2.62811839877578,4.06355688940114,-0.32621353624597
-2.41626205808431,4.17777777058871,2.1402281618498
-2.63320600538381,3.59795284071848,-1.3696122661483
-1.57887841869753,4.26587828945878,0.118119708337297
-2.30308669614464,3.91022374723461,-0.784151739126765
-3.59807441252189,3.79871680979289,0.551318400795848
-1.13943804911735,4.48370891755967,1.99969202693277
-2.38498453443956,4.35186964564045,0.845300635424
-1.67666507548205,4.22540638506822,0.0311341225913593
-2.6604137994751,4.02005822157085,-0.439966823522256
-2.72796919093139,3.65811701773075,-1.25023460463343
-3.55885941617445,3.6624518219663,-0.565552391780657
-1.39483734995556,4.42180883155948,2.01914854337618
-2.56758435620082,4.30293274924789,0.856940011835195
-0.844823205805421,4.48559415054377,1.97840616009231
-1.7606553537752,3.63615343090741,-1.205303879109
-2.53005132628172,4.08833012941903,2.24011836947164
-2.13059982960158,4.26072242399557,2.21625474615366
-3.66985406055015,3.76107065622792,0.730820472968894
-1.99520569772419,4.31865823562838,0.175803249265492
-3.79889908024037,3.4999353253985,1.36035622241047
-3.25241394164371,3.72676507739136,2.01297994058517
-1.8274446555581,4.20362220815276,-0.206881323809924
-2.14342164602523,4.37951219069508,1.69457521773954
-1.17496082084729,4.4589247526206,2.1198799111217
-1.23385808466137,4.43659241886087,0.829063906000893
-1.15298922984857,3.36526252746237,-1.23460006669776
-2.86631080471805,4.06385008240929,-0.127259889532416
-2.4770662409919,4.22186809821137,0.122565516774448
-3.00822081721857,4.02471360964662,0.0535286616241188
-2.95089078529847,4.06710811403026,0.00145717139474213
-2.48480879360116,4.29756164623303,1.2778033643402
-2.44170793226553,4.18164126841591,2.09674185456147
-1.07809518271929,4.38809891375149,0.696551311352635
-3.25036458687977,3.95858687240445,0.266176534516888
-2.05944604441515,3.94220233719935,2.99538403954222
-1.44657682178389,4.50005739542822,1.64344981771035
-3.19407205426774,3.93480848003692,1.57583230706771
-0.879564011620849,4.44590070405343,1.32892501694074
-1.92532261622508,4.20717140615426,-0.0434487652584933
-1.22561368641035,3.62079253120576,-0.887555323887839
-1.95322800802811,4.24302368027616,0.0077182151637978
-1.5806848286645,4.49191775648936,1.56625883649096
-1.63503161098095,4.07938956672381,-0.354608132868355
-1.40949589768387,4.48965265166734,1.48677755995897
-1.14418828664832,3.4994593421643,-1.10578568259837
-3.14863603502186,3.8340452522168,1.95422878357966
-1.17795616167643,3.79838054948998,-0.644940211160148
-2.17114114780212,4.05662142351482,-0.48502670599911
-2.78196759458903,3.78576648452726,-0.851207809646768
-1.55691111104454,4.40525086128557,0.486622606604307
-1.16613303101661,4.33623193350509,0.329405831842891
-2.73148172454072,4.2405068150682,0.219927127308787
-3.35823747459375,3.75868411863324,-0.392590240176224
-1.83155999321369,4.44694153650397,0.904245538264437
-1.86053021357652,4.24624820747259,2.49212952223698
-2.31370399474257,4.36251305160641,1.29511470383298
-1.32677273962394,4.37678597839618,2.43344773740189
-3.02958011128104,4.07636206491392,0.203523919552194
-2.5369038770373,4.28917532900147,1.30084213079771
-1.82034855748077,4.33519355749057,0.312859095063003
-2.57145150515408,4.27968286677076,1.09084734520886
-1.09741060265011,3.62551569492536,-0.845563046877141
-2.26761432947004,4.1382849860278,-0.259070307936304
-1.2722601118492,4.34276287063528,0.450347744848253
-2.19336563217258,4.14970942766933,-0.381335450394158
-1.53150722495814,4.4543996302304,0.862083583105266
-1.05528175355637,3.18413528835203,-1.38098132968664
-1.36598670511143,4.45349866948423,2.09572708227329
-2.50697904954597,3.69060779390579,-1.22194355683621
-3.09619693770868,4.00027463097402,0.0621597776285311
-3.18487931290499,3.86024755009978,-0.37701674811885
-3.7556293329457,3.50596897182741,-0.547550200977995
-4.13327539202565,3.3165325925055,0.706428273938651
-1.08900434668451,4.0243563733206,-0.296921353738151
-2.28708283279064,3.90122629951105,-0.827262851238982
-1.58505417135479,4.29095708266323,2.55680748094403
-1.3421160758626,4.43338035071632,0.77699706878477
-2.33624018072744,3.65656701727303,-1.22769627627384
-2.51864920480693,4.0992997976148,2.22665374868787
-1.14070817164543,4.48242974275662,1.14130240927627
-1.5698814241645,4.43740681291235,1.89189326946874
-0.776411231543453,4.493267737763,1.64372579729051
-2.32420144377542,3.97679654879826,-0.658857479952095
-2.58560795182145,4.03493947087513,-0.437285118243101
-2.85649214989388,4.03488162036779,-0.24381097112088
-3.16294337459346,3.86678030981714,-0.45632434002454
-1.71674792845347,4.10546050928443,-0.312826015564619
-1.03414650147719,4.15397663708266,0.0794594050382885
-3.35132604252939,3.68124625809526,1.93593764770309
-2.25787615250289,4.25990822153965,0.136429293292264
-4.04801700449557,3.34623691431517,0.40406433251691
-1.11773938097261,4.53744311119633,1.35855958017598
-2.77331401788436,3.72524865354521,2.74681334112241
-3.31113694457469,3.91922334358206,-0.122912862064074
-1.81406170919382,3.48316542095281,-1.46295891420668
-4.59176490245166,2.73349746017026,0.0242432938782929
-2.25284761529017,4.0668743432999,2.61967581375483
-2.78131077415689,3.79037361669126,-0.947505848903393
-1.39064587937701,4.09047462834233,-0.237231448285554
-3.59912312690167,3.47904111244047,1.78508228683965
-3.28883181913486,3.73580877755742,-0.6904421370243
-1.9672959109114,4.2339692109715,0.0458718025520215
-2.89551822280384,4.0280396771536,1.87665412521991
-2.60944037295001,4.13431912567302,2.01046899968456
-0.961998008614674,4.46047843042307,1.09739317648317
-1.23918657923969,4.26197210142785,0.17377476344601
-1.63012723545438,4.496819139009,1.73500279422641
-2.09927179264362,4.40255734171102,1.67217036263606
-2.26193348684828,4.2778977880439,0.162970798927404
-1.24235867489011,4.42875229566833,0.884666369005332
-2.7158571047897,3.98062150168492,-0.518063185489886
-3.16189606108851,3.56711340417081,-1.19983975526778
-4.1137044180058,3.25661456984186,-0.295499635312291
-2.52181267113977,4.13910270096005,-0.234192436422768
-1.9050212771473,4.45504194270011,1.4565884333543
-2.85044245340541,4.17461798369523,0.421412431930491
-1.36285639013726,3.58728299701582,-1.07682346916242
-3.08517921299277,4.05407759317618,1.33822692690385
-1.02681131219689,4.48371551594308,1.31976146610593
-1.12072619231329,3.15221715836216,-1.47812052358448
-1.35225932181338,4.41023005112987,0.51916263491537
-2.49432908262886,3.73409860392041,-1.14195002589227
-1.33572629881063,4.50911354803962,1.49183600894999
-3.81379403347085,3.59061531707624,-0.0847395487402918
-2.19809437539218,3.68992780139734,-1.22624628557397
-1.109564725496,4.08842789749264,-0.247599138679103
-3.23829384176355,3.85135966733029,-0.292101465592424
-4.40012811804938,2.97217137543706,0.528575456908395
-3.16537494599474,4.02241451189557,0.229427539871043
-1.0330287567055,4.48803492116879,1.12987817426717
-2.03837551322729,3.85031842410953,-0.913520724515866
-1.5289674126554,4.29248249135997,2.58378040790884
-2.86132852420792,4.15136581575282,1.45510220441881
-4.17760220622113,3.27839115903182,0.00909674357147942
-2.12402106145755,4.39700082320154,0.772463192567439
-1.79137647340377,4.4722975669984,1.46388214156322
-3.12710855229172,4.06706621826205,0.471840434733418
-2.07485067600531,4.23492497954136,2.34483162115165
-1.79482942023873,3.825484881449,3.26555770265312
-3.81171836289254,3.37271195462384,-0.702683673535178
-2.40747680754944,3.91937662060255,-0.77587864528357
-1.46749792815402,4.44477565429921,0.986713795114251
-1.73693645017295,4.00651124394217,-0.53842307857386
-2.62123441808051,4.13297531956153,-0.178673181026002
-2.81657879397736,3.83838223820661,2.41626144923751
-2.16798979202119,3.97191802798548,-0.678690417098067
-2.21343656999692,4.05432544544562,-0.439208492698104
-1.18873055831661,4.38545396795655,2.54583630931386
-4.4097339424177,2.90624433532288,-0.398430591592391
-1.58552712104275,4.24070491240944,0.0466177849058222
-1.14325846179333,4.53139535370795,1.25002075330804
-4.06805785758722,3.19927481066857,-0.573957961663616
-1.72695557224224,4.183139694564,-0.00933127859655497
-2.11943159465171,4.41419404703619,1.43560276113763
-3.34137108469049,3.82934040803008,1.58152878004164
-2.42197177630659,3.877186622329,-0.864851673835254
-3.26308238622447,3.75993042843747,-0.653875123344243
-4.36095897506604,3.06937516412033,0.408908437094331
-2.98253795925855,3.88443029823587,-0.5919947280752
-2.08361918870693,4.04672166660027,-0.442630415407624
-1.05419857473266,4.4827988842756,1.19179016670753
-3.10489016011074,4.01249589979779,1.49043133704492
-4.0990639346974,3.31673083850603,0.0821519958649109
-2.68022492399831,3.61623172093178,-1.32649631946372
-1.99790285136677,3.60210105679223,-1.33757848422934
-2.29480110521686,4.38275083739019,1.13736005059348
-3.23286349830298,4.03121602146655,0.691453101953757
-2.26780316466364,4.36446284792071,0.703908533578941
-3.30882747071983,3.80576797970631,1.79292725268923
-3.63619042409583,3.58524867480057,1.56521108995746
-1.82767872740162,4.40108438367863,0.600625158427177
-2.47350141129633,4.3022689743108,0.554585657381861
-2.29010363838019,4.36450176124178,0.567141821243371
-3.72144140644612,3.5870199085068,-0.410266189173393
-0.998960437491254,4.47031470460018,1.44223503853743
-3.4411170380617,3.8913562839119,0.343951394622732
-1.34915172485525,4.5083186117771,1.4455397881324
-3.14224777604863,4.07134562676175,0.719569603542403
