7.73699678965656,5.88578752246812,-4.36317559889715
7.47989809821059,4.99179359175905,-2.85235370354289
9.06265207327455,-1.32190480250784,-1.36316515405488
7.70486289555194,-4.38408562503628,3.6165162846567
8.85037201275073,-4.9739840847473,1.77811652443147
6.77776144742973,7.35234995048519,-3.33890563396083
9.55022932882422,2.67177231696757,-5.45737212336892
10.4558819043452,-3.66064439856343,-2.45213366018811
7.63659339812397,-2.22253305476306,1.90329991739033
6.98435747041249,9.47461480308284,-5.40795672907073
7.35876736284392,-0.288989644878601,1.04006409956909
7.85931734195833,5.76744819812571,-4.11376808336435
7.4335011002053,-6.22468517783941,5.55420239951891
8.31440308079594,-4.01594262926302,2.27452561237505
9.61097728595846,2.58636165605041,-5.50668703954458
9.41551922123961,3.48313191268807,-5.78490884188901
9.50332976411208,2.67540281163823,-5.35500084280069
8.56026643626341,1.15067042308658,-2.2902626629437
8.7294160602716,0.804549525246542,-2.52254915533543
8.27090636825033,1.99027393921674,-2.33461290907254
7.75261542588363,2.88031539563899,-1.95174561774693
6.68194509036486,9.11007599986811,-4.6501490866558
8.60920659430836,1.98206600619549,-2.94231464911511
7.2260283316472,7.18815918015806,-3.90978801849067
11.6390483477535,-1.55428414536088,-6.69599388473975
10.0694978895859,0.657496710463968,-4.98570056221557
10.1056614048255,-3.63025103333622,-1.87278264498876
10.6448021046179,0.80387986326877,-6.13927746921344
7.39933581466499,-0.84791516815104,1.5271846140704
8.38843953801079,1.92768379980146,-2.32788558660073
12.1617023937049,-2.77365094934384,-6.65303273401266
10.8627355894379,-4.78488149756286,-2.68634815123741
6.92274181003801,2.033916432006,0.475249684286063
10.5575370037521,-0.147643399917458,-5.39456815348401
9.05063657937349,-5.36633822802545,1.71546578972366
7.39129918260829,1.45936777347492,0.0516898582236702
8.21445980552474,1.59896711596709,-1.99612961920181
7.55240284450236,1.99834644543037,-1.01553863031746
7.973060556264,6.7589074909542,-5.54206264319842
9.10333264129291,-1.02314928709992,-1.62833632966027
10.1791346326979,-5.07520643634665,-0.980537362222304
10.2083192199006,-6.48796057616158,0.362321399452393
10.5688236250024,-2.63926874791931,-3.48181369060824
6.69696006975127,9.19280607751053,-4.42819234966874
8.40071426278884,-6.71474413783721,4.00378340412156
7.19462645072695,2.7943009404359,-0.701627039690371
8.46762285159837,-3.2969086370485,1.0108428637235
10.7959103585807,-3.64698815454855,-3.21987927855719
9.7976736472718,0.710078232762629,-4.47293485011092
11.0681161366975,-0.319288174458633,-6.2792986046775
8.2765832027411,-5.92311631948531,3.75000720052756
7.39074684491914,6.91290028481453,-4.19177553226427
6.87793961400928,5.48274073893004,-2.13436853322263
12.0122699038524,-3.00168634913363,-6.27594818873808
8.59381647693591,-7.22811106854558,3.95208816759847
7.40767948192249,6.26153176356898,-3.85261854493772
9.82329334547648,-1.86429451631502,-2.58609252186363
7.52824788587899,4.43314882148779,-2.53252958125778
8.12249308252201,6.80570152298637,-5.89528715479462
8.69095047010859,2.10109464116727,-3.37561850031256
7.60667392077565,2.11819749872622,-0.878711472519408
9.74971343319577,-2.38453641218593,-2.1720335011088
12.043032251529,-4.22277596137955,-5.23273137462829
7.72218858415023,-3.86068404817884,3.0743650575813
8.20967133697428,5.97339321058678,-5.26143230139688
8.78279056119147,3.8471322110566,-4.7733043985357
7.90786854058026,6.44874568953413,-5.01785707031189
7.05120175863082,0.915187380995227,1.0212490802466
7.59982618223014,-8.04638623908776,6.69598981176681
8.25841744291428,-5.73517882296006,3.65848595003408
9.9724766792689,-5.89677545338151,0.273878312794099
10.0027280027594,-5.63981263030454,0.00741623049852636
9.25807679275374,-6.50770397792465,1.74536558152331
12.4154830285603,-4.79379098485757,-5.65473236315357
8.5201804643269,-2.14516715710516,0.329446147051916
7.87423633888255,2.73854538478445,-1.97856471622836
7.58931959826698,3.3870546429483,-2.21343540961894
6.58097093142659,7.91682730780238,-3.49936421144473
7.22207613423555,9.04223797592303,-5.55356516098178
6.97086071165454,7.44874163514854,-3.9711820190205
9.02219240939869,-6.45723251892481,2.39573264529985
11.2497499547733,-2.1358042970125,-5.38468793763471
7.43391277719675,3.52973972514282,-1.61374820504748
10.020537430641,0.882185695280722,-5.13679259981356
10.0477137347297,-1.49840220471732,-3.26810443233779
11.2022751602024,-1.54388544536051,-5.76641521537044
8.20995736286362,6.7662034601306,-5.7706202135978
8.90806225471491,2.5413091757203,-4.233782886306
9.00198615749857,3.02495905820402,-4.75202756898094
9.13803807267914,1.03951977776691,-3.36110536451393
7.09674124547981,-1.27813760112723,2.51300381240683
8.72349830775723,2.21684121525296,-3.33957443088691
9.81614211378366,0.198029306311488,-4.05523064005892
9.75264171688935,-5.99642122746053,0.594598651637577
8.94398609710569,-6.18802597142907,2.45717051661199
7.39732624114759,0.531410225568222,0.53932068958193
7.97899674574357,2.8705822526072,-2.35454596327286
9.37678221488254,-5.78590821508037,1.3717299628505
8.3084967344665,4.99173307747843,-4.71739076754788
7.64638309140302,-0.89790769639568,1.08063128417882
10.0718423213955,-3.34681171269652,-2.08655871378997
9.37734813293807,-3.26455218460904,-0.625285466888566
11.9341726505371,-3.93658368032075,-5.31480535753764
6.9508550823445,7.99455966544,-4.17432913677283
9.61006431989359,1.7803935131454,-4.69493840591786
10.6123245196359,-3.00567256332243,-3.43655533433436
7.6053552012644,-0.336087594381027,0.642714090720795
9.10060645027332,-1.10750214382434,-1.64722077620976
8.73142144731995,2.91104592704481,-3.89014613304457
9.23721546230036,-3.12053959141517,-0.335870846525
7.49267174035166,6.46885412428636,-3.99889755987255
8.27369685885151,-2.4039527118982,0.882432946793715
10.4547767490107,-5.53131733124313,-1.04586425070516
7.439294990331,-0.556524681203927,1.09952428167658
10.6342585128449,-4.34622436874471,-2.36475653881871
6.80146994578262,3.53380324882781,-0.507266491304184
10.7207667678722,-5.18528251648988,-2.04513186006919
11.896289509522,-3.7470370633834,-5.38058201495031
9.02587190455928,2.08907814064709,-3.96581080985301
7.81110360413389,-6.09317319330248,4.83639577989414
9.50183873458258,3.35032066540276,-5.87632577225407
8.55990133811131,-4.42464623941802,1.96164273495185
8.68194789033183,-3.992491838918,1.29488896146847
6.95990231063072,5.68375517946608,-2.65566258169782
12.3175471005176,-3.69005915353652,-6.16247733887113
8.61263509672171,5.07905171085856,-5.42501140708191
7.83623775671189,5.03571416715191,-3.64508587176661
8.34226577689348,-0.442822734509853,-0.647120075902005
8.6884643683674,-5.64027634104774,2.80378494683647
7.58164603065392,4.13506600006906,-2.54934522349501
8.04922661930135,6.10380457812501,-4.86438630749721
11.5763011043585,-3.0184921435425,-5.21700944453665
10.0127822101755,2.39873626704277,-6.13496674436982
8.10279735510816,5.50015820157638,-4.70969932689465
9.82750559143754,0.0603358743058724,-4.09186848297074
6.67507400890796,6.61706234875612,-2.65302376814834
8.83197631971894,4.22351182160566,-5.15672609781754
7.4803652946707,-3.8582383871768,3.78987211035707
7.83266909748089,5.43222667588003,-4.03640738484082
11.2774697181187,-3.57197910911426,-3.99487910757715
11.3645370097641,-1.42007530666987,-6.06447449301644
7.05358962730395,8.53236567147935,-4.6670129766076
10.5792705652408,-1.96640085886833,-4.16400544113628
7.95680113244897,1.48098629033159,-1.31275399065182
8.88723489511507,-6.49911741427254,2.91714047468418
11.1861658440215,-4.45963311793006,-3.40086027552262
8.41317466491477,-4.94922348341288,2.8605819120648
10.4985786082208,-1.70061140214666,-4.1389726147627
8.13342947050507,2.35372992849239,-2.43081052905129
12.3803136829836,-3.55630474155693,-6.35210602347275
10.6874658959134,-1.99224045796255,-4.250118917725
7.49022827582019,3.4919823208327,-2.03133638249635
9.79985603249007,-2.99740257987159,-1.75882684299865
11.6228884635007,-3.42492959299755,-5.05042774373986
10.1966693395199,2.13186225626542,-6.41878341551682
10.1090148969981,0.876723900302561,-5.20017300437725
8.18571529023228,5.46251874316526,-4.77663906971636
7.12576623420898,8.15519362774149,-4.6507444476051
10.9465116332898,0.228248214473574,-6.30943524218428
8.58351234743335,5.10914221324405,-5.04722332824826
6.76234311837419,10.2397758323979,-5.482255683137
9.9391351125405,-1.71167174526674,-3.11411027736181
10.9202649723488,-3.55685634206222,-3.35166721872301
9.68334924695091,-6.35230093702672,0.954467578974367
7.51188400725443,-4.38696291075489,4.04039484283504
12.5587925908147,-4.45596332490229,-6.2797436614675
7.53429795863043,-6.23256123625827,5.32743913978332
9.3623193992371,-2.76916232266501,-0.965910541873246
7.94022802037705,-4.77527565083747,3.3993706597396
9.53270436051094,0.0474471366265075,-3.43543247028911
7.28733719462203,-4.23227568198762,4.07614670579198
9.14608897531327,-3.65367983664499,0.207021516080992
7.25434247245451,0.723449397593531,0.685239316276805
9.12325057903681,-6.24111951150699,1.93983318913871
7.27904136966021,4.72458061995637,-2.37842555770852
10.8353809992382,-5.48744649181426,-1.8544724919176
10.3273113118037,1.3393055599082,-6.03439925582613
7.75908718677148,4.83409271069905,-3.37902808437102
6.9736945534601,8.18998217415579,-4.36792427794946
10.0056806784575,-3.85760728994799,-1.25865719716866
8.00979912462947,0.138482809005469,-0.231321771935438
10.7030907573925,-4.97261131607389,-2.07202562603495
9.76953126187506,-2.80225628845444,-1.59798861171802
11.6067288974893,-3.19748955382032,-5.29714703361116
8.738242396607,3.3883932250406,-4.33727721351678
7.09813785467018,5.06424924100947,-2.49841572809267
7.13448653359784,1.73183919650794,0.0656743548090652
7.34249551009073,-2.08289001227892,2.57771250685724
7.59920618071035,-4.71115166730772,4.18089549161822
8.63547207031998,4.1786847703223,-4.766194200133
7.43863095268418,-5.45203732975691,4.96185400830089
8.89875167558673,1.85179952204569,-3.50615010823031
8.70769819275675,-6.70749494121611,3.35141830937365
7.32898353529796,-8.03497385567838,7.05492289990444
8.93317359473429,-4.45727906594523,1.10059270217497
7.94248518869407,-5.53988876679278,3.81186389780289
9.19318716686047,2.24005823251993,-4.48719949459326
7.33904409703691,6.22853806147176,-3.74761594937341
7.25466917411387,4.25894842328347,-1.74445016080461
7.36738366438093,0.848576967057838,0.361290369242881
7.45543413888416,6.69084634991812,-4.101609270162
10.3304943144124,0.903630290367057,-5.7014422995602
7.57944914011216,0.350274556880346,0.263729860814234
10.4865740053938,-3.32749093718423,-2.70299821686245
7.0670162518385,7.15928928177297,-3.82524778296898
7.81777096519621,5.45318549835974,-4.08527848205954
7.18902294372335,7.70124401205951,-4.16666147170798
11.2866797204563,-1.65598971544375,-5.45344605096684
10.1327384537073,-6.11798494659101,0.162950807806882
7.02746161167496,0.0545860145208819,1.6251002419173
7.81240882792209,0.947092107334267,-0.479816138745455
7.25399436995214,-5.98217950001489,5.54982241669597
7.05850228083301,5.03732026803314,-1.9284311974792
7.49720246498909,2.8736247414863,-1.42768771489916
8.41563834531659,4.45438413974175,-4.68368030984246
9.24152117447846,-0.262035652493663,-2.65770826187046
10.7686723196518,-4.43739200405028,-2.56923231676393
8.54933954901444,4.86703520439932,-4.93349738380195
7.64606978304946,1.41640586641977,-0.742021894355214
11.6621793197368,-1.07836645752613,-6.7757151370116
8.63662265258037,1.49440588535821,-2.75819092376165
11.7041294627249,-2.99279013137716,-5.61541042321594
7.29766687953916,6.10419064059639,-3.62539372819665
7.76464180800894,-5.82894410685666,4.61869854903945
10.548711446184,-1.62034790277521,-4.24392773006106
8.54778089033271,-1.77405414781758,-0.01852969178596
8.074928695973,6.48195075241476,-5.04586650363982
10.841920732797,-4.71241670178211,-2.51094231042379
10.5574674888214,0.462717453447402,-5.92696946284091
11.4743616216669,-3.25393682374831,-4.89457332585811
9.2314332812058,-3.52513849462589,0.0427164127763726
6.59261261445062,10.0323327341979,-5.04262925385096
11.3021119414561,-1.35437448587865,-5.89398261398286
12.2382311298553,-4.64743089784596,-5.53253058797197
8.77807993468669,2.00908201517685,-3.37939404855752
9.37877118328796,2.31038292037827,-4.58490851070714
11.2443690679704,-1.8352658677059,-5.5447546143238
8.19917930566224,-5.93440192671593,3.84658121896366
9.2385990349341,-4.21316828710466,0.446487208559012
9.37154345048506,1.39692673661101,-4.11056262687863
7.98041915705804,-5.7945838877674,4.34463955624965
11.5388810866476,-2.35331001011844,-5.90141139931418
11.7325587258267,-5.34497709958234,-3.73970958998164
8.16220666026544,2.38409900314326,-2.40675889394633
6.479585650926,10.0974001344556,-4.80043967291523
8.26890366955149,-1.08499482943749,0.0453384751180002
7.76611999683048,7.13883317846849,-5.03611320491783
8.53631405451712,0.868215219844296,-1.87926808380078
6.84086197960484,6.1494608000147,-2.54626251776853
8.07267887903066,-6.55741352134622,4.50594019908561
11.0509566118519,-4.55834790600582,-2.95588540629979
8.15615083224588,-7.19334029920493,4.81527064620491
7.9225909764127,-3.72621915095946,2.6674047780132
10.126584097787,-5.02962008904587,-0.793336504855335
7.53170134057792,-0.635611729756238,1.14520938874299
7.54562074253963,-4.31392472967783,3.72276687253571
7.03093200871154,7.12477150160197,-3.46844974289143
6.94088749117499,3.50113707443958,-0.694345475380626
8.40123034242885,1.3791048746502,-1.88843709804214
7.49395904784737,0.376157405720362,0.316823086116232
8.36885756018225,4.60626776326911,-4.6880705906436
7.56892762858395,-8.07465769109965,6.64767133629447
11.2691160254451,-3.31558454357086,-4.42548765948198
7.50983902642163,3.03613963953911,-1.30777334658216
9.35484281095091,-0.353607970525424,-2.87120343324251
9.00958080165694,4.85129435938129,-5.74377909577427
8.09269564503394,-2.54695460162128,1.44476456763994
8.61071254639779,-3.65192922244754,1.5113496805793
12.4085142970237,-4.8794724818959,-5.38719300567733
8.56228590761292,0.339214675757585,-1.60847145504793
9.51747738561649,-6.09763291954337,1.05864882322966
8.38700005243233,-3.12012085198612,1.35709232085709
8.67311701184855,5.9642480636956,-5.99755555353614
9.25905295314541,-2.92137857967003,-0.708819513005221
9.40436701247419,3.62351031713176,-5.89653434855189
6.88217383785193,10.1765859551203,-5.57698212484659
7.82961821323547,-0.492857947229353,0.432303543586648
8.33951071087397,0.904818559010926,-1.65650530050899
9.82917512792177,-2.43714407029668,-2.26009034014569
9.11814363372406,-1.32777897737873,-1.6545691729028
11.1918955609946,-3.56390377907614,-4.25439264686019
7.49784945980006,0.390855388054046,0.326689523760909
8.64349496131901,0.467507174525778,-2.03217958450568
7.68561197564201,0.833501770573767,-0.274020086521126
8.11773156277909,-3.16951213140063,1.86277241181497
10.0206920018921,-2.82582685702653,-2.25116297488231
7.60734937160689,-6.32808553140597,5.27880589537867
8.5852572483793,1.00545407750885,-2.25693001217111
7.47856068738306,8.20967972956905,-5.65123995003457
7.14218900097034,7.40908797616257,-4.07028507784358
8.25183385357704,4.51977045400788,-4.25360408888703
7.75977400179891,7.79087977546207,-5.66471198103298
10.5460430119836,-2.74532000465735,-3.16153166344442
8.4779356004383,1.36852131771916,-2.22043868961498
10.1652761891789,-1.78210602693572,-3.34465282053051
8.56819871900791,6.05698395680124,-6.04597927739528
10.8137155230865,-0.669494832399059,-5.49857683083404
7.06007941231115,8.3916696117396,-4.4611159091079
9.68121702326507,-2.04766101689792,-2.15927897161023
9.33585942583898,4.09914565281607,-6.07006002482376
7.45825844698044,3.72413479058701,-1.98911696947027
9.12758532910583,0.493147935784529,-3.04623666611222
12.552073917309,-3.75276476246037,-6.84636969376517
8.16164580270406,0.249325858037962,-0.601813258306049
7.07208752903305,7.59813643673721,-4.09987028040814
9.35983064394177,-1.71117073824941,-1.93801716116653
7.76471219511778,-4.3958522210898,3.66599539153273
6.72219429847924,5.53715639891006,-1.85886552748024
7.91836873278337,-1.94569953892742,1.11170984656973
7.29994729356494,0.00514715527614098,1.07429446748313
7.81189061042651,6.18565990732833,-4.42172230029071
7.95641291360807,-0.214133539784892,-0.0212424743363456
6.9708680405631,0.776491779287799,1.2033449323833
8.04346874237233,0.942591734025214,-1.08337431322107
8.43757373716259,-3.47739794090828,1.27639999081098
9.96106856294947,-4.39126944154302,-0.962856784136257
8.16617086197556,3.8918949663725,-3.67832036597493
9.94656132446154,0.729847555762085,-5.03683145990247
8.83325033237547,2.13177004536378,-3.35176168496912
9.94529416081449,-1.86574515428481,-2.78898104898575
10.5754304194555,-0.66926881394067,-4.84091788062864
7.93439723475791,0.809223723966056,-0.87665919796837
8.62520385685459,1.14086901662877,-2.40091875151931
10.4798880108339,-1.50785839464723,-4.18879532632494
7.34039111786946,-3.49174959396753,3.71785338529859
7.97771860859596,5.12691560096866,-3.84031581895271
8.58066690548767,-3.71210211257442,1.61748274113239
10.9723492899772,-0.523550460035085,-5.74014514101434
9.01054211405534,-6.80854160565463,2.63442040257942
7.86404780406443,-7.68938731997966,5.7824471303672
7.47307335885862,7.19761355915614,-4.57285477082006
8.98401749860338,4.76081327415504,-5.6971351944066
9.39684938804952,2.2706557025917,-4.92198512159909
10.8519172060206,-1.65433692208575,-4.8195256071492
7.20134002186926,-2.81342656970752,3.72210519574643
7.3167569801551,6.20867289116723,-3.57281914500397
7.46619435178332,4.13896372126591,-2.6129219502115
9.10371416396822,-4.13703551746791,0.453729576407579
6.80776597178231,5.95803546229543,-2.45961631829579
10.5070307659535,0.239511969499084,-5.59017859571125
8.53490686184126,-1.91103494606016,0.0598027222180073
8.87681525394881,-6.73204690199557,2.95009250831326
7.54147601635983,6.94510971040031,-4.54871905173519
6.96749098976465,5.54623878438339,-2.36416773781449
8.37655221401425,5.10022358985718,-4.89156972742827
8.5729129022513,-4.96599403444282,2.13769889762075
7.59288781777734,-5.77066440377791,5.05300259927564
7.18402808782544,-3.44753484516486,3.90096720393197
8.04808424907569,3.6583840801349,-3.0439818077651
9.95501890807009,-3.58897656942177,-1.47177376193804
7.7634695152888,-0.190152566308101,0.244204143032315
8.27011826982424,-6.54222592302027,3.99687767138873
8.0066514565611,7.235410075852,-5.69164070210036
7.00483354536922,1.94858423209931,0.404774127345483
8.54804437370113,-7.49414098890242,4.24546255763419
10.5098464998576,-5.27764601392226,-1.41043622362183
8.57111947966147,-0.590289883692168,-1.10307509212333
7.99864592671332,1.96929988206812,-1.71087818334174
11.7620672423924,-3.68541754758044,-4.90273275791172
7.17767836918366,-1.7595021659368,2.70425272106193
10.2063590564463,1.49329206484692,-5.83338816974822
9.60002358153713,3.022681164904,-5.92420660108039
9.25752379227267,0.165772792469816,-2.98370814196512
7.19486581789899,5.54239115302174,-2.82331302661482
7.95926356410258,-4.7257153881844,3.35685494784136
10.8744749415301,-3.84318869082315,-3.42231667066562
8.77638807198304,-2.24311549451558,-0.297209469773889
8.78794018552833,-3.43696145144715,0.796812004473544
9.09490112878004,-3.10543651565395,-0.11991880561477
9.42355756624124,-2.64303185188615,-1.19258534126675
7.82383175794341,4.85239795943765,-3.63796756420034
7.47693405019431,7.700224017964,-4.88308115467512
7.26638838680464,-3.88653672035547,3.9585432023749
11.2796089378304,-4.89481378158588,-3.36322893596231
10.4513010342442,-6.1159292333245,-0.535601462398859
8.16964555934491,-4.16388924650489,2.37636067270091
10.8125000244305,0.213800800753359,-6.0936798665871
10.1287314624596,1.028639327772,-5.34329882902751
8.79673290860735,4.80772695481613,-5.61385214185662
10.3218023814114,0.243753529842974,-5.06966198057058
11.0146013370478,-0.205473769794197,-6.25627238054642
9.27837208897631,0.655250915615816,-3.55144072354473
9.21051526998247,2.80246070880304,-4.8538471038585
8.64872971906818,-0.118358042886507,-1.5959803341732
7.76189242471052,-8.0643186154946,6.10174662727986
8.24793527373406,-0.0612919864412445,-0.742785292025254
7.54339692431257,-1.68235554142804,1.77402105979675
8.32908246893623,-2.61074617364757,0.817663781704996
7.90777266982692,-3.34428039765097,2.36460135246014
9.51526956463235,-4.20883957109423,-0.168127973824434
7.86088134593868,-6.37617258641903,4.76737569574358
8.47550049134658,0.988349906554178,-2.23196091959488
9.59294802634509,-6.47731320326918,1.43373618634014
10.825019717502,-0.669721088000011,-5.44159770472007
7.39901903289562,-0.546934114022717,1.34804199962499
9.15061960937255,-6.94034325452793,2.59309656350847
10.2774649466108,0.0250572689449219,-5.10224860139458
11.3827452034491,-0.832748362148795,-6.60627961250643
8.10047092568912,-7.49123492025786,5.17109826594677
7.42536441841997,3.0671493028686,-1.42746140190219
7.6794525942148,0.406948936505072,0.0597569518971633
7.93365915195819,2.39166964669574,-1.95161407167495
8.14765361350898,1.02766979444253,-1.20289531579319
12.1985266419599,-3.24065122920598,-6.33076651247189
7.63645343605743,-1.54122450409996,1.45409097907507
12.558573520109,-4.61039618126765,-5.9285480348964
7.98165817905329,-2.27980785399218,1.46919814877882
7.6285831652285,-4.4229610400301,3.96045777625266
9.16835240282527,-6.94228001929037,2.56931165191463
10.2008850327967,-3.61454892940081,-2.13429828964192
10.3342030917605,-5.64235195358071,-0.753081359813369
7.14427910352743,9.26063854465388,-5.54340368656398
9.43280424452828,2.73175007565472,-5.11002039901025
7.47492387662972,-3.75651457942269,3.48005446636706
7.27342803758076,4.5146006942843,-2.31393868924095
7.63917260649238,6.41266344317992,-4.5970392007523
10.2276557269419,0.558171035422457,-5.23228176389372
6.79143408333242,4.44424344848267,-1.17643247487336
11.0903035176699,-2.62307319648983,-4.40982840736809
7.93369294667707,-1.67856600494909,1.13470953870918
8.73440067953134,4.93300675387728,-5.58824381444263
8.32305645165646,2.89682075709057,-3.20242852712846
7.93503429047604,-4.46447216019008,3.0731298627591
9.34428310787393,1.42319611492032,-4.02850755882671
7.89483222494898,-7.2869307195816,5.4167783320105
11.1574820825159,-0.779316485212793,-6.02424162231208
7.56864347885246,-2.61604228371541,2.56171269343124
8.75658330903,-6.79044315377898,3.22039531043295
8.74748807240189,-6.518497353722,3.07113087985089
9.04944972926868,-0.565684442806428,-2.21408788831285
12.2176387838215,-4.8537097894924,-5.16803234394275
9.6206192677338,-3.90641166720071,-0.527680397649575
10.3767489123142,-5.81002585905019,-0.804941400286953
10.6217142588211,-5.48617829230484,-1.65837865305064
11.7524607077349,-4.71746893129793,-4.3669700971751
8.39192192688833,3.27240729672651,-3.61157100071516
8.31244195374143,4.22433272847068,-4.297671389367
12.0150675121777,-3.52467873333449,-5.78941850521608
8.22404590668499,4.9745255127112,-4.4869949467143
7.42116055055652,-7.70710556435093,6.69577272027439
7.20622728855346,0.890456818278135,0.723202668695447
7.94860763874941,-2.14418183082439,1.50158056450759
8.77176228190237,-3.09289777138357,0.334724040075163
11.4052486241787,-4.50546501210723,-3.8115347973705
6.93902505257709,7.49891193762296,-3.90698801398976
8.68552394751848,-3.5564104632542,1.08519690174904
11.9565827799942,-5.38698255138721,-4.20725230370171
7.57862103377405,1.18172340083496,-0.318871364412037
7.91452922808779,4.2593295181102,-3.31937928412413
9.46673936556267,3.87563816102719,-6.16336138399306
6.57907674851321,8.65308907345497,-4.05460276804878
7.77608955766221,2.84442817386451,-2.04871478716769
7.48143320990907,-3.47773925600496,3.52623481240279
9.03807441564544,2.86179779291952,-4.7339673517943
7.43673183547752,5.10593657462492,-2.85017611595279
9.91448118158553,-5.71856703025544,-0.0422331877140255
7.06489275308664,2.98643103757894,-0.634161806323646
8.31351454371327,3.31713866778677,-3.50209988903876
10.195882428174,1.70205795417425,-6.18283383797716
8.12477490911987,1.54182470954083,-1.75605571968318
7.35183669293442,-4.1165201190834,4.30822532213996
11.1872170735463,-1.76225771222697,-5.3958076569345
8.75036706931012,4.89126853546794,-5.31015632327431
10.3817752243324,-4.66707417137117,-1.56592845299921
7.44911950888023,7.77825336153504,-5.0239284812142
8.3997856731927,5.38514462570972,-5.19424243432173
10.2119221277795,-2.89873161184384,-2.40291523628596
9.54896419592102,-1.4232619339567,-2.36080077808513
8.13254380136454,-5.70437847970308,3.75488549382626
12.8461926565755,-4.08539448952628,-6.81210775853622
8.06648905001241,6.3700970223033,-5.23389915571464
6.72776894659079,7.69588955010254,-3.34651416748323
7.55881489345988,6.09603689958711,-3.83001394757865
9.66413347523591,-1.09344498901916,-2.80307603236583
10.7303411237408,-1.55977758535831,-4.88909664722331
9.85313946274243,-0.160452790285764,-3.86228962298253
12.8063800740209,-4.10089223131381,-7.06693688560433
10.7649692131673,-5.43665908401818,-1.84540185888288
8.32008005966577,-2.87685037365633,1.23116481615713
9.2303031467261,-2.5864782072642,-0.837174020856673
8.14015200821478,-6.14192120479039,4.19360426563302
12.4178254435359,-4.2335092590143,-5.86494993621586
7.96463776465685,-6.0437128391034,4.44842279203038
11.4186873267953,-2.19635247798603,-5.63656598752029
6.82162735394917,7.79346532937652,-3.57525012201079
9.599437404182,-5.91576738626158,1.00979568798081
8.54139690080337,-1.70111248932836,0.0219985173313919
8.60820388227075,4.06574461083965,-4.69990205944544
6.82495033076193,7.99651685188398,-3.91995505541884
12.5026161734681,-3.22891765583767,-6.82365790929574
9.42738216335939,1.66789287887376,-4.50712184268875
12.0151809649328,-1.83519363857257,-6.86428671710372
10.5953143834157,-0.456915534720422,-5.21904645448863
8.38651091997275,5.37980106272835,-5.12237195373476
7.81750488681969,-4.35474783282953,3.54467643612949
10.6416002140121,-5.21787135602391,-1.51486066873593
9.22549584751141,1.70644478851504,-3.86903333754611
9.78299047737578,-4.67643555971648,-0.35361022293726
11.25686273765,-0.68360754343439,-6.48336007708445
9.68302098124657,-2.12409922191494,-2.15614110026283
11.1457521796836,-3.94291008919729,-3.86885596074083
10.0007677452135,-1.65104588140739,-2.81624141035884
10.581867162663,-1.16344558732144,-4.77941542384813
10.7197945015682,0.251116281360887,-5.91482018308432
9.86053753554083,-5.32203114569329,0.0313419117264945
7.95783672037105,-5.18572311799089,3.70621185098955
8.53062175966178,0.385659794376914,-1.72452006159635
7.6783360625962,-1.81370233877652,1.73452201074382
9.23837708535575,-7.16605247787805,2.6709335966085
9.10376105306164,-2.74096450177945,-0.595586770530623
8.24282020501811,5.91962587848237,-5.18282006208773
8.29938448254808,1.0127333564313,-1.88409536088716
6.98714436224723,0.130735338074321,1.35637583815302
6.65707125508577,9.85964085480858,-4.8193386256001
6.56523739657761,6.97301362181728,-2.68790320928018
7.5823930618312,4.00917784768328,-2.46309526351741
8.69733523986269,0.0282265177477466,-1.77302614568038
10.0589219308103,-4.38888013016666,-1.02793273830672
8.6825177931332,-0.590045392177237,-1.31148420801149
9.07539957950702,4.00099800265356,-5.48098443795205
7.07029991738026,6.81409904602387,-3.46885769414999
7.20641264053034,3.90783322006909,-1.76744713801518
8.8442663631951,-2.82867381168911,-0.178920343896269
8.55969399088713,1.19262542289633,-1.99957044304315
10.3831229652164,-1.08947298640549,-4.31030291005499
7.70282394687505,-0.375461478560578,0.737785861727324
8.42278031111441,-1.89179428226571,0.203599208503448
8.92094441971825,-1.01861784109962,-1.30018561305025
10.8855493020116,-5.595542132272,-2.09563641574732
7.3376672604144,4.84479032565326,-2.58809450665307
8.1178353952488,-5.37624034896468,3.60752431537463
9.47945068454505,-2.02219781255446,-1.75550275811749
10.8587184821544,-2.02092683262395,-4.65138611060643
11.1012745239368,-4.50548445388588,-3.19382138275258
12.4806892170599,-4.65846828513252,-5.96103818172793
9.01833784231687,-4.32191079677424,0.782434417266175
7.95429434188604,-6.2241921786826,4.69215927770322
7.27121128482937,6.0357020536866,-3.44939176082133
9.57312076921108,1.00223682226293,-4.09521072462654
7.76836429257209,2.3708291330568,-1.35820884078707
8.33944048616039,-6.11092590639377,3.62758538262656
10.114502081264,1.08878909345399,-5.4019828636948
8.96682453608666,0.00113946522772606,-2.14293554632673
7.17031240890593,-3.0139680774487,3.71240044006807
9.25203439433458,2.00671208330558,-4.34072106835175
10.3375015610085,-1.29590264298977,-4.14046361215583
9.31248264587728,-6.76114162341689,2.12058832426538
10.8084528505396,-0.478950112880569,-5.60636386124356
9.45754486634855,0.320888009985488,-3.63543244381937
8.55506777944246,-7.56840688914415,4.29848220836019
7.60047530823427,-4.43766408408105,3.75690754587474
9.73087301246968,-2.56384253945707,-1.57484693993541
10.6065581698602,-2.648431820963,-3.78540916410677
7.58919003890476,7.53130655907717,-5.12257318746691
10.6218643209602,0.682862920561413,-6.07128513986407
11.0034626370958,-2.41932194382812,-4.53334763674518
7.90172954540093,5.96822808594644,-4.67159726716569
9.43704410598198,3.35971639705057,-5.9117181355127
10.9847925836061,-4.72735979662942,-2.79001443252962
10.8910538855455,-2.20073298837633,-4.4451056055972
9.30194894258831,-5.94945281415407,1.37619201836776
10.1217586436413,-2.88924059555951,-2.70385623796038
12.2438721514593,-3.82735256692027,-6.00543206356676
8.00087968129609,4.90764144028965,-4.03706872974042
10.0838658515893,-4.66248991752967,-1.21874910564877
10.6202189782645,-3.78916558583646,-2.75577912510758
7.58501986159132,7.10199344238545,-4.97992584949059
8.59679018429365,0.124088035937486,-1.59130534726232
7.96841933530459,-7.16116813498464,5.20682684282527
6.93589079996342,5.79532380178642,-2.38095304898589
7.70663966879507,2.54865074009335,-1.30542835718931
11.6755902920254,-2.82029429074832,-5.53092955816785
7.65409297660285,5.01467309497699,-3.35904409791807
10.0278083622251,-6.04794121394096,0.115343210805129
8.54438797942892,-5.5926015357007,2.77991207393507
10.8614403631939,-0.892078095842061,-5.42791752475394
12.3842667449607,-4.81981441730083,-5.57132561666006
12.4304656921642,-3.5499905983153,-6.61447580917059
9.21759028440734,-5.7814483263953,1.65941877799125
7.77363719747463,7.03305337925047,-5.17158749496559
9.79103336800419,-0.407248472804681,-3.73784511377778
10.9668550234673,-1.25685278532422,-5.21124912404846
11.0482051303662,-5.0902984046199,-2.55437580331393
7.62629362059233,1.80321077604937,-0.900081297407453
8.66661576933702,-0.799072294531779,-0.815458659242279
7.78869792969769,-0.913702786981743,0.845131924450563
9.00769258315206,-4.07423885777234,0.701472702372009
8.30216925321892,-2.10749088643234,0.713225437288611
10.2012133211888,-3.21264428352144,-2.52796797672616
9.15351204630075,-5.2137786679732,1.31474441696245
10.0736600396686,-2.85189873210283,-2.22317408773502
11.8560523738837,-1.6855555495141,-6.85143362433567
9.761572352626,0.539681989995947,-4.29077575033629
11.5284535067861,-2.16759153444963,-5.82267935458904
9.29864666349679,-4.05640988788876,0.131034125683334
9.49157181863546,3.0468793473792,-5.83599543232886
8.38332080578543,-6.20353999860988,3.60817002727282
9.76017349234949,-2.92421556501579,-1.778644801833
10.3464349766923,1.85610305553167,-6.37557179634385
8.23810377606171,-7.65699715827696,5.04418063995596
11.2804139211365,-0.937337809526551,-6.17791886613052
7.51916186499296,1.04124226230508,-0.261228213413744
10.988640540874,0.0928345266845424,-6.38418567709915
11.0783179455347,-5.71836960297089,-2.23368047657135
9.47646446465467,-4.68210514887138,0.0289475909904714
10.9866095057879,-4.64761748513969,-2.98904015878267
8.41735719894833,5.67102856884747,-5.24763399849932
10.1504044613491,1.81462264434273,-6.0691363956016
7.44252784356859,-8.04800526983243,7.06340563703684
7.71750609521161,2.19285861459687,-1.24151773389672
10.6532469693994,0.920834836075346,-6.47553755702718
7.21108317948852,9.05236423032781,-5.33789660044386
7.46544400806487,2.85973754524723,-1.57585119552091
9.40414453142441,3.83605322511665,-6.01918740148636
7.36643713976773,4.13360049995223,-2.11933783898692
6.64905110810058,6.7724737904783,-2.80751422127396
11.1304849824142,-1.58072965086942,-5.32205962352155
7.75766171678107,8.086928098661,-5.7385332317192
7.5718092986119,-1.32773496188179,1.32276963720072
6.98313919096206,5.35154713831317,-2.24933296297094
8.35819125279379,1.52357470213072,-2.21881121830343
6.76800758486626,5.72316337000845,-2.16458343403567
12.0494089984539,-3.37175001101902,-5.99743798322801
8.78485724091643,-7.41345251107389,3.401532052384
9.76043890442895,-0.376326273350614,-3.52659358522704
7.24624032993195,-0.657674290754974,1.64219279975918
7.82639696506445,-2.17838094708877,1.99311842503985
9.6705564145135,3.06714696130254,-5.78401730419187
10.2199532200529,-0.462632448645188,-4.2953818948716
9.51949703628561,-0.469495367630393,-2.97823331484955
8.64127683504817,-7.3903367159118,4.05051955972976
9.50566544682728,-4.76679560965627,0.402892291848129
7.3979080861065,-5.19313462569261,4.73553018202042
9.25529316859933,1.09047191943579,-3.60317106319
7.35395870095151,8.0253400364537,-5.19264076489659
10.2888729552452,-2.05624693702151,-3.66213514601076
7.24580544994375,-3.66085143204793,3.97139931379511
12.3557720602131,-3.15313667841768,-6.76158539356406
8.75766333642478,5.12169123080141,-5.68218534278103
8.01294045690987,3.73267158739767,-3.04471973009904
9.5144939551731,-2.30814084344847,-1.58796751226235
8.4644562337137,3.46978532553872,-3.84222357914968
7.67432571878546,7.96956866662172,-5.45912890772497
9.57248520640221,-3.47409299136357,-0.578025870055573
9.61237304453043,1.44112168546454,-4.90628131206643
10.877485543754,-4.592391175627,-2.46534499379031
9.64064425213579,-6.26831964045596,1.27030418447549
10.8180475879981,-3.85603301120947,-3.10742050612236
9.4865879437503,-0.852252489628071,-2.71957035064033
10.5498044829794,-6.04920311563942,-0.910531287102221
7.66952604131311,-2.22567392427129,2.17359209960128
10.8249608198309,-2.6264409074845,-4.07151188176083
9.85856636373548,-6.54872874334917,0.866371487755624
8.02179934618807,-1.91481959815589,1.10081885857958
10.270312647566,-2.11760841973106,-3.30368534376344
8.57121039527678,3.63685358425606,-4.1849846659585
8.6429257646521,-1.12467851453112,-0.773624322937728
9.07621585557899,1.21607944662676,-3.56428523649572
7.1781910826333,0.842963860503615,0.745893833330222
11.1406141942383,-3.57130642777344,-3.97734413268641
9.99810312232664,-5.13914216744627,-0.516633728585927
12.1738242040614,-3.45500118059436,-6.16450237085525
6.92759988411339,6.17922087704661,-2.78050789567252
12.3760125361162,-3.55947774625779,-6.73155917440478
7.35900686310151,2.38880091414632,-0.585821649865217
7.58180194438307,-0.325219328742973,0.809627296864565
12.790712038323,-4.08369090047437,-7.08109764223922
9.49686992643548,3.51247437400688,-5.94333174651881
7.62070457605851,-7.90888834121696,6.44225774926686
10.1938634429223,-2.75493484711303,-2.66384719551874
8.82255273243059,-0.595485151767747,-1.59084912347288
9.22927465854953,-5.20062626664762,1.13377647546615
7.82143033690202,-7.90342542573308,6.03905506973545
8.89238541976924,4.03848358252,-5.14012696530013
10.7170013660047,0.859113137821924,-6.45332603462026
9.10065688430293,-2.41979747811074,-0.699259377674402
8.24515771404158,-5.56439681207516,3.40755372727444
6.95903157162591,4.57696100887265,-1.43388845151035
8.35248048468882,-6.48653539902687,3.88397953466458
8.14207007928475,-3.12829634596586,1.78227276866361
7.46583892000161,-4.0506977832625,3.89510111471338
10.6828633101365,0.203495414330435,-5.62188681377262
10.3201059552155,-0.998179664769871,-4.24797333312928
11.0401069545607,-3.33073448912093,-3.95429381298685
8.1515703268324,-1.9439938966405,0.871003386098722
9.21820670329128,2.79847756714549,-4.9009821476276
10.9361529144727,-4.64380972498505,-2.71416056998692
7.19288774095739,-2.5035925784121,3.26869573864268
7.20853028171654,6.46087384775822,-3.5428407520744
7.86492674344948,1.00517802226558,-0.672615996422942
10.0415797591091,-6.51644165954031,0.528788451496196
10.459725187196,0.306850148932001,-5.52752083402591
8.79808150835136,-4.10087981662875,1.03546997010478
7.80786407530628,6.48947292669297,-4.58014564850833
10.0336169473803,-1.57160593722816,-3.20832095237695
7.3429752300689,-5.89882552270335,5.4927348775506
7.146928500876,4.5711183230545,-1.97844475356026
10.1742038987281,0.894106338697051,-5.50588100488057
9.82121858673489,0.952222413043765,-4.66716586378207
8.3314555002303,-1.05169914986758,-0.166574014613376
10.8777857626413,-4.94476888380568,-2.40548537474309
7.3202140730461,3.3986616292377,-1.51535168005638
8.95075500753699,-2.31464636331994,-0.622597013898234
12.0903518766033,-4.05473693393416,-5.54016501392505
7.06156943608325,8.61519742474543,-4.86674609671099
10.5931646757173,-4.64466454733655,-2.13893276246831
8.11914858200708,1.7232505044688,-1.96342073508511
8.4691511223692,-7.54291215147775,4.44251199704223
9.59495049674056,-6.78313223520324,1.58256842331808
9.01229134242221,-6.29948367910723,2.58201364476711
9.13612152200332,-6.84275370781522,2.53398811683465
8.57000750343618,-0.435006648233878,-1.17582612846048
6.72413879722513,4.56059044696601,-1.35716731405325
8.22115213886562,1.52172409176932,-1.88061749333624
11.311819569619,-4.34852571942645,-3.83186210820538
11.0925398196728,-3.12879053458673,-4.21293667302863
9.14404721024063,1.9623524774779,-4.07317953982989
7.50082366637921,-2.88081750491647,2.8989447420655
8.79512739657109,-4.86449108183064,1.72686224526712
7.73637574714327,-0.600602539880788,0.522207657069861
8.56812606317289,-5.93756339760797,2.85742090976315
8.95060174475336,2.21087658429532,-3.88195437883951
10.2928630439662,-0.732266785931497,-4.39288744247475
8.90559842822045,-1.07407578800855,-1.4001421747692
11.0837489325802,-4.01008891219761,-3.48770357162834
11.3445741571634,-2.11437080383249,-5.72490321334888
11.7312304123767,-4.16093753490465,-4.80471238755294
9.66865187936542,2.89007826272161,-5.87379331479438
7.75243454552718,-5.33165127052802,4.44477791240991
9.18380781975649,4.1910636186536,-5.84723624101895
9.39655275529996,-4.61959328296391,0.446759650164915
8.68000497480268,-5.06222370622469,2.00808659646058
11.1367515180781,-2.45576876412732,-4.87932196139247
10.0297905179443,-0.00660014483859754,-4.3693066574109
9.13974913105745,1.86518277649978,-3.97601629133198
9.81529639621608,-0.234004462222553,-3.79770436322556
9.48703049777921,-6.86272216070024,1.76793212521577
10.2920624274726,-1.16237217899989,-3.85754468232613
10.9094670231231,0.129380350393446,-6.12421488469106
11.2342907425236,-1.94487633379677,-5.39265719700285
9.35190134607696,-4.21786617865387,0.144418237857979
7.30827365827262,0.808594474021255,0.415414288762966
8.86266933470354,1.12409753260402,-3.06703509482977
8.20076102174485,2.42202287159764,-2.5600455105361
10.9187866758166,-2.29255240980358,-4.40439259790136
8.51714572945603,2.64253350397629,-3.32624326027343
8.09337870316678,2.26933851765201,-2.17772920596853
9.19518394554398,-2.4209491728597,-0.890478237434289
8.63508474526147,-0.59671816060813,-0.915429094713515
12.0538955006055,-5.13505618932358,-4.54030968704132
9.11119061689597,1.45720483580241,-3.64065115094819
9.80582796996283,-1.41204075846261,-3.09260475345994
8.53721744164232,-0.412928831907362,-1.14735148633928
8.06284467371684,-7.77035650392729,5.64261897897163
6.48081152258731,9.74478678085051,-4.7050204866978
7.28421317742081,0.453873935513965,0.827572041968463
8.71565003145613,-0.227935794495902,-1.5677089498526
8.15118805556877,1.88742033969654,-2.01387130622756
7.30504097850684,-3.81293747370745,3.8575771535762
7.4299987616806,-7.30934819511086,6.41366132524359
6.9294265295024,6.78026484095183,-3.36216905322054
9.51126153160913,-0.211227470253814,-3.21125216941461
9.8598164543562,-2.16324622773038,-2.5611786162643
9.73522204502276,-5.15560620170953,0.0717453189752056
7.09245023858161,7.94574911747473,-4.33930893393608
7.25506058506051,2.63793488764028,-0.909801030858484
10.9475585199187,-1.83321602530222,-5.08576584528672
7.38209448824407,6.88161597345514,-4.29249112911119
8.14762663997539,-4.18079489479787,2.56367669797323
10.2624082649758,-5.93475282528819,-0.195613467724085
7.54255041781778,-3.15632917474797,3.0115946778861
9.22548247312889,2.75099997572345,-4.86750709758836
8.02138078010643,-0.608653598663863,0.148677019262296
11.4470516787863,-5.44890834914479,-3.39676185152013
6.78862103611702,5.94040045369394,-2.37327954686724
7.31108706043407,3.53947569092534,-1.65363009519609
8.77719553592025,-0.0870716316854431,-1.7033226069877
10.2328874113038,-2.11303893204641,-2.989653579235
7.2451669287744,-5.56324981889861,5.34017397876577
7.7910887671359,7.25258013956954,-5.32292255213504
11.5361540328586,-2.93081333548645,-5.29560215120104
11.0171372505873,-5.05206636714373,-2.53461215725225
8.22605961162271,-1.75551523422137,0.577681644944153
6.68206992120727,6.71990304326346,-2.70581762318384
10.3266861227416,-4.82834349154346,-1.51175336550378
8.15805274958956,1.00758135231902,-1.41851567806354
10.8543420113691,-2.49405233047899,-4.41443597761402
10.8597119309788,-1.79619825244993,-4.48990434014801
11.0046242380651,-0.0447932070391361,-6.40326644205186
11.9868287174371,-2.33272276230302,-6.83651513148736
9.46185672550931,-2.98143469937674,-1.00994577614184
9.62415635779262,0.354006864456302,-3.9152790197747
7.24694349147352,0.201173382675813,1.12388966634363
7.92749751912414,-3.46904114024574,2.59814012716808
9.14125668559143,-2.51063682603507,-0.604017981012786
10.5764420790688,0.99016330448914,-6.26639992406145
9.80496451227097,0.825888220930795,-4.56482960421764
9.66301841599608,2.63933153273435,-5.46512712732232
7.33180097776363,-6.88128288365824,6.27871158619823
6.68182717038625,5.43449625823364,-1.81408376675557
8.18582633640149,-2.23784010789676,1.07305218482997
9.84261017550065,-1.87774510317152,-2.89183343009542
8.91624991777734,2.96323082525745,-4.48457906890774
8.64800518017063,0.618197999581049,-1.91024369611846
8.73406779272128,0.230768944502951,-1.95061135044485
7.25909028442847,-2.94971311707566,3.44205470654115
7.31273566203634,3.84302050749979,-1.78294292411188
9.56191197061337,2.56264180449559,-5.38911780010335
8.45855887818625,-5.13094423320002,2.64744885051209
6.74249967491072,4.85462272878151,-1.66171531903767
7.1218271628848,7.48689211823679,-4.15899306951131
10.0782028318619,-3.45341280441954,-1.89766426964044
8.57755478648696,-5.93642095074282,3.01228939087654
9.61056287921329,-4.51306155628716,0.00526468935180525
8.69732882218825,0.583005580964894,-2.3520737656573
7.98420738986292,4.55375994800805,-3.91380428115334
8.41139009960837,-1.0090468952752,-0.284386034857688
8.89837137451685,-4.45269537604074,1.24288900339295
8.50733561460247,4.19193834420753,-4.65455568311984
7.09971829320861,1.46266196220907,0.442705390103108
10.6735290346152,-2.77356214739106,-3.57425859796083
9.25464378652041,-4.91664841270282,0.658375573552339
8.50848991425528,-4.31641528258383,1.93251801401999
6.83507608033926,6.75947754257911,-3.07582733731468
8.90833024547973,2.35111608119038,-3.8996620064801
7.95829758072254,4.54056749457575,-3.73347277540101
8.69058909097515,-6.88681558060542,3.28753423235957
10.4370055648296,-2.09770434581784,-3.47248839610124
9.35051215880714,1.7800009835998,-4.47758645240231
9.49484910591814,1.59651811706677,-4.74191860522782
7.08579062155278,8.65724030748254,-4.80293971915599
7.71223932147305,-7.59813086935472,5.93203566285837
12.6274823351684,-4.22570557414756,-6.33755024916293
9.65940909441893,-4.67632849589926,-0.228796199507947
9.58745622081477,-1.56074931931944,-2.37809214409286
8.1609985994913,0.56509673824046,-1.04846664719801
9.17868454713997,-6.59105624144497,2.32716728961039
10.1425537207271,1.72520862100222,-5.93830895357829
7.85246231197171,-4.40091633473426,3.29543960404165
8.36574223847535,-1.50171635059013,0.0160157103976316
10.1024410081947,-3.00858514960469,-2.29151304095697
7.95432703387738,-6.89603206973514,5.05144599528457
7.91401874920794,-3.28339925361888,2.36250726703631
9.01571263834661,5.1126879177289,-5.99118362844629
6.84271366588591,4.35099019614887,-1.24630946510769
7.2255731835782,0.0363023342654092,1.26122945807451
7.18959763939054,3.13800039298962,-1.19895337805091
9.28440114262423,-2.14273501219779,-1.28131303273013
8.68035264662958,-5.70604256155944,2.62988542705965
10.4110831462239,-5.80599477753456,-0.709336103303577
9.19999527944429,-1.11807851033125,-1.75045804572409
7.40570587779479,-2.96984872864429,3.18834686174698
8.70583453768256,-1.2487304994347,-0.778945753468699
10.6992236422468,-4.93229970954566,-2.13285882164177
12.5311059364294,-4.37737780854419,-6.25098121166683
9.63400895380239,3.47557589248118,-6.22320593828251
7.62522625246165,-5.82575952673955,4.86414900024533
9.12987786789282,-0.550137914541019,-2.16678343574406
10.0620206389322,1.29435839915095,-5.45016222851625
8.72949100591396,4.84329984958432,-5.34006703086182
9.50775501983764,-5.07749441441062,0.691328566054817
8.07753996907362,0.120148761888416,-0.21713309625912
10.2189321245019,-2.43400605358711,-2.81880642933072
11.6156115313823,-5.12395512735823,-3.77318905890147
7.32944291472566,0.297095766361873,0.800396033806462
8.77022348096882,-2.28648248802377,-0.128200210572553
7.00184183283385,1.6420634797847,0.506480615456557
6.62573328791332,7.43535963689844,-3.14100728843471
6.6568796437537,10.2920396287762,-5.34997868490898
7.17197549642275,-4.19718517790968,4.57089918209463
11.8579575712752,-2.5544367714644,-6.27638513602054
7.8371052126006,3.79867172026001,-2.8151006751709
11.4106857362987,-5.37507327767412,-3.16763299991748
9.02644633540483,-6.03522973674456,1.92874554714041
7.67391441125974,7.54897585670192,-5.3858511354013
7.52063753089298,3.6400668103369,-2.11615918293111
8.68467676388756,-6.22204080698358,2.94997330355233
10.0572921001934,0.473608767747166,-4.94471487768286
7.4651215493922,0.211952505270726,0.642156809378634
11.1198552118113,-3.71718897015943,-3.82528801303584
10.6454547638615,-0.486244816015209,-5.20732180991776
10.8002954836549,0.0483266073034828,-6.02755515303989
7.708133873122,5.68605640808319,-3.77285370111446
8.63436137219785,5.56137351535253,-5.76277548131932
8.66503789879477,-1.07325377587412,-0.691646876651204
8.94052653506917,-1.46342988104169,-1.20945156284182
7.7257812288691,-3.15813453492084,2.50351343310461
10.714830726002,-4.58254616829673,-2.19832424537812
8.96080221050692,-4.49344990211061,1.36103291581089
7.973751636707,1.98096841707309,-1.78135287427423
8.28733983242351,2.20017843132444,-2.73633008635632
10.701192233203,-3.80899433283911,-2.90538887858479
8.24180389804257,-1.2683361492093,0.315790756501677
7.65164577283404,-0.95826754435548,1.14095171864762
6.94742592913113,8.72205252478627,-4.71527623208886
10.2023007480792,-0.0435593624219881,-4.70420888598269
8.78862038814885,0.984984218169815,-2.75256812575172
