-0.958112290757567,2.43768774251509,-0.717516090686144
-1.41323073984457,2.31649388714903,0.108466487276417
-0.65146615881376,2.31297626789042,-1.15270716297654
0.439786126194543,2.45087238770948,-0.914142909401557
-2.39308124975,-0.45363282056538,1.3144075183494
-1.91873713313514,-1.25626200497412,1.45443584282336
-2.55461520491208,0.281105816715456,0.881875449288678
-2.18659834758664,-1.53560992752712,0.485612859090533
-2.6087211249129,0.828625600868798,0.35374297795575
-2.18963437455457,-1.18628699154415,1.08321489629929
-0.893076465871207,2.52379993543021,-0.456046427605801
-1.97357563764059,-1.31503369433947,1.18024865581499
-2.18638919325107,-1.09348039054541,1.18284950996741
-0.374901026851154,2.55602140370416,-0.550554794614429
-2.36734975642759,-0.750169138629478,1.09910482952842
-1.44741299866556,-1.75498958806681,1.48328594315918
-0.582884848857206,2.51698420555361,-0.836759101575199
-2.43478372022979,-1.0955065962731,0.496813410979075
-0.955957583473328,2.59285088423851,-0.251197012059718
-2.15109782511948,-0.28721506991862,1.6326100828062
-2.53335311232197,0.762167437563806,0.613476028471025
-2.56608896478534,0.722225277330581,0.51837062580184
-2.01199735150253,-0.90614369496218,1.5830035671879
-2.08959136022192,-0.63233576974141,1.64508445746322
-2.69732623204449,0.199687313918201,0.244307606691605
-2.42874842268287,-0.828391316268274,0.888863858276014
0.261572162138836,2.63920569888988,-0.584211703959905
-2.3694550369164,1.21509543267256,0.566782350108187
-2.65391560865562,-0.572391701599196,0.631463054266537
-2.64172225762198,0.149715692891711,0.545793792556079
-1.05815071397126,2.48822229569463,-0.25337108326092
-2.48740698140474,-0.546267633907812,0.943148033506008
-0.242460587006254,2.60243748125204,-0.553141746548475
-2.15036872004568,-0.905289155968623,1.38978269669661
-1.93708175151983,-1.66566675344753,0.921085547867838
-2.49415581051273,-0.238334105659585,1.04762287063025
-1.93616840403286,-1.16483751944193,1.46663634984792
-1.61413520347948,-1.55496808499512,1.53354877054414
0.068942564454927,2.44635373905354,-1.17717047972148
-2.28150526134279,-0.281698808451246,1.44585945232753
-1.1729871660192,2.42678806979075,-0.331558146903488
-1.48195221121044,2.15793000776039,-0.38599199786696
-2.31910653742537,-0.0620515632094317,1.47229320917913
-2.20489031850903,-1.48121138077459,0.471883527994776
-1.46414027751744,-1.21416218320335,1.93835844794831
-2.43799713635532,-1.10042690390717,0.4694258454571
-2.03486101573103,-1.62135916428421,0.778244909493282
-1.64098468243173,2.11157183645348,0.300536199080313
-0.356925466190396,2.22005176560193,-1.48255071338027
-2.33121411571964,-0.910265315088157,0.966565597550361
-2.39814071603815,-0.897840598277787,0.90439670403356
-2.44721291283679,-0.823058812613999,0.84193419120848
-0.446973094278593,2.53234944081419,-0.873241887853316
-2.63079022271423,-0.613068611858063,0.279677874219964
-2.40121066379136,-0.575594166347031,1.13170634025583
-0.304718020108848,2.28801572134056,-1.43082529304662
-2.51378708508016,0.409490661004824,0.942508313775834
-2.31980087194049,-1.19987987820781,0.744272950280134
-2.57445251797672,-0.534647301634966,0.679320636842684
-2.68525685064119,-0.390561070585809,0.109488484919482
-2.53915676362174,0.783922097765581,0.559713414607276
-1.31355833997145,2.39344315120663,-0.209431045952339
-2.6265614817692,0.573970156736783,0.383227182966545
-0.861199912430304,2.49130890709694,-0.752809415011134
-2.476153058751,-0.826868413082769,0.633723317873962
-1.70411666908135,-1.70923015545058,1.17928086444544
-2.58596044799554,-0.577314010864413,0.595522565789822
0.157121254513279,2.56467752166758,-0.98649768379922
-0.598501089803213,2.58600827876382,-0.752074061864127
-1.75289260789714,-1.09784657420503,1.80881101361157
-0.673918245738366,2.52854099954424,-0.726253842528399
-1.63580074674282,-1.1845244512473,1.81554062842324
-0.555241566852262,2.49562906856513,-0.915790580140849
-2.07613605701845,-1.55279644679074,0.808462924124838
-2.02119118567506,-1.65358171604603,0.745374893198217
-2.37633375657322,0.592362812145905,1.27544686250762
-1.7765340664217,-1.42103381752246,1.48314518251022
-2.2064029685442,-0.194360647728604,1.57495530549951
-2.34431836737101,-0.152660793210716,1.36234948039252
-0.498258543561508,2.59998202453186,-0.605773825764796
-1.70053588556507,-1.7346160187615,1.14314694811772
-2.36934357087165,-1.32498491434315,0.0758686498813137
-0.726433549390944,2.43343157252034,-0.962203259339225
-2.58621525893528,0.790407341175115,0.248750681545561
-0.0387410196086352,2.66463569281841,-0.779746275594975
-2.40476497454845,1.30422797747425,0.185858280861785
-2.35071569213309,1.32853886492712,0.290258938260199
-2.22936740321737,-0.528386955278224,1.45803231756576
-0.442295515713389,2.61874301883843,-0.618034245533814
-2.4790175569217,-0.33993058016157,1.0187371781152
-1.20179241254709,2.4241470629161,-0.233100936510439
-0.265282494833936,2.53413870110598,-0.939625602883477
-1.6131538898369,-1.67103683567549,1.37353942022345
-2.59143217052339,0.688074083394769,0.431466561206558
-2.62851271159642,-0.0331337561486584,0.838091573876236
-2.5387433921072,-0.500715172577243,0.824133688842727
-2.53597578951654,0.712203135246972,0.660850604322107
-0.364564347793826,2.61731457716577,-0.626009003590006
-1.58200241451496,2.20318916531927,-0.135483926689356
-2.60536540610279,-0.303257579520009,0.703730042877978
-2.61601694870238,-0.131047212936048,0.717225197679295
-2.52727000884027,-0.441609581558382,0.890515194701841
0.205180689466914,2.5274869498538,-0.972029132840752
-0.0835945250731139,2.67159538628677,-0.480333300377536
-2.38427893387238,1.29212546807797,0.144068637597543
-1.61088815466037,-1.26484413164023,1.78335041647253
-2.5904927938115,-0.8987731417796,-0.0841799855201523
-2.55798595975152,-0.389916201295556,0.593241520588798
-2.4522281884403,-0.923419048308808,0.713445306342264
-2.44213272311288,0.106834159071154,1.18309097590142
-2.29201546585449,-1.13407546095504,0.91414877631925
0.164422202243587,2.61689718594269,-0.648336546928028
-2.34234063360711,0.111496150812566,1.36972223337785
-2.31442604999516,0.839258106256782,1.00727178655544
-2.64774140158096,0.394986954636783,0.375562172095742
-2.38860671723502,0.222825524066372,1.219065526698
-2.30980294661467,1.14959089530944,0.826384658240643
-1.3114336250858,2.34573428907822,-0.546858647083404
-1.7935353210533,-0.862611107305788,1.84777248647918
-1.80010384500758,-1.50253477846894,1.19737669623885
-2.60320866468975,0.723008243734667,0.275124989193076
-0.176566005485973,2.32968942319298,-1.3843777191475
-1.89508023084272,-1.11319366615764,1.59518049524127
-1.3036470014899,-1.79758898730016,1.45061745788337
0.457813441209617,2.63826913214664,-0.643954576317087
-2.35730003979659,-1.1964306817894,0.621948694146455
-2.50604046419323,-0.822819634677258,0.376293655001815
-2.6830308339871,0.320297132568694,0.454428258610332
-1.98187518453776,-1.42539189242539,1.30303777342159
-2.56299334343932,0.737881034836326,0.511592349451344
-2.39841138071985,-0.944872812010651,0.936474404908637
-1.15756067932998,-1.52895525368864,1.96739388854498
-0.425821863493428,2.51041588910886,-0.944255175460176
-2.32173590236644,-0.0302401006641236,1.44805279651946
-2.25861035464405,1.1993083934274,0.914039755947089
-1.24199711539113,2.34452780959089,-0.579450211422496
-2.44963870506918,1.24455432192754,0.220705135811661
-2.25297749621667,1.33955714081323,0.68678152621432
-2.45987288782476,-0.772653236554037,0.998480528594311
-2.65492798982121,-0.560239467313295,0.112334946614835
-2.25911031932681,-0.214942480552423,1.49176081436256
-0.42144108719044,2.54202478850172,-0.857687248811042
-1.91478073880897,-1.56812776862153,1.11790878682778
0.162932573469981,2.54867313125168,-0.923497849830074
-1.79222963042685,-1.21125049123463,1.64192424654929
-2.49772070231275,0.03346818511894,1.14906720624817
-2.13914169469508,-1.55294569691034,0.622545182751653
-1.55744917399002,-1.41349201586636,1.71799954121717
-0.352050426666965,2.35345148281099,-1.38639312820313
-0.893780512316106,2.41223626803384,-0.790649647893504
-2.67592740128671,-0.0675243265430601,0.458239064758156
-1.80301151180871,-1.16852002314882,1.66097576017475
-2.43634759145727,-0.20088666011623,1.18278696116006
-0.381695776963592,2.64903966036095,-0.460464161238886
-1.15053218534523,2.48029845013416,-0.0974837137757293
-2.37306269097726,-1.09155104888683,0.9174310859224
-0.244731402594594,2.29628436421991,-1.49861800720234
-2.55179646883624,0.53717247950393,0.75822855459355
-1.53730029722142,2.21995142463567,-0.28922914881381
-2.50855380777782,-0.805352602262856,0.658555245681313
-2.45639091896429,-0.540823637678183,0.874230296334672
-2.69538329942081,-0.164452951775441,0.288087014560354
-2.34124863673875,0.330485916510718,1.3358382806536
-2.49473210123973,-1.00893338487004,-0.11436582870273
-2.06289511942501,-0.750317236761121,1.60122581971278
-0.634314104060687,2.62206432597205,-0.312336869352612
-0.86075351965787,2.45824685793009,-0.768931593820919
-0.119749461559033,2.66823183530717,-0.491252452016487
-2.27054178092031,-0.70900929032007,1.26632446642277
-1.74093943717256,2.08177869654786,-0.10226126734666
-2.69767072474734,-0.0897492090746248,0.299412378525302
-0.380856918171398,2.6157296905367,-0.51857565030039
-2.23708192650584,-1.44348552595291,0.231880693040694
0.437509552791058,2.5086567326472,-0.943587209039528
-2.08494072596166,-1.43138089350083,0.806538192124804
-2.51429009475527,0.129362448604768,1.01820464957151
-2.69641644113415,-0.287614365421664,0.147466555147576
0.0206347180695856,2.6404104600163,-0.685377146747197
-2.62958965692,-0.474281272926684,0.700471195028673
-1.15319941311477,2.43627355354447,-0.331409592489563
-0.423262671543548,2.43673918943501,-1.121731191352
-1.4680107425871,-1.55487322791683,1.71316592499362
-0.962214519721376,2.37345165172092,-0.876250025167464
-2.34805766729939,-0.763597874843438,1.10780310121837
-0.590176636228493,2.61889620465705,-0.328697259542904
-2.07674364112585,-0.523621473557805,1.6697563994712
0.356188018067782,2.50440510835974,-0.915401741300458
-0.684004042430704,2.38533824229796,-1.10337209130551
-2.19435359085313,-0.346368721534751,1.69019751085807
-0.714667015828148,2.50909880770092,-0.460703400184286
-1.40495132284942,-1.50308108315362,1.8160819025011
-2.47578791908385,0.936571401346178,0.486040387817089
-2.56911035433644,0.174139226792094,0.727205686234899
-2.64291989101902,0.0510513225331351,0.445589180607711
-1.72244688809099,-1.49426360641115,1.39560915971931
-2.47296970641476,1.02316496373413,0.461177102905572
-2.10546282098836,-1.42822825799732,0.949905460872937
-2.67689132321453,-0.213174729481666,0.404894320177135
-0.499992237254559,2.43289180360104,-1.09826010888067
-2.47955814034024,-0.999813580073862,0.476753883964159
-1.28489888693138,2.37791910719303,-0.26394242196239
-0.557045873488565,2.61830592583839,-0.457497547153506
-2.46066401566277,0.686024619855528,1.07210197479362
-1.62890964126734,-1.06246711659474,1.8947357750862
-2.51157041467417,1.12242342475598,0.165269892274828
-0.130373674812749,2.45892882661385,-1.14533914744314
-0.966767142947378,-1.67673338973769,1.90500825802899
-1.74157769054673,-1.38288111023512,1.6147521869313
-0.522508997161965,2.40078815093289,-1.03864256788977
-1.72463278180848,-1.5901022187013,1.36833721505164
-2.06831429539119,-1.44318426142396,1.16992638182059
-2.38796692155618,-1.0867053042688,0.701295654720691
-2.56395092054304,-0.661848566043481,0.548088012861189
-2.49646576611617,-1.06649943230823,-0.0732643951641678
-0.642982149093099,2.33897129015172,-1.12784756648795
-2.53668263316412,0.735042365186716,0.63252191431349
-1.69175664648572,-1.37772802422343,1.61708224046996
-2.32767511741367,-1.35129304412297,0.362029955639959
-2.43818811364735,-0.9864917679192,0.676167691034543
-1.89162655009187,1.94111010377943,-0.170207497177745
-2.70128039926117,-0.147344791609779,0.237705172546645
-2.47444130386813,-1.1368632494896,-0.188174932787041
-1.54319257443012,2.23059339846545,0.134684078675428
-0.980395499006142,2.50892983299185,-0.345290878469916
-1.04383125051981,2.50480610736499,-0.107204090630138
-0.851450927442348,2.4793064184291,-0.563384610715123
-2.14338878127335,-0.413719531018848,1.6155032386435
-2.64206148849026,-0.570092488073492,0.263885729400706
-1.28648398658011,-1.41298826177582,1.92965104525644
-1.00515126627878,2.49776724573045,-0.465327440049679
-2.69516182422031,-0.432532687516684,0.463685810040645
-1.99382729452237,-1.06151521568851,1.50763662683749
0.0895303148581373,2.50691979005401,-1.04041699383445
-0.426205250129007,2.5712532878194,-0.834854781373209
-1.90226218550763,-1.36927577175505,1.3717188015679
-2.41451132459842,-0.968397978337865,0.495847438164071
-1.20359198774591,2.32571300916267,-0.591730205330898
-1.60417740830753,-1.66803499153351,1.42105740271042
-2.63883882611271,-0.336635790100325,0.546201452511972
-2.69825757358614,0.0613970984268707,0.594097597765375
-2.37113508075075,-1.20885366999141,0.0640541567240112
-1.56367667860796,-1.27287531188501,1.81929484066595
-0.0470062825950873,2.45872383198235,-1.1522141986372
-0.505614241813605,2.57311440402943,-0.843060252801616
-2.65627262751738,-0.517049771752217,0.071787717365956
-2.53993235583071,-0.0585263336320203,0.959399983415889
-2.53708646375397,-0.745713004839665,0.620235377866713
-2.72889107814194,0.114161394691996,0.362042635791066
-2.60565603545351,0.594183148641787,0.482320477356449
-2.27997793978837,0.790433124722279,1.11033395195055
-2.46378803101134,1.10655847703041,0.283561117327353
-0.441689445952364,2.45281432737078,-1.0787689005906
-2.38296422985381,-1.1157518334721,-0.201630739541141
-0.159831418094067,2.33526999082277,-1.44572243886662
-1.89395869804837,-1.47529969471997,1.34525010677688
-2.66023440295399,0.173379216041882,0.517902115160062
-1.71039704399707,-1.01389384280674,1.90350734436711
-1.39733745279051,2.29939466671778,-0.367916079835188
0.345358065451627,2.51713773963889,-0.959101370250128
-2.15602756547697,-1.00851414548396,1.30750693587634
-0.268884423420195,2.22587611990051,-1.4396125369875
-2.37942152681179,0.934846518353015,0.916267000917557
-1.89715598448787,-0.960036587997915,1.68945522353501
-2.30285398556224,0.860523085010301,0.990185068138427
-1.44996392123443,-1.19477620719247,1.96092949234484
-2.23832900036197,-0.306799273823852,1.42825531275789
-2.32306858460948,1.06506356768438,0.918761111548862
0.342828439788942,2.55161055491649,-0.854827079217394
-0.899184190146806,2.42266894550496,-0.835028744881568
-0.382952832884505,2.55621746378568,-0.833204319315142
-0.583983899989537,2.51259490603639,-0.84909344292342
-2.53289260907328,-0.386326410268338,0.900187184830845
-2.29687938935492,1.102118328119,0.707572464081462
-2.60301298205858,0.139961297861119,0.761488202428678
-0.247965899593526,2.45145968971121,-1.30888019436658
-1.420262314181,-1.47043934431612,1.86289648889015
0.510754702421275,2.58500963844687,-0.727926437559764
-2.25606343875417,-0.595032414770768,1.38969213057833
0.292699230314155,2.53325064032881,-0.933862080796589
-1.92723253534664,-1.32076132629082,1.41234698631013
-0.344626269179988,2.32752994840882,-1.35608521338213
-1.68677802758393,2.12515091966544,-0.116805335527864
-2.56593821997274,0.897374645108205,0.388109213194514
-2.45977186837801,-0.341775560789256,0.945179769488862
-2.5838357789817,0.795813238455746,0.25613275631036
-0.34745450254414,2.23739880538738,-1.4901163613675
-1.88058655563544,-1.4624300332619,1.39996718760215
-2.39350356493191,1.00644659757253,0.795824077918902
-1.23947486827752,-1.64971758428061,1.76179582895018
-2.32594882211327,-0.0933843208788933,1.39870349882541
-2.59256493586058,-0.169588886038573,0.54964386266211
-1.75449860888627,-1.49613899390851,1.46266046690983
-1.63538465551501,-1.58926553234822,1.47474815758438
-0.589411176040749,2.63005634012561,-0.332457734796313
0.10224659510961,2.62179539164896,-0.700617292263973
-2.5558755634166,0.440982443044622,0.805086716670202
-1.64564057868277,-1.73154390822895,1.29180215658994
-2.13295445827066,-1.47991323246842,0.613094098436762
0.0752621251346075,2.42549200081696,-1.19237058662442
-2.69902333024515,0.489993957607769,0.395506157440664
-2.24235913136424,1.35667881927747,0.711602515041802
-2.35079659433107,-0.845376240607127,1.21389135158141
-2.38646014887437,-0.326364425883825,1.25436208945208
-1.58927358560511,-1.37140530135136,1.70831085135843
-0.501198680596667,2.60820303404151,-0.59031259747345
-2.70530283404598,0.0259826510287953,0.236202265126372
0.100917367422232,2.61546038051612,-0.50736925633758
-2.37736931707204,-1.27803759319424,0.299775036868012
-1.41265583743083,-1.60208996864173,1.67715272096869
-2.31609553904446,1.40872007856618,0.162293642405935
-2.6395782001829,-0.638748910452286,0.367602333885725
-0.181673776123446,2.50094484399862,-1.04278452158072
-2.40406893726666,-0.37164796023855,1.20725323384227
-2.32045211586099,0.337216923780987,1.3700061154661
-2.6217657053808,-0.698717654165445,0.197841723266241
-1.44922119311934,-1.23209610079784,1.93825363766331
-2.15639651093673,-0.429601726010377,1.58789288885613
-1.12255813852038,2.48787841413163,-0.35819512037724
-2.65471268283018,0.037974254046985,0.571129197076009
-2.27980210287474,-0.255567048640671,1.45338153541303
-2.12268829126569,-1.37965251707649,1.03410336551332
-2.45074675168811,0.312215533465985,1.12760447491807
-1.15312622915969,-1.47357114009835,1.96825253125602
-2.28008051817438,-1.18418276895502,0.879814771673125
-0.161551378640178,2.316526806927,-1.40809613910081
-1.69665965067528,2.1111251176973,0.199064811808985
-1.67577981807701,-1.14543350186302,1.80412697065316
-1.27938266173195,-1.50408181485761,1.86441624407664
-2.57669709295038,-0.955674734913049,-0.173043008219258
-2.36871283153962,0.697919995445359,1.13014920862674
-2.2282934147315,1.36019770613667,0.748131465844957
-0.644687187552842,2.51229983921515,-0.804896254300692
-0.193462622131451,2.63887193227091,-0.670173501435816
-2.57487332709945,0.205501836753233,0.899179975327374
-2.1196579379147,-1.12933679109367,1.26758773685295
-0.075185800223595,2.45263253966111,-1.16364545843774
-2.57638670714066,-0.858596471027916,-0.0131782893383329
-0.111041558145187,2.62390759521686,-0.458767473534071
-2.37035313662911,-0.322630073209976,1.28548274031027
-1.65461862741317,-1.34874157112888,1.67876841887995
-2.20958127092244,-0.0419675608377881,1.56238338035485
-2.12666569050973,-0.967853453732327,1.30992156231938
-0.511554918575942,2.34929472685695,-1.14834124252038
-2.37455672915156,0.98496770488254,0.875470726227907
-2.2282212597218,-0.15099440232149,1.55574570942864
-2.28000666721581,-1.17165525320387,1.12241418911642
-2.72812405950319,0.0863120871978731,0.340867565336973
-2.28168521957052,-0.912286457774198,1.29308317179106
-0.653922215000892,2.5255307124478,-0.766276490145206
-2.27917298047005,-1.39219600632374,0.145682018966512
-2.44327131793609,-1.28317020223924,0.110644791652966
0.0349505266398711,2.40864574101013,-1.28362903353104
-2.51756987200083,0.482195320072976,0.896916743625623
-0.215488145841121,2.51277111113985,-0.919091642330694
-1.08207974275275,2.46247867130799,-0.123832456321697
0.40926893627801,2.59169168249237,-0.700544925611678
-2.38686940823093,0.0654427942522456,1.29371623659686
-1.53541723680595,2.20497779736811,-0.3945844068579
-1.77699187214616,2.12373705564682,-0.244979015730438
-2.36001591484067,-1.10642753933154,0.762412627131838
-1.45301534589349,2.30801369730607,0.0703658863812571
-2.47445607661205,-1.16294175057654,-0.0183895520942789
-2.51654681912198,-0.549527313313017,0.860314983708048
-0.12986750381271,2.61247291619724,-0.780453583859346
-0.20833752375788,2.58880793861382,-0.7935987432368
-2.35889822127585,-0.291477225343461,1.31368574661914
0.127877467959815,2.4483594648295,-1.18384105289432
0.652576603825759,2.60670191653813,-0.713006850212037
-2.67409441467259,0.266359062099079,0.391665601702639
-2.5604117198419,0.0960008398682677,0.814363280804345
-1.50292572401689,-1.68321888582913,1.51099916696833
-2.43983180587893,-1.19208573531141,0.0358104843748852
-2.36340296719863,0.893433724699763,0.995606662446753
-2.67481979763434,-0.101849302504414,0.458362085981504
-2.17505961306807,-1.38338863018476,0.85468216874944
-2.60918586062825,0.534942864005398,0.530203082837031
-2.58133406323406,-0.0294196036716418,0.81170083361023
-1.69736816996707,-1.54415424736373,1.45514256020886
-0.374250307612988,2.46661382726764,-1.07279213573096
-1.49240543176768,2.25829451680883,-0.219002133971456
-2.31956731202641,1.39019517522361,0.249188466559202
-2.38707831615227,-1.12924083229125,0.633878763916537
-2.29865531298923,-0.646991688988833,1.29333504497029
-2.01831950471378,-1.30560991360738,1.0656989179776
-2.17295711393945,-0.667548435359529,1.48585547733672
-2.53463341888284,-0.972608974197273,0.069247724119748
-2.61252399339514,0.504868181370348,0.543099010749496
-2.47553178045989,-0.81335585713272,0.511683798166825
-0.695464704626705,2.4007170191186,-1.06208129200893
-2.35974142645986,1.13425443230203,0.721260920302024
-2.60181184292578,0.479609999728226,0.612926924089967
-2.52979192906314,0.840427187475394,0.518618328158333
-2.4152354215836,1.13338924561232,0.524554970458111
-0.74168260764504,2.51514889170216,-0.706443907319458
0.155661309895567,2.62184726711389,-0.690519005264585
0.219660860894599,2.64732593297703,-0.564397504318447
-2.51408292403498,0.723943469586335,0.697802616985546
-0.207783801423073,2.60291544817844,-0.74618167600306
-2.67554240212371,-0.336435321351193,0.321580722506716
-0.135551664325144,2.66399911152592,-0.509769077318679
-2.48946928093049,-0.913073212682833,0.0329197086007093
-2.23980977726264,-1.55459250178405,0.45409383205932
-2.63251675063067,0.31768217759075,0.586569368270017
-2.43078148369805,-0.871979596470536,1.00609516087701
-1.98185132920414,-0.761134059951561,1.69353780111812
-0.335999130474015,2.53191206547437,-0.922852051592543
-1.35493316427721,2.35137197758291,-0.137439120769659
-2.07915418462811,-0.644172688139738,1.6239733546154
-2.27998591848123,-0.80929437542225,1.24318536981509
-2.20893019281245,-1.01408140780137,1.26118116961909
-1.62616126182361,2.09636199702787,-0.0644834917206935
-1.44305303040151,-1.69272378464227,1.58053447107568
-2.60971290003851,-0.621341977207803,0.24761902651515
-1.66802088033892,-1.62388564017982,1.39851056573545
-2.68438154470919,0.292396511725833,0.28936142531069
-2.63240960393386,0.493154922912739,0.449831002962503
-1.12071939193061,-1.70623616791597,1.78023703626771
-0.928092401882373,-1.77145617546435,1.79337562276177
-2.45965182082308,1.12723775951206,0.233619318453118
-2.54578186680584,-1.04379523987517,0.106630277313421
-2.42773098347097,-0.761908514571062,0.942233681059733
-2.18965167361073,-0.840654284103254,1.36888858384279
-2.12586553153331,-1.52438384159514,0.729437918828449
-2.42191706668559,-0.653872015962035,0.829828342464208
-2.48584095759669,0.988969472200789,0.547450917986927
-2.41143956899675,0.462166072571617,1.25199465646988
-0.547958974216377,2.62298501635689,-0.450409023601682
-2.4224028990967,-1.19171866964396,0.29478948246583
-2.24618373069326,-0.476960704561283,1.44993005568402
-0.463217496673698,2.35313758947813,-1.27408911299915
-2.53893615392729,-1.09501539281349,-0.195774829533555
-2.33063725950358,1.11985957023738,0.820018865990009
-1.16105685140598,2.43212917402121,-0.615610982926152
-0.0520753620290449,2.36819137274113,-1.32818967427344
-1.42026699524294,-1.65806414383121,1.61517645762542
-2.47931180295059,-0.00446376803700072,1.01537310040789
-0.818119111949213,2.460951816135,-0.880297289021718
-2.29227676181245,-1.38793780655715,0.38332541529014
-2.16263177373802,-0.963625444644657,1.26356823177276
-2.50166514332694,0.500745525532769,0.776290655157121
-2.29782471834609,1.1818411473668,0.835693184279372
-2.6506527690232,0.487813343090219,0.333478743663431
0.0593685150637453,2.64362295482011,-0.467182203702183
-2.65806128951469,0.456835868308357,0.318027047140639
-0.21123768393327,2.47769430193207,-0.970689315962819
-2.12733963591004,-0.980447289127166,1.37414672390974
-1.81810133317138,-1.66584661520754,0.987809638004921
-2.02486448126665,-0.686098885256289,1.67461105462055
-2.33624683204958,-1.31704231750112,0.427177136270365
-2.5069851529253,-0.187114821540221,1.02720179063056
-2.34307949255781,-1.36698309934131,0.228738956055812
-2.68078662992264,-0.432394993926631,0.449423504120798
-2.28225880330792,-1.16008460391104,0.905885477637555
-0.464396383663978,2.63548008016845,-0.541285872799244
-2.42892959396129,0.0114372965621745,1.15183157582564
-2.62066679763343,0.454544612437217,0.548292589033088
-0.661153367816426,2.42741101493096,-1.02258594793759
-2.24197072024186,-1.47174918216557,0.427377662583922
-2.39730795765472,0.52177480675397,1.16438637887291
-2.2281013230939,-1.42700927306479,0.380013749828658
-2.62213247475289,0.65544345353505,0.264471541317504
-0.220995726960208,2.47961891212832,-1.08525617776793
-2.55389104734364,-0.923451866160941,0.00268352090200206
-1.50096728091704,2.25963782803092,-0.127530936837943
-1.66649350422758,2.13728628026357,0.17302250913381
-1.40047344428442,-1.68097297601837,1.60876785704234
-1.46033362314133,2.22038859102149,-0.516852233762435
-1.96951699398064,-1.29815744681878,1.38099472814913
-2.63208141540143,0.576576578415216,0.338875941937368
-2.58633029996068,-0.81641520499046,0.139613124985558
-2.54759919855975,0.806054797962417,0.484916506506033
-0.279746282680027,2.55321280818796,-0.88202970785242
-0.020106224381292,2.54811121844815,-1.08267056849138
-2.56741135577865,0.721564902138202,0.512711472783372
-1.41765290415043,-1.54204611066763,1.72843399296336
-2.66808703193417,0.438269578173934,0.253695484734203
-2.50720935987287,-0.825706294578411,0.592704608287627
-2.67044781821052,0.153984884055402,0.469177085757228
-1.85104386658884,-1.39933984634209,1.53777846348542
-2.58721109999944,0.3565458462638,0.744542688940189
-1.6975507606191,2.13462985092964,-0.212109775580731
-0.191802197228373,2.31375192687159,-1.25292021157546
-2.4305877489298,0.976009145061513,0.717481271958515
-2.51919619674293,1.07198828435224,0.438063033456319
-2.61095533961237,0.560780234525931,0.493525860738089
-0.384407754534126,2.60089193268772,-0.680236624151143
-1.57802304422608,2.2161488683311,-0.0765316071188469
-2.12932483786098,-0.633070598275753,1.44012990047453
-2.53615522518981,0.315005362359567,0.989549506051657
-1.22870625577694,-1.49539391641145,1.90916799374762
0.113476733860063,2.48053133248149,-1.09964420225481
-1.80946080873617,-0.930334842183408,1.79873808409395
-2.62285252052523,0.526599965697383,0.4674047109353
-1.57609738525045,-1.58707910898349,1.54020354698248
-0.66833555485887,2.61939651450282,-0.322581751448773
-1.93844531168439,-0.617225042739138,1.72454789437632
-2.54005746793037,-0.0698511709546827,1.00152399486307
-2.454497153604,1.12679176227636,0.284454002465293
-0.782911415935756,2.54038770982912,-0.555526804618062
-2.35508118841665,-0.166159864617385,1.41580908973221
-0.0635117283000441,2.55391959086536,-0.995504865245945
0.182583533849155,2.56244849222932,-1.07700758126749
-2.25440350653959,-0.640106433597174,1.37224582909625
-2.24809322615492,-0.95651493341564,1.18586932702207
-2.46294463816345,-1.11959214802968,0.124133427805801
-1.26735365703199,-1.39907129861129,1.96392185166628
-2.56436928038068,-0.857158371989527,0.253810463280517
-2.24891276886953,-1.22263985796289,0.907013322856174
-0.0859557986036906,2.38347663653121,-1.2205624607715
-0.346303394038717,2.30186610433537,-1.48401380759083
-2.00784199214264,-0.9956961239903,1.53371763873338
-1.57813911720724,2.20573925098457,-0.139001134919595
-2.68626526687848,0.126978506390851,0.378134112425158
-2.65889998897325,0.573220766741416,0.369797982763703
-2.48697593014142,0.692096282226156,0.646088878907754
-2.19928166939141,-0.0956048836916541,1.59033011572936
-2.46176001221814,-0.186847821674573,1.06322226660819
-2.20416629992131,-0.728208517214029,1.40943013656253
-2.57419308817987,-0.709436787263111,0.538093418538978
-1.57568649012237,-1.12486977464158,1.90447108327908
-2.48674888602818,0.685879336905715,0.848987364538443
-2.33642660529316,1.15254585915427,0.815944544906953
-2.14997120049082,-0.646889277939335,1.52680430423197
-2.62815858579026,0.326409232395884,0.601140160899455
-2.3743378126932,1.20699154333799,0.529925841631094
-2.48427414496058,0.541587914456702,0.80836222831172
-1.33614929428386,2.42603882831634,0.0135368725469829
-1.91898090821922,-1.71351119372266,0.869782556148278
-1.71924270340531,2.08190806955618,-0.291536187817257
-2.63372508580622,0.329512241092723,0.574494462521269
-2.30546590312015,-1.25326763467157,0.720968560801007
-2.3851950871545,-0.670765488353783,1.11177699560212
-2.01245552520184,-1.32751947594022,1.13129153664665
-2.1953342805967,-0.244630888329035,1.57980794940868
-2.40701505922739,-1.25321224955297,0.104247754534552
-1.57313723234481,-1.37300316096579,1.73644222486411
-2.32168235076419,0.943105621532139,1.04664840366146
-2.41440515230468,-0.120536761026913,1.13546748668174
-0.71844096286328,2.47915836663955,-0.718460422052805
-2.44912928012176,0.944548062669866,0.696221774048645
-2.0707522116067,-0.88666680701618,1.51688407057502
-0.15720816149974,2.62771725918098,-0.667471071929563
-2.37406110430081,1.00977042230187,0.858711001563616
-1.39294379734077,-1.45019325755285,1.85876076527795
-0.336095972945375,2.5468010819929,-0.712085530943211
-2.31965861166043,-0.887658689615267,1.0983514957438
-2.22001431619971,1.50652330183905,0.500140257380314
-2.40266220580401,-1.198888810317,0.406214201376877
-2.60467318834182,-0.17242632056713,0.749050584414352
-1.2689734157266,-1.73372574003516,1.75285966440781
-1.57407425256598,2.23458131220222,-0.014844794149897
-1.37474256866362,2.26146980630133,-0.385910918391318
-1.65236592577437,-1.38326810677956,1.68251788558745
-2.29433182141803,-1.2067074719987,0.809338373212147
-2.34080748364878,1.34777088398702,0.311895637170291
-2.54330075181759,-0.929433937358127,0.207132503469659
-1.99996538147934,-1.20671786708862,1.47701347939698
-2.48008980068469,0.510079585139995,0.98188768678793
-2.53036199564837,-0.677909700592085,0.716126134786389
-2.70157338234246,-0.140986096390298,0.359417465614416
-2.64820048319185,0.148276464508368,0.583248080149359
0.1162494818126,2.59628553076955,-0.787983205910834
-1.3946476625904,2.29447239284364,-0.211970649376641
-2.33634985779582,0.309978030820184,1.28084818162601
-2.14420025715602,-1.5090649739811,0.778842641793532
0.10949091554425,2.54909577304021,-0.930189502942481
-2.33194737019433,1.20331047213433,0.699425051308702
-2.32459606055495,0.920693824567036,1.06005003125281
-2.48448961146659,0.949986736909857,0.547692068878604
-1.340554033107,-1.62883562493909,1.80431378618174
-2.36524306630513,1.17673433496437,0.629326286050431
-2.49627703065234,-1.05748136321019,0.159575013091698
-2.46405671444258,0.884984694991654,0.508816053961186
-2.51709044088889,-0.917796959602831,0.53244354544262
-2.46635114385041,-1.12872124597549,0.365355440479425
-1.78566692332812,-1.21637325886602,1.64528409891729
-1.09814331211611,-1.56301238926437,1.93033768267713
-1.36132134650847,2.42387611117352,0.113305442061202
-0.380162605520765,2.40556624008899,-1.20160621253818
-2.22243307713582,-0.486362229162558,1.4716029031523
-2.42731961916097,1.12911984166581,0.45644044704141
-2.56190658022413,-1.08072545161701,-0.0583157423538465
-0.307558946798976,2.59417441633367,-0.705383500667884
-2.51637611495533,-0.841563964280201,0.578577025304184
-1.37292045196803,2.34213834267005,0.0678781884352424
-2.44888376195792,-0.310630629518976,0.987188946667958
-2.40403848990363,-1.26197511920858,0.056104987861313
-0.246231610984176,2.49498245572597,-1.1202555587339
-2.63082477642847,0.0468475170399391,0.672083579608837
-2.54419406188666,-0.898638304598843,0.33433210925324
-0.389107214626208,2.31736431690253,-1.31642870612583
-1.71079668510654,-0.926961693840114,1.86856169796664
-0.266516647153531,2.49279719156783,-1.04405989799634
-1.36319509118059,2.32922544742823,-0.499986596581524
-2.38559202286681,0.444684896111076,1.08562384076779
-1.94113821814294,-1.21205894580808,1.46219887910434
-2.26733486468003,-1.44988114020414,0.363548239975477
-2.21576190609187,-1.37267892943278,0.732968583419336
-0.383348101594239,2.51362088540094,-1.02724865266356
-0.861613398547436,2.43358270260992,-0.842868680817993
-1.76945680926834,-1.71565111678703,0.98670087274751
-2.26302706614932,-0.689140380339489,1.27363973736057
-1.85873028095242,-0.890179174513764,1.76856801170752
-2.49866924837543,-0.356038057135077,1.00250631977908
-0.529462400470551,2.30204056317466,-1.33992867126912
-2.49577642586513,-1.07362046052399,0.0584374425300924
-2.40299420025827,1.16292351397204,0.498355100584511
-2.55593862366708,0.797877534148447,0.453540764045078
-2.59314533010511,-0.298156581570862,0.749553188187874
-2.25409629581061,-0.825653404677124,1.20844314007757
-2.51004931789536,0.168380127394265,1.13230694487941
-2.4821984569774,-0.678043998850164,0.934856112822976
-2.6600914686451,-0.101299508197561,0.537384238867368
-1.63083383690103,-1.46329952546464,1.61099617391009
-1.56499372144653,-1.60709787278398,1.53073874688946
-2.61608734847989,0.51950368660219,0.511207332530323
-0.608673273311676,2.55449025516755,-0.692261810814832
-2.44601956348042,-1.15887163082273,0.598280022572154
-2.35748501566673,-0.126001332851693,1.34220642865729
-2.42586164195161,1.25770290391636,0.147031879596435
-2.38444823338494,-1.10225783520043,0.455160297725516
-1.12886358399446,2.49384029236786,-0.278550505478207
-1.23801055197007,2.41164521814096,-0.162564593719406
-1.25386195452793,-1.78135639183143,1.62164411520261
-2.3350684268988,0.722876126777743,1.18323099145422
-2.36002567265968,-1.27396349982253,0.00646374606938968
-2.29919473275417,-1.41261976266454,0.305514351721139
-1.63431553284291,-1.4728730038016,1.45916636379012
-0.993901784334328,2.46665981189303,-0.550344117431487
-2.2026067549715,-0.383095595766111,1.54171699074801
-1.80880888348247,-1.18736458386483,1.64119036072021
-2.23214471841045,-0.95356486118118,1.2320166684125
-2.62217262994841,0.630606444568521,0.51378759386947
-0.923450303637518,2.37681831355677,-0.88359003624946
-2.53545397555301,-1.00082970759696,0.439516327010327
-1.30290413333936,-1.70304042561681,1.69820879498161
-2.4474788265074,-0.251553230233789,1.1497597280933
-2.64106761660297,-0.363918852870707,0.478769501779411
-1.13207213399643,-1.52221514642522,1.94329713721936
-0.731972452888986,2.46814114652227,-0.730325392224266
-1.8339575777585,-1.26699172207187,1.55127741274283
-0.191718745892336,2.68153450491858,-0.523935932472144
-0.308708131873761,2.61925748828553,-0.822833335822479
-2.50252946770462,-1.05304658065171,0.059742734707449
-2.0066382040712,-0.886195509395026,1.6009967736359
-2.47323936956372,0.445504548146351,1.02943807512814
-2.41747932745881,-1.02897691212815,0.79332179145895
-2.27595281463482,-0.919560678604802,1.16171294906369
-2.47698523757028,-0.52778534642481,0.980365642533785
-2.49520583084971,0.537177344491614,0.837913755867338
-2.57446716378629,0.558678353942596,0.659641835790224
-2.40397691775203,1.24479057851015,0.21568826270887
-0.667328720194286,2.62098455982688,-0.245443167465504
-2.26380963700091,-0.847305589015349,1.23788900889688
-1.69685352300533,-1.44057401906796,1.55581639313684
-2.3322397148099,-1.17081163892353,0.751656870471633
-0.727995781162758,2.42605171873685,-0.936878974012906
-2.64588333970561,-0.529210432866128,0.310378170380813
-2.64670000126072,-0.542453289715705,0.275415257212964
-2.38421604151483,-1.23234927052822,0.414679605134456
-2.67750967318053,-0.0392611484875808,0.669516275451273
-2.28917598389066,1.21481084118071,0.811811534181782
-1.14707575548677,-1.70435444230505,1.77609773894119
-2.3761024687998,-1.13980914810738,0.679087143859029
-1.60793525641267,2.2301738425962,-0.369639657918636
-0.79129750181708,2.60316364701276,-0.40109059770811
-1.40579530022212,2.31502112114561,-0.198863809240612
-2.1054090337615,-1.20713049718369,1.21869553024005
-2.20725180431245,1.45495517703678,0.62151020689595
-1.23807525835771,2.41707804167257,0.00578162687625352
-2.62070829992129,0.25138399183474,0.666201266491907
-2.63552259238719,0.577567158965876,0.309138923468669
-0.0667674442405554,2.59046621751273,-0.717236219957012
-0.277534851841451,2.66763977415858,-0.749318421678807
-1.15058270709422,-1.81999598742574,1.79655040612682
-1.17840517738036,2.41346445385103,-0.493806204823867
-2.30136414761486,-0.0508191137856797,1.44092696201074
-1.33991937931772,-1.70348493421147,1.65202617420374
0.290471659865622,2.62876409906073,-0.755845599488957
-1.98357179139479,-1.45711441866102,1.14777635078249
-0.880152240982325,-1.68876518321797,1.93611317353793
0.0340467863921712,2.61149914546173,-0.74434068926236
-2.28629891026841,-1.24484100011963,0.754552421495758
-2.58745509790665,-0.420756704891725,0.709344728399458
-2.67360145385219,0.106480802692492,0.421782300627644
-2.49285190317196,0.595249263283312,0.898052189750212
-2.57556504640263,0.795101804547343,0.330768566005181
-1.89542427768445,-1.42009607021757,1.32884310248408
-2.43473414360608,0.788607978131026,0.930585100984624
0.119358577105851,2.65133218357167,-0.575605085567277
-0.390237488511322,2.35853619800341,-1.28846875684687
-2.47241902256969,0.0346773195817703,1.12297448432488
-0.341924366375134,2.60886766031997,-0.672329748500019
-2.49091932634353,-0.812435110375688,0.714422937187568
-2.39019519915982,0.866609793211322,0.890757843364066
-1.90819305214199,-1.63860642798488,1.0370682564565
-2.54756723007639,-0.576927203170506,0.743092351316648
-0.0181548701913551,2.57795723369032,-0.958783445208131
-2.53007743705861,-0.789568968553211,0.465233305871211
-1.84251784817997,-1.11344007470417,1.65544834147235
-0.172378160610245,2.43046991019318,-1.2599890044436
-2.48928124173308,-0.220217207736384,1.06306787792463
-1.59449497923352,-1.53357919376723,1.57507163321097
-0.5428835266535,2.61096307470675,-0.513107523925205
-2.32771825274835,1.29481757267882,0.529438590779773
-0.749205591373252,-1.76342242857246,1.9246200540276
-0.442132230490549,2.32398188029651,-1.33370061967351
-1.05334743596802,2.41832221187287,-0.572420801786925
-1.63985144633314,-1.62234676279404,1.43318116346585
-2.56101171362531,-0.856316425426692,0.00588174492722745
-1.63838965225413,-1.28807113100214,1.74117263387868
-2.32276394890428,-0.194881541353618,1.52971380348154
-0.859941343942418,-1.63341753484,1.99187802687772
-2.47986909242151,-0.133896963152104,1.09884071630683
-2.21546107634051,0.0716384084576083,1.43722645856923
-2.5968856932309,-0.793781710752674,0.0350046292617773
-1.72133502236972,2.06817471566928,-0.100828939409455
-2.53070928997269,-0.92588201740677,0.336723939735885
-2.49045549065851,0.915875316685842,0.623463505122714
-2.53511790704949,-0.915120335487724,0.332959458547752
-2.59037870681647,0.572364253155149,0.489823585759357
-2.61533860910053,-0.731448265633632,-0.0108363532708288
-1.95217950264159,-1.08383103247998,1.54577990496771
-2.02612336222931,-1.18057574781823,1.3435356339686
-2.5766214634164,0.376223176038979,0.771108285635423
-2.33078635331547,-1.0198443099304,1.03786283835764
-2.27542289960538,1.25972433905104,0.710888115041007
-1.8375074169262,1.9908583554461,-0.187562078774513
0.174174147184918,2.47518904255523,-1.10373574834263
-2.17022710645817,1.49822052093582,0.648521093830842
-2.57142898108331,0.651955086490954,0.581237982711028
-2.23752256113778,-1.33091040981473,0.765359484589624
-2.12613400145718,-1.37798632105879,0.901369427715479
-2.58673096000238,0.197859406979947,0.802997277540367
-2.22255539658479,-1.39612823895026,0.697282927956794
-0.661814387383247,2.45731885494962,-0.839107218499546
-2.52261703911572,-0.997165356762003,0.131128018894957
-0.789929202046409,2.4699603284944,-0.909847995875253
-0.421507201635442,2.41184933383791,-1.21197229866908
-2.36907445450224,1.18920722838352,0.557494556700176
-2.49679145741303,-0.419763253904634,0.982324417370989
-0.423302270718983,2.32362896384761,-1.34040801925204
-2.28027372742365,-0.599040920114273,1.34782481656655
-1.79647781526373,2.03551954010188,-0.06676595862577
-1.73955029711199,-1.15208552014566,1.73833073671003
-1.83918733083581,1.98989686875703,-0.181191737964436
-2.39311354844158,-0.274156002129055,1.39922543519132
-1.92994321105448,-0.892730999631411,1.62593096234542
-2.22802787078762,1.2717767623717,0.890845500514814
-1.16539328420249,2.36798453309544,-0.640029512021961
-1.79992247566879,-0.94992021857633,1.79807138123734
-2.71903292507346,0.108840524373275,0.228851239362795
-2.41086072423231,-0.293334728613019,1.21525114171769
-1.61744541292563,2.11831591313992,0.285762272859701
-1.69961548501701,2.11563110871768,-0.102675445063217
-2.52021779137604,1.00874710378561,0.562682353116524
-2.52308140149781,0.265400230349649,0.828248484240962
0.0754118123064683,2.49395096631732,-1.07221810667051
-1.26195432219721,-1.64996143145368,1.74935090690966
-1.70560191647258,-1.38587755860764,1.51212781095618
-1.72497188652576,2.08689222523045,-0.0695364773575656
-2.33974692193049,0.642937618223599,1.21956778921564
-2.49108390968171,-0.410990564914737,1.00035880691805
-2.6294343901975,0.407547603393972,0.543240067297217
-0.631714657344438,2.49666865143036,-0.747128498407931
0.613661228002542,2.55665508585209,-0.679753412154432
-0.928640518118164,2.46758364236888,-0.650989852551735
-2.63057251933099,-0.226429793022303,0.305930053881679
-2.34538345934671,1.35859254502054,0.168916421167369
-0.903983930786697,2.47389011292051,-0.661672724370693
-2.61314688029434,-0.0687858599556561,0.450965882711419
-2.29754736866596,-0.764527917750839,1.22959472340208
-0.126580809462978,2.69422897066433,-0.539453602082075
-0.671540986558573,2.61315227247566,-0.309189159463525
-0.802816035859619,2.54124787521409,-0.712465771114499
-2.43589744209056,-0.902595823853643,0.791741411371894
-0.588443985895725,2.55922900678815,-0.692250387056488
-2.10394827058803,-1.33803603652506,1.07619295284466
-2.30354971550356,1.36255448205489,0.460688640773938
-2.4118256956166,-0.872424911256494,0.817127221960685
-0.36560585616057,2.47346529842501,-1.0599206609605
-0.284145709330648,2.36227126622568,-1.30922332424078
0.242322606234368,2.51197514004334,-1.00319025235225
-2.37524412526198,0.891377159990166,0.968912863037156
-0.916003682468739,2.34284858621301,-0.963415308699106
-2.48881125551,-0.959223069148366,0.51072465200233
-2.5593396880275,0.591276159002416,0.606586390377335
-0.401554414436605,2.60927203950783,-0.731432599082478
-2.2443889016685,-0.864934294711666,1.28584510808469
-2.68080274212026,-0.210317625407679,0.379727779318213
-1.80277092139629,-1.07291028842226,1.72453198000738
-1.3045733040314,-1.82414711907155,1.53156972237444
-0.201317907720261,2.59734162279554,-0.748060938083854
-2.30629227816908,-1.23540003064871,0.581793934725513
-2.31222936815535,-0.787202672325462,1.187028783908
-2.57171160019384,0.946453363385096,0.283321626800444
-2.32786758974509,0.213031013292947,1.38230977139435
-1.86053678037771,-0.973943864569329,1.72190774132416
0.14689077087334,2.62713539921875,-0.672095772718826
-0.900222650633801,-1.6574325320438,1.95387988707374
-2.64542556546116,-0.235094561160811,0.567083906507365
-2.1407704337994,-1.38306903157319,1.00455927816987
-0.286675854342917,2.59924622724169,-0.394188767747027
-2.41055181838084,0.886581379096511,0.882237735104727
-2.362828016778,-0.424470165737281,1.26964517627188
-2.37980996851854,-1.03196543486836,0.71341318565079
-2.57197659104877,0.751815736554572,0.441406326946724
-0.88842173671775,2.36751264976104,-0.990313436772138
-2.3385727916183,0.769778830309108,1.22919501357964
-2.52323543703056,-0.122489295697808,0.996699219351151
-2.44985240735409,-1.16818301440289,-0.0932826840549466
-2.14631253121619,-1.36366109398017,0.87310377052268
-1.19447177853683,2.5133286852112,-0.0267608854574863
-0.777118176505921,2.4453436917147,-0.821931212807221
-1.78856646224325,2.12571882568634,0.0788055698080631
-0.327602408646038,2.62835798223222,-0.599617387329668
-2.59869561780169,0.257483722544588,0.745394694605077
-2.58995925464664,-0.469935605923002,0.815820747966651
-0.486828244596304,2.45523788419628,-0.963348247683438
-0.38420902081691,2.62720318186564,-0.570365585936348
-1.49413681301806,-1.31278959488281,1.86509903367454
-0.771728390948034,-1.77504594121095,1.9049349672096
-1.51004075930368,2.25560536104452,0.0845659066725874
-2.40500866114441,-0.707324323593329,1.04439249000372
-2.55247106918528,-0.182676775225676,0.92565375313527
-2.43963844412735,-1.35034644269814,0.0342977736188379
-2.18328507657154,-1.4571818082075,0.69643196677901
-2.44331931818886,-0.57332710027461,1.03760145410382
-1.671922448058,-1.27608551450449,1.68599957464955
-1.01600524796403,2.37223283817078,-0.845798279565708
-2.05763177701345,-0.993255336224026,1.46789827283416
0.151334336548992,2.57904973830761,-0.837096409034982
-2.65020952378929,0.51335717928565,0.296620833042754
-2.56101070149088,-0.794909164125609,0.00578428520258517
-1.65146199670717,-1.77528473023754,1.22317923139658
-2.54986916579949,0.388139363775238,0.869405194374128
-0.79427483651875,2.55260800239992,-0.477964331576671
-2.10301700264562,-1.00273373381637,1.39534030893996
-2.4781063166188,1.00988905324056,0.462864143979017
-2.62779885674833,0.0494445642777302,0.378605999737993
-1.35185239860699,-1.48363786307804,1.7711430290705
-2.58586431213912,0.0694792879694516,0.826806156152134
-2.41727694350795,1.09994194186032,0.365793857533491
-2.44583136114678,0.759929198955617,0.952046445221726
-1.43786598669437,-1.3982998898772,1.83096391400251
-1.87020038457354,-1.51571192105504,1.25701946127145
-1.56103565885233,2.21629786763131,-0.162238915883073
-2.40763114608835,-0.410553274404247,1.18738717584612
-2.495397590527,-0.513101636365826,0.940663387218447
-2.67796891115619,-0.0924244983696807,0.464195768911618
-1.78079163397022,2.05011388190623,0.0307288089519316
-2.39920874425514,1.1070945944781,0.593003466658661
-1.17892077230374,2.46473534182294,-0.111790651323944
-1.40531875530688,2.28815800059878,0.0404723806794333
-1.15574816616087,-1.72783155353703,1.74756239691753
-2.42601719662954,0.391701458107083,1.19956588565731
0.246106276152455,2.56519329810194,-0.856939365599337
-1.98992101289914,-1.09094460499109,1.3238251125404
-0.449166964717419,2.50265898975346,-0.953979586215173
-2.24663416518242,-0.873125978432874,1.25116585060625
-2.58015845332461,-0.844665496383951,-0.0667277083270809
-2.37889988927163,0.464801744202641,1.22471412481123
-2.44379056268519,0.569689120126768,0.956170042798993
-1.38665122707343,2.31304130658283,-0.319637795950183
-2.3699882272378,-0.495845642451525,1.22980605532685
-1.64780917525718,2.10694428625559,-0.320328271003831
-1.86168806524748,-1.04584290477996,1.67793331164831
-0.408437530740503,2.58374257233654,-0.627753343211482
-2.35715965908325,1.10586342043319,0.539178318926607
-2.63334397785067,-0.263517552110768,0.609252021867575
-0.312957617620481,2.2269355019477,-1.52248015811071
-2.26690799758826,-1.29306003284734,0.738921788647642
-2.32465886319828,0.416418320770065,1.34077849922471
-2.51135266937279,0.893881429213601,0.518858162356303
-2.16625020675342,-0.204886490191691,1.62496510731161
-2.41467599408795,-0.324175214565742,1.04400214159345
-2.28821600232999,-1.41941799253463,0.352774887502621
-2.47162223403528,-0.498656573343081,1.09053954218813
-1.74815271304511,-1.04736978848035,1.79502330072738
-1.58133331136049,-1.40903348331733,1.69974693215632
-2.31978123007692,-1.38476903414133,0.275970648382473
-2.32585473501453,0.806276980933549,1.14692947199456
-2.11922776320808,-1.5959261554097,0.58053718763732
-2.35230019236508,-1.31262075159695,0.344732649423906
-1.99723027462879,-0.868899144700359,1.62210219731919
-1.19606786684254,2.33183333557742,-0.712113042359967
-0.825568010115595,-1.65499740263559,1.98860531278727
-0.494766882303566,2.51226729898416,-0.90490263715662
-0.150575891718609,2.28440441711781,-1.35869266657529
-1.851802801074,-0.94282041467345,1.74844104381933
-1.69528059689838,2.10982211734917,0.22316891142517
-1.82270607694942,-1.26456990636717,1.48480691283813
-2.52357712751973,0.765476340249142,0.412288960427066
-2.66245669412738,-0.40861395424361,0.345671839171538
-2.30864737444321,-1.38659665157759,0.350181464976159
-1.85682759446472,1.89158320905408,-0.15354830470122
-2.55873381863939,0.296987255473496,0.860121995730817
-2.27412079720693,-1.4600351460735,0.267958959625552
-2.43972937081331,0.124332925089131,1.18633551452876
-2.30333013294334,-0.438345991711745,1.37027483459633
-2.16458888741265,1.51169647147547,0.635970721590873
-1.46415994696491,-1.28636778058666,1.89119634487666
-0.686702756497375,2.49068397832144,-0.836697482041351
-0.663324506421163,2.46297105519165,-0.932150316511136
-0.0697943653727099,2.57019543792424,-0.874273521009412
-1.49777030136719,2.26166048722758,0.129251680679592
-2.47016247821437,0.459271054948399,0.89465043285474
-2.40756067933137,-0.959974340782069,0.810697768888055
-2.21644648440882,-0.870643696310031,1.30555527187858
-2.45595332002566,-0.823649009363972,0.815491036941081
-2.03277103439935,-1.45804407860552,1.0569197787216
-2.65547384089646,-0.7140456681935,0.280566114450067
-2.66473133709508,0.137351164959556,0.505441975591901
-1.89372849420233,-1.05839396463032,1.63362316278352
-1.56512676189411,-1.19234424857728,1.87185027290916
-2.4383787221523,-0.959856307400369,0.619660527803176
-2.56541945675141,-0.888547389309709,0.0650890157764437
-2.41608809453868,-0.956866544196012,0.788704487199989
-2.69908390271786,0.337073152763114,0.393997433533367
-2.31622474505255,0.266193476049115,1.39261408718197
-2.21885592803122,-1.19496745727243,1.07469397875196
-2.46032406966093,1.23099505966977,0.217438585165287
-2.4045020179931,0.69895261028173,1.05117330928349
-1.83238130893881,2.00114615929455,-0.113678581513506
-2.60018037870633,0.6759978346003,0.396508458811218
-2.36985278185582,0.290964420710205,1.293934901884
-0.691468159421286,-1.71382325781633,1.98992755083619
-0.73659518649851,2.51801550745701,-0.701537930218866
-2.42088725590561,1.09560749783917,0.690152645245633
-1.50329487887761,-1.47871518483775,1.71132578469828
-2.18637496633965,1.43718882760155,0.727586979324898
-0.72350093186978,2.57966001850987,-0.443881315880472
-2.03886543031424,-1.24323409922884,1.29326206303546
-2.32219797972618,-1.30547169049175,0.584956542872358
-2.22659013275887,-1.2642101324174,0.905096212508134
-1.60234902994065,-1.37012515670234,1.71183079576289
-2.36832467853619,-0.486786483782206,1.38379126031423
-2.32838719365562,1.15503733694921,0.787166982778324
-2.25424593714543,1.25739244004047,0.844079106893975
-1.98211414571815,-1.16113549933923,1.44848814203665
-1.89011715074339,-0.741150777736713,1.80368586877774
-2.49337105346863,-0.0699804459238479,0.906799370805261
-0.108242473278085,2.44079085320762,-1.18572914697211
-0.133770276091799,2.38993605273983,-1.28274752354125
-1.51410086415224,-1.0920353468357,1.92071515307234
-2.45087921653342,0.881188984484658,0.93158802958293
-0.454058491083327,2.25361236425718,-1.32476140188225
-1.0424737935466,-1.61251723867458,1.96799101342657
-0.585675154488036,2.50129699671537,-0.88069743938577
-2.29034118957023,-0.514535037126544,1.45320067619636
-2.26953295510692,-0.00877281605033464,1.49139975710228
-1.46301889267427,2.26433258518836,-0.327877561652077
0.623189007592682,2.5633845134918,-0.644845197631658
-1.06726116390915,2.4950282825247,-0.49401989583665
-2.48144211523872,-0.213762227316789,1.08253442023554
-1.78594686824978,2.04367952841802,-0.0943281560111898
-2.21044688746508,-0.865622117652325,1.31899694435947
-1.67355987516355,2.03407303340003,-0.175802898839689
-2.45947167720156,-0.833480094443834,0.575058417781197
-0.343985351710688,2.27546446680503,-1.36790280019972
-2.1122575259487,-0.310648548246295,1.67839079348288
-2.47334891267453,-1.09465599051835,-0.243728231226047
-1.53671353591796,-1.22459494255717,1.87456895506473
-1.6087049895522,2.18791687064543,-0.0147667138366095
-2.37833750872821,-1.42473673116721,0.313204322150181
-2.48566748948285,-0.890785191414207,0.730717696081304
0.494684263688221,2.60471062142996,-0.58813271459064
-2.26482592535817,-1.397515791678,0.653246902848804
-1.90815756406242,-1.63165147908106,0.943444458319501
-0.0249078729908305,2.56619896942235,-0.744341274837752
-2.54696513470765,-0.414107488912163,0.963094224453957
-2.44579589808029,-0.036846422421874,1.17976895966579
-2.45082785017648,-0.726561276428923,0.916886902783456
-2.47221059064313,-0.784496413779189,0.804903847911086
-0.901152768642074,2.50220238738633,-0.760011859336718
-1.54937209426534,2.20612048493673,-0.328037424018856
-0.340312555592472,2.35141073711532,-1.41132934711367
-1.42919241844743,-1.71481453095864,1.54659309049538
-1.81396934366346,2.01203514240439,-0.0465646486917412
-1.94562404733022,-1.32148747314941,1.29719537090107
-2.42647710606385,-0.507386500303526,1.10900758570908
-1.37136718731166,-1.70358270264949,1.61005839797845
-2.54093006644698,-0.474158432953519,0.716239585329765
-2.40065806564385,-1.21810937553066,0.0448761622650215
-2.71861617521026,0.0319243838400585,0.553776894809591
-0.477742832362318,2.33013904924119,-1.31047465806491
-2.08189225611714,-0.488826268735682,1.6359188270043
-0.505218371075157,2.5779806808647,-0.565944989730792
-0.840501309714923,2.32093530189253,-1.04141176135814
-2.35416167750865,-1.0351773490935,0.820158346498055
-0.701253170336946,2.35343013957144,-1.15962951038325
0.478228635470623,2.56815221759594,-0.742308286074945
-2.58892059925514,0.558149114909935,0.600907420806395
-1.9943485499908,-1.64865720086728,0.824398767151321
-2.64115953959703,-0.415262612954183,0.715747530439827
-2.3269116482007,0.268993518327971,1.3511695027404
-2.34119125036072,1.2635629615856,0.507946639796091
-2.40778934804734,-1.04762437856471,0.634369717774043
-2.19604508511505,-0.11971160581353,1.59316827349722
-1.28968422849761,-1.54729002652047,1.8214659471693
-2.4668166972836,-0.477357430810668,0.998324642707067
-2.33849775782271,-0.166727644165728,1.37067872290762
-2.08264302163492,-1.06636584112536,1.52813048263103
-2.66725951004989,-0.508559081011459,0.0471635375239493
-2.30978506627715,-0.0429683933019862,1.42764725926353
-1.23253802615065,-1.63868569642259,1.8102611515361
-2.64788680996331,0.425723704480792,0.59440359943868
-2.12290123924542,-1.53072458393132,0.863514707587611
-0.461986649231621,2.47176065391279,-1.02571810835283
-1.19796555276958,-1.35736002579168,2.01623094180127
-0.856753141695615,2.53901149500186,-0.441049560192108
-1.21779473521959,-1.79106785222183,1.63834732694611
-1.9262257357865,-0.93242901367975,1.67193318686618
-2.42477152262537,0.15985175865734,1.25291706397465
-2.599054250554,-0.457144770843345,0.641144050327455
-2.43771840098417,-1.08386265824111,0.507839312850269
-2.52371347284507,0.863475104222453,0.510304892658133
-1.44098971626449,2.33855779003943,-0.0445329825196993
-1.45264486010845,2.2908859514518,-0.129593595304115
-1.73639534177203,2.08097429280781,-0.172067550246919
-2.42793684286545,-1.04844178690212,0.548620632636501
-2.3373314539078,1.19675205880025,0.692673239293375
-2.52665348043572,0.963821489989737,0.249399994664384
-2.47177446230774,-0.0630337893891487,1.12315973084022
-2.59031298335584,-0.274232113155807,0.76824828569597
-2.22085695135649,-0.275223715992748,1.53856307633754
-1.37125154625456,2.34406893490774,0.0118345848061319
0.16383294817994,2.64131624528393,-0.60970262390154
-2.08482945473663,-0.828167012560071,1.53060627728768
-2.42174813951544,1.24127814353227,0.165679656528799
-1.21755528193902,-1.50290026739577,1.94184995179429
-1.11206262761287,-1.70173375431537,1.8007079090716
-2.44678077646167,-0.874331806446366,0.671356541821904
-2.68174705843863,-0.0527919804225902,0.648775074061858
-1.33378777337987,2.3651397273941,0.0474792332190287
-1.63604747641289,-1.65276834249319,1.39423770340014
-0.409200469320178,2.61783825814404,-0.595489598740451
-2.41081828530114,-0.700449584633202,1.12585803522323
-2.57305770407129,-0.551490857171829,0.671090096840815
-2.58644300009984,0.60897679544144,0.236973674736649
-2.44460921062723,0.192447406807071,1.18739966598993
-1.3029669804379,-1.67043015996833,1.69913806403696
-2.73834448722694,0.184575707802102,0.215895879227133
-2.63495816945435,0.109672562933309,0.648149216051357
-0.629409279553393,2.55642441055774,-0.893915362991586
-0.875028844884274,2.43731773117492,-0.703420046256468
-2.31186435670121,-1.18720581362148,0.798293878507873
-1.8036868396734,-1.71311462207194,1.08953297707543
-2.50337961427124,-0.957474570621573,0.437564835843503
-2.69019935445329,-0.222626967569858,0.297312459732716
-1.57269681788767,-1.59438959143219,1.41537906595783
-0.972572436558183,2.41738509394629,-0.765168083048486
-2.50913650674923,0.623968108075006,0.506726605830705
-2.52161606857331,-0.220307388097171,0.983893840597269
-2.4970530856031,0.450300680127253,1.12486307097028
-2.59950004434401,0.377490836506615,0.689369436450122
-2.59646317493416,0.145970545929815,0.782433136462364
-2.13814257194007,-0.436188656654062,1.61654441014355
-1.74070978439094,-1.14950373635039,1.73887913287401
-1.17403470745519,-1.71880185672426,1.77612195635602
-2.52072510671517,-0.13934855976137,1.0625050272455
-2.50146105877687,1.07969548067921,0.491349417557785
-0.925654434459307,-1.71267946586317,1.89341568264314
-1.05385148891923,-1.48008039863386,2.02023665097598
-2.25483861249485,-1.18318865186106,0.94387365564046
0.432153967217295,2.56070935885533,-0.794443553810848
-1.67608615258056,2.13306475507789,0.126095169910474
0.309917852203549,2.50321843249949,-0.901393260739073
-2.30097744598482,-1.19163706825852,0.605624770463761
-0.727512248237614,2.40824823183111,-1.01574404252351
-0.693676148169194,-1.69278728013673,2.00709109354085
-1.8756474398183,-1.27193132845539,1.49641819332008
-2.37790887298194,0.708987829281794,1.01471536667291
-2.50609479805145,-0.783508984825223,0.693348805422036
-1.59638219452925,-1.21089119381951,1.81646413595337
-2.69192220615598,-0.15433134942074,0.323831287390288
-1.51848213632278,-1.73316465657629,1.43717859257851
-0.964718823473487,2.41035820658561,-0.796630993424097
-2.37763684600952,1.13450770324371,0.659443198373519
-2.32332145612538,1.15887303645395,0.644947013655673
-2.51656431320961,0.78733823275205,0.480758927266088
-2.50974696040854,-0.109608449676837,1.03164248389743
-2.51308807662015,-1.16311336661897,0.194008329357704
-0.5176678185957,2.60680270249633,-0.679847935436218
-2.29191380627367,-0.0117715793878582,1.45675068787813
-2.39556709061709,1.33912072051817,0.478275892957467
-0.200072782782861,2.35219273173705,-1.34249404708381
-0.413433856623192,2.57543700467677,-0.541631843803957
-2.41517285714374,0.774261430079416,1.06230491018088
-0.792796717419312,2.4292493719295,-0.919429652519333
-0.170005572573006,2.51681685846849,-1.00591303715851
-2.51538911801223,0.640398642177646,0.930895240977916
-1.36104895698534,-1.64552123760258,1.69515376357834
-1.94669946689261,-1.43371391176698,1.2369137548384
-1.76770809269018,-1.66530900935871,1.27753390300763
-1.22316655177113,-1.57745505268845,1.8413661166315
-2.62681569845242,-0.428777434238923,0.539554659282973
-0.380634470951781,2.46784009822686,-1.06771376370705
-1.73034543015829,-1.63794012399495,1.3031449937134
-1.39216663901223,-1.33578729158289,1.91119710992079
-0.299437728488855,2.42986615392857,-1.17525212310055
-2.592267690512,-0.87684273445053,0.241506207549121
-1.89392416144462,-0.809448885891902,1.71750940649728
-2.1819863542631,-0.941143516791046,1.25290048683688
-1.70609788671799,-1.14262968365119,1.8288387035938
-1.80601428036721,-1.20643669175821,1.68783842910516
-2.03763945317066,-1.59481835708221,0.897359183345041
-2.61336647613458,0.620783969089648,0.400091186156083
-2.27515259587827,-0.151959371877616,1.47503187995023
-2.65604909567581,0.079731733568869,0.544830954210349
-2.6952937065615,0.237691577172088,0.232431885966515
-0.940281800045837,2.47837604606365,-0.379362637584725
-2.44893467215097,1.11919926077915,0.353895490661845
-0.629923264892688,2.54664400362711,-0.702090472260942
-2.06355004916608,-1.12827248422761,1.35790000663675
-2.42557698507128,1.17658569032236,0.32764681430425
-0.0637354859906691,2.57802287146263,-0.851390564983926
-2.29579377698286,1.44423607162241,0.136539866317421
-2.64116493525737,0.576634550579105,0.549749561501097
-2.46769188404874,-1.10699819845304,0.245319763011989
-2.41253467610268,1.17572408381995,0.415306329629593
-0.801998643302149,2.5188819499379,-0.622223376707377
-2.42739075577524,0.0851053096704467,1.21476797667099
-2.36517416815977,1.2992116542371,0.305172514926848
-2.48991922258538,1.219359599057,0.285044966862135
-2.34294446142533,1.28842805086349,0.475073089668341
-1.41068035436832,2.32019850444431,-0.0423068537736301
-2.03486947440851,-1.51568625688952,0.968055486477508
-0.250143766287631,2.56726942665776,-0.849520935138349
-2.63077647590498,-0.440207301790892,0.637362800278682
-2.21291689220899,-0.684944504282141,1.53366765782207
-2.52202445903584,-0.221034226201517,0.982683331992076
0.625415483738717,2.59507223563976,-0.727408163652868
-1.76797515406262,2.04780884198512,-0.236374350146894
-1.23020930498678,-1.76222861709728,1.66020040932108
-1.36955836143357,-1.7284191501835,1.58493128179392
-1.29399089150649,-1.60893367161938,1.74244985674821
-2.27688821514002,-1.47157651904635,0.463924545797634
-2.54124584592129,0.16223142447345,0.92242903313126
-1.38364197941403,2.36064767210286,-0.57471358723329
-2.65508490265858,0.35118923557044,0.449800303019551
-1.45524685189819,-1.6655724846616,1.58814511336741
-2.65990818889487,-0.476328877568204,0.270424220711087
-2.52019505603806,0.977411635963102,0.261559563976962
-2.62413412224353,-0.0524177486704536,0.69735394184307
-0.584640526344668,2.56845145351615,-0.73209297696998
-1.85776301648414,1.97513396051135,-0.150640116572745
-1.76420766109838,-1.01122076999346,1.80516721210457
-2.3356422427388,-1.26930769092222,0.652494228878244
-2.51019916788265,0.109977805212345,1.01128676694312
-2.60672253247999,0.389659105858965,0.654441328145505
-2.42380279036307,-1.1851634734119,0.102656207130039
-2.6230869081378,-0.458183599733976,0.533491230849626
-2.70396252561938,0.0134426399949591,0.25206345942749
-2.22813617239168,-0.337567225422354,1.44153578616004
-2.18623299041785,-0.927809103677584,1.31707464133365
-1.39744350055147,-1.41155691037529,1.85196889381025
-0.350354114602076,2.52843323414804,-0.967180289556373
-0.298502122595538,2.62737498201022,-0.57644955619607
-2.28867435395208,-0.505391926618329,1.37174295484745
-2.42153313089537,-1.22885543260694,-0.0349521648976939
-1.97195652829143,-1.1488203744234,1.47198139592219
-2.63631275576579,0.225647582148146,0.274558422628084
-1.76848504079914,-1.08031385485034,1.7551389311364
-2.56999435759352,-0.58423974397434,0.654922098879581
-2.20515649134787,-0.311237267681384,1.55420276797307
-2.61094661631773,0.425686628244293,0.613904466000651
-2.7164883611728,-0.140776266559178,0.436577678903815
-2.3057137610423,-1.01871507040704,1.01046211683976
-1.80811005394219,-1.02437803456685,1.69021903423414
-0.183985585347222,2.59655426888533,-0.774070581549495
-1.71522801688117,-0.970014679171413,1.86874139580639
-2.49786094197766,-0.516491382752542,0.847787073661353
-2.64157957360957,0.551498061016582,0.305020125706772
-2.32002141318673,0.4892318648757,1.32411587742458
0.215172600894361,2.62711516150048,-0.653526366829375
-1.46979238383199,2.28112885276257,0.106261647014108
-2.66859844664561,-0.483199498721546,0.142234338675461
-1.22946456159453,2.41528420355109,-0.173058198194391
-0.868615817739571,-1.66464035670481,1.9288349125792
-1.83753168754405,-1.0762890037388,1.68529205475045
-1.88432220970353,-0.760029176042731,1.80189219813072
-2.29004259340878,1.24185478847765,0.770986894757025
-1.12770186292775,-1.74673236776678,1.74709604081965
-2.25899499272788,1.05046160446893,1.07959391545022
-2.48934109006634,-0.311163972402589,0.948878335401609
-2.48125802260076,-0.814814721326409,0.709788585269968
-1.4072716964468,2.31600027194991,-0.175667711348002
-2.58632492149053,-0.419900781755276,0.713958518445477
-2.52691666435969,0.0157472406832014,0.920633083186768
0.279664736748339,2.45245529893917,-1.05071011852311
-2.34469334747342,1.27316129028503,0.610157167803217
0.297604556130833,2.63602467194014,-0.581322190523998
-0.628060021519662,2.54005399583981,-0.727183841741207
-1.83647138722801,1.94852834090117,-0.209084118431585
-2.40581963271273,-1.25845182356345,-0.0588297095551954
-0.86108530493455,2.47474367201297,-0.749877388555752
-2.46720179471982,1.01478671593935,0.508186242815431
-1.25494546265629,2.29627596873042,-0.31405328108438
-1.76037669891738,-0.875719341454452,1.79399254318876
-2.57399824879463,0.332912123425147,0.799270020319332
-2.67848010740268,-0.442603729488572,0.0705427883875499
-0.722944852057938,2.51464209559062,-0.727362292168814
-2.60498854175547,-0.335857724912575,0.690191508236536
-0.91120048956876,2.52729630252304,-0.301261564185881
-2.35408529167654,0.191635187021269,1.4622992714876
-2.6771210816898,-0.201138748136323,0.409506959736607
-2.61837241267346,-0.193046444166371,0.694254284140796
-2.5776451793009,-0.554922189385966,0.435329954293268
-0.603259952222445,2.5082958969086,-0.848327269217848
-2.01680708258313,-1.37487909628684,1.22209778970612
-2.34234667140988,-1.29017702557863,0.473270900971818
-2.36285913353313,-1.31440573018326,0.253701248800638
-1.48041511982165,2.27668575664604,-0.0142502838940081
-0.910986965304069,2.47427727138775,-0.650526529391864
-1.1997095741208,-1.57944223614869,1.95742691459
-0.597616986571573,2.56195104880849,-0.674085152612592
-2.63036526251016,0.141168767507293,0.406640733582468
-2.47641350366727,1.05071458542655,0.186655686363439
0.232307856783599,2.59912507301432,-0.752138249663906
-2.46587894989188,-0.856669476028189,0.968381324659772
-1.89429471281436,-1.59967877321833,1.10806380485097
-2.45675533358122,-0.533943179150613,1.02683394200878
-2.67494603736346,0.394320846412452,0.253583909940379
-2.29669098054098,-1.4691273569536,0.409067072611322
-2.36662292448607,1.27602996448957,0.487368979885913
-2.60354088635686,0.00179801817752923,0.772464660875377
-2.07318166434176,-0.936134348992569,1.51821362817614
-2.63001176488592,-0.668475451605422,0.106342462192246
-2.36991590348043,-1.32610019266179,-0.00932317303588365
0.486413825255231,2.60141029086317,-0.609258665342002
-1.57131682125657,2.13035867964869,0.174443212250492
-2.5029772826969,-1.04385375314794,0.14354127087623
-0.231345900038437,2.48587907304219,-1.16415345617063
-1.96359104996597,-0.616430300650882,1.77185041835803
-2.37230919433352,1.0313985134126,0.82673830509628
-1.9434438019981,-0.970715282492889,1.6296834235251
-2.46258404990687,-0.255905946101496,1.11593995178806
-2.45144110289477,-1.16775842424492,0.0436670785105726
