-0.164545893645559,-0.328223851610281,0.499877870892391
-0.0979377525995028,-0.179563551671819,0.336978999792053
-0.154021728124218,-0.296140986845384,0.25739766188516
-0.0800841680304532,-0.0892345294338896,0.310637658348148
-0.226544947284339,-0.461897315330957,0.509032624106741
-0.0324919492471679,-0.0666904236469572,0.0840799736193894
-0.188811565960753,0.0527089277870662,0.52823295300349
-0.0518046987511724,-0.106289429602369,0.135379308265944
-0.062090490443754,-0.103730958715316,0.226537251684577
-0.172061961465526,-0.352355763655654,0.405090831853815
-0.0441229936013411,-0.00202767352720255,0.144553960082415
-0.130770042731287,-0.0988889091966921,0.498331045200993
-0.0402392845371867,-0.0415232362068265,0.155944703961849
-0.0373055011174787,-0.00947508364237451,0.130276388508304
-0.168297579582851,0.0551849420486159,0.455135811606274
-0.182108043398705,-0.373548053450342,0.44064524399091
-0.0296094474031828,-0.0425480291554712,0.112797573205769
-0.0978476251797286,-0.192231978622304,0.307762418529605
-0.101842008407078,0.0124160032104807,0.311163994926709
-0.0881061149572343,-0.0712249713607431,0.337359913868122
-0.151641188267556,-0.0757057931177671,0.558143842366546
-0.0829426403261259,-0.104509378876576,0.320588194798844
-0.176120327791532,0.0650270530567877,0.461218691670458
-0.153685470152854,-0.0509801052096498,0.546982412968605
-0.058478920325608,-0.112399406077071,0.0975979386473491
-0.111659241815355,-0.0365772514068396,0.397028203924065
-0.122503074033981,-0.240910511739838,0.224430623980719
-0.042733825614542,-0.0548948499544182,0.164960325873044
-0.158960014714177,-0.311914053005382,0.288433012384117
-0.124159791863769,-0.240105701509013,0.212194271439362
-0.161217130925469,-0.325379176525372,0.336744138917012
-0.0506548601816395,-0.0602863616520235,0.196290390627134
-0.123566524921064,-0.218520957859153,0.437080280795912
-0.0957176735824833,-0.166587524956965,0.341971946565419
-0.12225731920726,-0.225289852767639,0.418731426407069
-0.240950624889853,-0.483083049494981,0.484461959608123
-0.0265701694335845,-0.054088585277715,0.0747825090348758
-0.0722573276613988,-0.0784127052656849,0.28025380575433
-0.151960724260582,-0.307387518845296,0.321934619204664
-0.0629016050267491,-0.112314548373213,0.221028303927534
-0.153099701729822,0.0556871768349828,0.402731588198094
-0.212160562310936,0.0872878475547854,0.535495773697478
-0.140134857917696,-0.0927851400067299,0.52842908469046
-0.0506916473746651,-0.084316478577829,0.185305638493632
-0.152285336495853,-0.271430262684555,0.535787259510635
-0.0270778489497273,-0.0492595700565233,0.0937935143968931
-0.224131040738832,-0.444018342427581,0.424474997701809
-0.176090729741506,-0.348243588276275,0.330828139675213
-0.0975559714050549,-0.159484797245185,0.359154952200244
-0.140907471701393,-0.266926947336072,0.468691263211354
-0.0470719807685185,-0.0575390998570288,0.182228966321808
-0.120960824518408,-0.102214930951236,0.464512516121187
-0.163321318142431,-0.331053201969906,0.350817590520782
-0.0919974624729397,-0.179326214743976,0.29359690051421
-0.162294153497991,-0.323594839837912,0.493593497346106
-0.198865856121943,-0.404321602054846,0.43662134709237
-0.183998164797674,-0.373165409248177,0.39670493906044
-0.0716839346348214,-0.0375706352570242,0.264958881001206
-0.0467171468837886,-0.00953626745903708,0.160961805269462
-0.027094999534993,-0.0471007800313069,0.0968696206457724
-0.113639608085355,-0.207874575341978,0.391792796059344
-0.209281449322973,0.0852548145706246,0.530210007647858
-0.047840631516271,-0.0190689984190429,0.172765042354395
-0.0666557568278902,-0.136646517718933,0.176756197753295
-0.122217913011951,0.0474982416575329,0.314855869415996
-0.0866917337031402,-0.065289986141371,0.330259101548375
-0.176927457130661,-0.35466061240415,0.355399009476531
-0.133834248589053,-0.272813276175094,0.37361220596013
-0.119433546678652,-0.220009101969753,0.409192851937297
-0.0877474409336416,-0.170298029394037,0.15211335616147
-0.0824981129895616,0.0126340592730734,0.24820898386188
-0.0552820853443551,-0.0198695042321642,0.19798211847755
-0.0854230005540036,-0.151963514508389,0.30094868368392
-0.0264646831830543,-0.0543377978794163,0.067433880323414
-0.047541846073596,-0.0822915544840219,0.170390317040439
-0.108342284771265,0.0235127726306853,0.314907216990968
-0.0455464285831965,-0.0905344217084959,0.0876480594051263
-0.104687030399516,-0.214824936799935,0.255737463817494
-0.106103544399279,0.0434823247973785,0.268207316226548
-0.210211773448618,-0.426989516589736,0.458291534201472
-0.182459812466122,0.0370496764878823,0.534554694688346
-0.125349414609337,-0.00104571685660223,0.404967983854583
-0.166266179226992,-0.333269396528892,0.498191673620292
-0.0582483996627988,-0.0774070462615418,0.224200292836243
-0.0623278186309678,0.00445707519104642,0.194882991070413
-0.0327939707126965,0.0110125582585689,0.0881653359698469
-0.0314095800575147,-0.0496690618437804,0.116985049792265
-0.0645334694537289,-0.126696874785283,0.117368512607277
-0.0396220548086431,-0.0784893524357246,0.122448695612639
-0.150749778549392,0.0325437805760943,0.438456668725796
-0.174639159138878,-0.000735158415783282,0.563313802822051
-0.0215239805802502,-0.0354894793484323,0.0789720778617105
-0.0788418889023511,0.0288937802865753,0.206932786396325
-0.0487913054107076,-0.0693423460917277,0.186209525020816
-0.0564898638159022,0.00542078724868688,0.174706623104154
-0.0663660019966687,-0.133320129278411,0.19749069188394
-0.0421764506851935,-0.0758113438769479,0.147482731120236
-0.100597221506196,-0.205917222191053,0.271705688489942
-0.0689297362108187,-0.0776421996037015,0.267360492092739
-0.0997615630533229,-0.204437573217658,0.265938994531983
-0.204624428131615,0.0843614038381776,0.516065824859715
-0.125238188514582,-0.254315460302732,0.357168822094994
-0.143315925977768,-0.167722349151135,0.555597402191127
-0.140261326351556,-0.232838288563588,0.513168417909316
-0.0753670353444319,-0.153959926665945,0.207264328773561
-0.084498007659775,-0.0279123942170052,0.300641399364081
-0.14020060372058,-0.0265872666910506,0.481072048615251
-0.0522966093837553,-0.106424149361207,0.115650767881507
-0.119976243478402,0.00878644596072821,0.374850947314208
-0.138469661309373,-0.213935065294055,0.519243246865446
-0.0593472521381562,-0.00509244261877096,0.197153399257056
-0.0534171528497078,0.0200210930363786,0.139241548659628
-0.151223750293519,-0.00318807899982602,0.490924762179516
-0.124700917414147,-0.255553635661816,0.29671048282411
-0.250560317617333,-0.504175810941412,0.514081581644958
-0.153996612165867,0.0331530901084583,0.448052966960088
-0.145513648947133,0.036040511245407,0.41531828274586
-0.139896233725787,-0.175668156309409,0.540835210636453
-0.0745543565349842,-0.128383510816413,0.267972766991536
-0.0489071253098482,-0.0044481780371043,0.162752483348741
-0.154950500799576,0.0612244125153623,0.396918744377549
-0.162945018683017,-0.29750137062318,0.56270067239892
-0.0601511706505568,-0.0257733810549597,0.218528885952351
-0.164216365175541,-0.321552833523067,0.295309352933114
-0.0858775999146923,-0.173984308999129,0.183816912967451
-0.108872035519783,-0.22273445642853,0.29563260924265
-0.0801039530322544,-0.0403967512302235,0.295094795600777
-0.102768722129877,-0.0861352626163777,0.394446508819435
-0.089969042224109,-0.137419553705625,0.338384910125045
-0.0956948097016686,-0.0690402653452886,0.36335841714237
-0.129471807782694,-0.0693236742503723,0.479442294325376
-0.0901212694638021,0.00125664348982849,0.288636008021211
-0.0619056987615536,-0.0152941830703194,0.215793261912869
-0.275887211633227,-0.530667222481527,0.461766085982568
-0.140859202935874,-0.241243537346238,0.507776017086207
-0.043490811958188,0.0145797291587408,0.116973814141125
-0.064137506873277,-0.115048183935789,0.224621443369036
-0.0835562147324529,-0.167548538900693,0.25006524261915
-0.0945067697381395,-0.0894998895695225,0.36517516982295
-0.130043009820851,-0.262475509011101,0.380666749295701
-0.117234577584769,-0.00966219259339221,0.389009797193731
-0.136113494903709,-0.249833847145299,0.46786951657059
-0.197418668000889,0.0879158045256713,0.481977905129919
-0.137164061329939,-0.224181445766147,0.505020933586279
-0.0569350122670494,-0.0267545751555572,0.208470918392327
-0.0703099831229796,-0.0295220522575212,0.255003309850875
-0.0875360868642766,0.0351743666740848,0.222891984237768
-0.179762859184821,0.0490491097645625,0.504991986109882
-0.0927217538644534,-0.18868622272112,0.261491019435972
-0.0706730142261399,-0.144682111750529,0.165703191334952
-0.0750397497820882,-0.153060399051186,0.208621451630677
-0.0890144822596723,-0.160123591154184,0.311087653796325
-0.0796726071686737,-0.162505193562533,0.179636853768446
-0.0879577712445556,-0.0533397026641339,0.329231107027245
-0.0944666280924596,-0.193324158004369,0.22050757383866
-0.201077280752272,-0.407756595763224,0.43318033574887
-0.0384745208615597,-0.0785674862936186,0.106099212725621
-0.0765116129823403,-0.091735149915305,0.296417627367222
-0.0757956907519754,-0.0156382258179423,0.261311108836199
-0.0293739794395652,-0.0527493926042592,0.102787525878197
-0.024013093733033,-0.0443210779736236,0.0821220530282704
-0.0433255487205941,-0.0694254232076287,0.160668633694184
-0.0425503781554001,-0.0843514370861554,0.131277833054709
-0.112431844194958,-0.225845381971315,0.228439101100188
-0.0701654211147459,0.0124732591041594,0.208419568226178
-0.205779726127375,-0.421028551660325,0.479019417936902
-0.0446214187763721,-0.0908046719445509,0.125829725943612
-0.0418331581087163,-0.0747813574145234,0.146875674718768
-0.0357097357715144,0.00686888084972532,0.105240679025972
-0.161171880498407,0.0511315646165752,0.439259011634
-0.0691124054477415,-0.107450493839187,0.258713018492544
-0.124179329596849,0.0110162883530493,0.385317262448672
-0.125630396851637,-0.198915273974001,0.467724226630703
-0.250725871569027,-0.484733285024601,0.428043571720247
-0.117420197166577,-0.184895684909914,0.437905761253333
-0.138064217577445,-0.203170530677339,0.523648880106983
-0.188741334468528,-0.383200845631251,0.538742083883278
-0.0723160038504711,-0.0788991840084717,0.280491963963802
-0.155436543271,-0.313960266578076,0.453719422501072
-0.138413083627909,-0.104773921752018,0.527496320490708
-0.0238937516268017,-0.0212638787519367,0.0920389908697219
-0.0364695566204142,-0.0460434506554628,0.140944203340529
-0.143805619635557,-0.0658154186778157,0.525366052179107
-0.0657535834900899,-0.0636239827809891,0.254301673293699
-0.115911917921269,-0.227720526730263,0.211429788780431
-0.0770566183677616,-0.158177145049712,0.198694265419347
-0.0853729825760412,0.0150844553050561,0.2537378273795
-0.156491135215822,-0.315925874228513,0.327413961034372
-0.107049074821575,0.0349743994031944,0.289751622030233
-0.076874098545702,-0.154998270211781,0.225903215547902
-0.0922432477553793,-0.183411845597784,0.282545620826931
-0.105635028838653,0.00658584239290484,0.331611865982237
-0.0824309769480794,-0.132120602723359,0.305661987651783
-0.0924931712945677,-0.158614131090413,0.333195820501475
-0.0743327976865908,-0.0856684581141706,0.288249596000917
-0.148061116854833,-0.266789836782458,0.51677901483116
-0.0605885177668603,0.00172831932631173,0.192915302522939
-0.217140046474055,0.0912340907581143,0.543571333337684
-0.0965197775724469,-0.0537681774016444,0.35864781758601
-0.108537531363429,0.0340408365481707,0.29657542000066
-0.1118818129619,-0.20731376718548,0.381186952291105
-0.0648635639897614,-0.00995072885507594,0.220198481732973
-0.0736265398791771,-0.150003272802947,0.164368021692807
-0.15116816161879,0.0595559313468683,0.387623728389981
-0.101184311004825,-0.201243651144202,0.309726196755927
-0.0948975361420814,-0.146786966822331,0.35574074218692
-0.0377922615263441,0.0163000272189108,0.0935867085408617
-0.12965935605773,0.0433479262143859,0.348974235205569
-0.0616784381772089,-0.108774563781886,0.218564411857637
-0.117516459886813,-0.0824013110508395,0.445211741128483
-0.137033145371366,-0.197783113933811,0.52163057517576
-0.200520055202069,-0.394229906547078,0.366927986329318
-0.139527540679515,-0.139711736256073,0.540281067674761
-0.0569355911757838,-0.116907316654968,0.143268928877017
-0.112909696302686,-0.231693480401542,0.275667651394807
-0.114043081024334,-0.181372416709638,0.42398016540538
-0.0575011648516346,-0.00466120888886288,0.190713463396306
-0.261485844494938,-0.507120752466799,0.451991757984569
-0.124971106308013,-0.244560260681243,0.224166429441438
-0.0792042999314554,-0.152541943662391,0.25768854542804
-0.123222196329675,-0.252438883319297,0.291714617819551
-0.122141253158737,-0.130529529579659,0.473655001326321
-0.163697491585705,-0.311829878363034,0.540711407514068
-0.100528778926644,-0.205365160645092,0.230073931917414
-0.0724730811313423,0.0197020801453208,0.203724180103991
-0.0531919687246439,-0.095954682421044,0.18549463918421
-0.124310083943153,0.00443968007036091,0.394642561366597
-0.151170182066198,0.0308246648567753,0.442674333176167
-0.0563320450824,-0.115610715754017,0.146212897481284
-0.051460721705734,-0.1052749314226,0.139803611330992
-0.217646512038691,0.0954095867785052,0.535167829349655
-0.0449137776484501,0.00791899154469171,0.133515113835094
-0.238139035013363,-0.480914395864675,0.49924694294738
-0.149612959939446,-0.0414375981412527,0.525540999178977
-0.158389216749235,-0.279476412560113,0.561080303986492
-0.16803642073451,-0.313198972724043,0.569153279217067
-0.131794919135585,0.046524034545568,0.349669747381503
-0.134307920757155,-0.269154260035525,0.269393358701184
-0.0892358905923747,-0.182828391362269,0.238538025671342
-0.07664408085122,-0.156498280446151,0.211497860685926
-0.139934563059314,0.0517368098702261,0.366305246459109
-0.0731268787903444,-0.0890439767362395,0.283141096685355
-0.146913441285187,-0.00194834601575396,0.475526478828291
-0.182515820648303,0.0806494952247834,0.447183305243951
-0.0723944899581003,-0.134152981962475,0.246637174527354
-0.0531760301587623,-0.102677583044141,0.0903381513759797
-0.0249826200774149,-0.0101972267725403,0.0903954261758389
-0.0360696340139556,-0.0717994223296716,0.0698956861960046
-0.131860251212554,-0.00935922643525383,0.435828275603855
-0.22083507780585,-0.44866173559574,0.482199155373543
-0.11613407706433,-0.0642762784327485,0.431288156673586
-0.0565382820267065,-0.11608972917883,0.141856982095025
-0.0241604646580984,-0.0342979642593839,0.0922237429636444
-0.0437229552068399,-0.0800804887330342,0.150577414274787
-0.208665930974245,-0.428174468489578,0.509044822714479
-0.0972586597065367,-0.0363701769435517,0.349412951453263
-0.134674352782953,-0.268934801022344,0.265167091705139
-0.0551941589557255,-0.0808055615861595,0.209551187434532
-0.190896435221507,-0.390184322848258,0.439367808778515
-0.0746726723919327,-0.110488043434472,0.282903727565378
-0.158581340795747,0.0658876516430007,0.398745303986735
-0.0945494047254171,-0.148052241780997,0.353203950790088
-0.0311004815874078,-0.0227640715938621,0.118222745974579
-0.165350556705511,-0.320020168339736,0.533955370427845
-0.157812945275749,0.0392185018001241,0.450191622272515
-0.185988960927815,-0.366958408408091,0.345724326551563
-0.0348176915146135,-0.0686969436275537,0.108555717959847
-0.0997058324206716,-0.198644405418438,0.194038832877359
-0.0461964273984636,-0.0948548386472757,0.115905366438766
-0.157021772293584,-0.301900470087194,0.512131448999992
-0.0773743457580398,-0.00116301211581521,0.250611832681775
-0.0964264947841654,-0.0916362180416834,0.372649801144115
-0.0755083169501184,-0.14723114973051,0.240841493247491
-0.052466178569457,-0.107593058948881,0.126292174867813
-0.151493227275244,-0.310343073755105,0.405593191076366
-0.151153437607606,-0.0461582625101178,0.534658385242413
-0.0405807111419781,0.000141028337119826,0.130506918364947
-0.0810246648693824,-0.0097068482863566,0.272193507024399
-0.0580313079256589,0.0133286690338132,0.167433824474858
-0.253538249892829,-0.496319605371677,0.45541150696818
-0.105449551667173,-0.0750621991369302,0.399974803283362
-0.08618210827302,-0.000394254700685874,0.27802700647569
-0.0910189758970987,0.0151130306719151,0.272036175950232
-0.193634223090072,-0.389669901242929,0.3975222121357
-0.0808342464427724,-0.165954481168387,0.207223666200577
-0.134673101908934,-0.144454302291207,0.52227652605937
-0.0675961040040567,-0.0458271433342235,0.255391563596254
-0.199363173071969,0.0752963410444639,0.518424853820872
-0.097209670069405,-0.172972879779849,0.342416701858767
-0.222653674620766,0.0933575313188404,0.557835064981297
-0.17234914662363,-0.345038588687387,0.518306298342527
-0.14206474126562,-0.28905291184654,0.31373252282869
-0.0336521602367473,-0.000238804326933909,0.108668552708419
-0.125531221858879,-0.25044986659769,0.246031088564836
-0.187613537751139,0.0468131902141642,0.534872220645916
-0.14401649496319,-0.29551314121361,0.35123387545377
-0.198669192283674,-0.407079731039992,0.471644280374155
-0.18117130149319,0.0391756389794833,0.526830201648438
-0.034431868593294,-0.00378678480678786,0.115304024203187
-0.187269429289497,-0.384279406051735,0.457150569581348
-0.17189016845386,0.0424488732068674,0.490818769740688
-0.132702626727765,-0.271976227335496,0.3161997362921
-0.143762974130603,0.00502457051937562,0.456542571772488
-0.22308747388947,-0.454323966988172,0.496346282870916
-0.0813523436207882,-0.061357432849811,0.309951886991406
-0.146404300456477,-0.0701911495477536,0.536991376883474
-0.0722672105304617,-0.0891121094697629,0.279654821188384
-0.0565112095977663,-0.115985551402271,0.138769225814686
-0.117031283982375,-0.00562403511809066,0.383702867338208
-0.0683013353614657,-0.027380504134578,0.246769760205436
-0.0666511674086868,-0.136418378929096,0.180196259850765
-0.0644855398032298,-0.121140026723062,0.216590493234662
-0.121648470078324,-0.19443048336801,0.451514144564322
-0.0499236762940385,-0.0919017156844041,0.17115200179854
