13.6705749580997,9.24827859860907,3.17826008201938
16.1696094756303,12.9771426270936,2.20133475193163
10.4214579846932,5.48669489714524,4.10976190053223
9.25862740842924,8.02984528185614,3.70652187025594
12.2772266725504,11.2963702080615,2.94695875884933
12.8618042832197,1.16366683288169,4.70350394512372
16.7191276417832,2.55121460594966,4.31124319907759
12.0115225029641,9.22865074427548,3.35479393564528
12.566076661489,1.09735781785349,4.87485703420947
17.0728565704858,5.65241138921027,3.55156583393635
14.6763528231072,5.01459521129796,3.89491473060956
15.5157206066768,8.87727899668979,3.1773129789104
11.7115714492751,9.59697036066837,3.23070488631735
14.4307376331203,1.98525240623567,4.52759715007103
15.9599937900465,12.8764421808497,2.34510365314149
15.7470163326186,1.66091909392093,4.45986382716245
15.868167089457,11.8299999609014,2.44329024838713
12.096650708094,10.9709314667967,2.94017016437754
9.84076576241107,10.8470869918637,3.15717554093712
10.9811394662922,2.04153954339375,4.64998086764368
13.8162216720998,7.11963114076484,3.64762801864045
17.2092385029257,11.0916381996658,2.45583820999494
11.4092027074718,9.31613717227573,3.40112436325661
16.955933407536,6.5771527651804,3.43240640536379
12.2097632757978,11.8959333345351,2.75505316183508
12.3154404335567,9.73408446524378,3.11816219095905
11.8456144035117,2.52326239088557,4.57468128147719
13.3421379970847,6.54353455889798,3.69804192569598
15.1165248318762,9.54113124517517,2.87916872032395
14.6001629431169,13.3452171983748,2.27430121769924
15.9630165569474,3.30376265515835,4.16580657827719
14.6681947567141,4.23351642956954,4.01011264945384
12.4614381081507,7.26444561108768,3.62326079078961
16.362363681255,3.21061010892605,4.07909331358108
15.0851692431468,3.58022119760247,4.14006694361958
11.2307814091003,6.1689620170469,3.92115714526546
17.2589551455331,7.26675822068444,3.27871233392903
17.0205657168149,9.8941475238044,2.77097740179916
16.2216585771445,4.99627917493563,3.76523434750616
13.6362879259792,10.4472091081678,2.92995538747996
13.3847804920371,1.43863429644964,4.75917050769346
14.6278755520391,12.047485711202,2.5598289159129
13.1973637475757,6.02860729059137,3.82417977684629
16.0092714166145,4.81049333992245,3.88996181368177
14.2016710240918,12.0993598574827,2.54971076320417
15.0953811224233,11.2158693482497,2.68880318153359
15.0859965512418,8.14343860014684,3.26045734532565
10.1474474946975,5.2598468757764,4.17282407880137
15.7085009527506,8.96484071712551,3.06498305915708
14.3796905993045,10.4663015722871,2.87298076608593
11.0401034897264,8.04493694584486,3.47477251384896
12.6433243413937,5.20328345394066,4.00824797174536
15.2591226843098,5.8929106602586,3.78262518555632
16.7471082083063,1.41709775083356,4.43478787951908
10.4570141106592,9.45852215669525,3.34718184450111
14.5915989301211,2.68468225804518,4.38975557447498
16.865112360443,5.33641808814038,3.61584390251318
10.0804980051315,5.87157246039197,4.06056922103655
17.8401395687249,2.83862237305073,4.07558977547694
16.0055626670264,7.87544705482871,3.16134704557497
11.3915642098184,5.70266406656626,3.99885339753152
12.9805172261509,7.29603865025243,3.60739835112459
14.3921919876973,2.80934701074799,4.36758623656141
13.3478525637125,8.10682968149813,3.39848740713949
14.2063683780382,10.278749245492,2.94190260149754
9.62738000262727,8.76290516968766,3.45093685285946
14.8515748221231,4.69996099037342,3.98725950816496
13.6611479357891,11.887862339562,2.7435494865316
12.9806252863915,5.66113548821485,3.82130443322876
11.9123287984669,8.75814243123996,3.41807075387364
17.3449167542021,1.34294760312497,4.32925425124234
14.0010585788277,4.81828362408605,3.94136969511988
15.6984102827223,1.82670314106041,4.34060595716864
12.8037711740722,5.86936526673521,3.7914041925575
14.8514304024684,3.65298948959135,4.14290746730466
14.6478670369247,2.51056549588918,4.39808210933507
13.3640859938868,3.71256358066362,4.163401515129
12.3867880567448,8.97817455030809,3.30068420007612
11.0905847137499,11.9889861769177,2.81752103700309
10.6666407125529,1.30614184401265,4.95594085734282
12.5467145889171,9.33015452141342,3.28142433898159
15.2444132855904,5.22657130364443,3.77496119442991
16.8783263947457,8.62243136223247,3.04659815714397
12.4541837989,9.68749213665243,3.22033446086251
14.1666459088028,13.1501217031388,2.42199003550582
13.0204094012117,4.23642448856544,4.16259566638606
12.5800582408585,12.6539864079896,2.5834360548602
11.0267501330026,9.02472058949029,3.47993458677829
13.7926792645916,2.77053972477043,4.44253525845922
8.62416410119704,10.2676897884876,3.2378440267299
15.9624867484111,8.08383287269368,3.1905869186377
12.313231842519,7.29510982938368,3.57659697549543
14.8758438729609,6.76378054926475,3.54589037389127
15.8668312657779,8.38090931810407,3.0803711032341
10.3713031961874,11.6689415256656,3.0023191728416
16.6554459058245,7.3536621349637,3.27234775825612
13.3968427852808,7.77328443924748,3.45879915594756
11.0599244256229,5.6755874453793,4.01654914117526
12.7768867834244,4.48810571657022,4.13190202066739
10.5769757728953,5.39152402258186,4.13374344609272
16.7315921094416,9.66776842349374,2.90426494787161
12.6185836173041,9.96142265648535,3.04268421539932
14.2547596048244,5.32547878278285,3.86566467209697
14.09194854093,3.90406163823629,4.04103592567335
12.4298621321331,9.80597967953304,3.17299524001769
14.1302142307615,11.6761359119029,2.70176786254856
11.2486255999511,9.94509631980023,3.19729435570097
12.3793115574938,12.7833106774873,2.57308790856616
10.7033708794632,8.73065709731041,3.41182618380319
12.0572193667951,11.2362346394026,2.82938363482304
12.4744037154689,7.55176596042554,3.56105859638603
11.3646626147004,9.49361717115529,3.21322218079662
17.8416089913304,5.60249260108345,3.61682924270666
10.0809216348646,3.52835482233032,4.50892569408308
12.0294346793287,10.5446676387972,2.96119196671877
11.8005802540654,6.37955384358648,3.83999000680252
12.9418457960399,2.41319900698153,4.4688250232233
14.092019077897,5.42709637895709,3.85789231816617
11.4864454388093,12.2120092838818,2.74645096581079
17.0470576840682,10.9770334038572,2.58393044115956
14.4851586660596,1.99223525464889,4.41208987722082
14.6267116030476,7.89414485146448,3.32751716297373
15.7997596723872,6.22910418350476,3.58193483747056
14.3885650669321,12.9194530663495,2.40292096522821
17.4361031926106,8.98207411850294,2.93777164097745
14.9610022934584,3.98694923659191,4.07114340055585
14.8008892765105,5.63125320784742,3.69320007638255
13.0140565237865,5.00583025369258,4.01582154484209
12.3427226024687,8.66846323151612,3.36310970018895
17.6555527840279,1.92050534430588,4.35206775899792
17.3136324136465,8.45860382915464,2.97071806146965
11.6872454108331,2.5193159282333,4.62295673587227
10.6234830815619,5.02263035833542,4.12542114904629
11.7211649361167,8.79856087126754,3.41627479428553
11.7922104602311,8.19367045822942,3.56416884284126
15.3268606986952,4.79307017412944,3.8986394059107
16.9723409670369,1.98374098338172,4.2221568214597
14.18143141481,2.67925395539269,4.40873462512129
10.7493308727939,10.5974493740798,3.14743609916013
11.3395695407584,10.7465611765388,2.97411211463228
17.9068972691005,3.78055731228474,3.85391343692271
8.38563565502974,11.2974981267321,3.20024782255484
14.319515740196,3.99825325812274,4.05816061285113
16.7081029520757,9.15632765695054,2.95664374876756
10.4097793689742,8.21786843693654,3.69974035128102
12.0538302061993,2.07419053669529,4.58791474066075
13.7823972592534,3.6006454307997,4.22960107208204
12.9800541910279,6.62545836095326,3.80524271637968
15.4080536990875,1.92762588383466,4.39016323184653
17.8405811211975,5.36747619229137,3.60043219871107
12.1498253313242,8.71361511939075,3.30094632684272
18.1341383318235,2.19241354298859,4.18694128104569
10.1916476203311,10.1841529941227,3.22736225088671
15.9075165013793,8.83591371903607,3.07537935259359
13.691306398762,9.19978573217163,3.16471007958274
14.1993472278921,6.80997756557379,3.59528381398578
14.3106091653216,12.7240998356285,2.3596939237677
11.2609807245326,1.59539659934958,4.73325439396259
11.4686274011499,10.1965014799424,3.13340685988762
12.5674773916929,7.81592436406249,3.45749031827701
10.1194596542489,5.49920488366664,4.19746655313541
15.1313376731921,8.50470431448716,3.22186881387098
13.8274905519572,6.74353071692347,3.62495930427665
14.9664242983078,4.45988674032812,3.89822408228332
10.805492367561,0.923398843297979,4.87840195120237
9.77407296732365,11.2165615552418,3.11910363141705
14.1448714333733,10.4071767023387,2.87738135226834
17.0209953556664,5.95942317146294,3.57013152082686
13.7958224945664,7.044872831697,3.56956734434026
14.3428539084479,3.22671654333171,4.1961422591316
16.8821812916148,13.6082298635175,2.12134409292628
12.5236646842617,11.341483801524,2.91978611036116
10.7516395014461,6.01086473956898,3.89201575362387
10.5702856660574,7.35866138411869,3.74087660614881
9.1142589439014,10.4525118177621,3.25328700201961
14.5754861700965,12.5823023865723,2.45402942523453
9.77820505242727,9.98639791728612,3.19223234939825
15.2018849117636,13.1352730146206,2.30328665089066
15.1829723438015,8.46326920482161,3.14632673990533
16.1484284025347,11.6947915674063,2.51103862855912
11.128984726628,1.43669806627211,4.9018368970469
15.2578220342625,8.76611648749154,3.13533529487052
17.1218240150266,11.4906261497624,2.4659535291538
14.1911805452162,8.75567483704428,3.21383911290566
16.3328429728494,10.2494059713515,2.78798263696425
15.2607295499787,8.15904050578006,3.2512938911884
11.572981599028,11.9679219931126,2.73809363357634
10.0204636628179,10.9854131921265,3.1322734678805
16.5892292748031,2.60584238925064,4.21863942112417
13.8244020657585,1.56254843695871,4.56373280728396
15.2306341476296,4.87676560266289,3.84547898022237
18.1648154665946,2.57277416853733,4.11150655590537
8.8803869381522,10.8625480414292,3.19159910766004
10.6722034102567,10.999547159393,3.0368640783488
15.0507595119891,10.6593014230176,2.79494355389316
16.8729163515305,13.0005458051391,2.20921127240756
17.2239519860229,7.37755773884429,3.22093489120623
12.2529199165006,1.38016702326762,4.84641527556104
13.0794816949535,1.5019803021948,4.7084785577431
9.7440522967019,10.6760467994197,3.167116238452
13.6443462040806,12.2765738259762,2.50842075017785
15.3129346598882,2.76747611759456,4.30058704154867
11.7119926099297,7.51865979163845,3.73711093928161
17.1433500442531,2.85768336213428,4.14263369831097
9.1905859677744,8.47579650290358,3.6715038720252
12.9476059937642,0.947477510496504,4.81414366225202
14.0571768736008,7.12744889644727,3.57881227330842
14.4748029777408,5.70527944788569,3.70305024031228
14.2928370253969,10.631735548186,2.86336594406861
11.5105356422959,8.82808153086115,3.32467475646469
14.612563664019,7.73111740168084,3.32772749622817
8.81754935569832,9.3169519528002,3.46985903340898
11.509112994441,11.8264113017564,2.86156816233895
17.8309156762623,5.37685774855455,3.59933025135417
11.9042627021336,1.9937482952319,4.6717999539568
16.1635584663407,8.5171195850313,3.1952284344524
17.7990672480339,3.66041935564369,3.99099605616793
9.31520869096481,9.44116216850291,3.45346214325242
8.8427348341951,8.77939939023149,3.59876109094351
17.2602274599172,2.0034280504991,4.2857866251335
15.1857064677117,5.36589351514146,3.7911581599472
12.7391410445816,10.7364787090897,2.93895075915042
16.8480422582595,5.39674271723494,3.60230308507935
16.7888245857411,11.9009650519506,2.34838985502228
12.5887874405674,4.90277368362725,4.1132412042744
10.7735260579423,2.20085558248557,4.71327193218426
11.6839967249034,11.0742701200967,2.96457051915375
17.4374449129954,3.90699397204586,3.84227965084355
12.6548045238997,10.631698149308,2.97380433170374
14.1680565473971,1.4022738555273,4.58012466016966
13.3904808521292,1.05066784186191,4.76268276189653
11.1075337130066,11.1230321919295,2.95419496526278
12.3634696188252,0.828906998053092,4.95729224972815
12.9775783022379,10.2036492315423,3.07544712933641
12.0753908766268,7.89464373296219,3.5303586698914
13.9934757053205,1.26859879031517,4.66071052364898
12.776708599302,9.93579854436311,3.16767194818117
15.0723475752698,9.40018375599811,3.01721441610387
10.5786250795183,5.49089018673745,4.09768616860169
17.9971291342859,1.7380013337906,4.25922083375757
14.9991977381443,7.10677270149351,3.42666681081249
9.88680738205816,4.71607968288415,4.33468075497741
12.4915445244417,11.4048992633542,2.82880408419449
14.3949952236281,4.34816555629658,3.95356635973066
15.3401505799348,10.3482405335191,2.91500644711549
16.1110154706174,3.4578864399439,4.11801386539918
16.4610433133068,4.42711228248931,3.87932421861739
17.0754491235271,1.58832899641234,4.37847136474728
15.1551226394879,1.37821916648486,4.55641399651869
14.7726285153842,1.97497822484714,4.43612486753688
10.5229198290492,11.2543186220443,2.998819726374
17.5289923217811,7.5290961418577,3.1518007467048
14.3794655728888,1.78699330995011,4.53382759494435
15.9331314818614,10.8868724473484,2.68108049786573
14.648768161456,7.71926641300007,3.29641704343492
16.1578643174444,2.94329289446349,4.18500652810699
14.1913858628805,2.01547747858994,4.55543147146352
13.0246895333764,6.13586987154224,3.79881993662698
12.0542765206832,9.46923942012476,3.2762765536952
10.933689694285,10.209198476508,3.0908370755337
13.6171740469195,6.06094932238346,3.79070510828749
15.9765247113704,6.28382560611543,3.558784988759
13.8071066007584,2.49930933461439,4.42978118802704
9.41378784170367,11.7205612294743,2.98915520385885
15.9375391797639,7.01811688777864,3.48831520399157
13.0747030090259,2.01335898871769,4.49470019705253
12.350485948477,8.46365647449751,3.3373767738224
10.6986412751764,7.22672293221702,3.6932147086872
8.34264173458535,10.9251604019468,3.16104381467714
14.9652751859131,1.54997789422369,4.51876474454168
16.4164557147536,13.1302232872671,2.21713683448996
9.30594740418542,8.29782057765387,3.65184934007383
14.4092048418361,10.8253685220807,2.80215450763293
13.7589493149134,9.06565129328744,3.12323988025803
15.9629350854939,6.2044245390635,3.61589171324941
16.7433475532991,8.01846713349556,3.17185131781299
16.6953243285949,6.36962532780947,3.51003865163265
13.9126519710467,2.35896179812359,4.45786105225977
9.12578398602487,9.92012896156128,3.35433458175509
11.7729369379036,10.0042290232298,3.14837233617318
14.1956683982995,12.7043770213898,2.4579125579423
12.3254972847502,11.9648693772353,2.78965286650543
10.4596565458202,9.25572975352961,3.38579769262924
12.7264151700641,3.31974339462933,4.35909433445307
9.49459470432136,9.53229425094719,3.4765725340881
10.2788839061402,6.17842999715916,3.98762104365575
9.70370123936558,11.9762094381653,2.8457381719501
13.1077663992093,1.36172592463682,4.75655236942203
13.4099426785924,11.0069442848477,2.77307177665386
16.8487764835838,12.7977345678517,2.20224099257125
14.6098272362186,3.63396044959087,4.22507506883309
15.2653432656051,2.7131385134025,4.293064583463
16.1135755570105,9.92583167791037,2.74135151756248
16.9736899724532,7.63767759029728,3.29158470236394
15.5496310464268,4.98700502589046,3.94183466575433
9.20544650673278,11.1140777445919,3.01558827244734
16.7721474675935,9.90901924586211,2.80801865964203
17.554966752587,5.5163615827889,3.59242813616919
8.87017119410203,8.82051893967494,3.54213199501013
12.7831750322884,7.04738856751023,3.73480423250686
16.0299271367164,12.4909962922121,2.36718032404432
9.29294428785962,8.96779488355909,3.47616931832367
9.15693322923051,8.04674871988874,3.77418017066297
16.2814446172433,12.0251560905783,2.35668432186518
16.0879791899955,13.4170100122126,2.24371175496261
9.65729913998002,5.19429188564935,4.26479927189086
15.7462466000766,12.1791587502907,2.39702703250285
11.091499967234,9.2737871016945,3.35531754808833
16.1025715533484,5.44588789061984,3.71008790490156
15.890347435847,4.6034515934749,3.88651441583521
11.2157079262471,5.99550978463591,3.90835720094165
9.71236462514588,11.7900827724246,2.98071837076404
9.85542305411587,7.89396142650752,3.68971828387299
16.9952791765455,3.82675675128445,3.94145513134925
10.9086429906939,0.810209758405466,5.01282587886768
15.2777290847023,10.4672183233111,2.81530252620605
10.1134678441557,3.49649195714129,4.51268841461509
17.4918801187054,3.18371204939374,4.04902065894305
16.4650589577517,12.3177908253035,2.39747445297422
15.1268917535412,6.4867778418674,3.58088966035515
13.5375823086443,5.48360750693776,3.88684606205573
15.2598618024372,9.30265508274082,2.98070140089455
10.2107282539252,8.38175746343864,3.57089141715544
15.5132115449881,6.710428058407,3.55508864623076
16.3823660957934,4.84406402621171,3.80518152744973
14.5449925423442,6.42081147467202,3.57230474908394
13.3422973614656,3.60406226608177,4.26051377662892
15.3549326816348,2.2498527457177,4.37529084405044
13.3575374031247,9.37338808220147,3.15543022948209
18.2577582795347,1.44343775389531,4.38804873746391
15.7501841723356,5.99564199710567,3.63016488295258
15.0618591916047,9.77378707406604,2.95656789649303
10.6202851951722,10.5961360146281,3.11778277238466
14.374188697384,8.03208435956644,3.33917549382507
13.8628733606183,8.53089869349766,3.2803993024879
14.8413881262841,12.9324650195127,2.47282600809373
18.0064483338283,2.77143820772935,4.11060643528072
14.8799783447445,9.79526760473908,2.94963800592469
14.4182325866192,6.75228419876685,3.50821489474168
14.1177521179939,8.27453202046397,3.36689693568797
9.73342491523086,8.46457736218067,3.5892783812966
11.6122770802533,10.544342883859,3.07134348568374
15.7790461305281,7.02219698624243,3.54939792132495
13.6041146585727,10.7413401979705,2.85267790116341
17.1255743130322,8.87651445230058,2.9802439749743
16.1524039155141,4.37325722487142,3.92164269590867
13.6881589480674,2.23273662353811,4.49811684469437
15.9246166243095,13.3068775479446,2.21861069536497
14.6830385119069,1.9906491670959,4.47308296627333
16.7295532161126,6.98432142630254,3.37072987732594
10.8127626836303,5.94443879905171,3.99410357162522
13.302552819783,4.68256708486392,4.04192451178386
15.1957706405775,1.89050739446563,4.49042107108179
15.5035657071661,5.76004876276518,3.66125462087789
14.2845497456835,4.63361924897375,4.0708189696166
8.62669699032108,10.3397378353161,3.30983767836045
8.71174172555503,10.8322128144599,3.10079066055206
16.8340111114887,4.82735501992804,3.77598426557121
8.37174143640073,11.234305818142,3.1635537416478
13.6087032513608,1.2833135576612,4.62860891671124
15.0582178730628,2.09626603583852,4.47412356799949
10.5657611911083,9.21312937318788,3.38633905200146
9.62200633869321,9.24726999616641,3.35340857374326
15.3514433318538,5.51627785865478,3.75049371982834
16.7755296638551,3.15934311422448,4.0747109455347
15.1541279338678,3.69775958345023,4.05099441508096
9.75748368430608,11.0108314457401,3.04467799903117
11.3625343821192,6.47482037901066,3.85317946772919
16.3350919351955,8.60498591028954,3.0889003814522
9.36349508301508,10.1026515114641,3.30235791689704
10.2978244172362,8.70270158187423,3.43805754685537
14.7508038938402,8.58857498656626,3.25573726648741
16.2152199389633,11.9973172208275,2.47921323844115
12.8635594883432,7.47860640381466,3.52528920629915
14.3507311042101,11.4238383249165,2.71043400888909
15.7618866542252,4.98273802449617,3.82314994559153
13.8533486503614,1.92044390208135,4.59723963005648
14.1344168401263,2.69519775737025,4.39799690402172
14.6241671548834,7.11533444813967,3.49667043385308
15.3068189075608,12.9324164023829,2.33457783791109
10.973821842913,2.97785993630118,4.47172620326684
17.4778728217306,1.71425249478614,4.3255110729398
9.44423025212605,9.12088815041177,3.55801961975704
12.9778643991129,7.63057378474169,3.55244100854652
13.9953119412585,6.20512503764012,3.80084041751762
17.008839625989,2.90430114823618,4.2279963281781
15.5118799228464,3.92744485241957,4.04301771406326
13.9074733049119,5.80138506436713,3.73239031365639
8.40102952035152,11.40177029991,3.07816433128723
14.033904286669,5.03424474556887,3.95630530793492
14.4877151592136,6.09760880979341,3.66210376409955
14.3294712359424,8.38670047545032,3.24374070048467
18.1936402234712,2.06212624791646,4.20760460824842
10.5322596370729,5.69145995960413,4.14226108377429
16.6192539352772,9.76013289266578,2.84747525280755
14.295228059333,11.181042144537,2.74226959391192
10.8649579936464,8.77060901684171,3.44955747801463
10.2985247749951,2.97778062925066,4.59867315640607
11.7325472127093,10.5150666934022,2.98888558873868
14.5959383529825,12.1749349122637,2.62952216486846
15.8513620296032,4.44809909274938,3.9190381841643
13.3762473699818,7.94685707319127,3.4270623548688
17.7440248807611,2.86317226070886,4.01523899657765
16.9184882802263,6.87017824732474,3.3100347485374
16.5126486144875,7.88503501156933,3.21393132154112
8.42269952574081,11.2266616628057,3.15475208909318
16.1862367004355,7.16829813723299,3.28523621960637
12.7622355424317,1.09918812069118,4.83259820961319
15.9158503682563,4.32072795035516,3.88108287022728
11.3173940627447,6.9617310188916,3.85247165673263
10.0916473464354,4.22799743467985,4.48247364104429
14.465446808999,2.84382453627451,4.3254303778138
17.0692721558066,7.37258428871977,3.19114900343829
10.4729545596806,6.44061683056675,3.92231295283991
15.593635499003,8.09255792244198,3.2000041527356
10.2488853395388,4.90002869778092,4.28808978471766
12.1945816181096,1.73813804598645,4.69988893460927
13.4916616779585,4.6587380150549,4.03180843936557
16.4576358922311,11.3428847020865,2.55653291490103
13.8980266528378,12.4390002157765,2.44669576304082
9.21062237585826,10.236323286451,3.29467722684136
12.8951024918254,10.2923355165069,3.01275339910696
12.4889339891245,7.23026209868352,3.62782981824006
15.1007920026566,3.8372130400973,3.98288776384027
10.5041419310114,11.4776862359461,2.88429251066359
15.7431913935982,7.17503183547854,3.31917346049882
14.8890499426322,6.43041472925455,3.60873443758321
17.592598231585,5.65631010848604,3.60593390602672
14.8855754342607,12.6322391066439,2.34781570757569
11.302685488407,8.66183270123166,3.4389760195235
15.8062633495101,9.03703548091983,2.99211073427478
12.9355109976757,10.3208582339279,3.01121654318158
12.9903128901159,6.72560731316484,3.68906319492994
14.5742334165838,5.83496550073273,3.74525721728781
14.0701675292933,10.4001739363053,2.90783543388237
14.5006632038838,10.0153672966569,2.97830567458535
9.08070102654132,8.68588677598983,3.66967898812008
17.0765405085709,7.24987329868073,3.37486557317704
12.2217482987589,8.42154370311064,3.41903601690109
9.66724156892084,7.82937009468976,3.71557564510899
13.4885412276342,12.4002764129591,2.51684024564034
14.1903326205955,11.8815278786073,2.52974475739669
12.5621909552244,6.44290160509818,3.86325078300306
15.2056681829295,6.66540049832272,3.54105898247962
13.6142842613783,4.54446375939252,4.0610545812755
15.1314969411973,11.9854360472461,2.52836255931725
9.6272991009804,8.57706880275328,3.57536452311945
12.6247329082789,12.6328671292927,2.59669973205804
16.646690350686,7.47132685715082,3.28348226859296
10.2017547890013,10.7567278659802,3.11707213189188
9.48910543183485,10.6748833112879,3.18384888419656
16.9934020391404,6.39501469520924,3.51951928669336
12.9220829458785,11.8088319206731,2.72062874466221
14.3286584183845,8.78115603669762,3.19910243750512
15.4559559938075,12.8001450910817,2.43082040594878
12.6143960906328,6.77353590235362,3.70622787239303
13.517741428268,10.5184919782936,2.86923973990273
13.1628643266728,4.4216420152829,4.12825449544222
9.96830054529475,7.24414533831268,3.82408342358426
16.4402707388243,4.96330090856325,3.80504327297535
16.4271103917935,10.0100734612175,2.87011330925872
13.7829865112273,11.3957412681499,2.64469731763855
13.1920359169303,3.50338283656021,4.20053667918948
14.5892846692909,7.96734503924513,3.33613576010894
14.4502803660179,9.3471768469617,3.13822185491923
17.5033129692864,6.14440752624937,3.40872675598537
11.6645596495896,11.9885574666149,2.85231619983435
15.6838403073697,8.64661360209689,3.12764627491582
12.1294321056787,7.30367904999634,3.63956667715454
14.719274501618,11.6460222272306,2.61563252595234
16.8981260058711,6.41219432265362,3.52293212371044
11.4847730325424,10.8588070736536,3.00551318769538
13.5382574431264,8.75256386414161,3.26126586998281
11.7228513301912,8.08424997008566,3.51936272639695
16.3101651497951,8.71896696424107,3.06887740968128
16.1722186797222,10.0815410241154,2.81803611654355
13.1418001450507,1.48964780097728,4.59792871422217
9.16352765221608,8.26745243531838,3.60364016435612
15.0223663822719,11.6061403348476,2.6087702434635
16.9603814044844,5.13829435195906,3.62479847390003
12.3681731299726,9.61001193409494,3.26376245341839
10.7840474152979,2.29858569685263,4.69381611433448
9.90027324409858,8.9811954087106,3.46666322716016
15.0774636709554,10.1206094712513,2.88908238615316
17.1603092531916,6.68639853750604,3.39684263107842
17.0975500535305,3.67038391927161,3.97438855601389
10.7235554322047,7.38880775336577,3.72866625864196
14.2924706546199,12.3627495724167,2.5163415207289
9.37091398002543,11.1921316508633,3.16656910302635
15.3354741302289,6.36591971625377,3.63076772706445
16.6561087448944,3.14561891781147,4.1604318482108
13.3514550650243,3.53260136752637,4.27353134655102
13.0798121173826,11.4873174214958,2.80018034546752
11.7748680211001,1.11118100098331,4.79347448438444
12.9261210351204,1.74051655977926,4.72846243938334
12.9035891827578,12.4972964493823,2.59777096077293
10.9716323553802,9.1569009709118,3.36798719950878
13.522739269468,3.03389741011964,4.35667543447961
14.2294512006977,11.1414594397503,2.7621505619551
15.7138203108779,6.77255060776183,3.48410761593209
12.0699501712995,8.7690233556324,3.3175164264969
8.51139936552578,11.608632274063,3.09706491109002
11.5986805451418,2.38332102867308,4.61917132532299
14.9372885550218,12.9729456819919,2.29908756390663
15.3865737001312,9.01818775513731,3.08780596568035
9.14347334098438,9.33060555039892,3.46587416278808
12.6892856688141,10.8430536239546,2.99597975638639
13.7223701403851,7.62690679970949,3.46346055494614
9.93901641564395,9.77965888986318,3.32288448210224
10.6809600605013,9.63534879625808,3.33379569942972
13.6441709105257,12.3380064123502,2.54689602266104
12.9577000682406,3.24253688972578,4.35727909692806
13.7076823748072,13.1307191371967,2.41133098720204
17.6476451813764,6.21271244899036,3.46641329117778
14.7056669942418,5.29358960199583,3.8366140204357
13.9934394382871,4.85803768141743,3.97385536101965
12.8793601854346,3.45636081727981,4.32198177216802
17.0926650794186,2.36604001613628,4.21353745470351
10.2535583456452,10.1696505794761,3.13963520127192
15.9293605219085,10.7774588858296,2.70228782606798
17.9418721354072,2.62397302889781,4.05008454514491
16.3831096265053,13.6201800059149,2.04866833770463
13.0176058482678,8.49656698182232,3.3853364476667
11.1549967492466,9.1431297720434,3.42110217620384
12.0740214455432,6.50929340612457,3.72121272170142
10.3967351396378,3.83564276179882,4.50976221201915
15.417829943367,6.92959483289224,3.40433908782424
9.66277563547317,5.68257025290112,4.12669726128467
12.9756864929652,7.7591132865859,3.49171866731727
13.2611710882976,5.65669680597497,3.87355035246081
9.88888612649222,7.73354259264013,3.80192851125869
9.33574331602439,10.1163836444039,3.30172072070521
15.5480602062139,2.22220850634619,4.36672847932225
12.505647879712,12.4540034508028,2.62704097725714
16.1299440819153,6.2455143192636,3.50682579958432
17.4052306305329,4.49207219197994,3.79170169822802
16.6326675413521,3.19465738495966,4.19015132620967
12.3898091560095,0.974537622115672,4.80749381058538
14.2547170756268,9.61859604786227,3.04415744910436
10.4862839325214,6.35102612463944,3.93971793817676
13.933815995182,4.05009705642338,4.07265064488286
12.2090661805315,7.02304610944752,3.61691409544813
11.0710341092132,8.83756586392878,3.4168833115008
13.8738511124992,3.09475164391463,4.31984686999301
12.3514465716736,10.3654873884955,3.13073523650675
17.6162404685695,2.95265509952113,4.07861177086902
11.073842922794,8.41364970467496,3.50288104884011
10.5836814810097,8.68333140228362,3.41518200241766
15.7556250834918,11.4447744350214,2.58705485162975
13.455879829567,10.7375438450314,2.88733825029951
10.4290518416374,11.1078245421609,3.12019365180716
10.6373579246835,6.32552214131305,3.93376234917347
10.5478398680239,5.55595271911901,4.08537068417911
11.1423304349168,8.63078048097696,3.52018102190859
13.7700337491617,8.82154777085945,3.231441091707
15.8951221371361,9.88920087043631,2.87471638491277
12.3822690782271,2.70456685295631,4.50149572559706
14.1321694554402,10.0454957265942,2.97125781030416
15.617318777787,3.18417742672484,4.14181188410614
9.56278348843692,6.69030885918625,3.86031961656164
16.5884531754987,9.35882945796825,2.93591749929819
14.1660897453398,6.64563799562867,3.67131168339026
13.5217869251071,1.04787655319307,4.73677914220897
12.2336084178287,9.75249986939007,3.163499968769
10.1478364056951,4.8336793337667,4.23281529186389
13.3999207057784,5.89940952380365,3.81715408152379
13.4311667637469,1.37726812786275,4.66027742676151
14.6361822469705,3.99110260471382,4.09364662184928
14.5488935748502,4.89224717014552,3.94270142583098
11.472650676756,8.57862841313702,3.49464224515797
17.0967831746128,9.55769430265546,2.81670927928744
12.7478842699182,5.001214291375,4.03579626099698
13.1163663327014,4.57917502911619,4.055779351053
15.3728042898931,8.31346087479762,3.21370609743666
14.8907623470799,4.8887796583064,3.87839696632694
14.3845876071931,5.74939935660109,3.77523324761554
15.8581708269891,12.1205958880068,2.44152712907171
9.55782721891705,11.5199053916525,3.09698261633345
12.9467211461682,8.79087896652375,3.3395658572822
16.3835951134091,4.38284824374445,3.95416731297096
16.9909863273936,11.0931155142717,2.56573929178378
17.2735987274393,5.50210613738732,3.63593034282387
14.5617143695187,8.80876690772477,3.17710282075204
10.0457044858027,11.6013918615672,2.96663413052031
14.4901998683873,10.7554039161723,2.84466240880357
10.4304896714414,11.5595984901773,2.99960494192589
17.5190021166864,1.49520274700025,4.40919632718464
15.7766508356645,3.35814368566517,4.09854821599896
15.6770878875635,12.8056408720312,2.32385427983693
13.7374802717301,11.0076518343502,2.81545365693369
16.1474719958245,10.7637402504916,2.66147635301618
13.6686029861976,12.9768549380606,2.44357670226038
13.3817847355378,10.3770504318003,2.9916898028638
13.0877045463398,3.00565277851467,4.37094908305123
14.2872790421451,7.04110364385293,3.60521279139597
10.8287266663355,6.42436627055969,3.78747164030974
17.1563347824751,12.0012753527516,2.33441884368067
14.1155176362071,3.10080054752387,4.30135564710101
12.1505969375258,11.6493304349297,2.80648566190294
13.6661854843468,4.69604618161741,4.11571486157536
15.8955884409307,10.0021964493796,2.90774948050691
12.7771922919662,11.2223971244292,2.84323849048109
16.1132155603743,5.22468368300313,3.79559983944385
15.6175092614496,6.70032883672048,3.50483561738282
12.4141722081974,12.8106737855044,2.56535142644588
16.7492102728649,11.1518843752103,2.65572176486245
13.5257978048424,5.98443365542559,3.86791326516826
10.7149394951289,6.29556017575027,3.93393112370279
13.6119418374923,8.49601630836139,3.30507250158116
12.7999569587398,10.3357477399843,3.01127063783656
11.0125677724441,3.10341355630998,4.63214031850754
8.94343789023555,9.58944570963398,3.33533048424173
9.38556793115582,6.79548515864013,3.94092749795589
11.8460268906754,1.89600728055547,4.75114122815208
11.4798923973545,11.8380498994414,2.77029124694263
16.4932867729323,11.9912921737189,2.4295664430568
12.5425676767566,4.91876402856074,3.98051247453503
17.5687163353393,5.57168363601985,3.63663509373512
11.5757735712103,7.94211659150007,3.55710996160461
12.8646258700828,0.90900468812633,4.75775943494579
11.0552521515329,5.8790686000967,4.10246116638097
16.2759559196128,11.8009911297059,2.54695960560095
15.5529894350656,6.19359189298212,3.60643010052019
15.3509483003124,7.73728359425612,3.32552825005103
14.8834784439371,4.60452976388223,3.95852662394122
18.1414703616859,3.07299731712194,3.91539643065729
10.6949139526173,6.59871884860405,3.87735648681903
14.9774591843578,3.654163356873,4.13364332178782
11.4788567968245,10.9825855747363,2.98225187596355
16.894943226632,4.01828193729715,3.91468555157267
15.5756031081427,1.42655870174996,4.51700466179417
13.8922948482887,7.48548359293946,3.47833462769121
15.9520003903944,4.48561430220636,3.91176707528985
12.3372308059777,11.8984653568014,2.72061062914509
11.6511542785645,8.41639494403225,3.46452849076391
11.7903841155003,12.5810342777927,2.65403586157891
9.21164128736072,11.4070185175734,3.0636523602126
10.7441278419016,7.40259858826746,3.72000001842506
11.9109873179004,7.88748389179252,3.61475669600709
16.142185737329,8.68558730705657,3.11267266584245
16.965014708548,10.1147028260957,2.8429950098072
14.5071976912597,11.5059959936485,2.67159172211001
16.7006280825557,6.49070057894079,3.43631792569071
13.7831068476092,11.961625274675,2.62963328286813
10.1483507366477,4.3764299497526,4.23562636403874
16.4032927603045,5.6887135861767,3.64205246719756
11.4538787489616,1.56754569971669,4.75942363952102
11.5977048485946,9.31829735225403,3.3337138076473
9.40129165368318,10.403767919218,3.1906266890189
13.7518311609596,3.54225820248396,4.2873903355784
10.0922516645581,8.36243191785639,3.58308729320406
14.5062698250054,5.18551634086373,3.85573667437871
13.9971271259672,12.979861155947,2.53010667427619
15.6994116391929,6.11367985556759,3.61121942848087
15.9283223195388,5.28915036111963,3.70388194803774
15.958929193184,2.08678173206833,4.31218081048004
16.203038743283,2.78866482603014,4.11789955428568
13.9160613765199,8.16627454119016,3.35650493819
12.3863725690032,8.39485171721926,3.41233585331267
11.3993487249624,5.89825138950433,4.03906382082401
13.9338047135582,3.52971114249642,4.23231488990478
17.9367940017328,3.40065366488621,3.977557171188
16.7244728973754,9.73578391254132,2.92617811811629
17.4220168469491,5.90003788201985,3.52854562803592
13.5920631994514,7.61280812704624,3.47550478360301
9.52376896737331,11.1125225626891,3.09761807062396
14.8741117991381,3.1911653938098,4.23440268443333
17.0324185733288,4.64975801379693,3.79573743321747
17.5598110519939,1.76635527719218,4.4179118481566
12.220289204858,7.05116583733954,3.68136958962131
9.17849029172265,10.193280031405,3.2601070071603
9.56665681540766,6.47969630689392,3.99721538023986
15.5297399285254,5.17003305934711,3.79249871686225
14.1274079286769,6.11582640241878,3.72356195815185
9.1681924721214,10.4820777760291,3.24376097495768
16.4706589633767,12.1457861670718,2.42483102443427
17.1626518262655,6.64810023397684,3.40400318724258
15.2477334509595,9.78560207952739,3.04345686734292
13.0017954562609,2.13810088108179,4.49723667828376
15.3331206475699,2.42972828172225,4.35537463846989
9.43191784391929,10.2757392798332,3.26432899412969
16.3534368897913,10.0031794950614,2.92217425807418
9.97038430238565,8.81889903098989,3.50448098027643
13.0739350882127,8.07002804115921,3.42517655236103
13.3205609252327,6.6535882212581,3.72517610662568
14.3858137373305,4.97681280637134,3.92298374914218
12.7461778066555,5.20751625541337,3.93251966530118
16.8438506225944,9.51926915919448,2.86174104905431
17.2602615240893,1.39434697526375,4.47140706104026
15.4731032179904,11.395974656882,2.68982816862086
11.5561907156463,8.73336038283666,3.38964888199276
14.3516762071446,3.49121904321952,4.29609645248969
12.4631709202418,8.6409454589261,3.35973611235634
17.1307692233202,6.03565246219131,3.54968661911101
17.4888327460834,2.47324494482374,4.17948781808626
11.8117622362644,6.47009509890262,3.82186243057804
12.5832101532442,5.60033073744512,4.02388640885852
14.3821370124672,11.1217114280899,2.78006724460153
14.3013641172211,1.71594317106322,4.58094242314282
12.0003905734583,1.11756665043155,4.79492053233503
17.3127021642056,1.56380287570311,4.36614739223399
17.7048146765159,4.23787164676047,3.82632585399992
15.3353130056089,1.58755561469668,4.50343207562353
17.1159683101224,9.21973180830128,2.83459166463037
16.5592846455842,12.550308612992,2.24348382650155
13.3449793357336,9.53473611859683,3.03138623756812
11.2442879393866,8.78871104322669,3.33229639308413
14.6215295135041,11.022060020233,2.74928740359417
18.0992665980736,2.1636595252817,4.11958398293858
13.5754453630254,7.19696469839559,3.55627051047377
12.9552923010541,11.7880116386617,2.72223084488932
10.140714093093,10.3424815315944,3.20071851328148
13.0412471022508,8.23863190541839,3.39525790091064
15.8365239297354,6.13171044553934,3.5979346876376
12.5712260744263,10.1707065304564,3.05925804419715
10.2445099672069,3.25062568981504,4.55033709510115
16.2833147180619,10.860554037457,2.66944986849116
16.7661565603574,13.6765865542027,2.08750480129816
17.57196948324,8.31332681502951,3.13027090804378
17.6077951440832,7.10167349400937,3.22240199599556
16.0454307818687,12.2612497537492,2.41003150481863
17.1677006086345,4.96815614359698,3.72510708106634
13.7212486783703,10.8298009056849,2.81730383126924
17.5596860909714,8.72007036948836,2.92647182306655
16.6466087136936,4.5521270360085,3.84209216286585
15.7944379462893,4.1883561770234,4.01315723570035
11.5613747308865,10.6662291429124,2.95855548479927
8.74918575429319,10.3506553312026,3.29896294968229
12.4908127124938,2.26639378467982,4.52984190065934
15.4676615776586,13.4041340731431,2.19295179952062
12.1891753953937,0.812747791643149,4.87735492915566
13.7227471312499,9.78662883451953,3.05015949289004
9.45908288025972,8.08008611123943,3.68253019018169
14.200334843687,8.88062835518505,3.15977715936089
17.2512743673867,7.69321367645511,3.29458010681283
13.4599076717907,11.09173941108,2.81927218981728
15.9913883459376,8.06143665576618,3.21756378052831
11.2046263696806,2.25088765466131,4.74871804508594
10.9910101948396,2.87694459864496,4.55092065037038
13.1157449499906,3.92473676065848,4.28861747842485
18.0056110107742,1.89306508337422,4.34078685642521
16.8462044547351,7.3422397603106,3.30138917020273
15.0285644000162,2.75558121945249,4.22370190707372
15.5751548684975,12.628034415086,2.37357628966361
11.6032968438188,8.27011217681339,3.53596105906838
15.5082465663582,6.46497269518653,3.55770919505812
13.4100928675683,8.56452697376805,3.30644041652843
9.53312140562877,11.3328137100672,3.03770918422838
14.4270746423585,9.40862644132181,3.03044027554425
9.74733155431715,10.1919251320813,3.30586980830219
12.8453793425501,12.57642277908,2.5160476892197
14.725550254113,3.18521944168563,4.24144655313198
11.8518527776907,1.37990166874457,4.76458470075713
13.0459742310786,11.4721120240396,2.77617563855333
10.001918124598,5.81877627492321,4.15678263491255
9.68842793211996,11.1551720028594,3.07764657672813
9.61963564064685,6.20589661385158,4.02965029788328
13.2534891489915,9.51683247545132,3.03473580791477
14.805754947647,3.21238991003643,4.2304945941681
16.2771525861457,10.7656186433448,2.67960784087485
14.988679599698,4.11934985459461,4.04382267706702
13.2145260700028,6.01236215762472,3.72498352457022
13.4437905731753,2.75945300994757,4.44842779564205
11.9309366353183,9.97962162978235,3.12609918732729
14.7888106396872,3.51915947113596,4.17300799094657
16.1305612517128,10.6650181040423,2.63093437402127
16.0619138846591,6.68745365087924,3.41186551832707
14.5863859227618,2.80683281347043,4.24174247447922
13.7783747553044,11.4862997383737,2.72092870484786
8.98368182739937,10.7617812137778,3.203472450761
12.0258101497168,10.4082433387636,3.02615776065312
11.4427707102853,7.32351756621022,3.68502183770286
17.3161445924171,9.60121788977637,2.84246220707875
12.4423820074023,7.32905165070108,3.63668312776624
9.98251052210006,9.37104483715305,3.3979552509187
12.1368810861254,10.0194227698795,3.03447111978231
13.1277073492081,8.94017145004985,3.25481323387
17.5519664716467,2.33761468246313,4.20974372906013
13.4450977054138,6.62133998232591,3.67576858275006
14.3675611227425,10.6786240596125,2.79654398488658
14.7590960870905,9.83609562104121,2.9361575226427
16.878063241716,11.2853456808177,2.48707123892298
16.49706173721,4.39940689780698,3.85010024508623
15.0203473721675,11.3844189698798,2.68459022484316
12.2482071976743,6.3889569205087,3.80608426184484
15.8452420772618,5.89607979123649,3.66639947966394
13.1456202527828,10.6906631820193,2.83087898971314
15.7902054565137,7.89853025076013,3.26316677795977
11.2948994109777,9.59534283648384,3.32138794893974
12.1864466381718,8.99434004743691,3.31196050430415
15.0686269104914,11.249980377179,2.67360522499683
15.6246106821615,11.8403511983149,2.52075630225777
16.8422512316654,2.94061664677997,4.15897571183609
18.2405033779746,3.72647482309252,3.86625162895627
14.9711919393855,8.71317141249385,3.21760835118429
17.8423908444698,3.1216604806236,4.03729500891456
10.3502522289949,9.47848904337387,3.30946625700877
13.2334692366193,7.3010108448349,3.56088926431045
16.5050827430975,3.9009310027725,3.96500798620394
14.9295074941277,3.92748451750385,4.08478127407964
15.3594695530638,4.42736923472299,3.95687092477924
10.3482287412478,11.7262599202427,2.92104117376664
14.4231886116282,13.4259444010769,2.31377952065756
17.9364309739178,3.05891916302866,4.03531165859231
17.5574630286042,2.29270107628914,4.26965872622807
15.6089625601512,2.89684940782503,4.21680755567242
12.70810023054,6.81313967557656,3.76780221600639
13.2416269219302,10.7658991000082,2.89846792934574
16.5410925782334,4.13553186158854,3.99842332685032
17.5051999473507,3.12347152506994,4.02613240083284
12.9802922672131,1.05470197252462,4.77431222058259
14.1517351940339,8.59202605501223,3.26837633289482
14.1819419221538,4.88774018743405,3.95465113380348
14.920458420621,10.5673916632898,2.87265979648212
15.5449700515123,3.5095378886806,4.12061296366226
9.07547811403968,11.3507405898776,3.08418785143658
14.4962342236752,12.4646256061883,2.48223190022266
11.9216819044088,6.09506292136839,3.88574270422468
10.3869449291055,6.57919415790426,3.87831318442354
16.3348495962227,13.401855973836,2.20077405599358
10.0436678274243,5.00422900107163,4.29230676115989
9.50741037422102,9.48114580114465,3.36961133864323
14.1765321257962,2.55860309955594,4.40073162785424
9.45631013504576,8.49297659220696,3.65160440725773
12.1150458556403,1.44544901591987,4.80488272028294
12.6894716599472,1.29352973461554,4.74947064018976
14.2166607712205,12.2821680834334,2.58799680565372
13.8361225785048,6.59322913815187,3.65669720196242
15.0851619996266,3.1277993385934,4.22664073432505
14.728515516084,13.3402801381711,2.31323799584575
12.5217563975651,9.33839170016194,3.25088103103648
15.9870803395408,10.5565688084186,2.74041628672429
13.0058562713161,7.4431991333393,3.5388186408506
13.5819353433754,8.16351804369168,3.37085001137985
17.480684440837,5.85607961670942,3.43928733889603
16.4437481687265,2.79512030420173,4.16118061778819
16.8193272489005,5.94954750551741,3.56230012070476
12.0336081551453,6.54238859572265,3.79211661039121
10.3610169716982,7.4180150774411,3.744528941185
10.1748007112239,11.5717993006899,2.96303728577838
9.35205658618896,10.5883141346347,3.11769330405339
15.8594343008035,3.25831760079005,4.2298557552975
18.098998538718,4.16624750653681,3.81175833740795
15.6457998043275,13.615191379883,2.11493823289621
12.6969004323866,4.83624797457903,4.07102028046642
11.2985765581857,12.1335686178763,2.71319378890343
10.1226059785901,11.9450137211966,2.93736785864693
16.0238615313545,12.3049292262484,2.38095787718872
17.7760184247755,3.72523608696262,3.95047427982252
17.3718697884606,2.52808822776661,4.17738253729581
11.4998948463724,5.94316836243923,3.94506154647946
11.4909052989677,9.08087435199703,3.34529000095317
11.6792901996958,6.04090423123224,3.99799119011682
11.0783161489794,11.3504079901579,2.99158894571764
9.70074827432199,8.08967818858867,3.66336104362736
10.9426397463101,1.47793063654303,4.73763808217012
12.7149388378163,1.08838518974752,4.78689945905769
17.1081172667651,8.97185407398885,2.95258453355194
15.4217572468617,6.4042622715117,3.65784669070046
16.9567114096442,12.4755891370544,2.30365418508232
14.4698134105231,9.31046359659617,3.04911623684057
15.8055050410255,2.69889585189202,4.18495895781695
14.796659698394,5.07627979863121,3.87448195325378
15.5410364130935,10.0666187393605,2.86616364982442
11.2091471316401,12.3064629118287,2.73621117357719
17.2283137822169,10.052045932424,2.74793084982783
15.8834682425019,3.57998724949587,3.99882417055743
16.1289248472886,5.90272669151359,3.62077921691003
17.3437549394773,6.8461372644818,3.28370332587028
11.7434608021135,2.39090725282982,4.63502555177011
10.12625368524,9.92199078744689,3.3379443338541
11.0829542723002,1.87433463544004,4.753559412516
8.98124327160405,10.1511926139909,3.41212769016472
15.2976554373308,13.4761717582873,2.31332778067701
12.118136016255,12.6913383243945,2.70032791059291
14.4241492341573,8.80286484927147,3.22059634908122
16.4660237396961,6.74429702041736,3.46343973658601
16.9413060926573,4.78254920512375,3.776862268438
15.1632450601994,5.65915434382072,3.73665224138107
14.4207312285838,2.49767985105584,4.39487422255286
9.70556347067195,9.75623069044798,3.34411219764638
15.1333450653692,1.10718264982228,4.52096164786379
10.4661346848161,10.611097823549,3.12597632702666
15.1422691577322,9.25631649336707,3.10314530706028
13.1339951801212,7.24428114423811,3.57887964699603
16.6243109172512,5.13219790527944,3.64291797959217
8.86849999165431,9.85686944275055,3.29382258158667
15.3639991988967,7.31469565971239,3.40545655827028
10.2447389041,11.3128976341557,3.00756308812821
11.4564016847302,7.53375114458311,3.5601099297718
14.5761966647047,10.538709457511,2.84503057929509
17.423091044729,1.48451065819015,4.32359445606229
10.3423282790933,8.00323206499652,3.70242431344963
14.353190413195,9.04640266033397,3.07094608527891
17.2369896633066,5.43348020856266,3.57880925275227
12.6371414292644,11.8273834884343,2.73751647476631
17.991055220511,4.98516073755918,3.66279736471924
14.5836533451413,11.9922561389144,2.59334138731731
11.8350202013166,2.49244271878407,4.62884684520676
15.0602581085135,10.4505484960698,2.91658194566149
16.1777936970573,12.1449449273445,2.35684492406425
14.825735340827,11.3457362773509,2.65671166815162
13.0672455191349,3.89514227449018,4.17111084710556
10.5185202510929,2.73328060738765,4.65355975374789
14.0856575929029,6.20087284195141,3.80024316731589
14.6279134672112,10.7794643795484,2.75947132098151
12.7568700237837,12.1890197467198,2.56074855746786
13.5257537869637,11.8195324077186,2.56832597287983
15.6317130529324,10.2276146358838,2.87278407455116
16.6555558967736,9.23493657550775,2.93422085280475
11.3006378725471,9.12628156949763,3.34048768411325
15.0802376640804,3.94216180496461,4.0077216751062
17.0658632057608,8.29751552172267,3.13594640701682
10.4835219494083,11.868417902891,2.93441148292089
10.5454571504279,10.2408919143458,3.10636101638165
11.4853285905319,10.6860598998285,3.04300056666774
15.5902729423415,3.60239938480152,4.17612385512035
15.0947180522874,12.4351990242177,2.44493607564516
12.0020910937523,7.07335562346672,3.68772159484868
15.6176232416253,12.9524305611734,2.32770583049456
10.319474122309,11.8214708739665,2.85432216847372
12.6696965801077,2.04638863705529,4.56975442073963
11.6932642040114,2.06184113080573,4.67390408038341
14.8270381241579,9.05108925215024,3.11051308291583
9.79534949763589,8.5076178948256,3.57660075943025
15.2159425520476,10.8425166211405,2.74100919202763
12.5251008574176,1.81708953875433,4.66107438742531
15.6541894263407,2.0647548122763,4.38494427870598
10.4908081530262,8.02609783277224,3.73581315316556
13.9163855324793,9.70241544066305,3.0523852864568
14.6270675953717,9.85066843203407,2.97304204090921
11.4019200649185,10.9548165008649,2.99308398391665
12.5094436669216,11.0468301164212,2.80426130319324
8.69824263750813,10.4374488669294,3.26033778684398
12.2827546058217,12.6416801002381,2.59857264547187
10.4479280218584,11.1053317325567,3.12941534171723
14.0882838355631,8.58990690551948,3.25294001973991
9.71333516780561,11.4125340181823,2.99050504042372
16.9788937146954,7.71389170164795,3.30147637062223
14.9585869908047,6.84909254152765,3.52363066191579
10.0530048428759,6.67417953447477,3.86120944904046
12.7243348619597,11.0389731587688,2.87234604180965
11.8985350360568,7.97894444806985,3.59191114571501
16.3551075068155,13.4345178171229,2.1633087482547
10.1606383817895,11.2218689676069,3.12946062708714
12.2724564628209,10.2345245526928,2.97805652344253
14.3595336114964,1.5062249340558,4.58898371770957
11.214810465053,9.92389566629149,3.20377662966626
13.7968179156767,5.56211440446436,3.77259949403513
9.62385281975462,7.29499343914396,3.82094348636436
9.6234536426434,7.7998019621538,3.82457524772224
14.9460205839984,9.89922000313397,2.88519146405215
16.6971544959408,13.7299986608544,2.02907131750975
17.6590614788459,6.40986558207883,3.36564575477822
12.9632613413213,5.3093613924555,4.04288502808128
11.6616006796264,2.89986544055442,4.46894665432633
15.9682398384389,8.59111123342049,3.10308724856821
11.1712852062309,5.65413927920251,4.02393856347343
18.0634964700699,1.8663369938478,4.25440456801634
12.7606982823743,8.38495826617628,3.29777312512577
16.1438035446412,12.0813102819774,2.43740798798553
12.4804153578671,6.12486195504614,3.83996487960927
11.8161309391564,9.32329499613557,3.27557447094668
17.7432148335185,4.20946772355663,3.77644294914068
11.6003109495331,1.20526516911704,4.93510021441294
14.461018218808,9.8631808852315,2.98323225985793
13.3903419424119,6.10770850306797,3.77798203542469
17.652334739515,4.81288367193452,3.72005848563269
15.1501080817223,2.60219201812671,4.3225601112998
13.327171612613,1.56707694422632,4.54122849034367
10.5569954109335,1.96758402334601,4.79600819778119
16.3146091889831,12.0818799048509,2.42504780981656
11.7352374382022,7.75451735915677,3.57068305949854
13.2173935331687,12.722904826521,2.48492943339133
15.0242128787993,6.15171397587378,3.65237059864186
15.2173435633605,2.66853899517894,4.34680025496004
13.4354720280709,12.4862212725791,2.55418351413563
15.5537507212968,10.4204785229087,2.79753879902007
10.3742324643469,10.5462025027865,3.09734657685079
11.9368600956468,8.04732142758419,3.51107923677765
11.9667621544751,2.67133461963553,4.65372025749422
13.0168694879865,9.44005147865932,3.16710853402583
16.9362821675306,11.7179960795835,2.52793151085082
12.7704655200982,0.828036652161912,4.87368916038493
10.9513902054525,9.69246396144519,3.21684011526627
15.2365962026121,5.0618350240668,3.8598808520556
10.4019223020505,7.87171293944225,3.56262002897475
13.7850436318665,9.45445962418158,3.12336416597933
13.2201398660325,6.57380906916652,3.70099915911938
15.2381691941663,8.41593989230745,3.29488337478331
11.1879454090727,12.1961845588097,2.83761883475682
12.711777241948,3.44395674020091,4.33637538366203
13.7501918252137,5.44354435765516,3.85974691283894
13.1469264749425,2.96489595993899,4.3968347075431
14.8549099042049,9.32009408670737,3.07871253544479
13.7688569738808,1.18437744090834,4.6929376826463
15.7868847216736,12.5994714345067,2.27291230476384
10.2511902517295,3.45195786367635,4.53886185699368
15.8382154566321,1.80231864041492,4.37221294968579
14.6019255041736,12.7204255286579,2.42570246164794
11.2121062842217,9.87260483628997,3.23660689782063
15.3965067723143,12.6837917046566,2.37572052717969
12.4651532150435,3.25133774340296,4.39092334340412
13.9468826170966,2.06779262403784,4.4629689295533
15.4138291041664,5.83755038667342,3.6845418821651
10.4117125600025,2.91058168649536,4.50415377082112
14.2607865380235,4.68646621272033,3.93573968369174
13.7714016392979,13.0983481288787,2.37979206665154
15.7613855467498,8.25236517452769,3.2384320078442
15.2300996459172,4.9295702736574,3.8714667391946
15.6196517217541,9.7240451177824,2.92607814170127
10.8281478806273,6.20977521230459,3.94222655549963
10.6039901824381,8.58411636171464,3.55447252941917
14.5156747759773,3.59763696817852,4.17758181307774
16.2045207651997,12.5287665902728,2.38771229019578
15.1560643637011,7.70401847416168,3.34587191700587
9.82166845571066,10.5585586624899,3.18225484818326
14.9405884263344,11.8168630022201,2.67211763496819
13.0872292544,7.47327003038866,3.57106799100575
12.4446049244754,9.961518483379,3.10836927087554
13.6479472419974,9.47019545483282,3.06771803821307
14.0769634829174,5.81740914907102,3.68506349566995
17.4830623337152,3.16211205058174,3.99891780448069
13.5303303523305,5.84146584572063,3.76934832299544
10.0962847976527,6.60501539246755,3.91908878790632
11.5158583202142,1.00764495453106,4.88835457642444
12.155680409613,12.6042248123335,2.62339704981768
8.67778308048587,10.4320825534896,3.36042928458786
14.088339133064,9.58984216975812,3.15551291366774
10.5779039209143,10.6758559988543,3.10556777197836
17.2495229171969,3.73992310172212,3.94580523714217
12.3164069685645,9.03452657114366,3.27891079686664
11.0462305021729,11.4201624918388,2.92954974476756
15.9638820704119,10.3597817072261,2.84702245043655
13.0705230803326,12.5890881707838,2.48524557077741
11.1663109983521,2.77317141657307,4.66335896855177
13.7911840973971,2.59163311946934,4.4272821492796
13.7733163881961,8.00266495083856,3.42009014047194
10.2061056069172,10.2702160048956,3.20985663584327
13.3801255072634,2.33362349898321,4.52160090457962
17.4580478270898,9.69717554597066,2.83018086118234
15.7255062977551,3.44502434913443,4.12357499516484
11.5815819668811,2.51067365560376,4.61090027108217
9.55643579743766,7.39836201963281,3.77331585607482
13.7785254819717,5.96032434221965,3.81732917770196
12.4009576395862,3.07660173201318,4.42896446761312
10.9695084300692,8.30321838486463,3.53149613397573
18.1801688158275,2.42190300022288,4.22708945413568
10.0603859285109,10.606449895662,3.18885430223144
16.5008501977245,10.1529075772815,2.69592975043372
10.8278793892107,11.0408690472014,3.01779093066696
14.257183518529,2.00899483482864,4.50011723354035
16.2145946267718,8.13323503750442,3.18781513008215
16.4189168671316,5.40164943674968,3.81147323413434
15.5232015472156,10.2330334344517,2.89724228925092
9.35404705494684,10.5957377667307,3.20868097015913
17.0147751902656,1.34159672487994,4.52812397201094
14.7675193312975,12.6651684258842,2.42439883917198
17.4426103774696,8.82739431449003,2.92436624392836
11.7067019938388,11.0839189292265,2.87826649633907
14.6260392315261,10.2734078202325,2.92732021571344
14.7853058346055,6.38076199331538,3.65056664789662
15.5669408142226,10.9439616806101,2.69642150903091
16.0089310558233,10.3612585878335,2.77622265032833
14.8689305994365,6.24454203770649,3.60354456118676
17.0661343605315,7.93814938944529,3.13582430201065
11.809855708027,7.79502840620945,3.47589266693067
14.8202999163041,11.4867343477274,2.64611258539756
14.6562425865574,7.76203107561406,3.42264323125901
15.5679726088169,2.92707969867279,4.23423080049702
12.1419631174057,11.1818609488484,2.94771796152803
12.4291256788934,9.31425394930338,3.23333696115091
12.9694643882405,7.72439786187516,3.52459616176488
16.0749793056217,3.31275652672432,4.12025274113983
8.91552258777708,9.05692373962325,3.49801503382327
16.8165526120171,9.35782822644358,2.90090562920253
10.8182377224999,5.76293779024354,4.02844203005037
12.4358360546781,6.26243758768204,3.73621686109687
12.3957896793645,2.7792688788818,4.48623132873318
15.356920240721,2.40850148299712,4.32698893582089
15.8412363731744,10.4793480072592,2.75364413744525
12.0904154162154,9.44550446487579,3.23251577093046
11.1055728274386,7.23570484227275,3.72601105876869
17.9245977863067,5.41961430194794,3.55815858039812
10.0639966811642,8.59832069307867,3.53997536395616
13.3994792696052,9.07266984099995,3.20996591041169
13.5067644574945,12.9300662488805,2.55489338330783
13.6788949981696,10.1397521887317,2.98573283703234
15.449145883307,3.58913690216368,4.05166669008043
12.8095104410557,12.4296531991121,2.575940435307
11.8600678380075,11.915697399404,2.79137903048826
14.1843721838944,5.33934542179821,3.86805981545182
12.8745934214123,3.885216729133,4.25238612466885
9.95127599815834,5.53112432059188,4.13498429645173
13.6286313277509,3.05340870679784,4.34534665002503
13.3455727418887,5.90576644126741,3.81983580559123
16.2412984186743,9.53199513515526,2.95882782431231
11.2081289094546,8.06510536686764,3.53412703488327
12.1412336428553,12.3691620852214,2.66941372926048
11.5958947691436,9.29041385989638,3.31375890150582
16.8917813213641,12.3975004095166,2.342923783191
10.723757329438,11.3898039726536,2.95151217701045
16.0737113919115,7.32458277967445,3.43715435965937
17.6064763653471,2.97798341596769,4.07446540452267
10.2444583907339,4.96830607178541,4.16339161303511
12.6588473149972,10.8676183115033,2.96089511522738
11.2911895222605,11.9850364357587,2.72654771279674
16.6576595424966,4.27802407697929,3.9504826783148
12.9777866905587,9.44954158541168,3.16809579921137
14.8569889940862,1.46241216231505,4.45774973587349
9.47137544183203,10.4251321357549,3.23291176642634
12.7800594853985,2.08356985788515,4.59179487401292
10.5098090438119,7.6163857845102,3.70840268408568
14.1936516509593,9.64735294298604,3.0758841530843
11.9065505759958,10.0951291259171,3.1213945795967
9.9700795445056,8.41159003558091,3.53171850838435
9.51209659702273,8.49770934994752,3.60946723355315
11.6633008102413,6.12343901046666,3.89884539263169
11.8055183826361,6.76203239584508,3.76644655904683
16.8637593903377,11.4298307450749,2.51043254314617
14.341169547364,8.20386086640845,3.29866460143984
15.7980180595031,3.51632073478187,4.18832921635453
9.75580547270517,5.997242329211,4.05981048309951
15.5887622566773,6.78986701097559,3.46090142871863
11.6972937215632,7.50662934455995,3.63172657229213
13.4402552486985,8.76827753617028,3.22729184093416
12.5852826173171,1.2026768498192,4.68920870148322
13.0779087966529,4.75807749097658,4.05865046428358
15.519802385177,4.19839146824232,3.99060242744776
12.2459839304189,12.5287225869991,2.71646679167311
13.0282978584967,3.64764438367586,4.26125963363861
12.9830486479175,3.62196884496059,4.28934287893807
15.2513181804013,6.30406816524131,3.60643905355183
16.2789867367583,3.24760606650638,4.10248680384624
10.6549840005621,2.975029411411,4.60090674063801
14.9981265486347,6.75949887692421,3.56447648486099
15.8679134522747,3.84688726424438,3.98497767271246
11.6856453009473,11.2907034585391,2.90845984089046
12.3642575217802,6.15723156923602,3.76086996490861
13.7009337014668,5.90913840389682,3.83950350499783
17.1489448399931,4.67777260794935,3.78201875115081
9.72626423920348,6.08182420534703,4.12353233420412
10.4243438539688,7.6206464819228,3.75933726617111
14.6139449297333,12.5737122489516,2.40940401816569
15.6519899742508,8.99684551021548,3.0629120731244
15.8306642745217,2.34482432864645,4.40910227733089
15.3604524807519,6.5912653165164,3.4846408495052
11.072439079779,8.35488134277297,3.58364935415903
15.4682508132302,5.1956126132872,3.81126347151026
11.5552811002695,10.091745556999,3.20624273377287
13.3482678425394,9.06939627573399,3.22666981129417
14.51106246056,7.11739119586979,3.50438939341442
12.1851260129086,12.1985567850133,2.6989117220371
10.0297561824229,11.5023625136361,3.01779240736052
12.8733984374632,8.44352637613317,3.42167058794444
13.8085600340884,10.2841481934863,2.92394042827107
15.3118374741011,7.28770742688154,3.41436224010516
12.7806609584839,4.23831386763838,4.23498507012274
11.6323243961961,11.4268875186422,2.940254767375
13.3433232834879,8.91411587230958,3.24433387047436
16.9966273655593,9.39007156314145,2.8159181613522
16.7423825854143,11.1231194143499,2.63506001234811
16.2363003009443,2.51045673431982,4.2622060875215
17.2377512009639,3.43674959351485,4.08152213655062
12.1543526197614,11.2643236381166,2.96670235544979
17.4344699559603,3.31899828524929,4.02154774289546
12.3253198082393,12.6011643071709,2.61181516544234
13.119553890585,8.40961205643577,3.2908371806207
14.6052581614864,12.7026881031684,2.40125614915275
12.4589379147093,10.0806244636077,2.97324012262458
12.4254894830292,11.4181976801542,2.8309972162709
12.9730217774309,0.79781333498096,4.78429776314475
12.5055520193507,8.25680312876551,3.38973597999304
9.57949766886192,7.72459300583342,3.74191878964937
13.4709983159681,5.03606963086691,4.03081145187794
13.3835315773169,3.07715403944894,4.3903568654118
16.7549413221741,1.89546430163872,4.34268812026025
15.6459669450434,3.44651353682643,4.16031100093268
11.4290851170313,10.4517434420372,3.09293338812053
9.70664495521249,5.27126641929307,4.12181330392871
9.58042959615927,6.60396064403565,3.96392420164001
11.1874829118666,9.93059634056354,3.20445451249911
10.7347115460977,11.7135108491601,2.97064146770916
10.9526975219843,6.49878093292332,3.87799038335922
13.0939654543334,9.79253812872112,3.09412861109739
11.9227383728599,6.38728712905787,3.86020632613482
10.6177345567806,9.69284425646518,3.35728962562876
9.59930477101469,11.5515314533718,3.09588944053757
12.6555951368011,11.2334008093621,2.78351369273904
17.4611338119684,4.24201084202422,3.84301201157165
12.040852509077,10.1044059498274,3.07264625375319
13.0613628198104,8.21966867220627,3.42776224906337
16.8253796234721,11.8230540345585,2.4379400464737
11.2036121247858,8.70959467428759,3.43694263802692
12.4713707876293,5.66501313268009,3.92860806813186
15.6970681776767,1.56319107935821,4.41402737838741
13.9341144141908,9.66722093500545,3.13150108680752
13.6252879465932,7.55971224646912,3.59056039164212
17.5510608781511,7.36894249880831,3.23820731360552
15.780970705559,5.23122389593573,3.73756773869396
15.857984791075,12.9335534169518,2.29482742972272
10.7697848245678,11.7414512496877,2.88789777092929
10.2957126246891,9.52717391134397,3.34561445904795
15.1824588854147,7.87679778894601,3.36579258900433
15.6641916704,8.12011271256834,3.2298042680346
15.9029021971381,5.04183714276259,3.82982515048935
12.1554784906835,9.59939491294983,3.13955476114536
11.5442570674192,9.88052802959156,3.22743287278824
13.5887113189425,6.05866719856046,3.77313813395759
13.4131864012658,3.35793865671988,4.20923866742207
12.728373719556,7.80391135739998,3.50088503970439
12.5305681426868,8.08489466462808,3.46130519598087
11.8660665936563,12.3000317717966,2.67962119886658
14.8321903971677,11.8776982298563,2.55530451561261
10.8369705517721,6.86810628614812,3.87959681501451
10.376602474339,2.95134843570196,4.55617724481795
11.4337629200927,10.8440615643915,2.9206857789885
16.827163445461,6.28161129682547,3.49819593279701
13.2248096332503,3.90370693704686,4.21160211913279
16.9207344553368,7.69854459338966,3.22034693242504
15.1250050994552,7.1080198444596,3.51497000675824
11.068197717777,8.10525367255136,3.5622991374698
15.1509353471801,11.889302320286,2.50867880546667
13.5967712478636,3.81994228223619,4.20095166234367
17.1485152115804,2.30896015726889,4.26134697961589
12.9520283036398,3.84908648461149,4.32275178125923
15.3392670617475,11.5752920839099,2.61465850266019
14.753156081131,9.05388011671911,3.1468921359801
15.8483727682795,6.46636774221629,3.53304640890861
10.1524926044404,8.19661744952802,3.61049592057072
15.7695727805288,5.75795043922513,3.67425773220613
12.6822687096689,11.6568903916656,2.86739663646454
16.8891433811455,5.49672470371085,3.71488217705687
10.7377594816574,11.2561026507894,2.9830687892202
18.2297626125145,1.96163858650271,4.2986432426813
9.52871534851633,9.765052354168,3.35510870615851
11.0169426938021,7.80409779534908,3.62360318733204
14.1193462959565,7.47663182783631,3.46374300367171
17.0077731192741,11.4603793318131,2.51272522784851
10.4058689918566,11.454581054029,3.06946566551417
12.3740843454933,10.8778632742082,2.93808008615975
11.307312454506,10.7433450547797,3.06961541728693
13.5383090258956,5.94565939304405,3.80130049459113
10.7419869956836,11.8462529899483,2.79201484874011
13.6524912878748,7.71065490900169,3.52406541458988
14.7449991923747,6.42618494109525,3.57648665876971
12.8907513729727,2.68818408909718,4.44801984972861
13.0854988109081,2.4028081679246,4.52105375873962
9.67713000030131,6.69483552734826,3.8413400606432
9.93810614396086,6.58856292599221,3.909646061657
13.6278056593583,10.0028362469301,2.92177425129541
16.9787145740997,9.17746101327632,3.0047438897625
10.9330475181629,8.96494644476694,3.50690258374311
12.726486151059,3.54132475223708,4.3166885003165
15.9455703596109,6.80328829892415,3.46160333285871
14.8557502031439,13.0691887424313,2.29639270525245
16.9167108472369,4.6940291822878,3.79556514887256
17.072380195766,11.1807118179003,2.52784474084506
16.7675185506118,3.98913484682329,3.87933911810565
12.3982843141422,8.03179664291511,3.48095394643604
16.9824791004611,2.21565697518741,4.24186983403152
9.015247932544,8.48401590342816,3.63707056102113
11.263786752866,1.11082820460435,4.96254484738314
13.8793243654243,1.6323798298162,4.64494247928454
11.2723190491059,1.49668567894206,4.87770014800172
11.8872316837853,11.1948732175046,2.91233850282897
14.5874921480867,3.0588662154165,4.31174037976555
17.2996901291957,3.59945817346586,3.97754748341193
12.5742239228676,5.79738117431067,3.99241811886055
18.3295366241319,1.9576831824401,4.31277692273439
16.3003488491631,3.13242405381486,4.12363755633928
13.4287151908456,6.72949157928397,3.65328455515753
10.3128953303962,6.13532335312389,4.08009223605552
12.7712039603809,2.91479903264933,4.50417652658515
16.7436172617382,10.3477204783571,2.67736081570517
12.925536635406,8.16867645802342,3.37261238180563
14.8191534481719,1.69110514434238,4.5206393121157
10.5780473112467,8.96266186889813,3.43338607682139
13.2413703297756,6.54549836100094,3.68651641081217
17.0492964335868,10.3213765368741,2.70326736795946
13.5063679090461,12.6830892746236,2.56827522342448
15.5441215413895,7.33744449827841,3.29209142334779
14.7016742882494,2.21007395076609,4.46262339982174
17.0031653450589,4.08425403577749,3.90604776713067
10.4004806575046,7.62069852967532,3.684412020338
12.9765901240444,12.5049753873099,2.58350850577285
15.3793207312408,6.19650964958069,3.50870326161973
9.8105463177369,9.13539075801285,3.45538315876109
14.8795770233437,2.42927801881581,4.27481263389537
11.7181177031356,5.63974296572673,3.98747135402038
13.8347681107982,11.8746224455083,2.6425762784804
15.796343309502,11.7664279928755,2.46721112008884
10.4121231279752,7.0738334741202,3.81626698470231
17.1723742839972,10.1033071908224,2.73342903040173
14.4054053560877,5.19018297316378,3.87780279072638
14.7632078581996,5.59397056109926,3.83853239643274
9.92326554992802,11.6885891072388,2.8727553914783
14.4792468778934,5.44887860083486,3.82594993871807
17.0528754286998,3.73838962933975,3.97814072295623
10.6767655691323,6.8889021010314,3.82313012318369
17.1301055255187,6.32035304344218,3.4235670967033
11.4617398665482,9.04180330509392,3.31765660624905
8.66853168666471,11.0997002827231,3.0472027278226
15.1165537420784,4.01070112977412,4.05544129459074
16.6999707174458,3.04907874685939,4.02667592906215
13.838296473644,13.0535272261761,2.41538593976575
17.0841873753272,10.7478025893554,2.61916536233761
16.239469159082,12.654571476149,2.32084978648264
11.7856548041703,8.77592561622558,3.39391173309121
17.0888909866163,6.3180466052698,3.47245122033394
14.5475583598683,3.3770678550127,4.21750198106037
15.5856568253328,3.11197689494105,4.27385286207772
13.466515623909,12.5447208364518,2.54076269102058
9.8325151141315,6.05248715349674,4.043737035938
15.6542424774108,10.9497375228701,2.73565092666643
13.3033071697399,12.8265319228732,2.49854293985384
14.6816744693101,4.24349287862244,4.08147003923317
10.9552173722475,6.95978089324648,3.74580919091768
14.292931871553,4.25031063545973,4.06866574028524
13.95198335842,9.67735089361858,3.02452161328152
13.4390679336023,8.00555841182984,3.41132369148028
9.50426327121702,9.06640255270309,3.5385567204334
14.6868789828633,12.0394106590248,2.58574443183443
17.043441521346,6.89253721663614,3.33546206629126
16.2215467141475,6.4138089446966,3.47192018443035
17.0070276683197,5.25706376258533,3.77553033917404
16.6184943531078,10.2079418337638,2.72827768962723
9.28659638235438,8.57251134356574,3.57693026270118
11.3420489056173,7.33168416379491,3.59264055510898
10.8051345180978,11.6545290622244,2.87497797134267
11.9257017570924,7.30694819054517,3.65355383999985
10.2177783241611,4.94335178256795,4.29810580796566
16.5886650566425,12.1191852589954,2.45124968516144
17.8939911014461,2.99752718371525,3.95767825617097
14.9073463225443,7.02344200901281,3.49394326613789
13.8314006681896,8.5430506921113,3.31918314853789
17.5973545548396,7.22366821170334,3.26456470722882
10.9984340798173,10.165412850635,3.17308084019942
11.7579232518526,8.43584857164639,3.47998815125379
12.1567157213254,2.16739608196064,4.62046414438435
12.4019120832198,7.46807035162564,3.65486998235639
9.93519121052644,5.2650067407327,4.18706097158646
14.6651495506643,8.51470751202595,3.2851033007159
15.8497146022344,13.3751085121929,2.12300610484911
16.7339959711788,12.8938149131116,2.23959896323141
16.9819258336634,8.39640138937194,3.08241940921789
11.2726888367866,10.8421520746985,2.9232649010493
16.8454293779984,2.41197658002349,4.2947946590262
17.5084977511765,4.50047949483616,3.76549807917272
13.8118272792134,1.99169145937099,4.5353718734648
15.9699462534899,1.62917920902695,4.44994758363374
12.152273745418,10.4362917430763,3.07379437362521
12.8378434876448,1.97779222022931,4.60789136809994
15.5918411046649,2.01132613918783,4.48548963682585
13.0875411152219,7.18669507727603,3.59323099653377
13.6106475804172,3.61829258423628,4.17926635690631
13.0877020508078,10.3064742691054,3.09779802457596
10.4225275510365,6.92905119520124,3.76113434834281
16.0860987020424,4.89044045135068,3.74109893095713
9.30203531635224,9.39718329584965,3.40766308125611
16.7067410222556,7.25250647193719,3.37446258077023
13.7304020128981,6.40140653662897,3.75461701056944
9.82277861358306,8.09867050743962,3.71861427347133
16.9962907171785,2.06596704500882,4.29275054780296
15.9994232573956,2.04115581687984,4.42712438796615
17.0854784787487,3.7390813886127,3.96619436644776
16.0683771701646,8.83662626531736,3.11524017570979
16.9868366105507,12.6975538541273,2.25901932903118
13.6627146600865,6.89408562344794,3.60796853024099
13.1135230394393,2.83652769549884,4.42379453066311
15.7646288679381,8.11118176086192,3.23232646117356
16.8011542882615,9.32732133151977,2.96381160278753
10.9184536940285,6.37387355790418,3.83563794252327
10.005491531209,9.45365760716287,3.33077459520689
17.5887565223476,6.57941014246803,3.41004449441198
16.5766597742952,2.26319613467289,4.2030209625537
16.8157152658191,13.5745266847726,2.06280412446238
15.1106442370946,4.97520115277116,3.87512852978579
11.1175685028425,11.9336476016723,2.90832051258164
14.1613425734594,1.64356054169715,4.65531491718945
14.8297315260542,12.0822669724414,2.53147783625353
18.0804732148359,1.84608161028069,4.27194119413327
12.0270419106337,10.5141287511358,2.98941749358004
13.7792096117944,5.98154231572797,3.78394104555883
11.4758469848681,11.4128200870121,2.90014015005639
13.6473773662768,8.84927909175208,3.23493219128263
12.8904899945096,10.2324980206607,3.09957315381435
10.824837694641,7.40251968594283,3.79578251150175
15.2630906437157,6.02550776033664,3.65938710536955
16.50417266037,9.61156135437803,2.94813252597792
17.0692969233015,7.68155565189574,3.15291181407811
15.5027557896313,3.05795204959488,4.28068673062413
16.1156907116438,5.80011078641946,3.64136453247117
10.7296770971069,6.57734893132696,3.84181593997912
14.3650249120088,8.65049695234026,3.2543530479889
12.2947478020169,9.26359956027417,3.2526683071778
14.5341655117566,7.62124871819868,3.50692229954264
11.2991977271044,8.26575309554492,3.51501807064631
16.0046137069802,12.15912493891,2.47263649333752
13.6654157756372,2.41789771579792,4.46431658164214
10.9427772485796,1.02436815125306,4.83166091530192
10.2806339876506,5.16227757956431,4.080883081498
13.8910259608758,1.17695958350325,4.68559445526733
13.0783136715536,12.4224585428379,2.64467980455283
10.9273433842755,2.63683535001717,4.63667496856476
15.8384526032721,7.78968625137037,3.30799288322122
10.3169120217912,7.96731052038907,3.68449319198118
13.8029433675144,6.77493589034574,3.65850639064308
13.4726193794098,4.96388315976767,3.99095753417794
10.624328458839,5.70774426901054,4.0529119011557
8.6253959950608,10.9031416868674,3.20212074181749
13.9560064511747,6.55769234255172,3.54923744660107
15.6647817065279,7.36592220150178,3.43314401958378
15.5085901465131,2.96199302045072,4.15354406064371
14.7795084075719,11.1617814279934,2.70615549898334
12.3673101009137,10.3232215336804,3.1346120168834
16.1140231701209,10.3003791376931,2.78125545361691
10.8853047554783,11.7132801388278,2.86124941328131
17.0185275556424,2.8183944047635,4.14717471094516
12.317326784928,1.30935036059483,4.75088439238661
13.6610664838487,9.87803473137357,3.09493949635202
16.9552886537964,4.74463390015458,3.7054491419603
12.1815632020121,9.02819115038448,3.30583318858845
13.3822353845073,5.00564851304636,3.98944838475511
14.675766166905,2.37321772185835,4.34626165530401
11.0543042455478,6.37328737258387,3.89471640020918
16.0799733175116,2.66048209108945,4.29504067163632
12.8327121412139,2.3022900277804,4.51830417886464
14.3888712365859,5.8480678032667,3.79397962703344
10.1700877159242,11.3210552523428,3.09023918097911
14.1324754617882,9.75179027398605,3.04157550656171
12.4895711829678,5.10098933391441,4.02388685012021
12.9251332824259,8.97875193068962,3.26196045321372
15.4227007663678,2.45921039735013,4.27092249816515
10.2587831145944,8.17514009556543,3.54651923375422
11.5961099371651,1.54983093558158,4.73252982464861
16.4678187329153,6.11308991536971,3.57580120533731
16.75316065681,1.7604438211016,4.2670827843592
14.2132533741243,5.47790913346344,3.83947340241186
14.8907259557407,8.31588373882585,3.24781994204402
8.7376795974739,10.9607158851639,3.1870302525185
12.3982630513124,3.12204351998439,4.39436564246961
12.4715758082435,0.978918250547126,4.8503952032035
14.6727589486054,2.58615470964686,4.30040121017062
15.695419568675,9.37157701898722,2.98809022973176
11.4929748023527,10.6580763376963,2.96721914927599
15.0333614978318,8.86934930224414,3.17750338759166
15.6968268275023,10.975233735918,2.63741221935289
15.9048214395177,13.2625790480881,2.22498061372409
13.795051984646,3.40376457500199,4.2663675750343
12.6565287554767,3.12178111548247,4.45693347524499
13.4794125590126,2.18797302944462,4.52165510034544
12.9858830122691,5.2479688346756,3.97150783918173
10.1783877738966,8.38278405031945,3.60845489041213
11.3652566472215,10.7984240444787,2.92806468910542
12.9993735449157,11.3465826818087,2.81137054350978
8.47800070004496,11.2429085657879,3.14767663683603
14.2866435115373,12.220903285187,2.50392912318718
13.4244899646956,1.21707204671631,4.71138141222467
12.3595241102704,11.232738379451,2.82421931951165
11.3150411503254,10.7068691214754,2.98196959270984
15.0209566060996,4.22931501028974,4.07573024659898
12.7350646762726,5.17764582981926,4.00295466638236
13.8655300955504,12.7572091535578,2.47148230143715
12.679372561914,12.0135160084895,2.69886998752075
13.2872605063744,1.40349078108333,4.61443129751706
15.9917889253152,12.003085110042,2.55909953219689
13.4092060974964,7.52713546616054,3.50501427073877
9.06549921946282,10.8589562732036,3.14203779896991
14.0491668590745,1.19230774356156,4.59223564494897
14.0691819273192,5.61799377460025,3.88169253482514
9.48276124484657,11.5854006348959,3.01007171012494
15.2260161471723,6.59363157731802,3.55333286327784
13.7120193793914,6.64330842729848,3.72142754491169
15.5257981093772,6.12361831910224,3.58261858115679
10.5628696603939,8.09428086195983,3.5662978815288
16.885022471076,12.4106151283096,2.32122924807553
11.0181143928156,8.35795201491966,3.58852086714704
17.1963335602204,1.59232025436473,4.32211173262087
10.2329303022747,10.0574193278788,3.2544275571633
11.3509193544395,11.4854314188299,2.89520613370986
12.3349725028717,3.03948748100827,4.33256769202215
13.7796568271505,11.0547734782852,2.76844184627142
11.6619955790835,11.6914745530363,2.83346650773653
14.175154903326,4.11698273351665,4.16378323246524
14.556096664952,5.59677969252661,3.75616922766332
15.1628527893244,1.83032242796239,4.37999080397989
14.1244560347817,3.06279471738102,4.40341392693509
15.7299686415582,6.95651821429578,3.45459325444476
14.9744488201888,6.8998163697499,3.57275706401398
15.3834044859575,3.18164968434453,4.22452245749955
10.1252254630303,10.2056198372487,3.25518885302083
15.2631159316633,1.98592120235008,4.43238114817295
9.33819249983364,8.83591202385835,3.54656994222356
11.400617771283,2.62560364856309,4.60403472221469
12.9366287764706,7.93893469308171,3.4601103551883
14.9361947077442,3.31820646949259,4.26528072047035
13.5580375194509,2.78940653783258,4.47725239329222
15.4713659006017,3.7561557316362,4.05893884149731
11.9589977854006,1.68635524766275,4.72669528954529
16.4387091580176,10.4604737956919,2.66271868113414
16.1863570920822,12.7065345683114,2.225065021928
14.0904502317133,6.54366279866599,3.73913981478937
12.3099873070144,2.38472758778897,4.59447364148882
13.9611911781132,12.7874843563064,2.4143594673083
12.3251882930252,10.6648168750126,2.99567756468604
13.3665602668112,9.60235225014149,3.20694416871556
17.0508935670785,8.70814559557254,3.03243439187659
13.0824561934612,1.80797041613906,4.62284260065899
11.6501518097987,1.16527468472274,4.81106719790477
14.0358184479454,3.02562036576821,4.2814455213817
17.0177979998314,5.62869051946184,3.54382418341257
16.1708594270061,13.7174545070689,2.12238269177862
12.4328949981843,4.99529294737485,4.11605572058773
9.69592797331994,5.27246204921438,4.09479690256542
12.1890684827685,11.8048404501355,2.77396860947103
13.0510013096405,5.73352382986887,3.87392370601723
15.5823801909325,6.14375467489029,3.69957817753606
11.5009543486318,9.85677375560488,3.19482468401022
15.8418775665033,1.204159320165,4.51980911977187
11.5347751604351,6.33847634722174,3.93445115024034
13.9594935288183,12.0996912969263,2.59056215041741
15.4461995984972,7.01549773061691,3.4808026081263
9.44104283233405,7.72774596131911,3.67603547320941
13.0197186458689,10.0995017594126,3.04071494148664
13.4256167373803,11.446705578684,2.69261572657269
14.9112851032809,11.9800509233015,2.64256643975029
15.1396738955312,3.08057705877975,4.23176705130661
17.0914428232217,7.38475242320428,3.26814849238601
13.7856906878977,8.3443415507157,3.30481650188936
15.0511705617018,7.00794148072278,3.48659345869263
12.2869973673912,7.93951244818804,3.50659515557577
15.7799433248899,7.96884708562904,3.22278894404349
10.2884058449126,6.61769971528568,3.87281276028633
17.2292715624069,7.13063634235159,3.2304759021062
12.368501221589,8.31321249250467,3.42923978009461
15.9362451052296,5.58512691442919,3.6370278102344
14.192481329892,12.2853756088962,2.52715556897972
16.5207533672619,13.7065017626626,2.09938212040378
13.3948708244128,5.87365032432866,3.87471296957322
13.306715159542,6.46522884157554,3.71556686386214
10.7706668012729,10.989008361163,2.9703755034006
15.128163530329,7.59665346778356,3.36841797892596
11.2540304942148,2.66521208394308,4.59945021510967
11.285089422401,8.25379501680294,3.58785095904143
17.6872146485822,6.41978720852171,3.41006736208682
16.8234683575567,8.08521168268003,3.21258701685356
9.95144912237548,8.84180257036732,3.50145641077141
13.9923202631932,5.96925843226021,3.81612698514371
15.1994780633966,10.3588457117035,2.79160774456434
8.70688448628059,10.7153216711853,3.2740382764006
16.893030414885,10.792223959013,2.63034242260808
12.0438070907268,10.963184299935,3.01230671128922
16.2887956467648,11.9496671898309,2.50212955015049
17.370226591277,8.83720547538052,2.87928448270873
9.29262082774951,11.8583442647555,2.97148051039476
13.3667260924575,2.48932276333529,4.51444111741215
15.6233903169512,5.69669788447416,3.6964637861234
12.1924095996843,1.28711109382878,4.7926431946051
9.64645034931899,6.09983843277689,4.02559866671188
13.5033680820706,3.9220891204438,4.29675607278244
13.8793742501884,6.2120355420842,3.72294226316962
10.5347098813794,2.35060657643455,4.66208865881232
15.3042111776643,13.2618286905395,2.27173012826585
16.054993923181,12.2032324322565,2.4204474961243
9.49200350005937,10.5182154319889,3.13313574398957
12.9178423895674,4.43744528241743,4.07336429027622
14.1816968049837,7.87458655992564,3.29844173363233
17.6719040636773,4.51054552704499,3.79250994443747
10.5848670376707,1.20966976092628,4.9164722104128
12.9851286030149,1.71707963190398,4.67521462935544
12.1384288149167,6.61729054330913,3.88261327927392
15.8730376701718,10.1206840124443,2.83200491099105
9.77884688751959,5.20434044951036,4.17945833259943
11.8784997406048,8.59740844813367,3.48058570433587
13.3774378080646,13.0808391897796,2.42202525676279
13.7486810996136,4.04000873008919,4.18281452683405
10.364010231984,2.28490284782325,4.72656191723918
17.9136601618018,5.38727355871372,3.59140221449707
