-5.88332809482239,3.43459873953166,-1.30040936651009
-8.08949325195028,5.69390026376743,1.68206643910475
-0.0250725283255826,2.68293806286433,0.00601513956219146
1.01522701373198,3.96150344158378,2.50991124999895
2.0053464932783,3.24357910993052,1.55429440656579
-9.17465310473264,2.10531923204899,-4.05932400892369
-6.34442360998974,-0.332302636081717,-6.90019568521165
-5.78294522691869,7.04706059642307,4.20400001678062
-8.31297523195869,2.73430750224766,-2.81798662582896
0.46573801811274,3.19864799329828,0.458826991427076
-6.30040377437563,2.80250627184296,-2.01169654439995
-3.74946736375572,4.53889271878111,1.47540722985482
-2.67126828577666,7.40300108799806,6.13194952454879
-8.58793715489688,4.28043574495242,-1.59174073873616
-2.04610678100821,4.9954163030712,2.753657986525
-4.24711889819576,5.80290124068356,3.18974558502443
-7.89766421331699,7.56541782960989,3.8903488858678
2.93641497708887,4.02638918836862,3.0497387220828
-3.18466596174428,-0.767273908547233,-6.25469050391731
-0.13019616234221,6.37421732719141,5.4842466900663
-3.03725096345006,2.21504520052737,-1.10101118241541
-4.65637264693892,2.80308309919671,-1.43542674844064
-5.21195363796748,4.97637168859504,2.52268549413236
-8.82804306129179,1.74870705608875,-4.4708141821243
-2.43575667120569,4.84205287027091,2.38814571926151
-2.25612694728984,0.437004228327093,-4.09858434636871
-8.70192492687484,-0.79666016553954,-8.22962643343843
-4.09360640313551,-0.358554605360313,-5.10921611615592
-7.79329444673517,7.02309156882455,3.77163855697696
-2.90737614186364,2.30777517596826,-0.86916531774298
-3.09071803600863,4.10780324168247,1.06189105114408
-8.34779887169486,5.84692649467243,1.82029162528952
-1.80549022857237,6.19936535144295,4.63665588492827
-1.11329511070914,3.76010174132333,1.23449565283369
-9.41558774237463,0.891079871333716,-6.72692364955911
0.665008640646993,5.46218869759912,5.10563067965822
-3.08195273501833,5.85627578200965,3.6534699061032
-8.54467135908537,6.94884976943422,3.25000144609354
-8.18415372007515,4.2030789761793,-0.578453908710759
-1.18442615425116,5.47141817955887,3.7664241584332
-4.7187616907541,4.74283560726915,1.44086061254884
-8.19934463767044,3.22983566580093,-2.29993779151028
-3.71808518451061,5.40722841022186,2.92029069483184
-7.47495447718915,2.31894742655672,-3.14671656535332
-4.79510714618647,-0.374884677587498,-6.23208561030027
0.479488520318901,5.85315537004773,4.9191329106627
-7.65010396721504,3.57468745473219,-1.33039751677895
-7.83526273852311,8.06243405626324,5.30979875885969
2.08294442825743,5.23541186704496,4.55738842914205
-5.92270603745084,-1.71291614391011,-8.62585409030428
-2.43116444009639,5.39675885038007,3.0802681855522
-8.39869441412332,-1.38731696930631,-9.00597810702816
2.77378731831727,2.89022103239072,1.94384612932699
-2.61096386572582,3.85344734215988,0.986889018298699
-0.252430072685334,5.00372255799596,3.39385176559369
-4.40534237546176,5.42220841513325,2.5655864320235
-5.09291034038763,3.43211796227558,-0.648392896106838
-3.56057715611061,2.64362201873911,-1.29014607336871
-5.06142658113,4.82825369420952,1.44854899521894
-6.20682151720997,6.95148418673309,4.21991492131358
-1.30759355266019,0.130672439738038,-3.45216340562975
-1.9007449489522,5.11860208224314,2.06097717172575
-5.98129137247104,5.10272445508508,1.53667611090024
-4.93846888463511,1.34044292314078,-4.0060738666291
-7.38500335437408,2.65367279744038,-2.61367190065409
-7.87757756656871,5.66643898818909,1.7152075218235
1.57627624915342,4.61262346271326,3.44956683389651
-2.21002695599582,2.87658562220781,-0.169542641260394
-4.73745107785124,5.39386950425121,2.89049778238334
1.68779411122896,2.84960425563519,1.02823446590379
-0.710247424014772,5.96673054048453,4.67241654387161
-5.25277472362872,-1.08591784820455,-7.45460082098352
-5.29550231983604,6.77167866374966,4.27023322731247
-7.43300687568831,8.15998380758742,5.3627145568523
-9.46814962007904,2.53212952542678,-3.52436338848583
-6.29803494126871,-2.21833046459702,-9.51234223337033
-7.38936815928154,7.39917594595193,4.4749079190733
-1.28774465258509,4.61750101522764,2.45445200050752
-9.42310374754525,-1.51685673474514,-9.81474982992677
-1.62032694903389,1.76379104148478,-1.92558982747878
-6.01592077839277,5.43469722183951,1.43975837616227
-4.61933549985151,5.15046708829869,2.08468902038059
-3.76675608243001,0.694525038367847,-4.27439303030596
0.870847864720353,3.46437224014317,1.48710199491202
-1.05641298080163,3.81259503867218,0.676358993930186
-4.9989716403745,5.83704450456186,2.97761084012012
-9.62510429836545,-0.159705190132578,-7.60108311303204
3.88712811627797,5.76034458426243,5.97313503472674
-10.0509971787833,0.904434154246492,-5.28567929961896
-2.10380861356634,5.52222226554846,3.52054672195064
-2.26656193042594,7.41416111513727,6.29026987723731
-4.65027777961403,6.0142169177884,3.36436082108016
-0.163334973884946,6.53018079102084,5.70566828706632
-2.50377837279851,6.90003505186326,5.43910490900795
-2.36329767498991,1.42704007762508,-2.68875732146291
-1.63814012696873,2.03414988168845,-1.52788974010886
-7.98056500197052,2.25070718087335,-3.5400237193928
2.53694843247715,6.05153726265531,5.20482546982449
-7.05580074190601,8.21848470072414,5.81575945012101
-4.92321161457529,3.27318968061512,-0.826448406900438
-6.8768613594791,0.322421333681638,-5.91887283712781
-7.79192327447645,0.210188305766682,-6.39343584376475
0.917701730625578,4.6574188840799,3.22767685284822
-3.72058600388469,5.01729570196329,1.46582203870052
-5.56494876248618,-1.88692434972791,-8.58753489329267
-5.44959038193646,-0.532852556377227,-7.21678348068778
-3.16297743660546,5.16641828151631,2.61824393509717
-7.70635604371,4.28937825454008,-0.282288523601925
-6.90411468959529,-1.04270361103029,-7.96800184069118
-2.90865281292202,1.30439041674388,-2.7061199775181
-1.90260544559862,5.85867676606781,4.09365359574408
-6.5042573693339,5.99365895941692,2.68475625450852
-9.05438952786164,6.12466653067564,1.84106265133587
-7.09667322820734,4.83359557062931,0.395276384369559
-7.2573549049378,3.0403484066412,-1.99127526361413
-4.6407049637111,0.954160586711063,-4.19236025360389
-6.51068807954943,5.71691509950937,2.14378271641847
-9.74447945901636,-0.831968589013338,-8.64727187773036
-5.11587327042513,2.77065574504488,-1.64469984431986
-2.37890200619655,5.97823336473657,3.92170484365857
-4.98571234905872,7.88971136140263,6.04907677301487
-6.5091621595481,-1.83633662220537,-9.35150185489643
-4.4425441359086,1.30384660550314,-4.61506653063724
-0.699051691845888,7.54734222149248,7.03787739434874
4.52719377335471,6.18085666549193,6.54941172819178
-8.68934971471659,4.92878215907516,0.328978766391982
-5.26092719462137,2.40412535700481,-1.03439923690134
-2.84371232549789,2.53712950865142,-0.642837369780835
-1.28922081654771,0.839751389471744,-3.19028194643055
-0.88536062808628,2.74163637966719,0.237337882708021
-1.75777659086739,0.351735817754471,-4.08340440326054
-8.78472089592798,0.939389627982453,-5.66482730026119
-6.18681761382169,8.54600422877285,6.03784864448575
-2.12803027480479,1.38168666888401,-2.67417525529605
-5.05670934678031,0.0153781967983668,-6.15578472113553
-8.509494165686,4.58540614605975,-0.121099447714313
-2.98602937093433,-0.330547962765428,-5.53266950448329
-8.35858399055089,1.10683909511275,-4.96457099249373
-8.20955199077425,3.60260718740825,-1.48448933457899
5.72686715051408,6.15457322521011,7.2060450852871
-9.31392010255752,6.78790433849034,2.91174556773739
-9.43070718971106,3.18745898970089,-2.5321513948045
-5.80233178654649,1.64156848708762,-3.57189298428629
-1.92817989924898,4.21681595374358,1.63164981119029
0.459071376371005,4.23398817696383,3.14637196263593
-4.13486362943458,8.29000033410417,6.94493152053089
-2.42338798118732,2.81995898236902,-0.562340848245614
-6.01954604030895,-0.32173797269377,-6.58123222399237
-7.34073663795485,5.89769667709204,1.74963831792298
-8.18539904911636,-1.41995222916244,-8.98008442660665
-4.6810188294874,7.00913555223593,5.3965471623926
-2.32362824141636,5.65981707411459,4.49956663528667
0.984692732114256,2.93580040823229,0.737224891854849
0.79853545280582,1.98490993180383,-1.78781502891836
4.42410622879072,4.69106209103554,4.14231298111408
-0.318440649871761,2.05837297249926,-1.02980630507335
-4.82862498496888,-0.977794085300344,-7.48352883207909
-4.43681962165117,1.56437191523326,-3.20930312856053
-0.0455061620931567,5.85104001761783,4.04042066250184
-2.27001775695741,3.05038637914979,0.281190504115102
-2.43544170410776,5.75533259961097,3.75275857159684
2.05444233218526,3.27474903146501,1.61804786569356
-0.159845235362906,4.93611111718329,3.32761659289834
-9.65176053898214,-1.36286810999483,-9.40802075213562
-6.62797217862628,4.80971037853625,0.516422321293028
-6.74151244915515,-1.43241392119567,-8.49334530307712
-0.631919414768153,3.52866004681541,0.783742801710973
-4.08205164405643,5.16743187360589,2.44979455754221
-2.23299061929236,5.27402027483838,3.56467506845403
-0.142875318863701,3.7795411843311,1.60318471980934
-4.43188092035327,3.96523568359035,0.379480702930445
-3.52352737839329,4.38332655445372,1.90163887578949
-8.43528115930736,7.01921796363483,3.63857892521012
-5.83996856546608,-0.798493299908087,-7.03365562515149
-7.95753926525262,8.30089826771135,5.62328409458259
-7.19384115572006,6.22503134344575,2.78908937934074
-7.52879214189028,5.33772906697583,1.80406514560874
4.56471737205027,4.78415888531242,4.75180161981367
-8.34995133675295,6.28573938382254,3.34627190096015
-1.20221505060713,7.18397528460579,5.89076368355397
-7.2956432031885,8.10443103272181,5.20325478403613
0.540844477246783,5.26147938414561,4.05660284380544
-3.99437018794357,-1.50549457397719,-8.2716972814842
0.587398098769196,6.85868094669911,6.13372082030709
0.966405144192086,5.75593895349005,5.00167976058952
-1.92547885120103,7.21032638092904,5.59534847118469
-0.142316951780246,7.01947944115375,6.44407033228214
-8.74623245498808,2.54872474294156,-3.48641131438632
-2.46726700882627,1.54763889133198,-2.17808881644154
-1.51302373080665,6.64720463887407,5.40812128062065
0.077360938238844,5.32198353501609,3.98478178303081
1.53174819272353,2.43689305460839,0.332054225100604
-5.79343173608499,4.91345032059594,1.31963809913073
-9.3324792132529,1.91733352637994,-4.39542641667471
-1.90165617232652,1.28267010821142,-2.74288226062595
-3.48953503616768,4.7889760059356,1.98592932180313
-2.56987340390189,0.195139636593691,-4.60160229162006
-0.133738779745149,1.92058949710392,-2.14596328226505
-5.6017440662828,6.79145420132852,4.80414633622406
-7.10718254436687,8.11715741916774,5.3979547531236
-5.84640879081859,2.14063284042156,-2.876698596256
4.5842675822296,4.4265785289828,4.22439455759395
-4.64609480568977,5.90619034442134,2.66155778111455
5.56001466141336,5.21722526313153,5.74718480381917
-9.42172086348377,0.37344727540448,-6.73333288617997
4.94857487345643,5.28261430020953,5.63087767390153
-7.38675807923325,6.81137636990561,3.59760852203678
-9.02218571348524,6.25383050100275,1.68010620797428
-6.89669623820909,1.86124753384154,-3.66227840023676
0.12917087931861,7.41383495394658,7.1282848007852
-3.75894797374187,0.128425305699649,-4.67478499423806
-8.07196910537131,5.20782338413303,1.08004214431867
-5.97266718484791,-2.34475773604908,-9.58735511925696
-6.89733945297788,1.38125038423441,-4.34407684090071
0.573189945848431,3.36767177349608,1.23844511579524
0.418911848786632,3.71248144653798,1.69961737919187
-2.30595092244724,3.77406323024687,0.837927658742542
-5.43151944779568,5.7600344216003,3.64583149578382
-1.37998365444835,3.82408274607748,1.23674714946971
-1.07314959373615,2.052515437744,-1.30270465480393
-4.03388891831105,-0.643100225574797,-6.34535255300036
-3.6817736386948,-0.562908735190668,-6.02572374392123
-0.96825963553444,3.31843490939884,0.625377243343438
-3.00164136096213,6.59728292339273,4.81252128233226
1.39642082197965,3.47032423817368,1.67994429068719
1.26689615206334,6.51272716523923,6.18016972720315
-7.24440477451916,5.86416099485704,2.23222712713654
-3.84486930380203,4.85886430798337,1.07445872318929
-8.61407512680831,3.04706968016268,-2.84059246505262
-4.83360853891302,-2.0384289255194,-8.95301714585321
-5.84639598063119,-0.832469881587995,-7.28369854528344
-4.81665387895428,-1.0964524964382,-7.14547670261825
-2.46856179873383,3.6447095071627,1.21697231579232
-8.90158134800039,3.63271126579016,-1.68172082137313
-1.76739118580349,5.89367013206784,4.19326083783425
-9.03048078538796,3.36316375301351,-2.12955788480166
-6.29252593005857,9.18518015601132,6.92400829713659
-0.720494046576733,5.57686859098416,4.97324586659299
-3.72303459267072,2.42683439900388,-2.54695961180261
-1.19600427653067,3.21446487449466,0.390328653331615
-1.01175855255377,1.19444892828999,-2.15227344886028
3.12241385024515,4.08448300739729,3.20163415142647
-1.68873257257265,2.01593831822716,-1.35401491728874
-1.87779335802396,7.36877108889332,6.35852237213779
-4.75937697846585,0.815740919466891,-4.44070373380869
-2.55761317321754,3.10221865316494,0.162922899785876
-4.87308789363324,3.28389093626621,-0.974800537388893
-8.94362976797289,3.99827826334532,-1.15025550235214
-7.68368892398476,-1.01504974930061,-8.75290480133913
-1.68127331264713,4.77441322312825,1.62517742817902
-7.13491208989408,-2.1484225803696,-9.70080057147869
-5.44889120433514,3.13347751786795,-1.04500972819341
2.43183344865864,5.43313224937471,4.97490679213595
-6.63999709803144,6.54981096116149,3.91896903984703
-7.45761133648602,3.77713096472632,-0.960560935567675
-2.30059417395685,6.86828287011132,5.4627790785329
-5.41212345326659,-0.942457443376056,-8.0875938648382
-7.46733824897449,3.40644403939275,-1.51779705263979
-2.42052736180829,7.79636087672329,6.40821240692965
-8.6380608313713,-1.28050859586865,-9.33738832751092
-5.11300409114878,-1.03061555182359,-7.32305592029727
-7.36411450998289,3.97885499814784,-0.626447657501785
2.25674265701263,5.7552409648736,4.91761688205483
2.8651643666779,3.65165499293142,2.46492252055886
-7.61658188831581,4.34786545420627,0.426468569696612
-7.03187410989964,-1.82103206216307,-9.17559355106224
-9.02615666717733,3.5335394675004,-1.87349143697145
-8.65960239318792,5.71721665514443,1.19870943301071
-5.15638848483082,6.88617250797464,4.48998448616475
-5.68890280779951,3.64714212468642,-0.535728341207741
-8.38684346867559,8.23479096232089,5.37425953276656
-6.53195778669854,5.03685823851666,0.611234396592664
-1.23373052488943,3.43456964504698,0.705976171282941
-0.955639498941755,3.45536842702312,0.384038294875747
-4.89135045115883,5.39994945227809,2.36222804960463
-6.70382243676774,-1.50925812581721,-8.58906721042487
-6.23530223163395,0.756638704994419,-4.21763449376103
-3.79858066889807,6.76418091216504,4.78327001879119
1.43789208413307,6.69515416897832,6.51257646751762
-8.36427101610982,4.80290683334923,0.254689355590736
-5.91431777390463,7.74464586627332,4.68347069727647
-0.227318854638794,1.73682157318645,-1.4366874216678
-6.23189576839643,8.60137342269716,6.36324121782399
-7.35351281735228,0.915577645730385,-4.94154932262366
-4.41435726854752,3.08201174139368,-0.955888169583658
-2.0623701693776,1.00232099038455,-3.24987069378669
-5.80122998403402,5.85933434271662,2.73012439237607
-8.7117454794934,6.05471234610466,2.00335728562104
-4.17603474900087,2.56691743688526,-1.6201570496224
-5.55452723029468,2.19891822965553,-2.65244305072296
-3.83507543694999,5.53211177504088,2.92938201304803
-7.6956462463239,0.0516085831748043,-6.61005893528493
1.97670193835423,3.45572417231771,1.86122815064722
-8.15041341123474,7.52174833459816,4.39167499533374
-5.60943040780565,-0.480158372511118,-6.67438343386598
-6.8431793949913,3.85140495494523,-0.634540406250168
-7.89488867311556,3.18280431775056,-2.00157203966689
-7.9825896016713,-0.992068511842743,-9.16877490717397
0.255884169770595,3.74282664526906,1.68789579109845
-5.84420948653386,8.02094545594677,6.62073617299161
-2.97820718149759,6.60453724646644,4.83156166024522
-4.48159375043814,3.62288817541534,-0.149409379519896
-7.06494856675743,1.93336772179865,-2.96991053252719
-7.57052942260781,7.47887555852058,4.66614566823883
-5.12524735851721,-0.0820400276103813,-6.19549179237744
-1.45372711447145,0.600689686698962,-3.60503345477371
-6.84172287076254,5.81496750653404,2.29966662985106
-6.0475752722584,-1.51339167340731,-8.37145484408241
-3.00374240021072,4.71014435483727,2.33256464333472
-1.64839432827734,0.0488450588618964,-4.49766039345797
-9.08378588138026,3.50270202148333,-1.93973482105703
-3.44311304478836,0.147943505992272,-4.97774887509004
-4.62290169164914,7.69798074926834,6.10513213431629
-8.25493543591716,8.73954026636408,6.17455722253619
-5.48446146058865,-1.95312658011629,-8.52137868797624
-5.04840724596948,5.37444015535812,2.2691458093406
-4.53489561461025,2.92188110263579,-1.21541762986178
-2.62857655535699,5.76905904262619,3.70566996470917
-7.01786303801053,7.55565888414068,4.83873030463287
-1.26020899087369,7.23229944321418,6.37077779662948
-6.11617918977979,1.8723944766032,-3.28669740476898
-2.15497813737764,6.97959799921531,5.68005687777709
-2.57916863772628,5.8596271519875,3.85827762127319
-8.09398472965803,2.08091516023346,-3.7175533546247
-8.00165161709294,7.11380632965859,3.83424799767063
-1.53021877503417,5.35181278463982,2.91883373935657
2.1311009783048,4.00140403637889,2.7305507196554
-6.70674999095736,0.397509927158406,-5.7471466464482
-5.08952223184189,3.18371988642156,0.111025993808528
-6.65310999160756,-0.664331866176887,-7.87506854700734
-0.882149696491572,5.82667901018035,4.40300445250999
-4.30205052857919,-2.37769041095322,-9.46881462478657
-2.66169239206342,0.788993185999555,-4.88175570590433
-5.48718831641485,6.16954406902359,3.30351304631046
1.56856738844516,2.4339444734314,0.191772764969101
-5.08256456996158,7.21652196796846,5.08654008938374
-9.19422072112235,-0.104433233089977,-7.36769452748605
-7.37373173077908,5.78817415784782,2.07343337084838
3.468099904261,6.11259802475562,6.89443603087023
-4.57595904920296,0.0155087859383571,-5.57210952943835
2.87744121598945,6.49526951571338,6.7177747138078
4.86087626387141,4.54771630024605,5.39160759584216
-3.1691763548456,1.94807661045528,-2.0906204059443
-5.71910074085024,4.42887722838573,0.717974630973058
3.19593693540564,3.65687312114827,2.58848857425361
-8.74723833912382,4.53548392424384,-0.278896713068707
-2.54569722438479,1.66911848807026,-2.39091507552406
-3.06476457620909,0.711849461641805,-4.44409401627857
-2.96553823608943,-0.646726019846781,-5.59487271916992
-9.37338648362062,-1.72545291117593,-8.8630478594926
4.96825801151922,5.54147761487406,7.06396117646319
-1.80467455947412,6.382646978455,4.91077670113044
-2.24358390424376,2.61192433970709,-0.876559281595948
-7.38011940574359,3.81969182777605,-0.869850046064857
-8.95426523599301,4.59186753044167,-0.267114780955441
-3.89098010311121,0.398979378760736,-5.78398585800239
0.847121438037266,2.37027278952227,-0.155861904008266
2.04764507120464,5.54607787220732,5.00919005648914
-9.90371343433787,-1.14447712330826,-9.16991269111137
-8.73396368557369,2.50462287314844,-3.3084964415578
-8.89368133547404,4.84724312384678,0.135638145359322
-5.4230251323689,5.10890818538697,1.97572428693488
-6.13015310890442,-0.8320379041629,-7.38236763255402
-3.50459783959059,5.16012912207623,2.48928096449197
-1.02658076550075,0.283761359269285,-3.92904566990532
-3.61973468753177,3.9958564454126,1.01177193619088
-4.50776958721337,3.40537877693629,-0.483544849780092
2.63537695615962,6.9915740006746,6.41978657500342
-8.21177841616633,7.38727960588643,4.16929184025028
-5.564288473543,3.80228969901076,0.348976814040241
5.22335375029191,4.92298324046163,5.18973630026401
6.40718453297339,6.17403979787935,7.10830431237992
0.255309523475989,1.03839656800789,-2.35290953492334
0.862900484074884,1.51474306300418,-1.4285594114266
-5.68675411777164,-2.10787799131144,-8.172793198281
-2.4062905602444,-0.645601752275658,-5.80047394053617
0.693040410645986,7.05251846314496,6.78580649335359
-1.12692035050682,3.9704988898085,1.8971298083858
-0.262281607461161,6.33588436564784,5.11590642986716
-3.21681128987265,6.47934503098992,4.56100488120029
-5.05334649090083,3.9268987569081,0.060269526232161
-5.72697000346778,-2.41807289373016,-9.57445821960041
3.36663147919302,4.43480934514491,2.90019483782405
-3.90068782725859,1.63827528526157,-2.59228651096577
-6.36176215173972,-0.251074976775574,-6.59543188844652
-0.984352389801818,0.445761596718905,-4.41227451891039
-1.49069587586841,1.75066089582145,-3.07671767855982
-4.79678800002652,-2.34587773492548,-9.17747284707798
-0.163291035997106,5.27573630513041,2.99797281646919
1.08742521805166,3.63924654662091,1.82417790353804
0.774964107086929,5.73526423400391,5.17903188062913
-7.85608143128905,0.68478189577037,-5.72020656739779
-3.66644021806417,-1.47950633491693,-6.7952427089647
-5.18333918010461,3.94305060915999,0.422680935556056
-6.61319977607678,6.09757398224276,2.80188278364122
-8.93403298420057,5.43567941127659,1.00067935087196
3.45398285657994,5.57609365826452,5.54625143001099
-3.07591127873102,-0.574268260054326,-5.68493590796753
1.19076709339286,4.37529900418125,2.96006027977299
-2.68612783497972,3.18888625055727,-0.169428167209896
2.89200502449177,7.00585707006855,6.60462205631808
-9.73881014650322,1.15014426327909,-6.18240257628831
-8.06437794555388,2.8528956578662,-2.55379917102435
-7.17710874500363,-1.4840874401749,-8.72300701826167
-3.55327618237169,4.48022293398915,1.45641710878507
-7.9931230014387,-0.853127521812092,-8.06591312461261
-6.23205772008354,6.44536366163109,3.45490348425169
-7.89279130068965,2.85115560440151,-2.49634390923933
-4.54374341043298,4.9423680982575,1.8002319398931
0.54552710128794,5.95975327619292,5.46415533290895
1.26038909379013,5.29012392833087,4.43533032162035
2.47357755930744,3.52183577617635,2.6083992214616
0.951836445429088,6.70246987541002,6.83762878384939
-0.708505020808767,2.53033476537191,-0.461184822674413
-8.25717783495562,6.95252322648804,3.50384624640516
-2.35870253998539,2.72357176314763,-0.750041684283774
-4.32731704330577,8.22099768189643,6.77447846770816
-6.68604003792634,4.39457797747283,0.231995875532059
-3.62136787555513,2.83707698274736,-1.05808259437819
5.88589027840895,5.83308513736988,7.72083372579915
-7.48811344181798,5.52163210118486,1.63516784363696
5.22094393182726,4.81903774944989,5.03359116840794
-2.33424715064509,1.6447704576375,-2.35328555407445
-8.36067989182003,6.4138270626362,2.6627716586902
1.17239552537037,6.21659763030991,5.7046568204429
-1.14862083333993,5.60830834677743,3.98347926484697
-8.62047253341347,2.70886592067655,-2.96362160499233
-8.34814547643229,0.466972497063431,-6.21785030452738
-5.9694488878383,5.78615826089023,1.39209971841073
-3.6436912043402,2.35640555262508,-2.04110039107977
2.79884473504819,5.72394404114545,5.53785287270349
-6.74050355412482,3.40208631996859,-1.26991693162992
2.56780336445224,4.85727331197862,4.16212323478002
-9.49600509925725,2.49454099625434,-3.5902725998756
-8.79810024234146,5.2258801627998,1.05081614626363
-8.10688023275332,1.44582941448702,-4.67092846207503
0.199350497225633,5.79942101749207,4.54471455364053
-8.64290513816442,-0.460042109312953,-6.86383741414012
-5.51900424454485,3.04457741433664,-1.18377718164278
2.04406561882905,2.77924491592164,0.874098868307535
-0.0912555377744042,6.4909242740957,5.762772007879
1.83465461307318,6.73652945303953,6.71326016325257
-4.46276374041785,-0.0297372879825905,-6.88344173427259
-7.45100655298374,-0.901443368365666,-8.17673623873735
0.317248606845019,6.70159362899989,6.36374862270895
-4.1139433651221,2.86918055860891,-1.14682332056194
-8.4527491764694,1.31525402866737,-4.98707056914389
-3.71958405139833,5.73290995520329,3.13643493175495
-5.32549624800713,3.70438172428147,-0.323016798934838
-9.06222499915217,2.00249289530181,-4.15825750107993
-5.15577569248923,-0.384315227954105,-6.3724088509624
0.677985211112288,1.9874150488124,-0.787075031893521
1.28864908978917,5.5985991902401,4.82201326513484
-2.71048287032694,1.89323380628051,-2.01102084175083
-4.58500851909048,6.53316413949675,4.1625477225695
-3.8653873634178,2.56244220036413,-1.51811732669475
0.11904259773284,2.46070595737158,-0.27557484449206
0.047606905125914,7.45005043808342,7.03526143822944
-5.17915009026078,6.61847633587082,4.08206150558074
-4.28433474523893,0.428496274176372,-4.92335872642032
-9.64804705497829,-0.354041939911293,-7.89946548295993
-4.79441169679316,-2.04885974098109,-8.73287587123593
-2.8019565212864,4.1941312771786,0.924989423099382
3.66216069338647,5.81917022077319,6.418458802722
-8.38452536900773,4.20408374642486,-0.647082434431874
-8.82398839962145,3.84025559659629,-1.34447794855027
-3.50182369086636,-1.28397937797037,-7.13768859047468
-8.40597122580321,6.54693977165901,2.84579929796942
-6.43800327166729,-1.33357308106093,-8.155819450399
-9.03381379462463,0.38754093295917,-6.57650920870191
-0.385483568419403,7.37112138165489,6.26211286297123
2.65349417147741,6.10969744949801,6.06332250841148
-7.83303943251861,-1.15321507142508,-8.4582355604836
-2.77104728986495,4.02465811397181,2.19138902792532
-7.14664796057242,1.97819174714803,-4.1312733576273
-8.56146388198118,2.95931010293221,-2.5687878798718
-4.66900597444724,-1.35857015923542,-7.65764406590965
-7.28249741995429,1.11359714939103,-5.59615958564364
-5.04598941775078,0.95987755441811,-4.32566755086213
-10.0351302480415,-0.828852704602115,-8.74434379273346
-8.10206369759622,1.63917903471345,-4.38036507680074
-7.94440398213351,0.0149755518271951,-6.2533182423591
-8.01272721121804,5.4206328333653,0.596320050452405
-6.24731333378124,8.44033011014123,6.43018087969527
-4.58433559523475,-0.571914611357216,-6.45269218922143
-3.76694149756906,-1.44322755954706,-7.46840706824484
-0.723882091740321,5.95312471645588,4.64731639920026
-8.91787842230199,-0.529859898962748,-7.90659185877594
-7.16941668963193,-0.413401411804796,-7.12063638106639
-6.59185501513716,-0.148189166190856,-6.52224551783545
-4.4070666436507,0.509243587497606,-5.60442132586858
-6.73418263896018,-2.05628106933504,-9.42288023176994
-8.25999498035515,6.27770782500933,2.66144664793496
-6.86331873844196,5.74783657261294,2.19180989052521
-9.06108231421949,-1.74412965786185,-8.94080529562227
-2.79431252228255,5.03312994806578,1.731583150233
-4.13595039069465,6.684910472002,4.21295349655963
-1.2179601883974,4.33171060403605,2.05188594460299
-4.14310273579646,-0.282595672873844,-5.86599911513632
-3.87739713312293,-1.10984481293988,-7.00896963368798
2.5401181315244,4.85632110668891,4.15101079232525
-5.39519728711871,-0.965397400741866,-7.81473981432918
0.848655975154574,6.9351781433481,6.66495717123708
-1.21555163118118,5.13564067130841,3.91688382003253
-2.55118085283121,-0.527855596460503,-5.44656189259286
-4.03698266800519,7.96340850131914,6.49123906381399
-4.3891742170951,6.84917206164784,4.70322691101555
-0.933764591130809,0.335067080777623,-3.39411757577898
0.760988152105296,4.28990773469698,2.91652894534566
0.636585712989436,4.61280973991322,3.1209551252037
-1.87645990409028,-0.424767989870467,-5.1218773371194
-7.93316697802353,1.03646898473563,-5.87016953478828
-5.27274075729072,4.92985240444494,1.52638485674462
-4.62800819723293,0.296617043380676,-5.27459965848763
-4.73781486187572,0.31064843548737,-5.18779987811532
-2.71185415680008,5.16623187260068,2.92257803092857
-6.6683796008938,6.54993972752437,3.45843542231522
-8.02694514779523,-0.222422973024617,-7.13543492057822
-5.41367318659216,4.74115644361763,1.19513403676521
-1.47379261051514,7.1487602862449,6.31091611584367
-8.8491830505772,4.14025769215893,-1.28752718507967
-8.77494590588045,5.23573093940266,0.949852233258391
-3.99773819811556,7.62500682246159,5.99937921833776
-1.96847381693284,2.72656190531025,-0.608994846237066
2.71024218256581,6.84344558877326,7.17945430515173
4.60651133980935,4.72936703945654,4.68456665504485
-2.72918997243128,1.67943993935961,-2.39999048047247
-8.5563351619643,8.17937913240596,5.23214866293547
-7.19122881110194,3.62422202722055,-1.09578397472497
-0.126528243096393,3.74413874625815,0.594179334144218
-2.97328547477173,4.06251863547003,1.03533392854825
-6.74808064405646,7.36526080916323,4.43989039144333
-2.94320337294776,7.66727444915889,6.43161527130413
-5.42508489619022,4.39823339000565,1.16094873438986
-6.54180409033855,5.85856131926545,2.46976981965257
-5.14115802769581,6.10022851286921,3.32106083355699
-5.75219545951681,4.65023425135996,1.16685571673845
-5.63838692332404,0.282439053924627,-6.19963600297534
-5.92338322832486,4.35107742289519,0.433931590151513
-5.4855054644587,4.56965829272993,0.71187951404462
-0.124761473590334,6.33484595928737,6.15511759493599
0.553291015527122,4.61134380774322,3.08961192564623
-2.5527232976357,1.25941848359023,-2.77242405323124
-4.96499174286566,3.85951421277971,0.0349377259573951
-0.505360718881239,3.87738217190698,1.62249662569859
-4.42206633405616,-2.72107382340961,-9.69218111178894
-7.150924288825,-0.511154376854021,-7.69680270131736
-5.8715673449913,3.68327709612805,-0.545672476894498
-4.29495852143099,-0.525752864796227,-6.32875687120885
0.638616341366995,5.99199971160699,4.99846665275244
-4.9498151124955,1.21083775931874,-3.91705493961837
-1.18160663897674,7.86304748048175,7.21043894629986
-6.08067558154043,1.07062362722211,-4.52234363577835
6.00461417404999,5.86514685917611,6.87083318984993
-3.38760324203494,-0.137931525661686,-5.93887263601214
-9.17379041877552,-0.983899225213926,-8.97132343112058
5.04441050879224,5.55097057980762,6.06536268115362
-7.07540791256998,1.73253217906616,-3.88156136787929
-8.81155239005003,1.08076049160442,-5.46300049988588
-6.35380025394906,1.99828952992852,-3.90047352985693
-8.80109444499141,1.06436747479568,-5.48383253021017
-6.55381539358439,8.68940605465203,6.69504226357591
2.08042918053041,2.4064924142228,0.329908222490579
-1.78680729835539,0.657086615310186,-3.58324472134533
-9.18330681639762,7.02110740655902,2.6702575508395
-3.93801895450942,-0.352417437304006,-6.48921041899515
3.76031931221698,4.94700327127112,4.71356441902246
-4.07587381193176,2.06358245528511,-1.76328216854275
1.47856963878588,6.33633738894569,5.99071663646493
0.128397238669564,4.03709009070721,2.40596774694121
-4.87558264234653,-1.6379176479809,-7.82916903483188
-6.41172602058995,-2.22677461725793,-9.38653957837673
-8.09581697785648,6.65346279449076,3.11350544336142
-0.544073885111767,5.34388076329105,3.79999666030202
1.70450079990583,6.53617184514496,6.36835853846935
1.16703050011,5.76653190811473,4.4524408575948
2.35920470818307,4.55960128034463,3.64437162423012
1.44624192911645,4.4150778973978,3.08972737346928
-4.378164497319,1.12016079452148,-3.80720339477328
-8.69476335065136,6.26984185054626,2.33071924934711
6.14114745251362,5.98258937387573,7.09408677461557
-5.92408979980287,-0.329147990531331,-6.55889378462335
0.611378142029597,6.58309337372059,6.05587153357265
3.43429508221938,5.46758860719262,5.3772467485071
3.36785854247879,5.90308722789616,6.00465891485262
-5.83043596722141,1.60300463298487,-3.63934644316265
-7.66249697381258,8.79558907530503,6.46565040107734
-3.3844182656157,-0.739232244857814,-7.1731374214165
-1.10042805755399,4.91374195796703,3.0949616614809
-2.55395115092473,2.43945572411186,-1.24286721907368
-1.40120613888287,4.25917851822688,2.25725065859677
-2.31217922645281,7.40878441364341,6.26627074344803
-5.5094836072466,3.91059843754361,-0.0793101212034052
-0.510915100949104,2.09316552804021,-0.468610104044919
-5.79187781082847,4.96242452233342,1.39335278980072
-3.84566588248914,-1.84820091827623,-8.10101846352737
0.846236251392948,2.93556845808934,0.998391571354692
-1.06920644877666,4.09044704341142,2.25933186645441
-1.3494672889574,4.7756783758818,3.63972706296156
-6.96019400340588,0.492119485276369,-5.83894425700133
-4.77120624948607,5.14131926033827,2.01786704460092
-3.98275485956943,7.67540817441605,6.07992644022199
-3.51203181080339,2.46072157187143,-1.54642111284485
1.36294471555827,1.93180162175564,-0.630430699219084
-5.07653332573169,7.48828167543165,5.41752608247355
-7.66972583548155,0.510447828026795,-6.13924193650096
-7.78530498491185,4.65868241532364,-0.539486052323173
-0.906411893430172,5.54324261063051,3.96648206995293
-3.10962047065801,2.40000932876649,-1.4962861173475
5.28188188555419,5.08950941140904,6.52586954571722
-5.05864242801852,-1.55475829837348,-8.08713468166209
-3.07819644581429,0.692140605572874,-4.0369608860414
-9.14221279318965,0.430247505256455,-6.39515244076577
2.76544993423253,5.23720915246661,5.4915129349428
-9.64972945595331,1.18545235356463,-5.40322238416756
1.83690176153635,5.58459929955868,4.99298392924299
-6.95411298353779,6.34838763383259,3.06556433177906
-6.10614619675878,2.29175549324912,-2.70680346450686
-8.38164846491323,7.31921540101194,3.92235511372577
-6.56637962963094,5.30774888913382,0.974231201899677
-2.24357561938915,0.271933125365638,-4.37266390197322
-5.08984127164094,1.86769830882089,-2.62083038370992
-6.6865609186518,6.93744873718883,4.03103705720634
-9.49898658406184,-1.49859650357491,-9.55733767718004
1.39649129156952,5.85705585631826,5.94647883615891
-1.89422577632107,3.48781207938656,0.3282625472171
-8.28949276393699,-1.0987073157804,-8.3250595827871
-1.41004582552715,4.24813635046254,1.07062126246539
-7.4657555414276,7.93983648669081,5.25595643638363
-4.33022826780207,3.87381275275465,-0.60512903890261
-9.15480664170101,1.60426291194465,-4.89612517338285
-7.35738081783987,8.22951598208336,5.72668845055108
3.071496469933,3.10959074174176,2.61068926266633
-6.5246285991351,3.08415960467875,-1.15178341301561
-6.36206614893718,1.48587504381699,-3.98812968412551
-8.97477742527867,-1.65246211421001,-9.60375118764735
-4.97869402555213,3.4008925134164,-0.65507035295441
-8.37113681655817,7.42421234109844,4.1686967249142
-7.50844576580951,-0.408551262543781,-7.23204949994992
-7.61476874491394,1.6701569585367,-4.16352956345812
-0.618226292914627,5.53696356325856,5.04377783635612
-5.6955254096356,7.28891598591454,4.90301392482008
-8.78717983811696,2.82930133209837,-3.13326642598939
2.84574269114969,5.73570132319629,5.5718332606394
-6.94096087322836,3.96373513401759,-0.332830769699978
3.43418792623935,6.59348767611591,6.64083730123187
-9.73445514545906,1.00968729963649,-5.22122559770179
-3.02290817674793,7.68114647376867,6.04919519657826
-6.4540173534086,6.7253954967207,3.79560479304746
-2.4673927342926,4.79581750145615,2.30799433816332
-7.06019339146728,-0.0273742243529496,-6.27637441171417
3.93768077893647,4.83312983203641,4.60550588164798
-6.07437951865444,8.61375024478075,6.98144926655936
-1.33611345021184,2.699977757997,-0.427388381533612
-8.95004003150534,0.2254945406547,-6.78929697528085
-1.46827914260391,3.73057354017758,1.06613471210933
-8.58422887162649,1.16785649421918,-5.25314462706626
5.02839802581039,6.35278753367248,7.1601967394116
-6.75643352133927,7.85989232436132,6.52543762108207
0.928586532276061,6.69149454358779,6.3288526968579
-1.45068958711121,5.57142005315637,3.82264209409064
-5.92645454375001,1.64644003698063,-2.62757379931263
-7.88757175461774,2.03360719092971,-4.2589831059297
-6.36953479240025,3.7545951032073,-0.357665195558822
-4.1939890504312,3.11720231800006,-0.80427763253085
-1.2522564556596,4.97372285043113,2.99909268368748
-3.66066942795289,0.242725177729334,-4.43802802155688
-8.33146460200762,6.8197758627527,3.11312454062836
-4.45295036872466,4.27188493131435,1.92623057609158
0.626452586584289,2.22274360267002,-0.659531967920488
-2.34355994979709,2.26767187101013,-1.40641718596519
-1.61273251632577,0.375247002484941,-3.99751191055311
-2.15486209852062,6.67415977224508,5.22375181103335
0.552129244919733,2.958828936717,0.620234641695982
-8.46884478915618,2.51278343672442,-3.20351285619859
0.183460937236097,4.29965551295886,2.42508368268569
-4.58302548584623,-1.76881874456637,-7.55614457952681
-2.92048790289729,6.21489001110988,4.26960358548712
-6.78776330954501,0.348256556144833,-5.84908908180025
-7.97964053801201,5.67041534085659,1.68542660686085
-7.49883634012623,1.924877265001,-4.28522115747454
-6.0450329446519,3.15406935361073,-1.39705782752028
-7.21685757748398,8.71413012254442,6.49991813096953
3.49846164932881,4.64431114970829,4.43718431548721
2.53212317394297,5.02919644714413,4.40650019829757
-8.79954714293,3.70953087824457,-1.53123525586702
-2.40678866238106,-0.432857173646692,-5.39417539070112
-2.09868276021265,6.66831100057775,5.0184073972002
-9.50810298617621,2.23701139724189,-3.97927373975248
-6.25792462601214,-1.70674364318162,-8.06583593758926
-3.7142427691775,-1.84242239683384,-7.97155829296055
-5.2181488649179,-0.562009527479266,-6.65972683321142
4.89855243284752,5.5130346725593,5.95763376366765
-2.98526420834198,0.462610267931646,-4.34736885011675
-0.492731614171714,5.84145340334169,4.56137404774754
-6.61787202179916,7.22523777481951,4.48505462878205
-6.90761913182444,3.12088630169467,-1.74853921951492
-9.36741089221974,-1.58033375519257,-9.63340748396368
-5.29352296843255,1.31402159400961,-3.99599188767219
-9.21105340665193,3.87858556816312,-1.4226824049715
-3.42216290515781,2.33323464390194,-1.70544137805503
-4.64548493458373,-0.789453837680696,-6.7991128881485
-4.26112457996782,0.943519924718733,-4.06145009579248
1.16100898026813,6.17068787777122,5.63207922776529
-6.39951842073919,1.97454630912978,-3.28341552035865
0.708476113362309,3.70217193906899,2.24023466603683
-6.83578076138464,6.31942838375017,3.05544554055813
-7.9338968363045,0.597914560721702,-6.19376087795101
-4.81879442327308,-0.340353300977783,-6.18878386791925
-7.85712952500751,0.984566649079716,-4.88112918732069
-6.31511165504294,3.46693998806281,-1.02413468957426
-6.14204039858171,1.24185457249375,-4.28799042517624
0.974994466664411,2.10425873897027,-0.508549824983011
-2.33975656191877,1.63498327590093,-2.36983655966772
-4.93532360174601,5.59910923902883,2.64439591914348
-2.91945228028766,-0.582665229891226,-5.88604814645989
-6.10930948830655,7.91125036695067,5.68800052176076
-8.13348588874173,4.23436088691819,-0.513982935464463
-1.90956896291846,4.28634172045938,1.74203987444869
-7.49372037879083,9.14060890302948,6.65206076186275
-4.30808844987754,6.24444748942444,3.82810675895764
-4.6637672845814,3.03233639991272,-0.965779015070193
-4.18271139224586,8.18316942903277,6.76857218211465
-2.04381482918909,2.07465031415471,-1.60936473922165
-3.10161032012954,1.79948549668866,-2.56130692582729
-6.66760472040453,6.65620957099334,3.61748107092536
-2.48125694253941,7.41102985925598,6.21044869284688
0.814806123832722,5.33998540103575,4.2697823126571
-4.44892213607816,-0.956739497201927,-7.09947551226294
-3.70482145340842,-0.70141206352213,-5.8907884407168
-7.91730076541886,8.38146261940452,5.75773617045686
-5.79586315829583,3.80747475348574,-0.618222845374922
-8.16049649429645,-1.12358934658533,-8.52858208405317
-9.8420657794682,-1.56420888580981,-9.77544419007577
0.686367930508484,5.29930949941906,3.49417237596614
-6.92684586952476,8.34299952399468,6.04692712074557
1.92989236541679,5.54922711350987,4.97268200119433
-4.98088655842143,2.47599480539167,-1.84741977698783
-5.27385619584698,4.03152867866219,0.183837136898822
-6.81190935440712,8.84837172949897,6.84221546701351
-4.58652302490867,-2.05501991567646,-8.66931892900359
-8.63996335353105,8.1171775221484,5.10994546832514
-8.30876583765609,8.46228218601519,5.74147407102876
-8.16654742082077,7.17642392459913,3.87008974475611
-6.87912368495463,0.65098184449234,-5.4287726874345
3.06215701788205,4.9248079729013,4.67731550558943
2.75358304562473,6.72281626905607,7.01439504514757
-9.19680609147533,0.336631220641509,-6.70961882854559
-6.17645726845211,-0.318685999483369,-6.63159101780883
-5.13180445057769,-1.0550159301606,-7.36609185310316
-0.515976896337017,5.39599295903592,3.89674272397625
-8.40383962916775,8.27408665476558,4.28125596201683
-2.84237463044225,2.433173534022,-1.35320094820709
1.1262541932031,6.50126816652339,6.87728972488965
-7.31128057405985,-0.66241482621765,-8.38163149512267
-2.69405208737434,-1.13637764156311,-6.32363157605141
-6.26195891208162,4.29477898311881,-0.183902763887043
-8.49086345635004,2.56562583044855,-3.13226918665423
-8.20192502960724,7.77680091299159,4.75471208241345
-1.65320929351855,2.15425952534964,-1.90034278162494
1.42019299536963,4.12333434136676,2.66390643400764
-1.89890789939613,1.92612134541194,-1.78056004717822
-0.951902482419597,7.58610847408623,7.00729950925039
-2.25723795694661,4.11881296306234,1.37005687889439
-3.3324700186377,-0.586595756876319,-6.30202881594739
-5.88660621235326,0.81910882215977,-4.83020008689338
1.74638367192725,3.85885772419143,2.38292636878911
-5.25918116759232,7.2949551559532,5.06475656962379
2.03232110921423,6.7855544666062,6.85568982197495
-2.82867061619796,2.27348253498924,-1.5869938832607
0.485526785196762,2.80541271636535,0.367709533433143
-7.6028996619642,3.78884168953312,-0.966342623469555
1.45192044358295,5.80068304884323,5.06426317603672
-6.33091917937715,-2.26972885407824,-9.6006443808395
4.42465790021626,5.88576770250175,6.34866025417712
-3.20462103894486,2.12712310717455,-2.3924579961932
-4.62506940274672,1.17704358908597,-3.8538853280367
-5.28776227389962,-1.74018391088304,-8.44436481599965
-7.19997515009539,6.74017655158811,3.55660479907833
-7.39776197319939,-1.58113502103674,-9.45975859931187
-7.94705775030123,5.51016269721968,2.0889494173501
3.82530901017825,4.22551026695957,4.66668914597499
-8.50849178820426,2.46287670228972,-3.291953322947
-1.22700298145302,2.04329538276428,-1.37032846251844
-7.98743854786857,-0.951085549312176,-8.58527290174979
-8.50236508649843,2.1054733112771,-4.2094832705763
-8.12947643396752,-2.0012001158047,-9.8289358572344
-8.33864751310799,8.77100547393451,6.19226932438611
-3.6623322995409,1.05220060859263,-3.7034530344818
-5.26564594622621,7.1598623370462,4.85548967411609
-6.31904363018031,4.86511200339526,1.45360060979967
-8.30758110729239,-1.41064020773555,-9.00893513077988
-4.14854421996971,6.04532726339384,3.99989132169665
-4.84591809101389,6.93430188706237,5.19387285353454
-2.56916428037686,-1.22049952668584,-6.38791601302833
-8.63960687420987,0.301697796094847,-6.01427709481389
1.86942745766263,3.80139691643777,2.12739331212708
-5.98270365240093,5.34743540989363,1.9017967818915
-6.40823935557342,-0.770131762108185,-7.38720529902853
-1.41500261560779,3.62790808596579,0.404904701402863
-8.73910965881814,2.63273554313181,-2.76739571861598
-7.73871281886424,3.12769379078874,-2.02924967865254
-1.10417148868468,4.02684522202932,1.15911537963471
-5.85934785766181,5.7811553742173,2.95601471864247
-6.34595583122684,-1.52173388844571,-8.4883513520475
-2.13702130469845,5.23405013689532,3.73391409263713
-1.0493564360927,7.12633329272006,6.28625511285889
-6.95440944177224,4.77840260844655,0.341374906320261
-0.889622976548782,6.13683044109528,4.6626042706162
-6.78024227102108,0.0522389819558113,-5.80466309978226
-3.16472159186349,6.74084348290395,4.96993282267544
-5.97595154520943,1.78170540904121,-3.32987756883105
-3.79215486860629,6.91168963638007,5.11132577934985
2.64327124282867,4.86799642730428,4.20455792871248
-7.81459233516423,1.83674457734501,-4.36351710591216
-0.653447151196062,7.49248488949446,6.83197083267945
-9.23654931745311,-0.782417554081448,-8.39546458182525
-0.336622055964745,4.73917884363972,2.96913825010555
0.491994380476234,6.28488375197169,5.56854178126993
-2.54849612185886,0.123610015180993,-4.53606106667495
-8.95426064960327,1.93262468363839,-4.24020455205341
-6.39719476421714,2.59216972701989,-2.35983045708968
0.00728940913576653,1.38602901509496,-1.92032939295972
-8.41071180226199,1.43695995701385,-5.39163639709879
-4.82852368274289,6.5637150770566,4.84784740122194
-8.39884131313608,3.82726251697817,-0.566795956927318
-7.02757409156785,3.70541391383497,-0.917198860776957
-3.69044567571505,6.26144243676436,3.45264018834597
-8.3913727609868,-0.862195790261841,-7.4743993794921
-5.52125165032472,2.54129048804418,-2.12926899811684
-0.493661897927084,2.99805161251316,0.312810968444998
-4.49317220925758,1.39017838949455,-3.48928352043563
-5.93983709347913,6.89848871956201,4.23418012948122
-5.97028783230077,1.2473152351602,-4.232341414543
-6.60759993803653,2.33886591129795,-2.61244421241884
-7.19759259589824,1.61983589973893,-4.09270176833121
-5.21486264093074,-1.05865467119054,-7.40059860119735
-9.88630073574449,3.07302241782812,-2.7299483072831
-0.205475691976917,2.54654381543069,-0.260908016931067
-4.86025860105673,6.55204488791831,3.04414326095313
1.50299384270095,5.32837323236792,4.49329741547066
-9.70879632833053,-0.859069310148263,-8.67527318323432
-0.340255575188708,2.87268475521277,-0.386814307480854
-7.31271876253171,7.04106788201346,3.84220680130583
1.15542946557764,5.48764074816845,4.20064153659511
-7.49991545060801,6.32709205779618,2.83444963338554
-7.49904424742357,-0.975881326936001,-8.11942276137125
1.64803304798085,3.29891055200918,1.51190430807442
-6.92714090009637,-2.19917047292981,-9.70390185930872
-6.90376500205689,0.701459263934366,-5.36198037464107
-5.95597032170575,1.78590695661607,-3.4100146162222
-5.46996759701403,0.646211941924539,-4.94269711994167
-2.59899112180394,-0.350685697968209,-5.4272939632124
0.179925232559998,4.46896175572741,2.74620600379685
-1.96645660310747,4.09990725170372,1.44358340588291
2.05951187681034,3.69334009337381,2.24522598105446
-4.55503051467138,3.32455621277431,-0.620840550012664
-4.47827767192086,-1.61875683056974,-7.37185180105632
-4.42480490327984,5.60988294995185,2.36702731351984
-2.61990500491496,4.67224332400361,2.06998700940058
3.7627214595138,5.02104251550186,4.82502488015922
-2.7571857885792,2.31546773441855,-1.49924555015755
-3.70023056257853,0.145047299292553,-5.07206668154941
2.25932416558051,6.9606766748245,7.19678509037603
-1.68975428109638,7.67976272286433,7.10213480765595
1.20056662314972,5.55252588754001,4.72234788089249
-8.6946070934304,-0.381257961094842,-7.8777483713589
-2.54425699074011,8.27563503555446,6.80737481447973
-6.30262255232928,0.812308298868284,-4.98596551608589
-2.33009178307801,5.20247235897518,3.63802894865993
2.05552256885829,5.21855207550277,4.52260114100084
-5.47580111888516,5.80684305524031,2.1875848467904
0.783714559201215,2.99449614551046,0.884786333114997
-8.9027781898068,5.90077760112532,1.70650709913529
4.69289378909234,4.87571477275397,4.93345391961529
-9.46034956509212,2.43945259358458,-3.66009908174526
-8.80822749833227,3.9930086156163,-0.43279530792471
0.541202593192618,5.99359877225883,4.97472129912119
-3.43981761212779,4.41325787860455,1.39607701691947
-7.61915221879807,-1.66069195426461,-9.14158071778117
-5.54743327098137,6.54711028156305,3.84653726148467
-4.72107259993792,0.827429496316168,-4.07118024899119
-1.65915018569808,4.70435057797323,2.45421993236414
-3.16236015735181,6.62467828504182,4.7972005399459
-7.30426037565111,8.20040959403386,5.83349731576667
-8.13850258143313,9.2351448823394,6.58212546715614
-6.908502869562,8.85960037147584,6.82518427015772
4.92911127704201,5.34131464801474,5.71176779924251
-5.54652504679923,4.55249339114403,0.86676056896473
-7.51924972095609,6.01260731212948,2.35782087294909
-6.12505807939906,-2.5058165113039,-9.35658088585092
-7.37090960338683,-0.907968186501546,-7.93007525776716
-0.688503687705115,6.33110755777263,5.22443109214036
-3.75726615989243,3.7414465279872,0.28123830947002
-8.28254210923899,0.609651074125898,-5.98171765311464
-5.00139827138301,-0.4946884444773,-6.48328219047323
6.16517632972777,5.87046170634767,6.93497040587509
-1.24840447506535,5.31479442410063,3.68194383797729
-8.14677377612658,-1.9311939626437,-9.73039589737798
-3.97800228299403,6.8789506531441,5.65550380064932
-0.432451368125435,3.43647665707041,0.989271660687954
-0.582614721162967,2.20384394895461,-0.904923135346396
-0.325437579576535,3.77632983960126,1.53449028313245
0.331188715602446,4.98866353166143,3.57561808633498
-4.63110693107157,1.08214547989644,-4.09370404736235
-3.28507055634796,1.02725970916767,-3.41117064317457
-7.35978315509657,-0.339877536932408,-7.0774145894163
-9.43681127602105,-1.49669498292101,-9.53273542733207
-6.18992472602431,5.13343526277246,1.50953886255378
3.03117181286751,5.34229497474135,5.04895703123455
-9.49514665825579,0.363346807925525,-6.77412257584658
-8.9925451377169,3.05479730977665,-2.57700111172507
-8.7316891450859,2.56300943671877,-3.22046682207724
-2.62954079102494,6.61188587831337,4.96457363847484
-8.09234942940469,0.194623134773512,-6.53523078680774
0.791222153749142,3.03816819459245,0.822455033464156
3.30253730198235,4.8792854074006,4.45216639043535
-9.54862508690459,-1.49607241922868,-9.78160014402473
-4.43059093990473,0.808135808273471,-4.3369917621701
6.6908971711828,5.98077422410629,7.28378624192229
-5.05027192850922,-2.41216194007007,-9.36522492513977
-2.9892135825067,6.81462180854752,5.14159019797205
-4.20168691120376,0.151790155422392,-5.23750122346512
-8.40112989680874,3.67331753193055,-1.44589515247637
-3.17623241590692,1.81898462515389,-2.38769097583568
-3.57374975679754,0.416452811546036,-4.62230015611551
-6.3866405931205,6.6484649053633,4.01936154024261
-2.55025489007649,6.56883231194578,4.92799857918625
-3.43149141180656,2.42957929212776,-1.5647608200897
-6.39357452134919,-1.94373100859613,-9.13551047765049
-7.6854528837189,0.314261431612177,-6.21406988917341
-6.60024510090715,6.00239321430801,2.66421029527936
0.921557691475852,1.70912816017111,-1.11760481280223
-1.11221797856723,3.96806406234493,1.54558263187431
-8.36332334393048,1.16352632640055,-5.44920698842621
-6.17785005072484,5.81421953266277,2.95736224659876
-0.545364329805416,1.78553872368039,-2.00704088710535
-7.75316728503757,8.1768910132611,5.50953857334337
-0.426908290158353,2.72040346400993,-0.0786507823844357
-1.47240612825375,5.0373848213229,3.35798631342786
-9.53240101330252,3.58816124713901,-2.05574042964613
-0.217694922497561,1.36941818014476,-2.02389123745097
-3.60916739486216,3.59993661110538,0.121647083535189
-9.44111397514699,0.222221589094241,-7.38224210449526
-3.66639622184323,7.11661939258875,5.35578259966108
-6.69390550197356,6.23738551144986,2.98252394585948
3.64864449620181,5.540369076028,5.56100767989889
-3.32774158692655,1.98750343557864,-2.8423038293908
2.72077077894277,3.19340430027623,2.68094661155515
-7.31425132784116,-0.756170394043209,-7.68344863869594
-3.7471746422753,6.39538203586172,4.24993217032814
-8.43642594421529,6.22203116938692,1.43097197803335
-3.12125144854479,3.92528803946976,0.778514168757497
-6.77539948238799,5.36931578812963,1.78957787889445
-5.35388132640257,7.28231832608239,4.95993069591127
-2.33407262698444,5.65089426523543,3.34004422926627
-2.02788693886674,-0.586673190965814,-4.61723900361441
-6.41114734945097,3.76270325714245,-0.615856383303816
-3.29046485479389,5.85795139637116,4.22322313577731
-0.971405972099394,4.13623621561888,1.84612732658391
5.47052467029338,5.80162215731586,6.5889925458968
3.86812571368402,4.99948060742749,4.82970121107808
-4.57258063010918,0.490686033186092,-4.86097965934198
-3.99537306796478,8.20290819979803,6.86363134170559
-6.1640151636315,7.70593908555428,5.36210448300191
-5.42120928511894,0.85739524792513,-4.61010943993932
-0.953586805343705,6.10031516986501,4.88559219409062
0.569220238230578,1.29909720071988,-1.85353669900432
-5.44931286173976,0.474266309657523,-5.192366578334
-4.12354663485729,5.22831405490893,2.37452295554739
-4.33472491971892,-1.32403850712383,-6.67075127552063
-7.45420422479933,-1.38314430424523,-7.32858246322965
1.40194489093621,4.48434247869081,3.19689057105787
-7.45654318109912,7.05375097891771,4.42397811821748
2.02277389776786,6.33875364340635,6.18479721114036
4.49350187617401,4.34341031965696,4.23312450883961
-4.86555242137932,5.7304500362268,2.86504787628615
-9.81355421600922,0.807475280687154,-6.222006227099
-4.17205409776644,2.47276097270645,-1.42540433274872
-4.53539772554967,7.58198556799782,5.7469226304543
-3.65292758553033,8.05351698065249,6.7602859152267
-2.28600458731213,4.7053826174058,2.23636394228918
-2.83759177105907,6.25645580133973,4.36071922867353
-2.98481007203594,-1.29895683740335,-6.97911209426233
-2.12446928545187,-0.071289796741382,-4.84377550519938
-1.73023059258853,4.51801475738212,2.5144367275142
-2.81425197504567,3.53885854099323,0.654114854724194
0.915584658597693,3.14334320666814,1.02312037795607
-1.7396502913981,5.99264953186227,4.35085212009214
-8.53148221827208,3.5947976781453,-1.60883228572649
-1.79438172635537,4.2480995845454,1.72521882631054
4.29595636741619,4.4269791591274,4.53024101457442
-8.37816840005443,9.19066487033787,6.80543703292774
-3.80217885410854,3.66172167629017,0.146404544486924
-8.33078042635442,7.6849795786201,4.57242554498341
2.41876419563771,5.30102677880361,4.77295793439696
-2.58910521298206,2.41048123898265,-1.34845230011153
-4.03127474254213,-1.07205470415603,-7.00636550693553
-2.87481340248299,2.95225280343811,-0.589014396333499
-3.91462686388478,6.6579534271057,4.58362387466312
-7.21072832426125,2.03864543969603,-3.47156904499687
-0.454157526734192,3.19930549579181,0.856653238709637
-8.35709881031087,-2.10731457746627,-9.45783859638109
-5.76876660043691,-2.11848393908718,-9.33753454757737
-7.40426968697572,1.82611850149744,-3.8568380145297
-0.628745946741642,2.0653888356132,-1.12793042700905
-7.63089446004374,7.11256918035551,3.96216395851689
0.194070804970589,3.2108640009006,0.577444866514956
-6.76188602510401,3.09311553653256,-2.41986174721653
-0.0310953596580018,1.2862990988868,-2.08276733540648
-8.83968971838819,2.19269649385139,-3.40947175364023
-2.56064060672564,2.91257182772526,-0.538340577411028
-7.71496927373702,0.923216055990393,-5.20242348729084
-2.00561164233408,1.51351541605343,-2.43436775261494
-2.91581197990422,7.73433252716208,6.54139158247674
-1.24803571434894,0.868029748728356,-2.53292625582207
0.669902736117538,3.85028997892328,2.56156926446722
-8.57216569161362,0.844480553667674,-5.73223402881156
-7.91682613004477,3.46302451032253,-2.00501317449827
-1.05496647489791,1.2155877274295,-1.942403057086
-6.85769681796547,1.98502541775381,-3.42812063837843
-0.637343528463466,1.36140065897227,-2.18274623167627
-3.02125537629814,4.10915986222033,1.08822974295869
-7.48091489107718,8.78137117006303,6.50796128118558
0.0360708187714813,3.7608824200428,2.00569957725678
-6.4324592577533,3.69519919498268,-0.724171216556436
-6.06746657447699,5.98435160339749,2.82372642849886
-6.33077824712092,0.198449068052408,-5.91296779298581
-4.25410206549758,2.65424184576987,-1.71908571052685
-6.38448510270554,2.11440024605769,-3.0692025026643
-4.29533539564308,0.591502679506969,-3.49951746766254
-7.73628789613176,-1.44968359374508,-8.86731702009052
-5.89840064067916,6.34180861135697,3.41696451536597
-9.81691365539818,2.49458340079456,-4.17253217610594
-2.68919932502026,-0.883583193936302,-5.74723786628791
-6.51829971265273,7.68860129595796,5.21220167179657
-7.28203680306465,4.77985979041569,0.599035544712798
0.0795141167160755,1.71756278624582,-1.39971665884896
-9.20107901305492,1.95386315896907,-4.29485880092085
3.80450992482966,4.25878937640761,4.72104206059825
-3.35181383650737,2.0529927212597,-2.09952000059047
-5.95467447215301,0.444138096365697,-5.41425586394389
-9.88321708882568,-0.812764014744872,-8.82527432479727
-8.38820063845046,2.1173333343413,-4.59446524293008
-5.90394233018191,7.73285760314531,5.49334762635522
0.407881861652759,7.1161312715127,6.78104341025787
-0.698544085385138,6.29330859731176,5.35628942325488
-8.81452310061834,2.76039053312031,-2.95455765078056
-5.38601430300475,5.83909982848825,2.37127792414502
2.28928052207031,6.76661100699096,6.89725494678571
-7.51548116041008,4.10349395309136,-0.752635501471054
-4.70671240791896,6.58683511709151,4.36973370646816
0.601118147994539,3.08977420743207,0.833021894957734
-5.82708499578529,4.34768952380367,0.462574046772026
-1.95117148465266,-0.447409910898611,-5.34507085461056
4.10565661688613,4.92906953535161,4.80763762999391
-8.68529784560628,1.24121503485734,-5.17908153024713
-7.35119577643296,-0.925254553635908,-8.44352357853007
-5.05893078066483,3.34080234284429,-0.772931914980642
-6.07572880615651,4.28832921231442,0.701862857040247
-2.10889060287012,3.45049074445659,0.423458913019963
-8.29981019560664,1.40551484714724,-5.63876462898942
-8.06423534897476,5.71899357398597,1.72839778849158
-2.41920356920749,0.522821916977792,-3.93482489948165
-5.93872718054299,8.09220891979696,6.01806852785591
-8.88045168181087,1.44596682079589,-4.94147180162405
-7.9418343012532,3.45325765699455,-1.61392707010127
-3.42686484228826,7.25800946942405,5.9675776538476
0.446967399177084,5.7134613322428,5.06705414345327
-3.87528325817767,-1.39992042324619,-7.44162265737194
-3.11191872775321,7.97304316072102,6.82940464341446
-6.5243465009742,4.4039169865769,0.302541447190169
-7.56455434431667,7.73570986634537,4.91639784618666
-1.63270930655778,3.19392297457014,0.20679165927841
-5.06260198906504,2.42074627260447,-1.81483417163488
-3.86619727794018,-1.24424200161788,-7.20584833081911
-1.19177255536905,0.812318791595694,-3.38136015216471
-3.93575815073941,0.712428303140434,-4.30679474754862
-5.64720301421225,-0.470073557616586,-6.67253637325993
-3.14870918921569,7.95713231644652,6.79275615354661
-3.94180498040917,-1.22082446000279,-6.80684210294858
-4.43490601887198,-2.07655732737738,-8.14331075755643
-7.8346763006322,1.46097341446166,-4.55303139338743
-3.21540143844786,1.91665178445577,-2.81324965768272
-2.24257612810197,6.74908854170451,4.92417179527629
5.17137755291648,6.04045141116876,7.00914703001722
5.03754325263281,4.15004135507843,4.54262179147018
-8.01684135427284,8.22797058996376,5.49356951148285
-5.57329729276745,1.17088414599875,-4.19496603718226
-7.22213896732343,-1.75850001930526,-9.45238036282516
-2.86862155942617,-0.219890095137207,-5.32624652770903
-2.25638192613023,4.04035609669489,1.25313654356139
-0.354431116616345,3.5292713300043,1.15522022215602
-7.64233081526752,0.480078406845409,-5.95123529704198
-1.12788504423884,2.56106515623324,0.272793619114677
3.00036203838695,4.32204141065187,3.27751253638127
-7.34720135391479,2.37481120180414,-3.64803742373587
-5.80583156877547,6.54048179409778,3.43876164275805
-2.17510166902512,7.11732423783598,5.87878613314731
-3.1093486554941,6.04584415201861,3.95093653845043
-5.8934792550693,3.61131924842044,0.305766683569973
-4.00202148860294,0.256217950628646,-5.01159638473083
-5.86795386302621,-2.42415629505052,-9.66933254053918
-6.74428196405551,3.98697187769446,-0.28028167566789
-4.93042105401235,4.93579188568737,0.9667218976001
-7.9795161425727,-0.925837847944587,-8.1697849671378
-0.220623899148059,1.95085364035819,-1.15621187962483
1.99234641366946,3.98088681785788,2.65133273531037
-6.98595294806979,1.20479395689309,-3.97999933484756
-6.99905469771168,0.919555398299094,-5.37186050907221
-6.60432095182802,6.54906323064899,3.84631652415936
-6.54783816470537,7.22696182228134,4.51214219971601
-1.82751729690745,0.277746476842816,-4.0598861604168
-3.40198859744496,5.54180549709309,3.09544472434728
-6.82491134185919,8.33396016198285,6.06909859706623
-4.12002832656543,6.82211738670163,4.7570059532056
-8.91401473970451,4.29740797475581,-0.692969970230465
-6.51546146941832,2.80212212402561,-2.08754029912893
-6.0281720485455,8.12406354587335,5.78445927885355
1.93741412825582,3.65163034270008,2.14017475481755
0.749441761388762,4.04055526484606,2.30546706946322
-3.94943177393538,8.05272294241357,6.65532362796637
-4.76586773375274,5.6647895773963,2.70142797790959
2.92410881061238,4.65990055356639,3.47238374176476
0.524623425794779,4.64402697531632,3.1284092162572
-3.59526986997163,2.01899097340406,-2.23553012574084
-8.76248656791872,5.07451029466223,0.521108836738363
-4.75906093789897,0.895607186577336,-4.32126743410341
1.54947459447055,4.15176816035304,2.31873759403335
-7.1206549355632,3.18474244755099,-1.40628390990533
-1.40923937445562,4.22038403879804,1.8186090377282
-5.31701597277597,3.29338593715686,-0.934104639437423
-4.21260041196056,8.0698014893166,6.90972835599615
-1.29698847461069,2.59755425861463,-0.566722449212291
-8.13075142544674,6.88042014362349,3.4403683094706
-7.3160081045902,3.44471782047965,-1.4217602542747
1.5958108883708,6.42995592625903,6.17162338758167
1.00502909322629,2.49253776838458,-0.846086867948528
-6.61463014585719,4.21948459669258,-0.278859718826503
-9.77277011658551,0.906695518924462,-6.05949001706983
-7.51490901359399,6.9591984461142,3.81232397972844
3.35885419643621,4.68465330527323,4.18108348100192
0.098827398445771,1.39124885691673,-1.88049245715379
-7.33492318588674,5.09199855933041,1.04688215441394
1.30884007015973,4.44157225234933,3.10703197404977
-8.1788225272699,0.107433281476318,-6.69576384417473
-5.82259546087922,6.66210774766896,3.84113984694525
-1.19650160221082,6.08323580734079,4.09380605695416
-6.05990909462216,2.63398767629855,-2.17930218432362
-5.44254258878534,3.71217674653613,0.645000104799789
-6.59130629894097,8.1813509706859,6.31502426178627
0.267997009396822,7.06347271783736,6.65340846595408
0.473390101564829,6.96579958103379,6.57936531174834
-4.34124667440386,-0.478693149842683,-5.79779090446158
-6.8997351677664,5.69578988925516,2.10130288684196
-3.57894497009783,6.78870412181605,4.89646245585784
-4.40436738813186,2.60812519203274,-1.63850585280773
-3.77430238802568,0.959921001869538,-3.88051443434777
-7.96042818049632,7.74463616588249,4.7911792105569
-1.96974437335831,5.44439151126115,3.3126017791535
-7.04347236070266,0.188379662486571,-7.02409873733044
-4.41939861697299,4.50277710041414,1.18697326715865
-7.00915429350671,3.22237586202049,-1.63244397524824
-5.09638187393151,1.67227445760974,-3.27893494000255
-9.17676144658547,0.900123088993542,-5.8607077020709
-2.58795943502436,0.759982381855927,-3.76401853121944
-1.68519361850442,8.16999936406007,7.17024669302459
-0.45626192655305,5.58572006054852,3.33815330846136
-1.86292222742231,3.73842180917743,0.341506051638529
-2.6368804431513,0.722518696098663,-3.83711411571491
-3.34980735096317,3.97340942813884,0.770416666936154
-9.54304631765041,-1.41018215310088,-9.44066139626699
-2.12866296267596,5.06004291700885,2.93753214600454
-2.01687475733655,1.27339135674748,-3.14721254275221
-7.95326687826681,1.79871899373773,-3.64002195665908
-4.88116833685727,1.10714515747278,-3.91572011945778
2.09911653417582,5.34098244535153,4.72077832916205
-7.84660014266979,3.90935598277014,-1.21882226055536
-4.04253451947228,-0.732220931829623,-6.50257142263993
-3.75840643113936,5.05898154866865,2.2493269892972
-3.53078741685368,-0.0737452160780367,-5.33965291990167
-2.77009826560723,1.61509580675129,-1.84183448840409
-2.58499522724718,2.34550620071356,-1.39409962849058
2.54805468977401,6.48925943567611,6.59351054214295
1.83172237666596,5.12906976325165,4.31057875332811
-1.36981809543557,6.07473269891928,4.60293061897531
-7.70642474162457,1.66205654532934,-4.20771157305278
-2.01894578719378,-0.176780855901768,-4.46135675851715
-7.76868566084256,3.8919659187064,-0.897865091973423
-5.6738328721848,4.32710351788613,1.02208868897941
-7.96736966608918,-1.38633501222274,-8.85354809956191
-8.77375877960232,3.22877628214826,-1.70638171695459
-5.85653409809271,2.52287323493736,-2.27413390020642
-5.33739297673936,3.23586247249891,-1.02718055997202
-8.10599617205562,-0.181266158794177,-7.10161153277509
-5.23680915191594,0.719018691097127,-4.75231379641921
-6.8980921062132,-1.76597970531412,-9.04651808664308
-5.44982634477821,-0.221673379339211,-5.22349192919869
-1.18068734191789,7.32878895770107,6.54277219147842
-7.1367239347366,5.84218613125749,2.23708327507359
2.71876422021363,5.42963453868331,5.07010623295204
-1.07180585588933,5.09233846860566,3.23946995008084
-5.94166580291693,5.86056381380049,2.68280901925924
4.93054919233666,5.37727443816644,5.13632757393352
-6.06077220059389,-1.28979225331704,-8.04200086133928
-4.7003726332735,6.11386881858474,3.49571449234678
-7.41490819076837,0.221451963404589,-7.15493016970172
-2.95424219761956,2.4828169918409,-0.81945473840237
1.07389448031848,5.73985342301428,4.95789305422583
-4.94975427905881,5.3354266753465,1.84251981811008
-0.754004248637513,1.15966843148388,-2.52497907390733
-6.54327679738732,3.37443195587728,-1.24220543535671
-6.45890628530554,1.82438352602987,-3.52855467451314
-4.89161378553408,-0.591513857451313,-6.55075384201137
2.06480459026182,4.06854371224618,2.80765838656323
4.00961655075526,6.25480606300289,6.75476516453325
-1.62315261153047,3.17203268247405,-0.30739676066397
-3.0638378988165,2.77116677180954,-0.925727597743922
-1.12436771474695,4.40714311849828,2.19734449946917
-1.72557401548585,0.672539737881216,-4.08884599006631
-7.30206320699801,2.79067197871023,-2.37995681416968
-8.78698359390813,6.84012797054969,2.56088126928044
2.05431362550258,2.51797150176432,0.487325234673919
-4.67724402437245,-0.362037468176601,-5.70646890732749
-2.69281008470058,0.851555819019579,-3.5941345250857
-9.05387669791451,3.36421485575937,-2.13617599299304
5.47771883478202,5.13669763529365,5.56548066039826
-7.99841713345685,2.15349528957055,-3.57566516957161
-2.52713206783844,7.39740228960526,6.1740319558024
-8.19938884907737,-1.49729478564261,-9.10053592088742
0.280708300839019,5.60590665864907,4.11733017961205
-2.64652644039367,6.23763505699909,3.61894079091715
2.72226276030673,4.68444059787659,3.50972914425954
-5.78922867920058,5.41684471778372,2.07321495017336
2.9707540767196,4.45533763767802,4.07992198840039
1.51725312969399,4.37219579063295,2.59510762912431
2.56620342074354,3.84386377925801,2.64745984251761
-7.97530022196889,2.74805421143603,-2.67926244446663
2.09663379181261,4.27902320873798,3.13326936827156
3.03974108535401,5.12573282627426,4.77192954350229
-4.88468029193017,5.1948130559057,2.05807473422376
-4.94422095430362,5.37293930738855,2.30336845657991
-0.235054227795534,6.14109054245225,5.0992391321947
-8.83702487708925,3.47975132585371,-2.48896852568239
-7.70700634271391,-0.347962473100382,-7.21102153841302
-7.72349704532852,0.477969082474977,-5.69713678537456
-8.73621868852039,5.63093278582906,0.992953269017506
6.31393254320754,5.68041539796272,6.70309258468878
-7.55329055706255,0.599215923098517,-5.74207173637557
-8.50791844667132,3.1796502797355,-2.22084372155218
2.11933387935523,3.39470187206155,2.24599206517185
2.56004039001129,4.24646661416113,3.2468190676669
-5.641750428453,4.93321174672752,1.40225121486168
-4.69827960827385,-0.501637182473741,-6.38757308806299
-1.97356143915114,-0.341666897855522,-5.19491997795075
-2.76518181170951,1.16788079736662,-3.2369164121305
-0.800453488717269,3.25461620014881,0.588759563935417
5.52390712293771,5.60302820934434,5.45322798371344
1.94857983887803,4.28098002090402,3.08437435926998
-3.25797854516335,5.7485802159723,3.45478361258498
-1.70546705636343,2.10367355819561,-1.44758090022166
2.10474920193095,6.87059548287009,6.79806635714705
-3.5603834733745,3.00867518930079,-0.744663786187104
-5.5839662877044,-0.746548526780741,-7.06347621581382
-1.13557051494667,1.17825850412808,-3.32449698723241
-7.61737682640668,3.99881260432588,-0.685270984919532
-5.11643157622274,0.606506060168404,-4.87828345346929
-2.76591913821016,1.74350914548376,-2.16493326033247
-5.01201985890257,5.43311720914147,2.09977610155927
-3.08310347335796,4.10770645313595,1.06441152582199
3.08301937020316,3.273976117197,1.97689321619964
-4.8681189566563,5.68283443056368,2.79300860971234
-2.94861498645591,5.34304708725605,2.95716597388912
-7.88611371629932,1.94504393264977,-4.25504228896853
3.82589842365919,6.12241707298909,6.49266590627418
0.548263059274122,4.05348989171274,2.25438010136531
-0.524697887654936,0.720800994263946,-3.10042033508006
-1.73434427313252,4.43267353440871,1.64124294206563
-4.82674594753832,4.48134648769738,0.461657446698169
-3.86568323664465,5.67363699926804,2.9014389852064
-5.09333474992512,6.13796911638478,3.39418594851831
-5.26724780763717,4.36348561989583,0.682116520860372
-0.326709358234714,0.941160488624751,-2.92733552649796
-7.84736901216,-0.889269366093121,-8.06889788366963
-3.02849218750004,5.77009896210377,3.56725391443953
3.29756541195984,5.67704168075314,5.5180078559978
-0.354640129943781,6.2233243286278,5.23870135146089
-10.1301951819867,0.386488103393806,-7.81014316097284
-7.04580256046082,-0.885831465093673,-7.78321458831804
-4.08523636487635,6.01721935245558,4.3546653157142
-8.45368575949255,4.31022715300065,-0.512702911919545
-6.86915276580054,0.672700198011274,-5.39283417225716
-8.31069026283771,3.06824155228629,-2.12267947372797
-3.14565522240027,3.99363674498518,0.872090549564605
-9.16374214394907,0.835366645238848,-5.95290154190853
-8.37624183845251,5.26438860836677,1.03855392793675
-3.6497777234132,8.1190102896067,6.85923986122187
-8.3816757383372,5.35548224030959,0.518405317214787
-5.21360885723393,5.42917311748589,2.89745092060456
5.6079706828787,6.01696126531837,7.01675672764547
-1.50124555794397,2.11891623170555,-1.3533301376185
-0.551963513264618,1.0705222351338,-2.58745571260881
-3.2285624146213,5.03732640572138,2.40241718431622
-1.84256094367504,4.58911500550003,2.21785663617879
-3.53804238203848,5.83647376184737,3.7052954447372
2.8984269241478,3.96476012801129,3.2909775242857
-1.81887374943165,3.06091120514047,0.0798934988438321
-7.69944827233678,4.29911008316917,-1.00213360917481
-8.62608696760459,1.4022809638303,-4.91771427261546
-0.805542135204986,1.80634850267063,-0.986610014789389
5.40983867520631,5.08635333607195,5.49909183153428
-1.52610691963907,6.35626556911609,4.96885924389143
-4.79038207497539,3.91427817663984,0.177871921450768
-7.09495467629027,1.79804879510028,-3.7905163782611
-3.01010636733983,3.61910604093449,0.359957823968675
-7.6148462711709,4.66128759234406,0.305397817467852
-6.58943135044328,8.4562886720286,6.33428336820745
-7.19587532662977,5.67967697046004,1.9735805500473
-6.98239276921097,4.22921566877712,-0.118789696061682
-5.26594375019415,-1.21398446714022,-7.39239129637546
-6.18946462258905,4.34996581710434,0.68537315760729
-2.4801826771316,2.17719097513811,-1.60888992424347
-6.66441315260307,4.47533285425694,0.360218576930892
3.50677206204577,6.6463492254177,7.16376285107726
5.56617774682687,5.17466671134129,5.68575647465571
-8.09403582809506,6.82140479899506,3.36504572695458
-5.88987729070165,0.77154516925734,-4.9024083213004
-2.55830901415788,6.18974133378337,4.29493046011021
4.84847179360855,4.87692492575644,4.98971399669582
2.18025977945034,3.66625147654082,2.24701527939454
-6.41967992076734,-0.37583494884379,-6.80210296812864
-5.11816182068813,2.24800102160798,-2.42638287112578
-2.98057808409307,2.45054072328989,-1.37562413859656
-3.34180538477304,3.04453956008556,-0.692985577467976
-5.72051594345894,6.45149293606742,3.64309975483214
-8.93585586749216,1.62686577648983,-3.76026194975348
-4.66685559347178,5.36900370257282,2.39456577673821
-2.68281407774869,7.08217149647471,5.64856708242042
-7.12456317146204,-1.92727467343538,-9.93534512808092
1.6364233143883,5.51548849093697,4.81956053591088
-7.34309548720209,0.58612386360347,-5.68806427072643
-7.62113291856212,8.05464150714694,5.9097208918844
-1.45714111049407,6.43797513624498,5.11507685751361
-5.6852577586525,2.89382893529839,-1.65995420212365
4.90892369302057,4.54698172384232,4.51791425915482
-0.218687936413282,4.71124719009153,3.76676329794955
-1.3541655505405,7.6697043108424,6.99140606862523
-7.78998780473208,6.77363640238478,4.37226823270477
-3.5652838828069,-0.820358963848096,-6.46721881768837
2.01010478136068,3.51461083508996,1.96089980329428
-0.310586902025366,6.0392003980029,4.15452446120152
1.53768083861351,3.17351594165005,1.28593307417347
3.80805701186453,6.05758460506548,5.26155523217931
-0.467613081296566,2.68674882143998,-0.143179733496899
0.76513118828936,6.84072168697064,6.74385952475079
-8.96952814883945,5.3315810256929,0.832725971597458
-6.7855739472684,0.839930864062087,-5.69034933057657
-7.7973930036758,6.55829021810939,3.07575894166157
-5.63874524037759,5.86776622930891,2.68525764121652
-5.48639505571072,6.78846049564113,4.22849431756659
-6.8208817511212,4.55192060802091,1.32938701847773
-5.16445704030831,-1.25850296633038,-7.68154380344308
2.70764345658797,6.14943889813985,5.76670668304139
-5.15089842568456,-0.22480222608254,-6.13237844050393
-4.16387955085247,7.27032079208698,5.41130476039641
-2.11938689729348,5.792710397665,3.91922218932012
-0.604510694218515,3.54029505093692,1.08416300978753
4.15136803542326,5.61938414087784,5.2093317431163
-9.12090546246075,3.53120617115664,-2.10567370217486
-8.22195188282032,1.1718925233918,-4.62511229607311
-5.41360154274863,-1.6828770218435,-9.01016377158755
-2.54611866067855,3.19040156064999,-0.118161227425917
-0.736285550852435,3.25042551653536,1.4208518558501
-4.84242819725762,2.35927684681953,-2.16362287016826
0.714600073332654,2.45082454854747,-0.0818942883678154
0.31137820083927,6.34978438259015,5.97831934910687
-4.62788024965752,4.05538456289072,0.445569900196128
-8.66552546424458,3.64680639729702,-1.5780425869453
-2.98662323306168,3.23350426422618,-0.207938647579164
-7.12101447534454,1.31067389513419,-4.52780882164048
0.0255171587142815,4.03310583223349,2.04096477981767
-6.35242942857877,5.64537023876873,2.2175285047853
1.71017565244307,2.5106816731407,0.820403882248984
-1.02422023337388,2.19137519054442,-0.864997330627556
2.42844304387539,4.44191672465931,3.4927761133057
-8.60087430894557,-0.442749013508103,-7.66549133857945
-7.63390499310488,6.58258166213995,3.16927254020048
-0.982027562351237,2.10176301793243,-1.19723283980706
-7.17322967340117,-1.83580458361509,-8.22079895668547
-6.31243944294263,6.19852089662954,3.39475624425087
-5.08516689512687,4.3381566033711,0.708001227444339
-5.61480415741328,7.81247759438039,4.72174554967124
-7.81741227737973,4.31988976710934,-0.189571781180148
-4.2525592529846,-2.24269731325937,-8.83283511812583
1.51028382349793,5.5074832009307,4.95151091708732
-6.82084602574792,-1.10798944847352,-8.03639947931901
-8.06584106933486,-1.29095682021864,-8.67003949393772
-1.38464622545541,-0.0318341425093055,-4.52588929131136
-6.21738123173767,2.46419704013395,-2.48809601973785
-9.68881779224992,0.168602291337531,-7.17154408557319
6.12739951284916,6.14443793619695,7.33108788352478
-8.1339043207002,0.887058858842679,-5.55492313248067
5.44183897602697,5.66577108543635,7.1461874544937
-7.77968188275849,1.04867445398641,-5.04989951251391
-4.8032449033867,4.4021872100665,0.902339546368141
-3.98454567392739,7.16386472660863,5.31501862870464
-3.30686509847326,5.57553475973864,2.66274865884249
-7.28220481789526,-0.500892110674132,-7.29082913629958
-0.876396527990582,4.94246090513525,3.08393549870751
-6.07202007460009,3.78438276308586,-0.464771768861028
-3.18740129670478,4.418733960241,0.753597122836937
2.06566194960208,4.69069976229135,3.73750231203679
-5.57024961363445,4.14581564522661,0.250852540912658
-6.54240626587101,4.79063048219672,-0.252235481792325
-0.0188190441309203,4.77335933751688,3.13143674453983
1.0893904630767,4.34741150520043,3.13374579416277
-8.25917610720371,0.0651580541306189,-6.78704954646346
-8.34574231823131,8.05074899194078,5.15714414390408
-2.63972077782973,1.40717679696951,-2.81518202173952
-1.67567927903514,6.81438818954062,5.60097582970481
-4.97725054295044,-0.797397112047795,-6.92709805939024
0.748315349537445,5.87765555823032,5.49627692836699
-5.52241518713892,3.7683671564432,-0.296339449682988
-8.80704232235454,-0.757641438786352,-8.8601386255506
-2.0551899775112,3.43778098066486,0.423264776912225
1.1599358182951,2.82099846210247,1.62951478322316
-7.68970147661715,3.54926677272004,-1.38223681889542
2.09934015069749,6.03213446189438,5.37282716013018
-6.20307876373776,1.85746437418986,-3.3895904378543
-5.33325121792336,3.74808669487346,-0.260432798127467
-8.28141204060172,0.373420489147554,-6.33426684283394
-6.21627115003372,3.13108765888707,-0.637256858861043
-7.00333407210276,-1.65473309969917,-8.95429902551488
-6.89197507510028,8.52140838644361,6.32568692557697
-7.46372810921318,0.310494057079882,-6.84014401333356
1.50277778523225,6.48329938534479,6.2187607566523
-8.38548311265285,2.87455872682492,-2.17864000376134
-4.69264636667781,6.36773051469125,3.28464513230637
-4.6311482985208,-0.124955008566483,-5.80128822088966
-4.57498108319711,3.88100045980045,0.203542692665406
-2.90237369969061,4.98990158390214,2.44572671590398
-3.21915194630903,2.68734905230021,-1.1053166658974
-3.22821489239815,6.79813765845379,5.06915281009647
-7.3754150355709,5.34670508879116,1.2556766531026
-6.58115531531233,3.49117179265071,-1.08104551879189
-6.16275899840343,5.26306490384488,1.7127224021377
-5.29215759581691,-2.10279530621987,-8.9876694896169
-7.61905364865843,-0.437873976659945,-7.31457221056963
0.447380104962304,1.957748138382,-0.912110810585542
-0.657865140692346,3.23773014791404,0.655534254452347
-6.71960909883343,0.798014518766219,-5.15326595594554
-4.08029239790372,-1.30796373221937,-7.37598588293083
-7.96094394694873,3.04324672169941,-2.23319989770789
-9.4711401453076,-0.609443756777976,-8.21913622692883
-3.23029444577702,5.3958696522368,2.93749920160748
-2.71711174379355,5.16875288389312,2.77778419235444
3.20409277781696,4.86335685405787,4.39391262949954
-6.2636384038213,2.30461799368877,-3.35648935092607
3.35380923905624,4.54487765499217,3.97048333743103
-6.60305839017351,3.93210463760181,-0.976329487858874
-5.19908119270355,7.4613412860864,5.45099509154945
-5.71406911680508,7.61603837794288,5.38526697163045
-7.80658692914435,2.3290358433763,-3.24625529992616
-6.20654006460717,6.22752462784266,3.81889238015591
-6.37509214142906,2.22380442075512,-2.90245763504209
-1.00494260957318,0.86220690442128,-3.1308355282126
-4.65937190103039,-0.887765665923671,-6.74104889038757
-6.30097508977104,8.42618743122333,6.24095400211636
3.64884433007286,6.09661888962384,5.63766132326045
-1.53643209423172,5.46997447633775,3.54753893001151
-1.5612278797787,6.43170725469921,5.06928202769382
5.41724723669798,6.57785057221451,6.53946569047269
-7.40540468177147,2.28431533009553,-3.1726577424907
-4.83393776715683,2.74325627842366,-1.07359663048826
-9.18432226954389,-1.55626006311346,-9.53335904234563
-5.98257364332942,7.06889763378615,4.47382502971391
-6.12458593223614,4.06069648533615,-0.070338055103105
-6.72717522572575,-0.974219334157503,-7.98644913177515
-4.81980776151012,0.739747130512694,-4.57539433845164
1.91378523182902,4.73551214512851,3.61786355855429
-3.95422829942912,-1.6764676152491,-7.6567629790521
-8.39688568473053,4.82035943120519,1.12236027015243
-1.83569522219095,2.44864683884596,-0.977746762584856
-5.97736656656185,6.94352148301004,4.28832692071586
-7.3205729143214,5.54196484038972,0.942297842698416
-6.39856730624735,6.04018779784939,2.45664970458925
-5.80946073506214,-0.730225006528683,-8.27935617020053
-3.16750874966453,1.99210624876731,-2.1259821172559
-2.88129569861905,1.89852887688863,-2.14814041307572
-7.16969390752178,-0.799665692484307,-7.20643877892967
-2.35108765449017,1.49388511078289,-2.28131531631941
-1.62431081866079,1.16431716261689,-3.00629125995626
-0.827121477761579,2.87158377189904,0.00714907123649581
-4.61625564836296,7.4993741561992,5.59519538030754
0.44982764200665,3.37579700945247,1.22505736515631
5.38466728231158,5.52669809448825,5.44874281728423
-4.7101864847332,1.32488555973955,-3.46753762374461
0.524676096354162,7.30461995911758,7.10353622455075
0.506409360014618,1.88557422974006,-0.99928345051737
-9.47903189610357,-1.5481513420972,-9.6256537730983
-6.45803518149316,2.08366035483289,-3.14087240753647
-2.75118187662977,-0.563884336331187,-5.63465277945786
-0.944435704674739,6.65459128668342,5.61816223940706
-7.80696949568913,0.856124799799694,-5.31786479679129
-7.23999919860471,0.825992726062205,-5.29360020465473
-9.8040374512668,-0.581117003271242,-8.29332757865386
-3.14013254226795,1.39450156289805,-3.32356743172606
-8.08241037535668,7.67869996236727,4.64997244416033
-4.28376286318288,6.92273475699913,4.85002841487455
1.63148881190906,4.97250077652409,4.00657254610088
-4.40166271294862,7.10166808089315,5.07610234682615
-4.62996868260913,3.13757614386166,-0.926429835340356
-3.56296515575592,5.93646600568896,3.62875310889048
-3.62268262672956,4.36712798689955,2.21030200658437
-6.44650797144518,-2.07856623654462,-9.35549017852904
0.414964143516499,5.60079172051729,3.67309936015393
-4.99667680831531,5.29215388298641,1.9048167514129
-7.24692349669073,8.61713539372212,6.34447832884293
2.62249165945405,3.38352234501662,1.97937891988331
-0.940613480419619,5.71335460290056,4.21322778745397
-6.26035607146714,3.94851313978451,-0.285466982730692
-2.93060866860613,5.99569028387263,3.93856189439115
-2.01645193076564,6.09329405211681,4.40434186040308
-7.65470641583504,-1.9606265042168,-8.97752869068882
-3.16129377671123,4.91834181473982,2.24818994068138
3.11055428180478,4.44156489410706,3.73098817677005
-5.59069888001292,7.22236665443661,5.37646117330894
-9.64067804260485,-0.254217815528615,-7.74774224672405
-1.78265384256144,4.82333337668712,2.58876234141685
-7.82687721732499,1.40849281929486,-4.62871134016804
-6.52774689265993,-0.273724219401373,-6.68736577653608
-7.51029665679237,0.840048897131847,-5.36720295065003
4.3611846118848,5.92429593369949,6.38400853839423
0.945677564901456,1.92196608711652,-0.791168425243515
-5.25571417629887,-2.33734545187764,-9.32534837750145
3.20181061341538,3.80835002495165,3.22848614818098
3.24730358061641,3.90887042067837,2.98296807459502
2.58842373178659,4.21958874291273,3.31255349615398
-1.84023072880837,3.10646859626838,0.00349668473166922
5.66787169859745,5.35194747449056,5.9862188081405
-4.161213551133,6.06474152596207,3.61101966615656
-8.73376632319676,4.54414485372325,-0.161995807564289
-4.79588331275687,1.54919302031124,-3.35765309415545
-5.81399935285152,6.28989830501873,3.36894725485287
-3.40156317491774,5.16239651367485,2.52873055294125
-4.63282942673829,4.53513626979594,1.16061968318924
-2.3957307275419,5.7678579285948,3.78537104429894
-1.73425325577319,5.18458652783818,3.14543946956527
-5.14388442236876,4.86140932665111,1.4692256882348
-0.726721541243756,0.440463303933501,-3.59212174832446
3.35458829588013,3.4213919667067,2.29219125773426
0.40929264203987,7.18862992787472,6.88985515069522
-7.21378883918985,4.57911794014029,0.323000105216355
-6.57802297524913,6.23087867691734,2.98333425863596
-7.36832939593748,3.7529216498993,-0.965482793236863
-7.3470212172026,-1.79118143870131,-9.24129559843582
4.28155262992429,4.54566768219512,4.2963722322811
-8.3900266814869,0.350274601525875,-6.40686331946827
-7.89463167041025,8.96966589824452,7.03293603289157
-8.78669970442287,4.14254884313767,-1.04856472926258
-6.57656732151711,1.98483830205911,-3.2060794149455
0.153095339507167,5.41770940912664,4.15430971676392
-1.49484197180371,0.770878397988129,-3.36514996334064
-0.874037225251995,5.15586696575175,3.40360455586114
-3.27309326449827,-0.498166458321926,-5.44564299376095
-3.46332203073213,1.05207489297945,-3.5365410677442
-1.74465239555463,7.31714178203165,5.45838498684967
-3.44290291591536,2.0852103809188,-2.08326562134363
-4.00696981097653,5.53044425031169,2.86672789084263
-8.28521153315327,7.75242867610477,4.68914815889414
-4.25168330689299,6.02184766533341,3.51526903969047
-4.24006063433287,-1.17695486953206,-7.02032793373395
-7.13135524312439,4.1425199048251,0.822242782527815
-7.66010555216421,8.68739759672819,6.30484189781901
-5.21891818867479,-1.38773482195848,-7.07623355384295
-9.55819864788859,2.08246808968142,-4.22770544367988
-5.54261425700839,8.28932030466604,6.42102721097763
-0.609072962468017,1.53081666503773,-1.91973243989642
-0.860002883349655,7.43364564020543,7.22454459420233
-9.43828252732369,2.15646114025486,-4.075184316993
-7.35669238968356,5.07782618369786,1.01808846956589
-5.1720141363275,4.10810686399964,0.333894743115919
-4.87802587083334,-1.10417733726771,-8.04892962721246
-7.11819599784623,4.93919149980789,0.98972419702778
-7.63215018063995,8.15193570272649,5.51460939788697
-7.10407643762352,2.07396110207774,-3.38147704989026
-6.76217971415594,0.890152455681519,-5.03050519250658
0.473951031483025,7.3552531991908,6.87908576676602
-5.00908982568423,1.77422867670073,-1.95583559362939
3.1756010350154,3.48891235643478,2.33042613183635
-4.27045880133058,5.34605092578736,2.49901092606691
-8.09695301298071,1.54081480383613,-4.52553926012105
-2.92320091855041,2.86863068318302,-0.843791966413795
2.3349205327994,2.60790327373888,0.719901395479189
-6.20163499190777,-1.299875176852,-8.55683350577073
-9.71983713827368,-1.66982428383631,-9.89046103801921
-7.26795886438754,4.10738977694487,0.81097890191443
2.89286216980995,6.68584405940591,7.5463343919322
-1.38818799472838,7.15490216164632,6.58789578440236
-1.01382082971187,3.31983280274996,1.4376931950637
-3.44233766772041,4.82798140212951,2.01482041781548
-5.12043020001392,3.41812283692875,-0.678934476191737
-2.63920164180283,1.93113858440531,-2.79430135465141
-7.71521635096124,0.538399630468795,-5.88960919317517
-6.91042401885415,7.38220838673825,4.15411658120893
-4.93876812974891,7.54213631002285,5.54620617784637
-1.97105531262997,6.10164684751035,4.43271024592405
-8.81044524935945,2.13105927738403,-3.5749364025964
-3.55457925258411,7.69745986692189,6.26273388511837
-6.20829293744466,5.3973677094208,2.26457440506052
