-1.31813708223707,0.70360224644636,0.380295036441027
-1.11992969594445,-0.622176185304483,-0.79485877639384
-1.34321105692872,0.196272902894173,-0.731045010685685
-0.496995456393809,-1.39317875640909,0.332234120637821
-0.107359689959571,-1.16880334025307,-0.99976919951534
-0.426430551560135,-1.16394363705769,-0.916819501299759
-0.561287373871706,-1.27448167129539,-0.661678741519496
-0.992217839792666,0.324956143227028,-1.13449242698693
-1.24585536203154,0.569614848009485,-0.707494979020277
-1.44407964373966,-0.519959428475096,-0.146430798642517
-0.21625796867297,-1.55180802706479,0.334010670649705
-1.470576081703,-0.231813734745984,-0.401041374200551
-0.984716983195396,-0.462177156077071,-1.09265298376089
-1.18588971867362,0.201519525007315,-0.958929006648405
-0.9604168544286,-0.727414568159343,-0.962098391680151
-1.25896713400853,-0.828255494705976,0.325822642691103
-1.03095329842922,-1.14566902105573,0.0417563667675946
-1.49126261869317,-0.437069719003009,-0.204369558282062
-1.16298561234166,-0.878069013248469,-0.643756947591306
-0.174225468041274,-1.44540033963466,-0.640210974569735
-0.0486069319539221,-1.59790342811373,0.0866954802009762
-1.34279853600911,0.41971133276735,-0.478183793210839
-0.982406612549949,-1.18787879727672,-0.0314167807557175
-1.48624493479772,0.0117817298731615,-0.410003644061637
-1.47491209799675,-0.336768605263457,0.297299534487077
-1.11705315216656,0.00517582702532747,-1.06269999038481
-0.501860519796589,-1.40282208579546,0.396726628534662
-1.3779193487317,-0.706698808587812,-0.154472774551791
0.0189567841038907,-1.49644368250392,-0.370759691640079
-1.46299433103659,0.483832755257739,-0.052146484148144
-1.340954730846,0.739312221264237,0.12318846805523
-0.612183625123993,-1.3104400383734,-0.533988687588479
-1.38099688126018,0.340224058537809,0.595198292551491
-1.20370011813833,-0.12502659024607,-0.955322029914372
-0.596517154827093,-1.39942309324973,-0.126475326132126
-0.55827060026109,-1.31218280205064,-0.503372181779718
-0.777353705741451,-1.32878077572343,-0.0850215840382763
-1.52411488456765,0.129720641298152,-0.0920331088689581
-1.35108109199614,-0.840128557567161,-0.140377835732651
-1.42495128589191,0.200348573861829,-0.615342988552432
-1.09020632988406,-0.48527915597506,-0.976278701279176
-1.25778574162799,0.26241277023689,-0.852220845607773
-1.46300220395491,0.27440983087582,0.401857685575722
-0.966386590753769,-1.04282163190204,-0.596477832583055
-1.34423415622789,0.659931394681337,-0.347763669697099
-0.657720634033814,-0.707660913347842,-1.1504296165434
-1.27799957395283,0.733095667679753,-0.454371692032042
-0.535910267900326,-0.911590513365796,-1.1220377552538
-0.419099627707988,-1.47476484891572,-0.163064238789916
-1.29996707634868,0.802733513945085,0.207051465856568
-0.533901706351162,-1.44478304242441,0.0686784667322738
-0.509519541227407,-0.881780816042187,-1.15759156574411
-1.50806427353959,-0.14032511959828,-0.288473241736101
-0.659881114348343,-1.36180693597926,-0.295304228821184
-1.47936820839346,0.564265867746633,0.321666313827977
-1.23821605742435,-0.743959058272235,-0.538991389788094
-1.21543706167631,-0.85109824307867,-0.259404752747826
-0.808501952940897,-0.912574774690053,-0.943767808417228
-1.42130343054536,0.0945833139694862,-0.59001386301768
-1.16456636023698,0.660743818720148,-0.764440057912987
-0.0929646549516584,-1.5204869307268,0.318592503808195
-0.905082419493322,-0.954022224154632,-0.881250782646029
-1.41124253425636,0.245896328675746,-0.570171297562386
-1.32189864444764,0.820658947267639,0.173756901488305
-0.684134713296972,-0.837128349578186,-1.09924593422449
-1.40237464863841,0.0106017484475013,-0.640623720526065
-1.22064505897625,-0.239132993680088,-0.911047119991587
-0.990892182887266,0.908763986839267,0.662934753744846
-0.296622602983431,-1.50327338756012,-0.17515296863823
-0.62306611379047,-1.04417911393587,-0.947968564552987
-0.7687285053767,-1.29047294805533,-0.347709446051129
-0.345850007363583,-1.35173633024049,-0.656020174559499
-0.408621281529419,-1.5075165976591,0.112320005984801
-0.804992188809899,-1.00831004751957,-0.722539895474568
-0.298937542065325,-0.995215935767241,-1.13901158495135
-1.41505399910409,-0.356337687883644,-0.497806624431378
-0.250757417663016,-1.40009559504472,-0.594994828328656
-1.09119352295939,0.254548618411371,-1.05908805102826
-0.0903906812366483,-0.949618437607955,-1.09944845105406
-0.529918380192961,-0.90270757243191,-1.13202091523181
-1.44774858386651,-0.527757249538441,-0.0515958039634249
-0.621900421899301,-0.867208581015101,-1.11281397626456
-1.37512755283755,-0.0834755277529025,-0.659365151607849
-1.36194455374334,0.404261150883325,0.6065627851657
-1.49886099770647,0.259833149444828,0.251133923471996
-1.46676482412334,-0.242299112391912,-0.408727163720525
-0.836483388021455,-1.23961804821027,-0.375244506462144
-1.22854443470078,0.906809833263137,0.213401737990874
-1.36685964196524,0.65892064771315,0.27055889437262
-0.570358836774981,-1.37048331153059,-0.4166918449446
-1.01300941480521,-0.157870760067488,-1.15154442039646
-0.228477364893176,-1.37028414735814,-0.668793879117443
-1.29310299678376,0.797447009250707,-0.262923393140384
-1.43441052368021,-0.357762747498467,0.437764856483838
-0.874468148448964,-1.25642066843529,0.18406076385631
-0.782018447004463,-1.2604353047472,-0.420613592987735
-0.94619656194406,0.382045286529084,-1.15581973885232
-0.60280817066494,-1.35303661982854,-0.427878508804823
-1.4792385389204,0.417888503554822,-0.119951436355986
-1.14198264503937,0.605301104655512,-0.840625965960011
-0.417861982007405,-1.48096138221917,-0.0964912010642812
-1.09914496924025,0.253712633673522,-1.05103569854825
-1.20307288827316,-0.873258317970305,-0.408902603454978
-1.46951548276904,-0.163224409585869,0.33315646038259
-1.11011976713419,0.246719588250229,-1.09876959844249
-0.645683217350689,-1.02871595822185,-0.975674633630096
-0.968150133293898,-0.6987763181785,-0.975480794311405
-1.06123680684935,-0.663661687722889,-0.856386662058464
-0.173782294521953,-1.34766625369769,-0.728533586233075
-1.40785161114896,0.628319893246754,0.0182689969665554
-1.39719851782878,0.51572885074341,0.398780463165423
-1.08898059897803,0.266160958576212,-1.05851093650172
-0.85510725231258,-0.403807263116733,-1.09299711596725
-1.44105219794337,-0.682949375712291,0.0469863288527077
-1.15095611097238,-0.149510464970058,-1.01494455759626
-0.14290966755371,-1.35349953256184,-0.724418142918213
-1.05342916160729,-0.60406766005837,-0.935502517444
-1.34857870602282,-0.720740176786705,0.431198672344033
-0.914354188628693,-1.21596523122499,-0.250101534788625
-1.32616775105956,0.811243357516452,0.249977351551855
-1.35771556569623,0.253046132307274,-0.55526564751141
-1.23328830482501,-0.855748725335641,0.192707241032119
-1.48001136226607,-0.332956044786531,-0.275449529529367
-0.791385976026504,-0.565841115955787,-1.11360900570146
-0.184330187973137,-1.34725305955249,-0.726703088505021
-1.3915584506193,-0.435613698762819,-0.390792017878688
-1.36158175746125,-0.723307367655299,0.00934736106039531
-0.906247252108486,-1.22653451760868,-0.226924654180129
-1.44828760476756,-0.510121967661089,0.139299660806188
-1.09439057429316,-0.939033872908427,-0.545610172140676
-1.2175519602981,-1.01207202094363,0.00358999006472395
-1.34677012584591,-0.00594527710644449,-0.750560247630818
-1.21239233667196,-0.947331164940404,0.0991679858939282
-1.32964361294762,0.705664621853911,-0.200082632173839
-1.27169303728614,0.790930668024894,0.00704875496596157
-1.15743968851535,0.788649425627299,0.644617137859158
-0.824397118560925,-0.667261952757912,-1.16449784048972
-1.24752200774092,-0.565998106161905,-0.655634668380759
-1.18229335998044,0.823219072074099,0.437033557012198
-1.5187728981834,0.164618350519225,-0.208315832164608
0.0438720279526868,-1.53388263381985,0.149816936104329
-1.3937886039374,-0.662027806658357,-0.466781357617046
-1.19605206555381,0.232246493047707,-0.944821055261791
-1.0544011315681,-0.145794168134099,-1.11541387735697
-1.56399464041533,0.00306847508256447,-0.336410509571255
-0.536875405212778,-0.800616104371442,-1.20330563707365
-1.22676692543675,0.665105619980565,-0.655624304338412
-0.430626706866746,-1.35302470908109,-0.467266256466341
-1.24242329261679,-0.802673402261234,-0.391937463644859
-1.21632561340419,-0.915773086726737,0.243058551214302
-1.48782139515921,-0.286515765112482,-0.0653159875768287
-1.46563920175622,0.106953682996126,0.466506638198708
-1.40011577677981,0.420046223937804,0.490308866820059
-0.0605261597648194,-1.30711677780055,-0.881101019352339
-1.1089975333292,0.451156499342153,-0.971466977146205
-1.48883503394152,0.392921539979004,0.0784137018855396
-1.2129065894697,0.391300413568217,-0.867702365489938
-0.321500176325674,-1.05409822189838,-1.07827657802984
-0.506761841292687,-1.01169543162671,-1.11547406298039
-0.840401393101381,-1.11745783791609,-0.649753247369849
-1.28809638034041,-0.655340603288084,-0.440827835547995
-0.0713294651388411,-1.10429108842164,-1.11254088369911
-0.736446207719287,-0.659817470836659,-1.18298507675672
-0.954851741552332,-1.0289379615044,-0.637738682019647
-1.25680611787546,0.863155805162074,-0.229273290202622
0.0689174710478523,-1.25795542789473,-0.888799373947262
-1.51999360645986,0.301203832213628,0.1706482480294
-1.38715684427761,0.409948786407184,0.355860980862984
-0.783876929648775,-1.29559166589271,-0.0690992609924085
-1.10872220784464,-0.24171558457366,-1.0273410407643
-1.13288277691836,-0.958667148183235,-0.375751149001873
-1.47617241325303,-0.0525022825762152,-0.474935104330944
-0.29347370480883,-1.44978088028641,0.434941820541826
-1.22967239872093,-0.919101855871442,-0.142560071100153
-1.49298081188553,0.0920466323717864,-0.373766660264302
-0.105535654781,-0.945548869440553,-1.23663096881997
-1.05008126796916,-1.12656779196945,-0.0730762907641764
-0.0657391571872182,-1.31229061192279,-0.80668303353059
-1.27659558346874,-0.544135218870936,-0.671852947725079
-0.358250364583129,-1.52923059062431,-0.0094991804813221
-1.02009022825231,-0.623372838662147,-0.97364677052664
-1.46878781340398,-0.16262366897094,-0.439751867535402
-0.951818090741756,-0.752630054045272,-0.951186694292467
-0.794513785021302,-1.2869649438627,-0.299390851887789
-1.15533662839822,0.0676249577132322,-1.01871975719048
-0.0487921941736465,-1.06223997154711,-1.11643690737534
-1.49867050353468,0.3573863930264,-0.0585447814002369
-0.671283858211918,-1.36247450988521,-0.423100618949355
-0.562886539977203,-1.35059519119784,0.400879802097037
-1.36351681239917,-0.603201476978192,0.39260117675656
-1.11916202213775,0.734861805865209,0.711929216586566
-1.39038110190738,-0.27105633706811,-0.784422930425072
-1.3967330310387,0.543634593534844,-0.361613152736649
-0.840347482893051,-0.843848846062965,-0.97923492406471
-1.4472915685009,-0.493569775921557,0.197235381099487
-0.40870871155399,-1.43848244791172,-0.493540489479623
-1.21497920537484,-0.22938979818378,-0.921070928056269
-1.53548920028866,-0.132846944128412,-0.215817904846576
-0.0105972318472933,-1.50507707761022,-0.248478442659952
-1.32563081757301,-0.703223668938925,-0.354041255306922
-0.385340556427791,-1.16436899173412,-0.934303649877542
-1.09515911369593,-1.07093899265042,-0.175732732364064
-1.25319692894642,-0.731383637412037,0.353210273187227
-1.09743188100626,-0.103480372385853,-1.07800783048939
-0.424426107334366,-1.34604435016026,-0.620639098292342
-0.378782982797489,-1.50208164679682,-0.0999105361077279
-0.333917200199248,-1.21165735350176,-0.893057425158482
-1.41404829352092,0.37118515411684,-0.489749740651619
-1.31510517267846,-0.258450161401986,-0.762146772203463
-1.43736902496166,0.5575964894086,0.0149078702197248
-1.04442654235831,-0.222728780927131,-1.0344611666244
-0.00810540180018183,-1.41545832253995,-0.708969213180229
-1.08992862437707,-0.929566258682437,-0.570199936861754
-0.648751913778705,-1.05985173327322,-0.906771234882265
-1.17415478393771,0.899126886478564,0.577815908534193
-0.848634488587033,-0.667076731608462,-1.10090596439555
-1.47847920010629,0.278623899491865,-0.337096100540373
-0.411927476396844,-1.33619820653391,-0.649658302925002
-0.85393929273172,-1.09162294671745,-0.675509311588863
-0.51961221508834,-1.00310601221409,-1.04926034791439
-1.44651902481423,-0.252537857852575,0.505203391067108
-0.360473556838753,-1.32758169167249,-0.696240957047571
-0.85789418075934,-1.22012484280127,0.390485270033244
-1.28253215165725,-0.517390452468614,-0.683463436556488
-1.23163694139606,-0.34398443634744,-0.753894211512252
-0.912798055057612,-0.873401858852701,-0.883818254592079
-1.12522709334758,-0.469290878189185,-0.943819825792764
-1.39641623515925,-0.646294464208432,-0.0974215953046109
-1.26696198866089,0.603607307836028,-0.502752442632013
-0.553596808999844,-1.23419792859476,-0.871643456443665
-1.30060497836029,-0.721109528983997,-0.406931862831369
-1.15198954955585,-0.869430052261648,-0.706816282692356
-1.28514991150512,0.8248571928527,0.2125232219595
-0.742815567240708,-1.26757298534505,-0.467599789780552
-1.16536493675408,-0.948812516090794,-0.34473928846031
-0.813163005157919,-1.09360208262261,-0.721086829335089
-0.301525923548267,-1.48782078892608,-0.269512932866404
-1.13094330644766,0.106337069567606,-1.04250921758587
-1.49316467148814,-0.254041006010934,-0.288250298524014
-0.370840273887536,-1.47008751410893,-0.439254918849164
-0.803299907054898,-0.520839880104014,-1.15408481134132
-0.4248700769128,-1.53291942601348,-0.0307861939000338
-1.40104622023132,0.0289874431287097,-0.642958023848276
-0.214116204813137,-1.29083992905174,-0.815507407640563
-1.08430608646177,0.537699982354255,-1.0239636669312
-1.35632813410173,-0.556285431793908,-0.477583829848219
-1.43585987392991,-0.522792177882038,0.205330379383664
-0.483678664763786,-1.45830719403011,-0.128689085033876
-1.46206153268008,0.26557717655856,-0.411109038410575
-1.00623092822586,0.176923286433284,-1.02055895054579
-1.09017330664259,-1.03913553212437,0.329977742999544
-1.13974530994043,0.583522705722662,-0.858864182446447
-0.832291297651445,-1.23111346526488,-0.410873015677211
-1.28721052270065,0.826654967707398,0.192084455716495
-1.38081974801861,0.459333408432086,-0.39456699474273
-1.19896796913427,0.702806414481211,-0.667611231382909
-1.30850248861416,0.461536309186192,-0.672288090113039
-0.898346632309247,-1.08568234695859,-0.625646044689512
-0.138190674890545,-1.1305074436826,-1.03924109843002
-0.902751921578381,-1.18190041106406,0.452291300203629
-0.552848527381707,-1.41254144768026,-0.0737007908692099
-0.719618913197802,-0.980616293992108,-0.947473539070987
-1.26926996641879,-0.405741762126174,-0.654902619400809
-0.361057118151428,-1.10590548474169,-1.01181847174528
-0.158765714108007,-1.02353271925068,-1.08690886748054
-1.41798433530691,-0.15532926135264,0.441188114716487
-1.24042282836813,-0.0010332090015103,-0.974975511333806
-1.3435879967094,0.759945135075599,-0.209790806026364
-1.22812415866642,0.29977901028215,-0.882615091310276
-1.44240830908141,-0.0655544658957391,-0.726008559404689
-0.610425212944117,-1.03500757153359,-0.966077734856143
-1.10265935381547,0.563666266851496,-0.918470735827465
-0.0542617188986805,-1.01427779021724,-1.1599405302207
-0.595060427958267,-1.17991661451782,-0.873435744241104
-0.729159652966104,-0.783624393842756,-1.02115533722381
-0.396763703963311,-1.21935573632124,-0.832216059915196
-0.186787432192371,-1.58402939330271,-0.152863835629076
-1.4372683912966,0.494056312811607,-0.259487446064717
-1.43027639173997,0.585050187733656,0.343297644640212
-1.11992429110384,0.121064158964199,-1.05274823919319
0.077279684037687,-1.5112070885567,-0.381045882132032
-1.10616331709271,-0.498532718109058,-0.952191513060464
0.0080764356266215,-1.31713702288984,-0.801405414028975
-1.42272683860927,0.591015516564263,-0.0609492034044597
-1.38275363065426,0.68160214602545,-0.0240148903905755
-1.16020296791266,-0.997917735603295,0.187763334358814
-1.30488941053913,0.57611811502581,-0.585249816160961
-1.36601376766573,-0.492153472581799,-0.518610788055792
-1.06995221574264,0.0338822106692934,-1.10960355773676
-0.19676706513911,-1.06166985275,-1.10059331696718
-0.69165742585688,-1.39952123314473,-0.221009150342128
-1.38404559801573,0.671622497091386,0.322133069431414
-0.611011786891651,-0.867494995465993,-1.11860754182842
-0.927455743811791,-1.21606076240633,-0.181757133538653
-1.51959796569748,0.0342618061792408,-0.392993876933633
-1.21310043923598,-0.860818131492899,-0.40564180299008
-1.18793900652411,-0.0309835428858238,-0.982347565967998
-1.16303632635357,-0.922575347339147,-0.416373673013248
-1.10752940280449,-0.916440541093927,-0.557387800438346
-1.24044480179434,-0.900612237404676,-0.165408872352256
-0.523677984359998,-1.19911332529961,-0.857418469569776
0.0393748802454038,-1.56024778687949,-0.431472105901764
-0.594230586330916,-1.40547002313538,0.220703030906106
-1.51353718959089,-0.257737976241248,-0.141216553005897
-1.2046947685981,-0.0186159179839748,-0.962044575695165
-0.988672821445085,0.300142683719141,-1.14438027991581
-1.16192596604358,0.529325384396998,-0.864238676744543
-1.50564860122036,0.0213355337026105,0.331259548027359
-1.38174683042866,-0.326533778911174,-0.601096657239789
-0.518843824413258,-1.40710429397299,0.149315953528357
-0.5714768089988,-1.07567433657878,-0.945253818779297
-1.23088919812147,-0.92350465446115,0.0960038470634712
-1.44930444873622,0.163838708846872,-0.499839270037169
0.0215391549132934,-1.53665057118623,-0.124124495540399
-1.40947058693149,0.585662899250547,0.218076675806789
-1.3388500216799,0.0581281289231202,-0.838269333282428
-1.45245877430648,0.336174417618606,0.393085325843413
-1.51134937645079,0.192628788235025,0.236395887780289
-1.32458833831524,0.216897821419066,-0.758674418032823
-0.988865125151758,-1.02648033971825,-0.617571405289655
-0.159458174478171,-1.53457265496183,0.458136994499672
-1.44242696545884,0.048942763137417,0.54237888857161
-1.28446223701511,-0.463563635790716,-0.71584308390117
-0.0977006101404342,-1.40800103099964,-0.809118037137124
-0.145507386451744,-0.98014777176578,-1.18122976152189
-1.42921642523839,-0.0491149510504208,-0.576275919093116
-0.707556054765191,-1.26258437973878,-0.531423481716095
-1.14681638267517,-0.188395969279756,-1.06894950039855
-0.989202445008671,-0.445380801724937,-1.13722645773504
-0.488019360216255,-1.46240600375623,-0.408349170837032
-1.05195959582787,-0.473407971158696,-0.921453902569251
-1.06514691664411,-1.11367360550496,0.0485690218105552
-1.3218416343436,0.0703581544742445,-0.790537935414432
-1.12521266000117,0.780250106856096,0.708711537960719
-1.12612729402164,-0.50281963876346,-0.925297537037566
-1.46574303266855,-0.188897296447697,0.439409805412739
0.0573712622637488,-1.49246517673518,-0.382651326946097
-1.40723749683395,0.367924649151487,0.386865510987526
-1.20889733302528,0.150582846619556,-0.945017379746437
0.0860271003572633,-1.50044992883868,-0.344115028103417
-0.936255913871465,-1.28031849995258,0.0238401708386697
-1.02740175096094,-1.19432726975272,-0.201635043516448
-0.964930266477705,-1.20103229445949,0.0599734275754593
-0.723933715424827,-1.32370212241371,0.317645195624222
-1.43928755599028,-0.624203407576315,0.324807701212349
-1.29866769041197,-0.636670970856192,-0.417182458912729
-1.45982556868256,-0.442002905482913,0.225185576980001
-0.39865763266172,-1.47482215520717,-0.207695705167762
-1.45331378638972,-0.363043772375872,0.35716901412153
-1.44641079165047,0.414724050830786,-0.0918054632658907
-1.16695966911025,0.660667427347701,-0.760847872196779
-1.07785736370732,-0.296615970650079,-1.06179483563056
-0.470668672214788,-1.0384349291999,-1.03792567283388
-0.931960885208454,-1.13164724696778,-0.477482167610714
-1.41642873505371,0.369819654865584,-0.483868644265941
-1.16793564605466,0.476637689620359,-0.886514885956667
-0.778477600939869,-1.24096280984941,0.439977148123156
-0.816414672952209,-1.29004231808622,-0.215461604119093
-0.624458462342816,-1.12862288094971,-0.844646568050638
-0.974880441439677,-1.11887995417305,0.223763325908179
-1.17243720766049,-0.943677875829593,0.334707132098378
-0.316621090559803,-1.40801177000522,-0.542604592732127
-0.710431537682267,-0.682094503305703,-1.18625457737412
-0.977270783165152,-0.894690094379338,-0.757218560771241
-0.388426720121043,-1.34397387003479,-0.648093143980253
-0.716638240669612,-1.28804709502796,-0.319659276337106
-1.39653465469154,0.648709574927773,-0.0776701304049457
-1.46212313169976,-0.379936878492696,-0.308236467057695
-0.448592919905564,-1.43848314006419,-0.326644227679237
-1.40209026626749,-0.640962444833562,-0.0218135981773334
-0.614609918332019,-0.902739608580362,-1.08833894118633
-0.327593327731206,-1.50388003823271,0.0905165495679289
-1.3524935374559,-0.656496263227558,0.341964458712881
-1.27398441279879,0.679233134392445,-0.541083975556148
-1.41435141979974,-0.663195087603979,-0.249903220279047
-1.22383896135862,-0.763821464851303,0.380626144199339
-1.4010111073297,0.510865985407072,0.391598806953457
-0.81708713289244,-0.934130504314415,-0.867521750390932
-1.51100292907604,-0.0855177939986251,0.294487111344001
-1.25321027878594,0.0258845489293093,-0.897752633405491
-0.571182112261401,-1.45706356103088,-0.0218506466784092
-1.11128665413661,0.441240809819789,-0.8454301017869
-1.2050105214875,-0.973526953891719,-0.250497273005037
-1.45272725854009,-0.435109292757803,-0.227760046426173
-1.36044128469909,0.373015920101677,-0.585782920303107
-1.45214961921424,0.510216121292657,0.0130920213435839
-1.47735650245205,0.150442640370677,-0.199190465532191
-1.12103440647193,0.435911901711416,-0.964587205475467
-1.02413308590061,0.154986872715036,-1.14205792110742
-1.21520686315765,-0.220563779920499,-0.913300980040968
-0.0650864529870513,-1.20912876853967,-0.954430289880726
-1.51224503286574,-0.143000041716185,-0.264256981282545
-1.54984080912161,0.322565594966239,0.0695094724382442
-1.40149488042272,0.740214165821552,0.282266112062787
-1.0022450074314,-0.144256195852898,-1.16269553131995
-0.524511054621236,-1.41773079097479,0.303468880474785
-1.49367391319213,-0.380832287414155,-0.0327232856955615
-1.38717504521206,0.671264173281479,0.0481207556483031
-1.39740833261591,-0.463845822799015,0.0315265551040257
-1.28585622566256,-0.860116149929686,-0.392950104084717
-1.13322026109913,0.696683782610923,-0.707361120618911
-0.916708171757968,-0.777151944504847,-0.965565581219242
-0.778028693963377,-1.19895434064529,-0.549535287669996
-0.913875893512528,-0.980303078514202,-0.762235218962467
-1.16103593971337,-0.133517488018847,-1.00565124700441
-0.0966972131384971,-1.50884692378376,0.376335597289652
-0.656281294510356,-1.19242339638623,-0.724283859920294
-0.935547739495865,-1.20871684551593,-0.202286475090889
-1.27971666443495,0.858347525039466,-0.0522550336389623
0.00678200571846474,-1.53879982783697,0.0959942590047054
-1.45210938671658,0.204638179730944,-0.297188783041877
-1.15864518781688,-0.528316476332587,-0.869246129182528
-1.33899618301525,0.549323542390589,0.531506040568258
-0.055423727005333,-1.10468479014934,-0.998410350799874
-1.49657336615908,-0.136025986903728,-0.250136217893474
-0.587616577036163,-1.30746911459187,-0.739271476122715
-0.690209188105301,-1.36099339051467,0.387848381335248
-1.56713761085556,0.152862732638723,0.312309439245497
-0.602629099864122,-1.28054718877233,-0.611721234582168
0.0377334897696743,-1.537605789242,0.107286644806357
-1.46635527673826,0.386709484169843,-0.278251290651892
-1.35471169697173,0.712512337833933,-0.185062665162073
-1.26384539516648,0.662856888406541,-0.583991617356482
-1.51118930930851,-0.26726639246864,-0.148463296484216
-1.10897293795994,-0.611894865099897,-0.867866514081176
-1.30604147902457,-0.79222908636451,-0.209271434505201
-0.0382945748101891,-1.42665908902888,-0.583389383470337
-0.323679638931344,-1.29486692548996,-0.771827014380777
-0.532950865492752,-1.35946462536007,0.394590958287451
-0.313960809532238,-1.50861389507318,-0.0517545088323954
-1.20843425998102,0.918081151050334,0.271991622857611
-1.43977646634909,-0.317348005471968,0.451109492124474
-1.09174533493067,-0.825692668429234,-0.709569971513611
-0.849952396797241,-1.14510558885836,-0.586071597211879
-1.22201179924371,-0.510225657160317,-0.789634564085802
-0.132923055182916,-1.35728808748656,-0.719212286103633
-1.25937218184487,-0.761280781703612,0.459999002736442
-1.19218865951364,-0.897861454496788,-0.604073392095008
-1.2582818879781,0.38717237995933,-0.802489901554781
-1.46501518759951,0.163851339959275,0.451717878781448
-1.51809785822671,-0.254028691522058,-0.0895216188725204
-1.30394683206404,-0.551807030749871,-0.736639137791821
0.0666359406739128,-1.40572428038706,-0.629813228231427
-1.23833811403418,0.160570987409494,-0.904379055953377
-1.12021409933046,0.712961009713425,-0.727244836533503
-1.24512329754736,0.79941745599075,0.170800840165571
-0.631704852363548,-1.40610619290982,0.0313074635749686
-0.662940392837302,-0.933527753966825,-1.05816723675561
-0.447296128803503,-1.4154610602989,0.416607685298056
-0.175878537036643,-1.37333211009399,-0.605650819615735
-1.12480328071139,-0.673526900758883,-0.919504382407473
-0.647960241742401,-1.20011352224579,-0.748480239240064
-1.28261305544481,-0.206514329389148,-0.830314028108637
-0.926225232343718,0.359063944838189,-1.17912921514208
-0.138567851494785,-1.53354264158153,-0.0788144688351463
-0.852613429779163,-1.26615661370671,-0.377935866080726
-1.09345825097093,-0.91742838505803,-0.582957987498157
-1.24096827146962,0.917177040660389,0.0727895310946046
-0.952812329107961,-0.175655781255442,-1.19935795971257
-0.0879199621192569,-1.02269233063086,-1.15045046857492
-0.560648286771552,-1.43526471663535,-0.0534274764167268
-1.06107851854574,-0.0463017154009274,-1.11764678326662
-1.43933933323047,-0.146065032738163,-0.587471491984882
-1.09387303527181,-1.05101299415275,0.275643378918887
-1.51310491734684,-0.219064881925938,0.550433121317922
-1.39988916221973,0.631164171644659,0.138231419895574
-0.627370682355515,-0.890340619912152,-1.09126779984096
-1.309029822476,-0.0994774933078861,-0.808523936385399
-0.685393384666218,-1.17631635529273,-0.723658444323777
-1.27815204102992,0.384807781625664,-0.771632123959265
-1.41807436575726,0.55701407920022,-0.236571790941741
-1.05216673136301,-0.305887146081205,-1.04435754686499
-1.2432074592946,-0.267260733529281,-0.871878843063733
-1.3083212868756,0.325211324078783,-0.748130208261646
0.0314680472232591,-1.10535808703453,-1.0744110316568
-0.410842368518197,-1.46147252683656,0.26920699293817
-1.30304758782675,0.555491489002443,-0.584163181774687
-1.05005666251764,0.241935192256489,-1.10273032594766
-1.3072801269108,0.228479117477143,-0.784845058706139
-1.12586289996853,-0.960558610175501,0.432349037707581
-0.678983092085349,-0.712548321611417,-1.15502732616273
-1.31498672382554,0.128714395895918,-0.794612058784805
-0.0823786662919434,-1.45673842914909,-0.498289783052697
-1.10620031913613,-1.10641734072206,-0.255190373044888
-0.627067756005611,-1.40656240290373,0.0743911260183583
-1.50411998324018,0.380506753750625,-0.148821561896276
-1.35675928282841,0.583569665385848,-0.28339879690349
-1.1010345922576,-0.464555949184719,-0.974205522589423
-1.03445904756116,0.138793674575109,-1.07872382785732
-0.900692778523719,-1.2435579009417,0.13957818323505
-1.27490353297984,-0.551558118359954,-0.669007045688791
-1.44330597977234,0.512776639693024,-0.176334256606707
-1.29169168690559,0.199769107223902,-0.817796241916322
-0.921447732336205,-0.92639760011855,-0.818466472484707
-0.928154988898411,0.303708498152578,-1.1930864462592
-0.540917862845495,-1.4373002584371,-0.136900095930626
-1.27178703620255,0.616225740609506,0.616432781957535
-0.89520120264624,-0.531634471334415,-1.13716551090165
-0.0771728576783174,-1.4950386872602,-0.430339923791825
-1.26177708816818,0.436398739781346,-0.692078707185696
-0.210596044228809,-1.18315943699492,-0.965892776823356
-1.51722313800259,-0.0303859441244012,0.0370874170255853
-0.387699132225327,-1.48826337568974,-0.109212229016828
-0.66023858296102,-1.39313270626409,0.0207865298067771
-1.39075283940842,-0.624020502748524,0.166354032309663
-0.333609691960164,-1.44990117766421,0.402870202216994
-0.435433562316682,-1.28924662637467,-0.72484933103663
-0.944407327478357,-0.822137341105025,-0.899639258636732
-0.733532829077364,-1.00049457488016,-0.915481292990543
-1.44586128846801,0.0769662751046634,0.458616770596663
-1.06254875820243,-0.0514206086394032,-1.08141894286243
-0.288124352541107,-1.49271950868472,0.256785181385779
-1.50565622761803,-0.31000319490539,0.118588139786336
-1.42990481489386,0.20656459194816,0.538394923091916
-0.54889408634253,-0.883765696915388,-1.1379100484873
-1.52116776333621,0.0973719902461952,0.231804087144071
0.0320847007125818,-1.11551832920777,-1.06383985293661
-1.2151427614483,0.658572123307751,-0.68328371209639
-0.176834480710203,-1.00307485809057,-1.15746973999886
-1.36950929322881,-0.650203097363188,-0.280795355114268
-1.26919030281169,0.794448858596996,-0.417552089629565
-1.07361487062272,-0.907848300761515,-0.632715082716294
0.00414322806702081,-1.06083941232748,-1.11882455212083
-1.56442749678457,0.142462680490122,-0.0561856612310317
-0.979797424343435,-1.07361038246149,-0.418074555148114
-0.940930851716228,-0.193631761406578,-1.20595260138103
-1.50515207369611,0.186637006306206,0.377933989194172
-0.892453272502844,-0.478511058388558,-1.16263499298504
-1.34377576078224,-0.684161714679428,0.321489123323818
-1.47436686922651,-0.449169319190097,0.0406824426507086
-1.06581649605327,-1.09973416042369,-0.304773413102019
-1.39293574515753,0.505839304014557,0.521049479615057
-0.273251129984601,-1.30588992627148,-0.791113548833602
-1.40588493333991,-0.0919300090340976,-0.626260513812995
-1.24500474434813,0.898965346471178,0.13780528258776
-1.4024847040916,-0.521854959638048,-0.474627525689097
-1.20542004643744,-0.426481965321046,-0.762535083051635
-1.21449306369742,-0.252629573402593,-0.941440721235502
-0.837379163214778,-1.27769451836723,0.208467403357354
-1.48536116724172,-0.291867412935522,-0.121054567529378
-1.17158597713471,0.81432345652937,0.664358790829205
-1.47384372906766,0.0763639657695959,-0.109931755220171
-1.48613150962617,-0.244382853967237,-0.0995017697048795
-1.10732146497749,-1.00244274976735,-0.231434019926115
-0.587036863610099,-0.825191720473994,-1.23153221219777
-1.53085614055121,0.0846897706180639,0.162705018987826
-1.31038901633481,0.627368893443362,0.516192503745677
-1.35866283109573,-0.411436841259059,-0.601598570949261
-1.14590928752512,-0.361208945305836,-0.998599689138332
-0.00492708126157292,-0.970073129536126,-1.19837375252328
-1.51608267544252,0.228795658864573,-0.162208727330763
-0.755488049999933,-0.87728633946139,-1.01822015714493
-0.42219973045955,-1.41475608741516,-0.551050808568288
-1.51911480657577,0.0174572133913649,-0.262966259541744
-0.705596664992887,-1.3518673202487,0.24712569362352
-1.48384465455481,-0.142505733873221,-0.0531374133727961
-1.37550630666196,0.564916827090293,0.325294462846562
-0.995614483774554,0.310574432383558,-1.17002711380429
-0.720658790978589,-1.08681488371592,-0.794273674864606
-1.49485384465422,0.244398775986732,0.0233284591687229
