13.9229876035474,16.7408462637665,4.81305313909364
17.8593402559297,11.8488289184819,8.88449802007054
15.6151809704958,15.0183396093698,1.99380574492897
18.6549075890008,9.79087247373187,13.1704267072849
13.876580671592,14.7917501599806,8.52009421752127
9.10968153892696,22.8662071498009,7.04872340720868
8.6720699711227,23.2853079399335,5.70942530051642
14.1738061057099,16.2542172051466,10.9695083541092
16.136361479596,13.9103806937079,5.64258721616514
15.0016286327884,15.3396541039207,4.98465120822409
16.9424656839871,12.8258433618118,5.11883402840505
12.126529354217,18.8731435920769,9.27525234880725
20.075966546407,8.6687305858075,7.65896312509107
15.5620535107254,14.538319803682,6.80269727914953
16.4483384387986,12.684244589495,13.2203373659421
11.8099701898432,19.4487450008529,3.25158249750991
14.4147249018733,16.3025503033821,7.90067392451902
12.8778712203292,17.8691756274315,5.83211609783019
13.8135793328826,15.4106523670102,9.76678471494562
14.7380948900548,15.2985856796325,10.8173669902387
13.5943809136311,15.8384928890717,1.68807245185733
11.7329280465841,18.8611193693131,7.18290232546405
14.0725574483245,16.4005090593703,8.28036027893291
15.1588816075461,15.2424648487781,2.19140423291852
17.4671626064071,11.9344249884691,10.1496495217108
16.2666907367902,13.5386685569712,4.79600963927857
18.3504607738872,10.5837908569933,15.0814269105076
17.5589495504186,11.2558196308085,2.62247247880309
13.5616300392556,16.0798193006259,10.5974756523344
19.9345380182436,8.14427757302503,3.41502278117345
10.4360754470691,20.5345720177367,2.62568124139231
12.8643647079291,18.1480686971618,5.09565648067711
10.5671551029773,21.158871885501,2.89549786803679
14.1915944385727,16.204488284926,9.27518031853102
19.2443823498987,10.1782280748023,3.90069595143128
16.713473097975,13.0001030846942,7.98757762673247
13.474042757283,17.3728953999524,3.58969316385554
18.7666381373939,10.4527214262293,14.7086808747064
12.844567146877,17.6106943636338,7.12723255012772
16.1134437485537,13.9500741190875,3.87159677003698
11.4625431192662,19.8145016312649,7.82365480511692
12.3096486920082,18.7358208476391,6.93337134438806
11.9054924625359,19.462906516946,2.10437988233731
12.7654320482105,17.00945244995,3.97897551877055
14.2115610436801,15.7619104106569,6.73927119497444
11.3083963948767,19.9675776981266,8.39879575471552
18.183809728321,9.89334714272482,6.14289095085025
7.17636967240369,24.1984260704521,5.3698154457739
19.8916877887349,9.06933048370314,3.82833034989346
11.0681694816993,21.0256883983166,4.67684978034049
9.32082376484159,22.3061096034667,2.43803990156405
14.9672938229632,14.7936483846605,10.9793450658608
14.9918999338938,15.0607224764904,9.98895617539487
12.7839062307536,17.9876238186333,10.1240927966037
16.5736743997658,12.0897788589871,10.0833844010541
13.5258002609996,17.7262046504891,2.38698388634795
11.2194922028616,20.0491727409229,9.18385669785972
19.2704802346939,8.84268987408704,13.5635961538918
9.10698491369228,23.0830091072755,2.6340465315599
13.1921772908772,18.1276863746562,7.72482725435191
9.36620685566402,22.598967447621,5.53341558013892
16.3187366368437,13.9409519902298,9.51519763493818
13.2482354105033,17.4181244242265,9.40380910122324
13.9927549162545,17.081793368525,7.14620220919322
9.51123377266039,22.0625936592188,6.56378612676945
17.8476013031383,11.2713107518741,14.1929481800483
11.1021012289328,20.4398173069982,3.5498239865303
13.1919431757217,17.0305790630135,7.34261564949651
19.9833293983837,8.72734948548564,9.09952811909224
16.0781300364199,13.588103887054,11.7976904628082
18.7379365685052,9.2181101821314,7.9501952264054
20.1586407946546,8.50996256743734,8.88340533804057
9.716534066466,22.2921252918901,2.09366079526994
15.9612568260203,13.9716225960572,3.53154446645571
19.4251976074034,9.14704608889817,16.2102888030128
9.8222898367565,21.6459703663911,6.67115762487814
16.0389661762288,13.0585964074329,10.1933263473686
17.5625400233455,11.6256024599861,14.5251661011259
13.6839432839857,14.7044831029953,11.5928446970126
13.5618481064845,17.4919486575555,10.1625415525643
14.087622654552,15.4433379699704,8.63874908682404
18.6820285146857,10.1138090801559,5.33318311952157
12.9003818181167,17.9296813774923,7.94119635255508
18.371490411877,10.9050140645519,6.86647356779737
14.8201647846913,15.2025147293431,7.81948674494824
15.673760564248,13.8934463695368,6.97722797346546
11.0908452960498,20.2229999722609,9.00516457542382
15.1805242078741,14.8509481621362,11.056777559966
8.21854172235557,22.8862328911481,4.93520755484267
14.5047349457546,16.6788775033848,8.22765258991273
15.6977997168157,13.3924306214688,11.4879097346537
9.84017048171066,21.5495513961515,5.1449558388967
11.3806104166787,19.9119979398694,7.50888363321962
10.5430837782175,20.986996454444,7.68164595358016
17.9262242207678,10.5477372037379,13.2801326518306
12.6215818934918,17.1835950989161,9.41157415258672
19.7069840614905,9.12348257255102,8.17957980221275
19.5225178274215,9.33388014102651,8.83946235534484
17.2833552649718,11.7064411528596,4.92321929950744
19.9082848899806,8.97497699173204,9.12257893825367
9.33175627688489,22.0613946416547,3.66509885717681
16.3907181895237,12.1804611962098,9.79852471077853
9.13057121732578,22.8557882966039,3.62205095468995
16.8425712392382,11.5582791561749,9.397371989208
13.4631393038221,15.5415692993211,10.4266868988484
10.8522175118687,19.1628834795723,4.74120910623277
12.7405731267045,18.2426634250246,4.75489160836635
13.8894953121945,16.9074392352564,8.57668777908222
11.1152974781985,20.275150724389,7.0304134415446
11.1927142392754,19.1963384485174,7.83041877335488
19.7217951388331,8.0939940393511,6.51630173371108
15.6950762020516,13.5238557559707,11.5963996166761
9.79574226537577,22.0267095190738,5.93837675061886
15.1597172282615,14.9530225629528,9.28396298923622
18.5216706876622,10.2780401318447,6.06163484189106
10.9153015234338,20.5749575463637,4.06394842775734
19.6835020457649,9.12187128444867,8.93309312174182
16.8186099793866,14.0695897116813,3.40783792870813
14.7920515622368,15.8160636995082,4.39006288972073
13.1555777424862,16.9701815406886,7.81612751245708
16.6658605862625,12.8239519674613,13.5918661889252
16.2255526562981,13.1692280603004,12.6803675612719
13.2316487727356,17.5229592876084,7.43730721535493
19.8028789716661,8.72668589947874,11.1191040511246
18.8998489906307,10.272816059053,5.67352767125409
17.5317380078902,10.2675310851126,3.23467626607756
17.970311966243,10.7599485310126,11.865359761532
17.5139392578675,11.5410781200193,10.9367906993747
12.0125280041406,19.3859508908685,4.08204112715156
16.4064988687301,12.1998412022074,3.49366746899343
9.44641187849885,21.8354718916327,6.44058643227507
15.4610032296152,14.606453535056,8.2752675588736
18.5235646146769,9.64905558992978,10.5621700913741
19.5648353260424,8.41064263533539,15.5406282110404
14.5543499006159,16.0692015974842,4.7392489722447
19.3258774876514,8.92262567648157,10.0404393250231
20.0815024384146,7.64412032951839,5.98218718624048
12.6072105211149,17.0432716924619,4.8857978224086
18.8143959914689,10.3017283119968,8.81952281334259
16.1835830598735,13.3159528587399,13.4666091066376
18.0961881973803,10.9987805455627,13.6017495030813
10.3940107414906,21.182851621484,7.60595925159357
14.4778188976411,15.2720634766933,10.160067022403
10.421701147812,20.4392054213075,8.69865327217329
16.7637521188491,12.9341930856075,8.00962492752923
19.0775129002587,9.59386402162457,11.5432557535449
18.9110873716168,9.27705730875463,6.79173331103316
14.9931429108277,15.2888884992398,6.4402277343589
18.1500187080386,10.8324388038273,15.3261989838186
13.2879973346795,16.8301388765951,10.5497841505683
18.9620286220267,9.05753600383373,14.6201494608861
10.2523731591862,20.4225840000693,3.53208869999054
19.3087593476068,9.0587875627843,6.69993453000204
17.1470493852463,11.4435402649749,3.06759619054599
9.6783457410731,21.8824327949814,2.62340752456045
18.0431621399354,9.87673612224012,14.4748465894373
17.4521270694578,12.1534306087451,5.44383855022913
16.3177799637244,13.4192193566551,10.1623532214545
11.4498794725309,19.4163302945401,8.14253141887303
16.8506476359229,13.0347975998707,2.98966588552912
9.1037886425444,23.1963050801095,4.05839631859637
10.6526420660453,19.9268642631988,9.01426586886411
13.7487495796393,15.2819770692609,5.34894656341932
18.7699198661317,9.37357693310039,12.0836829743281
10.0456533146505,21.7121289059768,5.74086910356065
14.92406434698,13.8247660074837,9.72087052309119
11.4947336460343,19.6932801481838,9.18860649146565
20.2289860904964,8.46226795961956,4.55368643180195
9.98360430410714,21.4241469491601,7.56025341498806
8.82767251925065,23.2756485727776,5.98755439281943
18.244678144347,10.3842979606974,9.87126035444736
9.9400116801892,20.8515367323587,1.88708057648251
9.60033932103765,22.2336112297624,7.01394107011767
17.3334306020386,11.145654751537,4.79112050249333
14.5826551751298,15.5904073050868,11.8386539349012
17.8649088306973,10.8157038655835,14.5150080194534
20.2013888279292,9.0640686408314,4.45207599065697
9.57012638473055,22.4534767869711,2.75032412710145
13.6310199424813,15.8029678489978,2.03871080002596
17.0787736145883,11.142141258044,10.687945680713
13.1811804337606,16.4348168918253,8.48485901385204
16.2145676589219,13.7980067603467,4.3758636449528
16.1822589440661,12.5034414151823,6.28322344929248
7.85829918187803,23.233824900088,6.63235665803817
16.6991658082123,13.128284267635,5.40113615065393
8.16633581760453,23.3512108376039,5.1857876140659
12.0083771674269,18.7401058393085,5.35264013978281
14.1241625784427,16.4412879593682,5.74636980409681
18.3558630247279,10.2051821676063,14.5222931186476
19.3220989517209,9.39964819574757,13.395673939495
17.7625537624946,11.7075672974709,2.64976875550597
8.65326385383906,23.2652933596538,5.54724993757466
12.1507573969518,17.5332692182231,3.88756506742257
10.2578999397015,20.7602795395246,6.40444855842273
18.6643109188724,9.76479709990812,12.2316693129697
10.6199032735651,20.8490076163021,8.59453366449187
18.9871757803092,10.2874720376815,14.1701815139612
11.5066721640444,18.5596810090845,9.36433950344779
15.6558513858523,14.4671940851798,12.072746308506
20.3979587436409,8.70408733519563,5.38072100739292
18.6948620928534,9.41847311147039,9.43171639364698
10.047075268993,21.6133625607281,4.36007191945252
11.3959852754774,19.8390536988775,3.78695117659028
14.0468813823395,16.5521557247395,5.4870414914261
9.12093443886623,23.4553021265333,3.86543438479136
12.9145023775214,17.6205060434554,7.90422099937773
7.91868049657317,24.20960944665,3.3164880344638
17.5517338582203,11.8256617570852,10.1372194747754
19.0406257232993,10.2724466479724,11.6137997226538
10.4097207241329,21.3499975243439,3.18610773917596
14.3100232217869,16.267561842345,4.17931780460304
15.308033866208,14.6210555506237,12.5920948708367
7.98258660743092,23.2776601890388,6.82161806982466
13.2715785684314,17.6228617236927,3.86499519157086
16.4676547825577,12.1583628690714,8.95747962813811
18.8844273107512,10.1910765920828,2.45407230746756
13.3714568655554,17.722432683241,10.719757388396
19.5147817713868,9.24232498243396,11.2339774204264
13.9486538106298,17.1390166809695,9.74055184847206
17.7855439588268,11.4211997256042,12.5496482470274
17.1127307692935,12.2882977455406,12.6055363959986
17.9737593754115,11.1899405270387,11.3939302578774
16.364015137889,13.4892725865768,7.10172787770204
17.4074611080969,11.143713084674,9.13749171565539
14.0407155487488,16.3965177519129,9.34472639586133
17.6704056372954,11.8099723682669,10.5047701586382
13.6138455714799,15.9841072714672,6.74526538190451
15.0743660098629,14.4958915258588,7.52864019432648
19.7299798274817,8.74706266538326,16.3545242965857
18.0652570532366,11.3650531408529,5.35039653533189
13.035376666635,17.0943253421952,9.55275746389421
19.7654008220887,9.76585806070892,5.84691665122911
14.9987717764057,13.9712645523216,7.77552069805147
20.220757107777,9.00616679114673,5.89896122751092
14.145969901859,16.5411582456225,2.72702575152262
14.1512193845587,16.4574036561258,4.5419279059165
17.734082252327,10.1388310055519,14.1886421169039
16.278077124932,13.5168273145032,9.07062920750151
18.7110465551264,9.04420649493641,12.6466482121141
18.3492151137775,10.3026462429771,7.76918342858961
15.5225047819686,13.6158139159862,2.93776548223422
17.8801575814314,11.5161760802702,7.42721781487498
18.9149618215566,9.5862751831867,8.41883781828401
11.4005301643129,19.7968792554699,9.61630572420561
17.21649482428,12.2454325335196,10.4544653626825
18.8787903884335,9.11502836529196,13.8591192079633
16.3744067153642,11.9073015270797,4.80887798154672
19.4536204339933,9.45974726261229,7.97099961064915
16.3858918170505,14.3507947017169,6.12505256947476
19.6251706078323,9.26374495149602,12.2741791401541
19.0105253258008,9.9188836976062,3.3837258373906
13.6121255849272,17.222920145421,2.91845479345341
15.3064128368487,14.984304229913,10.2312304183927
11.2178305779428,20.071894442426,8.69873044673367
15.450628584862,14.7502181749633,5.20155030999618
14.2431211660638,15.123522793766,5.07459770149223
9.46310115611251,23.1024207881168,3.9245741090089
8.85954911465882,21.4795151668765,6.99859828369006
8.78047246002424,24.2749266814343,4.85594166899206
14.1022144956052,14.9164874353639,8.07661519750194
9.4853584016417,22.3760877592728,7.15805443065411
16.411545514763,12.5655239681914,5.86539860855414
14.1406414981412,15.2904519893268,9.50477651050538
12.0375616444145,19.0820516123055,6.63748790528193
11.3062333431247,18.76569553617,4.20416099467371
18.1757730748633,11.2571139960342,4.52797209787688
17.2560160156268,12.455265190156,4.30254653236222
14.1240587693634,16.3893262106563,6.97474505644187
17.7063275594532,10.6807738478965,8.4273819760956
11.2827896084558,20.2058990332062,3.55965388282709
19.078788601848,9.66712742371363,14.5026606657695
8.00763068324901,24.1299133227131,5.53113206798148
13.2145556974971,16.062159964905,11.3972266341234
17.0481883803838,12.6066750343296,7.06515278707132
16.1081566644064,13.0918610111725,3.26650293823002
14.8103015514858,13.9823406519145,8.80607019422369
10.8090716510173,20.6138529656163,8.3751221925468
11.8661342452687,19.5039836394006,2.3351020140215
16.1610304181459,12.4649091395957,10.5557146691509
13.5008504266874,16.0404583084588,10.1295069470519
15.8266047583244,14.1363144510479,8.22048615529056
18.9028677646777,9.4453146867783,5.53287581039436
12.8109033407615,15.9457669472717,10.190392054943
16.3793411477984,13.2422555660509,12.4591718945586
12.8951353029363,17.8136711230839,10.8364821449116
18.4004669100566,10.35053679042,3.02053212989769
14.15988720168,16.3956330233727,7.06423812939215
18.646408384163,9.74798503640582,11.5483227577337
18.3737721731926,10.3658117489368,7.60272263715139
18.0091669045551,11.36114690031,7.15162532015991
11.7696284887693,17.9059284174632,6.57191845329813
15.9745733935788,13.3224413324466,11.5701361037936
14.6542350005105,15.6362493059133,8.5766310210855
18.9350023247702,9.88893050077493,13.6540523218832
19.12162720088,10.7420038092566,6.25328103438921
13.867808710973,15.3765509815363,11.931469104534
16.423076929342,13.1896856509741,5.45994347992036
13.9960652235491,15.9357027390308,2.84748937970729
14.6788198562782,15.2850426232962,7.81054866280983
17.8081796039634,9.89669495933016,2.55543358932454
14.5086189958951,15.839563603344,8.21972538475151
18.8294052838574,10.1564322106787,11.5711989671443
9.98070197571373,21.2242337451614,5.05362784804308
16.6282828902302,12.2573702539005,12.9729581553922
15.9964836090481,12.4463865849417,3.12774809682814
19.3388281011463,9.48430696827501,16.3066310343398
15.9033938408286,13.183882972539,8.04110356054422
9.94136917504162,22.483265763987,2.44178145044844
15.0190428034418,14.8821520683778,4.94481040423429
19.1528261885067,8.66667259521786,8.92984943727664
10.1730840942956,21.175031839694,3.24497531925763
17.3414705790005,11.4178202685644,12.5122267579886
17.6080024130553,11.6052462629059,4.64709589127849
19.8107270066632,9.4739225980016,9.23154057805158
15.5023761961284,14.5715796193822,3.49468889355552
9.82975815489095,21.9900843180514,5.76546833313336
16.654584367729,12.8527615842304,13.2561585898732
19.196077430134,8.64693826623127,11.9401715273795
16.9597726602791,12.4246074291799,14.052261586578
17.6762412658626,10.7917265969728,11.237273349591
10.9417282329915,19.4240396967075,5.0745286770658
12.0251721663726,18.9734316117878,5.86603872927873
17.6312298076822,11.5868538500271,13.3457774365801
14.6498105445378,15.4988004421365,11.9523712959309
13.9905989122478,15.8870293549635,11.0293062601845
17.8528460594788,11.5081161322704,2.83471540837033
19.4292907169743,7.91951915298147,7.18808743108731
17.1360063700854,11.9372218660806,7.30560519195048
18.4083072641876,10.6864821529957,10.8974163814961
16.1593564409768,12.8833558675196,4.76741622817932
10.7552977615952,20.896641176615,3.34577058712306
15.7153787698164,14.4637844942864,3.8881995390405
17.9175591329498,10.6782185010847,10.5142782528128
17.1279056116566,12.3234529585135,9.53201377832728
9.61427593518822,22.2828241951524,5.42888025338052
17.475469566522,11.4763196017211,9.30658795246738
19.3743655461089,9.14916469123937,13.826785784832
17.7437839538045,11.6797416257953,7.72592810254842
7.87236844752137,24.3964759444776,1.74329371823486
11.8409255079375,19.2238499445267,9.70854233094908
9.29721345490597,21.4515747577089,8.54097243072911
10.7801917293365,20.7764465574179,7.67376373441825
18.5028510930239,9.17145323023384,16.3953629534905
8.32601150379265,23.8501104984382,6.10080294733062
15.3053024435185,14.6498509727391,10.5636018634013
18.3511848783683,11.0371749820936,4.36896597205216
16.9636155602808,10.9991025159644,14.6984812467364
19.2440287655146,9.11792010812647,7.22592250638401
15.1366911056836,15.1358636620965,5.67436060469923
12.4656264392657,18.6099665323351,5.1481064081267
10.0928892669338,21.0647124300197,6.39690276365653
16.2059885489599,13.4986851655657,11.6950162491449
14.281322358379,16.0852784396706,9.3519433431567
16.5123365027123,13.0840356138846,12.1373566003896
16.1917695518334,13.2580966180751,10.4710346769144
19.9837029364511,8.98307173534685,3.05844151939545
17.3486774458413,11.5766494105128,13.8386314342762
13.7808747706438,15.9497056813857,4.29748603648769
15.6633498076679,13.614903056993,3.97514742249044
16.0256034757621,12.7782831478036,9.4368444319957
15.8978882183237,12.9879140270744,9.70704626425513
19.7821649760114,7.01638463016944,3.45471678005571
19.9651194994195,8.89964966658448,5.59171609683112
17.0102245807008,12.090331020644,11.315017560635
15.8255133409961,14.8398248703178,10.5961626740575
13.376519614372,15.6745277647726,10.0675474009014
15.0491559050637,14.5717004050852,11.4563131427441
18.8329896063284,11.3673324366595,2.59536313308589
11.0488257713357,20.1761584470618,5.27907898469332
11.9834981406432,19.0959354977301,1.08574268029466
18.3183428637518,10.3330726363784,3.92401052893161
13.7178125747893,17.1479006147078,7.00877487232049
18.0747076696454,11.3917149678623,4.43376447047232
18.6458244883338,10.2274649671268,14.4832476794674
15.4836425204899,13.483021793413,12.8918394202343
16.970511637124,12.40815367214,14.1129992324183
8.88803619278619,22.8096685782389,4.85019366863814
18.869634649689,10.1070692474182,10.5023521945968
16.6054289380682,12.7750720794345,4.80448179074949
13.1907647780943,17.4773159071369,9.75931408721377
17.7138716837876,11.7271677039255,7.51911998697508
10.6471314248874,19.4349873668294,2.67219409597426
17.007251200408,12.521314692656,10.3252710934097
16.0111549078464,13.1961364923314,12.4205957759098
8.54467529362642,23.4848389201744,2.90208307985003
16.9695592103098,12.0132453352145,6.0395520091762
19.556449607355,9.06782931963911,14.0787700915303
19.6849823340512,9.33968068501463,2.44273650055044
15.6603321739681,12.3411464623502,4.80595898963799
8.86889908552975,23.1180708073695,7.16376344271498
13.3523467965911,16.385696301218,7.73427242879212
11.2700855634338,19.6151439756306,3.48592933189981
19.8207426306551,8.75427575587061,13.4188123562711
11.656893887372,17.5616129035374,8.88709551254698
9.67943573266083,22.2228927726916,4.85652581618344
15.695159455517,12.9230753557867,8.49329957798224
18.8354033640256,10.3174609488869,6.58456352750321
17.9280687042259,10.5890309743205,11.2043069311671
13.2318005551689,16.4060767950226,3.45697646953017
16.0678133729865,14.0221108929734,3.04996802360947
10.7834321857853,19.9569218715595,7.98037521905532
19.2254938529467,9.43545595872338,5.75317109689302
19.3043697816017,9.39741424243273,13.988574178562
16.9956549585636,12.579049657745,9.31728079050878
8.69380878257869,23.6213761458223,3.13098002627036
8.5730417311463,23.7660774262924,3.54510472953644
14.8441012691462,15.2055116403797,11.1672246318481
14.2355238881464,16.1136705205747,10.0780085046346
12.6862687109011,16.9938331356405,3.63568523384279
17.7301544348907,11.3002188593655,7.70226506100068
9.74791204716974,21.9189912528135,3.39164024626328
10.1355659692846,21.5685174939958,6.38737043812785
14.1892438086733,16.0443959623572,11.4121311576227
19.9327129436529,8.15782555394283,7.5690909590807
18.450943100305,10.7587220078668,7.89490779536272
10.4493732699357,21.2103900606124,2.71440561532442
14.5041163398729,15.9198892410842,3.87472467514983
12.1108233750277,19.2449862996126,5.09462859297631
16.4642909104833,13.2234976569669,9.55684774785597
15.0759129011864,14.4810100817143,3.08254583567995
13.6298048654788,17.0032941416254,7.55833634057151
17.7810059481766,11.7826118068631,4.16614869856285
16.2360562947645,13.3175585350367,3.86493042589763
9.05022735813753,22.2738328960989,3.00700407535487
15.3127791846161,14.4482155202378,3.14616089526841
12.6132338300629,18.3568605249397,6.61837700106093
11.2609656721575,19.5041762090434,9.23834429431742
18.2688408612668,10.4699632039245,13.256919260726
18.4567975188147,9.25897525021998,4.47710105447566
16.6230795354833,13.2749106270787,11.5612398143465
14.2783641610212,16.1685320112269,7.47903698629822
15.5215509011831,13.4092396124997,10.057807545796
16.6498197297531,11.6541228392491,10.2315369870793
18.6573212486802,10.6350533207516,13.8174820021346
17.9840000431852,11.3087027600534,9.15507127934012
17.5679773612522,11.2241371651327,12.1603076578249
15.1450035651021,14.8961866418054,11.0724438245169
16.0344796125292,11.9098712275929,9.18155429730104
18.5418297861322,10.4043275503811,13.4818072430722
18.2226871826713,10.8535264357878,12.6146899633345
9.5755353927056,22.0644601590389,6.11715301421267
19.8083332350898,7.85038764809174,14.4941804925561
14.2127827687079,15.4714060568023,8.45022405209621
18.1878062102928,8.98731896017947,10.8290323587681
17.3653132591253,12.4293851647561,4.10118468672691
17.0567476454499,12.1444779245025,12.9354008861253
10.5548780934642,20.9015382523518,3.37999667964341
13.7512840772714,15.2872225688943,7.62081243551297
18.1105031877668,10.5132533909416,10.3298003583319
8.20625591688047,23.7158403939018,2.91807225746096
15.7120015832489,13.3345623229569,12.9306352945348
9.4435760496043,21.0072166222641,8.83009335152062
19.7819475502079,8.95979950563734,9.75486909005736
8.83402392216044,22.3765644866098,2.15387707586983
19.608357235119,9.09248294683229,9.29767271558221
10.2143574066205,21.5953373692989,3.35412737385255
7.4712812980357,23.5166114310517,4.93533854830314
15.4023149155773,15.0356405880423,3.79785274998021
17.1957444363965,12.2652109874939,10.6203920386054
14.2827489245616,15.9403046444413,7.17796021024627
15.3377171345716,14.0844064189801,6.3808614301497
19.7552156378248,8.48329073254821,11.4291185349321
17.6040241232761,10.397416083528,12.8331745335347
12.9662886157525,17.3711294751124,9.17580265636722
16.4847977699877,13.3633830740337,6.38972331974752
9.82064192176585,22.1087322242532,3.24563639020092
14.0726781092548,17.7090299447246,10.9563068807603
14.1804149068213,16.6526739079177,11.8091202343366
12.9120694824844,17.8852644520168,5.58355275164647
15.5431516429563,13.9103706255393,8.07368692367107
18.4659460118132,10.0169729244684,9.95156971561881
17.6828022826822,11.622074153038,10.9438487975086
20.0602162177622,8.72971883843214,9.43477195985932
17.4632958807025,10.5273772332797,12.778665462172
19.2944654955941,9.94108747358167,2.28029822861139
13.0763759303564,16.8182265094561,7.94377876147412
9.63141623127593,21.9389514596936,8.04429071080226
14.8164965593485,16.1620423794782,11.4107941153481
15.6424558135076,14.765024286746,6.7913123201039
19.5575510079946,9.36090360331129,7.13477686184881
16.7335571463776,13.0489240901509,6.22444039126456
18.8014503311513,10.4163166095385,5.28821743155835
18.2833440862557,11.5081728161549,8.05632003685726
17.8178349555606,10.4535278545197,5.92093139434736
20.1837140583277,8.84079843183847,2.811125006527
19.2263626371724,9.15516025663255,13.2835109419562
14.023979274065,16.4284594524867,7.08899207041252
15.5060779398194,14.8567640321003,12.0395002503567
12.100774259418,19.0212513158285,6.56778676243214
14.6792323346901,14.6998470064166,9.36203661008988
14.489970070187,15.3990112193229,12.2677172200037
15.421911899488,15.1491474092845,6.10017356091148
14.9193639696334,15.1309420535654,8.1655408531818
10.6415247954383,20.180216382159,5.95395493422281
18.920058909384,10.3125293664674,4.12130650598689
17.3911555679252,11.8492477376863,14.4740644694457
11.1635491008053,19.794792951016,6.95341974581792
13.4230727595591,17.1797422646804,9.69718024299298
14.7992029576325,15.6133486837275,4.69928838951862
16.4749310900863,13.3532317068786,6.92973121312975
11.4498804432192,19.6134795404504,2.17295365495522
13.7201152146856,16.229438173115,7.06485521052378
14.983814290875,14.2828466085781,12.6906973702862
15.3017513047741,14.4602803204554,10.3891363012757
10.9054152044947,20.5642910858695,8.64145174874453
19.7513996052033,8.34007793826082,3.99762605468438
13.4897018843352,17.4014673507455,8.54622777323134
9.90647351830252,22.0532655092856,7.30245319448993
12.4919615127752,19.1307737259147,6.13214953680598
15.7303938431597,14.4294683267033,13.16699697845
14.4242048550089,14.5751770991118,11.6589349730943
12.3972173201383,18.5701780201719,8.17077881261552
15.2959111167765,15.1801202458914,3.03585677657089
18.5467035707631,10.5447483107902,6.05652086123686
9.04185203226441,22.0924669638698,5.88046125857169
15.6069886146359,14.2532393826869,12.1554238288958
14.7745654050972,15.2738027857191,10.6871929750875
11.1205161250829,19.49865491063,6.52679336830895
11.4554810377556,19.6760637661889,7.56078689133092
13.5900763323335,16.6543583710721,6.40963885405251
18.9701349081739,10.0951522036153,7.72100187462367
19.9354917165064,8.91297419182951,6.1803238353825
18.6580963109094,9.52669818939754,10.8984570592651
12.9819701482099,17.5509537113299,7.57591460311449
14.0550653091268,16.5128752279053,4.2955296585919
19.6263692659203,9.36282573954386,4.99249324756028
16.7980738819208,12.6589545628083,13.4536873610872
15.0763597040173,15.0259141810606,10.1052304601012
19.2151348177993,9.77731569990415,8.96291170521248
17.7760377757519,11.6680790437171,7.01811517054057
19.7265374505074,9.61847250828802,7.61707998545749
9.66336528773996,21.193775425883,4.51810293061571
15.0123740214137,15.2777684970757,6.11643632434272
11.949413685146,19.2280744176822,6.30318941965862
11.7362818485304,18.038664135364,2.64470695018514
10.5786613566834,21.025357578825,5.69304006378347
15.8260388370456,14.0101269509232,11.2131200113651
12.9462296859026,16.6917383428275,3.13320407213996
15.5546481582121,13.2974124977259,2.00947061568011
17.4526702043402,10.3521817127527,6.54584381954635
17.4170031932086,12.1855356400718,5.75709003908104
9.05518010684872,23.1095529901178,2.97155697856235
18.834085601208,9.82707884491314,3.18646773476444
17.230601677368,12.1478968409629,2.41670762453966
16.9725089326972,12.3818776201987,10.5819261325143
10.6273302464356,19.5929433409193,3.67255907394262
17.4262645900544,12.1042399731648,7.39176592533968
18.6077752808076,10.7459727247719,3.4166907788511
10.3674121013369,21.2504552462156,6.82241280447732
17.7406760968005,10.1609634735759,12.1854799763067
14.7513265930866,15.0332979870622,7.76110632015237
10.2458920493812,20.9276441727529,5.90663266643913
9.41996218062398,21.2310285460801,4.69466473847858
14.8042132298586,15.6679694782146,3.25871033603094
19.5068716172877,8.56054130258141,7.81621295008485
8.4171289673161,23.9637329837539,2.27280623565598
8.47634134216553,23.7466575989389,2.52806848806053
12.3206480937943,18.5365188199632,8.22905343377335
18.5001630888802,9.67027700200873,11.7382217632318
8.6749668759749,22.7017032802536,4.69108510874744
13.3834330979568,16.7530167785815,8.61900440336299
15.9455520744204,14.5961982075905,6.01677231993956
13.2155177139344,17.5988854649847,6.13856463391409
16.7427224227619,11.480154248587,3.95992854294954
17.8568411713357,11.0361126293748,11.4817462165805
11.2480109091017,20.368366796703,6.87099954171473
18.2682689186519,10.6913827582066,15.0489732868838
17.8652286615118,11.6191609624219,5.45382452502962
17.1237720432679,10.8645649953017,4.73573159042207
19.4675420202433,9.06792652814742,9.35018054583917
18.5958250383241,10.3617444964418,12.8405885094636
14.0847581949609,16.4020987672494,10.1310938922316
17.8278728057491,11.5434769293859,8.37665748958266
10.5042889836358,21.1287415086467,5.5215392195596
19.6418562648235,9.29717599115263,5.48362335357568
12.6884383174115,18.2157771062423,7.65344309850958
10.1147209362993,22.3538705094545,2.39094970701763
8.83982672632968,23.9373837489461,6.08187415357661
17.9170372053587,9.53798149497607,9.06987753677348
19.0737106733318,9.53844685229188,12.422072191899
19.0759011383495,9.87745381986926,7.9697178175733
19.6934020216358,9.62493211654522,2.91495856199842
16.2709781969386,13.6980544551273,5.01376494416839
17.7144684140832,11.1376095571103,5.98114450320178
14.3249196596594,15.92220019442,11.868730661571
14.0217941210701,15.8258109389132,8.66103251187935
19.1715461518948,9.63953812953496,12.3267762427186
15.0508219451788,15.0524548591214,10.2575858663898
17.5754207487895,12.0575439848301,6.42451581624094
20.6264420696356,9.33161081911444,2.65266989661789
11.1795212015781,19.4807765099355,6.66516068911765
17.9176120026475,11.5511204659449,11.6047046422026
15.4551206844673,14.5498014166287,9.7903214653919
14.3119438542635,15.4960793766116,2.01979999540573
10.4028211154824,21.0351863876784,6.03692143824303
16.4041053351644,13.8603338378748,9.76455995884136
18.7095196539192,10.2843554137062,11.2009656768269
14.1139652855015,14.9163980936894,2.88512844188391
19.9982251144261,8.54300201349789,2.7064298190737
7.41047336738884,24.0361536925181,4.72966940216746
17.79268404071,10.030384039004,12.0799230585592
9.59408163437581,21.5600725816315,4.5634860046545
15.3383439909523,13.9405486784849,3.73939773621255
17.7021755129229,10.3145586943777,10.1106457294111
13.6243455343069,16.8952975014906,10.271152911394
20.2972338837,9.20632617684091,7.55975482591647
19.5521525084726,9.51975253110148,3.55375730739466
17.3670313360844,11.4164602870717,12.5838428091872
19.3443239090436,10.2518084900998,11.8891011908637
18.2112777334136,10.8701772425892,8.02380252049381
12.8309995798045,17.0334143014022,4.8437202964857
9.14968585741475,22.886989541025,5.33972129226761
9.54652795002289,22.4116430337583,4.45579500892149
19.1535901219564,9.72974672311089,6.94783587634817
13.1130879297765,17.6087745601402,9.02652677222025
15.3221918320608,13.7005455550124,9.78259540570081
17.9589928580957,10.4685660482074,4.79118016936478
13.1537786617819,17.5889312196582,8.25452777781375
13.886181053436,15.848423800912,9.15976813390596
20.3069827104286,8.50541814208924,4.47043191306271
19.1085528168124,9.76678369085985,11.2459085285202
18.8414724957771,9.85545568445544,9.92745251896937
18.4143939716767,10.7710785324874,8.71724047849264
13.8323024541178,15.7507048607826,3.00624497546487
9.34692655080961,22.6255571113009,5.49394504991142
16.9122412055058,11.6994474960164,3.49295066413678
16.5035558824811,11.347584270793,13.4287851800677
16.1916385531561,13.8388503834034,4.1114799806079
13.6660951006342,16.8121561002605,10.9594024720759
20.3255173439767,8.4263308330277,5.77047185104476
15.6475028792696,14.7273128909097,3.07602033874437
17.6999107572287,11.6725132155617,9.23322792703593
12.0232219035392,18.6503653304808,3.4002568420192
18.0078004046685,9.25178993809027,9.83933889940946
14.9692263899905,14.2479541853988,9.60792475118793
11.2488127109687,20.1544244403991,9.79993200409336
17.9758482668459,10.8262322278173,5.67085856285453
9.56223034978147,23.1334910425095,7.51308678700715
14.0481459377799,15.0193701665398,6.69804104673592
18.9613803021928,10.0073309029159,5.85794514789579
12.965075594865,17.8671907982389,7.44338468837396
16.6635901998126,13.2192065905731,7.87817937688475
14.7024047497208,15.6210714541547,7.46673077274264
13.9144664955641,16.6051130986227,8.27316785291935
10.4328292937432,21.2516532922428,4.80083647447464
11.7590891204132,19.0372111961948,3.6388537104362
12.2111875318538,17.9488962520435,10.8199706352586
14.4613718295201,16.4105441934387,6.30480452421453
19.0483379398207,9.69868363215792,14.6864553884362
17.1598106341326,11.1111413371341,4.32949077810095
14.4337259812481,13.4440292907403,11.5181342194314
15.8892131397578,13.9867017250228,9.84048175793233
10.8341220983382,20.3374830719095,6.29888767145619
16.8286483273653,11.9316676787374,8.08542156828662
12.2271561746516,18.0924995658862,10.2052792757988
8.73497657047382,22.2821365546149,6.75854889031143
10.0978357586881,20.4026633045567,5.24827182289347
15.8162162099176,14.0721232227773,10.0506080438687
17.7556095090233,11.4024593448843,13.9036625614138
14.8084347397672,14.7328424017191,7.03071328745492
14.431337469196,13.9680493193632,8.98206418846829
18.0520297894513,10.5450650495875,12.9745912743837
14.4198681986528,16.0807235852631,5.23771207183579
16.88631670279,11.6979387365744,11.2371248114772
15.0526214704525,15.0090900586078,8.97496022915332
17.2148230098895,12.4532770593342,5.60461709922594
9.72470766949676,21.613275362198,6.56954986402355
19.2914358753668,9.94450443012618,13.1472803122382
15.429314046487,14.8483818891837,3.53641209560109
11.269133468316,20.6319343077238,5.52039131853772
18.7314814212564,9.07246365293942,16.3743106775002
12.4201114419624,18.0774239905542,2.7354060053922
17.4589513968393,12.3434857797838,5.49629931649485
12.0968434845159,18.3100618467872,4.56828739822456
13.5107268890924,16.5435316456113,8.09034012939899
14.5479817830609,16.0830011107483,9.72149738826381
17.2415577157143,11.2235709084915,3.07941983212815
8.78471778439101,23.0057709074426,3.6145223613353
17.0376229402446,12.774610897819,3.42731318717514
10.5819887179207,19.6693749721711,8.8995652449799
11.5400744415691,19.9235905174329,2.37651212939147
12.1167352066047,17.8777258928809,8.87167612471834
14.8523657563183,15.5671355310744,4.16902986679029
9.84759166164113,23.1603581873511,5.28198850594594
15.1382808679181,15.1900084235032,4.3492333604121
12.3329455001243,18.672649160976,7.7130267447761
14.1026403283931,16.5202546711504,4.5402091146058
19.7021482431288,8.16533512145833,13.6442943783514
18.4356669909368,10.6168104969092,11.7065341073177
14.6206437607294,15.6917595506979,10.9564919524872
19.2473156869226,9.68849501060863,8.86364255201807
19.1274591446078,9.94935349850597,8.95673135232851
18.7952938267931,10.062228986421,13.8248853325478
17.8301990813305,10.5449746548347,6.35863317232941
17.257452826961,12.405960383725,5.42132918602485
16.1786196722114,12.8460823982245,5.6411812680463
15.5116770037867,13.8630801040883,8.42688211992533
15.7723683535822,14.0213660115461,10.910852961282
17.8403759205517,10.3401722667984,7.28550803608349
10.4868753777993,21.0091242465757,8.87261851849043
17.7578716140904,10.8109759007398,6.15028517920338
18.8896038121257,10.3103626720432,5.10039260354154
9.49858744765997,19.6177648971416,7.55015997947755
17.2589260417197,12.2617956103224,8.77571672869221
13.0339484645347,17.7296953914237,8.58677937956849
16.2033394940384,13.7907678673957,8.66463940394775
19.5291110100859,9.43250161820256,6.3131542445715
16.403126700738,13.4549589973776,6.71904342026467
18.7345133965401,10.4210474238352,7.21630454717388
13.664780003856,16.3898647737487,7.86597116788052
9.63474495516691,21.7487526353262,2.21294550410527
12.4231713655932,18.5137139491544,6.54150549143047
9.61279285857619,22.0164783356078,2.31383553143753
19.4424703690243,10.1763786263129,10.8535068640361
10.2875796033675,21.3526234774419,6.84595254081439
15.1908513458667,14.4926947124681,13.2197281085657
16.5456355771018,14.3523642630551,8.93027487610144
