3.78063916592361,3.2985375475998,2.86377043074264
5.45373655511699,2.3125492825123,3.30025242593258
4.38096826107842,2.02988773991571,3.08387511454133
4.85748656245795,4.14810903774925,0.340595777892276
3.80563506030686,3.08793701004726,2.8933511918912
4.78136206356176,2.08113072652448,3.20581938771914
5.08718240337284,2.07469213023192,3.22283964840081
3.83896316580684,4.01083410705518,0.998220512267723
3.49967301819146,3.68243459269933,1.9897947984719
4.66449996573597,3.87895838458918,0.246984253180997
5.45226181918907,1.67408424395871,2.95335063743435
4.99566160157205,2.64874967387782,3.46615922290004
4.10653651383528,2.60020765700371,3.09938193934578
4.04139465782941,2.86355433102617,3.10251636477206
4.50079413061282,2.70277449685978,3.34514225103741
4.98135988912546,2.34982307727178,3.34067334867841
4.86638144768263,1.53300127422914,2.97773222744087
4.69064104757828,3.92686872322605,0.265629492831083
3.62476399586636,3.49460191705486,2.57171716422344
4.08676554582211,2.95848596759438,3.15619103342327
3.95901166332424,4.01110755010401,0.823672385038814
5.50554702340732,2.37837527186968,3.32409903994645
4.64155755991317,2.62992516661089,3.37566286204878
4.52094317552419,2.40258056986391,3.25759453586327
3.49871186217316,3.71640099599565,1.72109588921983
3.8098841077549,2.72867991524084,2.87107579357575
4.05316314160883,2.36133860590839,3.00992654445673
4.47325573914276,2.91126833884166,3.39381505748011
3.52662603734313,3.77292579220803,1.60916124637424
5.15120697516463,2.62195726506118,3.46933357178633
3.6281669855648,2.75663055598136,2.6613912377965
4.32394510381494,4.23691454611107,0.645430481527248
4.15555030681335,2.21242605777521,3.03518539716677
5.33884185119579,1.90548717968952,3.1109846170667
5.13220806639799,1.95777665093529,3.16590689842511
5.76590576643855,2.09203393109065,3.07254357002577
3.70563629727728,3.07704656328707,2.76387322168976
4.18668945064877,3.02924365187215,3.24694814639485
3.70764024533815,4.04364651436078,1.32178558109356
3.5152624773053,3.73422121628215,1.99481859096242
5.51443439390372,2.23919196362607,3.24797858523593
3.57683680868313,3.72282299477358,2.33317632068232
5.03910469954497,1.8777310054208,3.13304621060601
4.15074156319469,4.22729767893166,0.788475865312436
4.49769137277664,2.13996287193373,3.16107045866161
3.70992047519687,3.844647986202,1.05940809021456
4.2897113869265,4.14523996851196,0.60615462323065
3.65552084958424,3.45014491884492,2.64519161236397
5.70367675935207,2.35847216952305,3.25707049026009
4.48903861049726,3.96359930725736,0.365791208984225
3.90250653418222,2.42261606224748,2.91173667997379
5.00605897661997,2.04169242369952,3.20802285038414
4.25923449558158,3.86768286444526,0.434871841539294
5.27170790826121,2.38167927877452,3.35837555220921
5.03995511131583,2.18991851528493,3.27483624528214
5.16922522254496,2.46913612660258,3.40199362563746
5.44109089726758,1.27615954803325,2.72447769147201
3.47976831950903,3.11277291502888,2.36531055829767
5.55238370625798,1.88740831457068,3.04032278552174
3.45053856847121,3.57432022050567,1.7704031647427
3.50374286057402,3.02690200133652,2.43822549097038
3.77239295161608,2.83431100796285,2.84017514380821
5.75903615434078,2.07457183117129,3.06507456565359
5.55592223617314,2.44843742280531,3.34996720845186
4.91729359116438,1.85939616655218,3.12471697740604
3.80096621593183,3.06057064305083,2.88653124132156
4.64854671203898,3.7525925083114,0.181435296048198
3.58045316003505,2.97857492301803,2.58198107680334
4.90924764359845,2.18743870235569,3.26546993318159
3.50416028873171,3.51150895954645,2.23457201018644
3.53993139784388,3.11559285591078,2.4901488985232
3.73609052286833,3.8802155815632,1.04648013689084
3.83282210077596,3.33412831150415,2.93389008376537
5.54883847873855,1.60037244402845,2.87255655531694
4.78921078229552,1.57800763419914,2.99581747720845
4.38027148095712,4.15391452146339,0.549004133205276
5.26170661108862,1.46059839517218,2.89197026680114
4.20420973819169,2.44785222840457,3.12422565590844
3.65327068868013,3.33434703320004,2.66145814515659
4.44080796510322,2.31685005716982,3.19961579952852
4.38046718106114,3.86589528207978,0.360008669703012
4.06823800759244,2.92410098538548,3.13506451818776
3.44555968051284,3.41398237723876,2.08840357018839
5.33738289217389,1.39225348620541,2.83197969761151
4.9406613762064,2.24622112098454,3.29321454052661
4.62739617377873,2.00114207118074,3.14604710931369
3.66339275829984,3.45993179426108,2.65834034953857
5.19594658949316,1.96144434976289,3.16196571424987
4.71684171126405,2.5234267067024,3.36110705243598
4.39291868801797,2.21805211102633,3.14919959770253
4.84837041908543,2.51972908823503,3.39038133204847
4.24991159174998,2.45685317185838,3.15210128182279
3.78768174078186,2.73436788430989,2.84856204449265
3.52320280357648,3.67950842169685,2.14782829817466
4.09002905132723,2.1601225463139,2.98438428435383
5.38237793834961,1.37377318620693,2.80577611009788
5.14924098318367,2.00674546831076,3.18807607577198
3.54975955387434,3.7003716727796,2.24747584419341
3.80493934030824,2.52428531960438,2.842029388255
5.57111160588055,1.58371734011838,2.85243677412402
3.51589244648989,3.58753186509096,2.21495444579775
3.54759421421429,3.82486961791876,2.0495858091334
5.34830490789195,2.13717217083955,3.22897838711509
5.65391973825408,1.63248927895231,2.84203974962072
3.49829714894761,3.47944860589265,2.23807606180434
3.57525762050083,3.66860531757267,2.36648396167856
5.65371815997472,2.13257958146646,3.14481699322828
3.50252992956529,3.43245392807889,2.28381682793645
3.70657086654779,4.03927215687826,1.31858740399715
4.02501225303274,2.23678514160438,2.96283024561685
4.97135885974341,2.03604304920409,3.2045754342333
3.5089406528349,3.52591239351166,2.24066320001766
5.85561647772647,2.31991777410557,3.16991590303723
4.27470274697694,2.62448014638806,3.21020365530903
3.96820751761975,3.04295926973067,3.0645257607547
5.23894985534336,1.51751938780769,2.9280725169506
3.74942729880837,2.5377414806024,2.78913423070704
4.88608738717286,4.15910337075441,0.339694319495562
3.74383201185174,3.09798942038002,2.81548186667286
3.71597834250712,3.99795150228323,1.23598909387273
5.50733600500762,2.10592878060386,3.17749655417811
5.48750004836012,1.99331832964749,3.12122281265651
4.27079535653674,4.07801942578154,0.572728655454133
3.63563476734242,3.96062685942013,1.43222046250957
4.21046070732541,3.9705674281391,0.542106157708041
4.26232608348856,4.08404239809071,0.583368055275951
3.63571113720312,2.68837448351921,2.67026262895292
3.54471785238819,3.19768336688129,2.4812841878606
4.12157452341657,2.90308562476782,3.17312747032595
3.42550292028581,3.39841070137502,2.00961481878259
4.23758152639906,2.2583152188895,3.09107850672199
4.72696048487965,2.65266218012972,3.41020389387553
5.80366728571522,2.37272383591457,3.22609362912428
3.98638661928428,3.22430470099571,3.10374387355065
5.55487940950748,1.33956971073956,2.70894613711197
5.39038789318895,1.37217460022256,2.80188472524167
4.4651276724756,2.84651708781249,3.37131427106189
5.16544691137346,2.62360867191484,3.47067539315481
5.73780912746063,1.68776768639699,2.83118972290612
4.11454826071301,2.70171801311713,3.12692434359362
5.16312404890513,2.3191529540517,3.33378804968544
3.56846809070481,3.35019401383403,2.49060790204872
3.78584531270424,2.96987789378971,2.86409274283799
4.12755029164093,2.87351231964076,3.17179061998968
3.82322968965085,3.96444305698701,0.977107908227575
5.03784382794062,2.60087922643823,3.45162352050614
4.4308135067503,1.93162204087582,3.06792057598436
3.88878607501074,2.60797291987106,2.93067727730239
3.47650450122562,3.60479868472852,1.98138969675713
4.21348936787578,4.07387682690297,0.614555268322821
4.30336833585047,1.98739256023108,3.04019510270018
5.59871718688277,1.30399599782852,2.66217468090037
4.59650569932415,2.60055807925183,3.35026287332957
4.61806408119228,3.8429586284884,0.241882248965226
4.94468250530974,2.28699387313173,3.31074937924076
4.78865609581858,1.84018071965093,3.10782657103494
3.53694345774823,3.80863474344748,1.64480525228738
4.12667452142191,3.0708045610037,3.2084682812664
3.44321093875922,3.19310289783087,2.24108597671977
4.86750390473537,2.14794272607218,3.24452631999117
5.71823837992875,1.78573630044887,2.90509024495355
3.92807530958253,2.35828072680716,2.91998131145826
5.635535802424,2.10615623694054,3.13627372104218
5.37333546748841,1.76200534164685,3.02620903065606
4.49213926598134,2.34214015500299,3.22721307313985
4.48028438298001,2.83014731383644,3.37387050147564
5.19312553613727,2.3826283211537,3.36238913999195
3.43930087724974,3.30947729883767,2.15692174232797
5.07006826262349,1.68815722434616,3.04133427307748
3.86514585181819,3.15051802169898,2.96666208421742
4.71605642985927,4.1364677854644,0.375557337303152
4.45900737261012,4.0893182356588,0.459903105217547
3.91630539547212,2.90999703994045,2.99782595163307
3.70153565985258,2.97458319112277,2.7591379453575
3.59133545830862,3.65567460286201,2.42403808749864
5.06236195608024,2.3312779142611,3.33802624648802
3.47973158327972,3.66041099017762,1.6932288197729
4.4886628896834,3.9094038793756,0.332748026885812
4.07799102176368,2.54578830885076,3.06779995593192
4.08771648508797,2.8661139111839,3.14000792628935
3.48181397569056,3.28325696428955,2.30399197507044
3.65137079104254,3.95767875292814,1.36842060589922
4.83431634536035,2.11587311072079,3.22728467969888
5.4729106982767,1.23777127600946,2.68646197317252
4.82379866515911,2.11342012139481,3.22491106248823
5.00143852697641,2.51907014820829,3.41361118917042
3.51711000483056,3.62740402853903,2.18035422853961
4.37832604862431,2.30293791875967,3.16974739367771
5.70910136127374,2.53867404820851,3.35751161098726
4.74908089070717,1.87018292707155,3.11571254098527
5.65161643792227,1.98978203925335,3.06171732707566
5.12650607338923,1.85766338645541,3.11827390902018
4.46411108191822,2.43129756194904,3.24531125806978
3.45447767144774,3.09594177363009,2.31215705495345
4.86630329796733,1.75428075746161,3.07650648443266
4.21837021492022,2.92596215825576,3.24771813446324
3.45382717447135,3.2996437401948,2.21249950138809
5.44662213141671,2.08229070730449,3.18040574265542
5.23171540122815,2.31501120188747,3.32925344078401
3.86570904914505,2.88075007101003,2.94417523162844
3.83333578276108,4.04177193640405,1.04009220960447
5.82931095623119,2.48212708111574,3.28062429511799
3.79128823969791,2.78201874746285,2.8567503463463
5.67127671476507,1.69847738965214,2.87459072436111
4.51461794165037,2.83040868201691,3.3898667388105
3.7174063409452,3.97089818900013,1.19713828066045
4.31425094717369,2.29533255940538,3.13893985054065
3.74808637980045,3.23530657145751,2.81964804142812
5.5509356249986,1.78330668503164,2.98035143389716
4.42132695151757,2.85043912881125,3.35039405395201
4.80029989146093,2.14493118622035,3.23431901760413
4.94370146711146,2.25515436781986,3.29726369569001
4.87614056389961,1.620655213775,3.0173702975052
4.53373641381918,2.87194575563449,3.41094345171227
3.74456623748887,4.09730625412085,1.29456333413416
4.67353434977971,4.11956946258402,0.380982307266559
5.64839999096135,2.16649663774578,3.16643751719478
5.45012151355938,2.16493274576959,3.2235910077503
3.54463217713378,3.33306713654638,2.44202704005276
4.27951027287424,2.630077835911,3.21438004917835
4.20869841002602,4.09776877371926,0.636095587001595
3.5181541745723,3.7744306331236,1.84268814438895
4.36973667377968,1.87921071612846,3.02982884208595
3.51589192635901,3.22897241363445,2.41023342894097
4.9148985252,1.67483990720613,3.04202189528436
4.48924100959764,2.81528675822451,3.37372243499565
5.78658252550914,2.21158902221457,3.1361739924444
4.36313741569953,2.62887983047628,3.25877524456609
4.29208600831363,2.53055839013895,3.19469765224028
3.60966571978005,3.93802177371531,1.50356207861543
3.62493939101399,3.47362414696902,2.57787775501892
3.54602375790778,3.84966464242304,1.73231806868094
4.8151217932397,2.7580656763005,3.47235203720774
3.63305001539767,4.01646241212334,1.55606579989268
5.23666666612483,1.38751866020833,2.85889138949512
4.41097278288339,2.07769080314918,3.11053974541925
3.45334593531037,3.34183816597237,2.18223858780016
3.62641440766981,3.85802103816868,1.29314762586457
4.02030612703759,2.91431057838725,3.09332941927431
3.60787830426583,3.95051881079861,1.54089555715064
4.75629987951221,2.63678416804495,3.41272790127637
4.97925047215666,1.89798725220776,3.14314243223148
5.06652147419813,1.70188076437165,3.04826299475388
4.08962796446874,2.65254291384071,3.09881726672312
5.25292257723723,1.88624614345227,3.11686437628103
5.20988773443981,1.85850160508562,3.1092757713432
3.48944967682321,3.31814864225228,2.30812160931437
3.72294506998376,2.67281882232536,2.77313550380962
3.52414610891778,3.47309331085944,2.32617997904468
4.74959677742539,1.91347093837559,3.13345062027241
3.46348559176912,3.61468191448298,1.70718468443621
4.17508171653358,4.01428744341695,0.60264646727791
4.40377024075395,3.84878616110006,0.336750272361502
4.9955002438549,2.15650924844823,3.25848744846629
3.90679982040499,3.17706256542102,3.01529830911087
5.16431449128566,2.51728345320621,3.42352288477461
5.32462733154211,2.5961048216308,3.45681903558254
4.55826547396025,3.87070823053832,0.279858967783933
4.35589026222792,4.19380049162596,0.592434506205877
4.68251692545782,2.42135704310327,3.31495187930738
4.42317359113272,4.06228302920278,0.462472680673487
3.94999287836573,2.34183154135574,2.93328674022023
3.45666648320417,3.59384159390799,1.68015350316765
3.49111276579294,3.6950596605178,1.80494378556157
5.08760229763237,1.97568523434987,3.17688060868658
5.53634876214626,2.18022362663257,3.21013335616698
4.34838707880476,2.31289324832165,3.15972556230107
4.83098050678053,1.92151111093173,3.14611036012141
4.33537349061602,2.18784794531274,3.11596169315339
4.80601640192838,2.00534672154691,3.17835102885802
4.51391613651984,2.0700142778617,3.1417606841765
4.2216760650985,2.07573247682223,3.03100818803335
3.79908900786588,3.18059804105225,2.8881697291241
3.46363773309417,3.1335200736038,2.32044074083537
4.49540808639973,2.64239116943637,3.3242830102068
3.43932657846975,3.52103645852903,1.86306312199881
4.75633268677559,2.00351445309104,3.17084576500999
3.85937633832046,3.27551552966076,2.96612419077783
4.64534820130235,2.50604686106816,3.33426883980343
3.53344506357394,3.26287103714325,2.43921079383563
4.39213893562364,4.04842999955841,0.471531273893976
5.30588723517763,1.29223946569509,2.78581249805334
4.58901587230375,4.18743559850655,0.456126750277332
4.16557958573441,2.14621784095667,3.02275044329177
3.59515129664971,2.84951914176726,2.61362708730499
3.87423795406334,2.40452008870001,2.88538975503196
3.62687000263579,3.9603658615219,1.46863479957619
5.37344904734869,1.47540379131241,2.86709158652616
4.89004823248858,2.59068861274375,3.42589544448084
4.12494592787148,2.0961271824499,2.98738376214422
4.40150877416731,2.64087644390671,3.28119051007988
4.38790204517114,3.87657482216467,0.362780358499833
3.75440719227119,3.26785472750045,2.827659780923
5.11714784189696,1.75307944414449,3.06835938930633
4.45732677120153,2.20076579051878,3.16792970660156
4.06197026097978,3.15316105070674,3.16680079428385
4.32053297975445,2.24697131638385,3.12741399812004
5.05586376410646,1.86356654699927,3.12578307528327
4.40503562710661,4.05338138478758,0.467156904839531
5.12754773459286,2.66628941644928,3.48717925071279
3.46644885270267,3.62372763383881,1.73689432063957
4.48611587736924,3.9387736641814,0.351915926976033
5.13144431995675,2.2369213936255,3.29657762481631
5.13214180884628,2.00695331094294,3.18930941977558
4.11350503658755,2.18182734226283,3.00353668095816
3.56888424561041,3.67009629498292,2.34425643798255
4.55979631101821,3.93762579507358,0.31872733861808
5.40145705281369,2.44613494106505,3.37676110409628
5.65132211848496,2.0278754468113,3.08439798979186
3.56535406642827,3.45302059017366,2.44808824093444
4.16718689389182,2.90761193668335,3.20780873292235
4.35379401458827,2.1908194782277,3.12466778688875
5.08019922486965,1.47681703428785,2.93624858396066
5.37221352065165,1.32286589130854,2.78005623401969
3.47176540693266,3.56576299035703,2.02361410569513
5.32136976944207,1.79942529101149,3.0588999318536
3.78213230093282,3.3138198140734,2.86553533269034
4.11460930288316,4.06365340269216,0.695013055781556
5.14893798234038,1.42053741689568,2.89618975219052
4.25973263953532,4.21954150288282,0.683307254764189
5.25546413149494,1.77539244810321,3.05971416503399
5.44204985325053,2.38379923530658,3.33911100699849
5.30925926691927,1.3354789734381,2.8091113917411
5.81184828319074,2.43542493892868,3.26011880395372
3.56907076135237,3.62314542152248,2.37543052783437
5.14214337517983,1.88845416595224,3.13176849804769
3.94967247931243,2.8118652900976,3.01553596076201
4.28589099122382,4.16864490895369,0.625693324839699
3.74968541450014,3.39824966491908,2.81400612503543
3.87405504308218,4.1484593347806,1.08070223044745
4.10230060554917,2.10901184694507,2.97824499211964
4.91968218673216,2.29275566277379,3.31049726141211
4.42238767197882,2.8067913944246,3.33876568213997
5.62200703139012,1.42816998232687,2.729182420808
3.86851863289922,2.4072163272598,2.8810740093302
4.38297144126059,2.40143704515827,3.20184358645152
4.53646357215282,1.94803868733501,3.1044013889737
4.1284564562855,2.46674230462734,3.08325770730699
4.02155488584985,3.16010493016885,3.13049053798509
3.69336570041169,2.9162094791175,2.74803407569774
3.86334724048086,2.53693371019826,2.89735307416013
5.71206463892774,2.46570338213947,3.31539497813005
5.04838527130032,2.24827751327725,3.30094128200392
3.95330958137982,3.10399516722003,3.05714142639866
4.15559627121411,3.95474787166211,0.575006614273225
4.65880181973561,2.54205918637159,3.35096114046045
3.72628213504497,2.80551987513331,2.78531026226845
5.34235759034535,2.12790185862769,3.22523528476009
5.45719525073491,2.28618950927056,3.28584216117228
5.28353962562894,2.47836733001122,3.40351115596386
4.43931820609297,2.04057649168488,3.10795793178216
5.50513436098197,2.54452282906957,3.41049965293501
3.82485569750216,2.54744971535247,2.86383770537854
4.67218952175532,4.04041376192766,0.335891937054093
4.65255434220929,3.85018868528266,0.234626494448128
4.06594227698905,2.23163091010699,2.9876418226435
4.13097205614051,3.02882069637307,3.20426788209943
4.39042461995454,1.95021041260099,3.06081291454599
4.48066251862574,2.53400393820566,3.28440518665115
5.69080914575254,2.04198398131922,3.07632312657179
3.74706502231021,3.93380196195608,1.08557492816708
5.59369304173786,2.30477828774888,3.26233136302952
4.65287491897311,3.93354245364704,0.281587032802942
3.52693466101995,3.78882673013933,1.67780844419166
4.10025856105808,3.96411422345586,0.631303896136834
3.71851525722697,3.96305827235357,1.18444401917402
5.07436721510554,2.35376676147104,3.34839525467894
4.37744993628448,2.04891301503942,3.08879402729562
4.28304696181726,1.97146859389555,3.02686124289703
3.51238486343574,3.02554739413802,2.45529732218264
4.02449745744085,3.15824879174435,3.13302357951652
3.44099030732784,3.53903665340578,1.81017377863062
5.10763807600513,1.84457128179191,3.1135454553975
3.93592245343378,3.2587336712798,3.05378166618904
3.82244253282344,3.09925149886437,2.91397849431297
5.43109946828748,2.30611864070866,3.30117404193304
5.67588091397225,2.04535341481727,3.08467738778595
5.40122564265666,2.08444394283474,3.19178493331706
5.25770083597048,1.79569824425723,3.0697718085042
4.76933709831131,1.88977846135904,3.1262900189695
4.41185049153268,4.04758281056962,0.459429820809019
4.91216355836192,1.82668681002485,3.11007822991332
4.13714999488142,2.78403781689543,3.16040165036495
3.78399417501321,3.34574451817838,2.86734603615595
5.55774206590777,2.48594426504446,3.36945155428788
5.85554314546085,2.15112968569239,3.0637210234422
4.5349854415336,2.45033111553193,3.27844305007009
5.30893036017425,1.57849727037376,2.94355213556959
3.61240516723005,3.79434497695537,1.23999164040534
3.61185569664517,3.27637592268938,2.59571867965201
4.70448242978638,2.12671541048064,3.21022183396246
5.85518699850091,2.27179123328563,3.14015085369092
4.38773137731913,4.2221862059225,0.59028470232834
5.50494558276664,2.31700613411488,3.29182494842481
3.46279103523828,3.42272654650387,2.15211073285428
3.6465222779143,3.91214497012431,1.31220066167417
3.73882277374775,2.94065772665779,2.80620679592318
3.50542464314068,3.56196952224531,2.19616712953908
4.28103114416538,2.16087828970137,3.08376446826293
5.59690886686971,2.55126488240873,3.3951790045409
4.41238382133236,2.6506323148711,3.2892502978819
5.26208696098818,2.01775371606552,3.18173144021975
3.99951543914037,3.00253935469906,3.08838576219818
5.21764224486226,1.74731122769205,3.05194067515257
4.88271331682833,1.83597567029961,3.1130276095655
4.32607627546859,1.97930058676806,3.04666308133967
5.58730189389902,2.33077434628313,3.27844765330767
3.92060005073416,2.33588672355305,2.90994143466654
5.19020420205341,2.01889397610842,3.19055296033405
4.52735702517644,2.03920413033862,3.13476536677603
5.27028515907616,2.07098896206411,3.20718767710039
3.56914524461983,3.76085461497582,1.3357564320479
5.59156616847382,1.48661040486023,2.78246765591921
4.76188244350029,3.80144096825708,0.178156109807813
4.07938373850096,4.10322198666404,0.762316190358214
3.78014310103234,4.10754305662522,1.22077777477948
3.60217882966209,3.91390479296949,1.48905379006661
4.21600249998055,4.12809886125036,0.652377465335926
4.3595040372543,4.09833749316534,0.525016617003434
4.39836958997898,2.3825979248511,3.20283296768854
5.43086917299632,2.00452189249649,3.142539210911
5.3587173141019,1.88450439179155,3.09557851717368
5.17440340250087,1.62117405470473,2.99482108260044
4.88798038277714,2.47278381751342,3.3791381276227
3.50713140532896,3.15815900739627,2.41235007113532
4.39509663887886,2.12260578319531,3.11940397296532
3.54544885118482,3.81899266264488,1.60067891940512
4.04089387908501,2.9906043162201,3.12328685980811
3.91948599859481,2.98203045120598,3.00953014663283
5.09228895622239,2.19101643336602,3.27598167003246
4.77830833835957,1.84711693584834,3.10964269090434
3.77981435694506,3.88051576120892,0.964633946630298
5.43487506110219,2.22485865419665,3.25833628569437
5.00316322879384,1.71168192880704,3.05698570252665
5.30843956462162,2.45109620329789,3.38889224346096
5.12928937582646,1.73666702224285,3.05898997594157
3.52244929331555,3.71783098002946,1.47199171369838
4.80048740077799,2.15820944448826,3.23967448023612
5.85418030140027,2.45596301613591,3.25404043242443
3.96567296977917,2.93589411856779,3.04793528587926
3.87061910442885,3.95071762574263,0.888906152309192
3.46358111994749,3.52185382056552,2.04408797713691
5.72333251591281,1.87881985092339,2.96109457555628
5.71879757794727,2.10061005154299,3.09940095676603
4.11024667347325,2.10670422893193,2.98209315434507
5.25567218780803,1.92945310730724,3.13830257780619
3.63530576451699,3.93098700604863,1.38128733699324
4.53730592563648,4.17053821222577,0.470371066612017
5.56698108741854,1.44649265620917,2.76979632446939
5.16532899750915,2.58864338706522,3.45525380051227
3.43055133142701,3.49959419205168,1.83568823306844
3.53609266612446,3.81071171932228,1.66427376246701
5.79183560993246,2.40778632696814,3.25200968238916
4.33329418050673,2.13606560636634,3.09906832161826
5.27869792258913,2.04084190009696,3.19097464443873
5.27800778962277,2.13851395015869,3.23971800741282
4.76622635555654,4.16661597133292,0.376157472295011
3.58140886950722,3.57579201336705,2.43675802021678
3.97350849829797,2.63508757426402,3.00699644678416
4.73865461551551,1.9843764524778,3.16046592924776
3.66908291998905,4.02807001177332,1.42255722596856
4.60690860896925,3.86833503569127,0.260271238799138
5.15718151459753,1.91093833704193,3.1412712112212
4.54728517290493,2.7872234896225,3.39103188848972
5.12501095500131,1.82848212630017,3.10428453935488
4.44621862988244,2.31352386305108,3.20064967984342
3.85611224442978,2.84242927620675,2.93030470112266
4.9841027568653,2.27750615849282,3.3101554849904
5.41246808529431,2.30510053807233,3.30391799687101
3.60507968918316,3.30819109636421,2.57670737526229
3.50146500205647,3.34915510362354,2.32624195532276
4.48929740916585,2.20520821715781,3.18054343163663
3.45907593163772,3.4822943435014,2.07352971120246
4.49717334626508,2.52533914444314,3.28836244131586
5.34544018419934,1.57173853222675,2.92973706481773
4.31829212522743,2.64220567758003,3.23899290693087
3.48235204735456,3.30849410521203,2.29305005532367
5.50969630620101,2.2228080015622,3.2403425959999
5.28931230860846,1.67298467214609,2.99912064287727
4.09833355674757,2.55331960501338,3.08341798506094
4.66940944947229,2.23525000286502,3.24345233953089
5.98598916492652,2.47433678140212,3.19886813275327
4.24035713121761,4.13502585813965,0.6373273419152
4.62466614452901,2.53243328398102,3.33684237372312
3.78773478355105,2.91264438938727,2.86287209891155
5.1541682480966,1.43203631372508,2.90114644068649
5.66279752537911,2.50223565194796,3.35127312473972
4.11168123686531,3.11118618390975,3.20320190459045
3.5400311253254,3.13238785261868,2.48681876037832
3.50259036795672,3.72839271335645,1.82636441882306
5.63696000273918,1.70943745810219,2.89853584512632
5.4175332697822,1.60649532846734,2.92668352593759
4.70488066469893,2.50582630685853,3.35150412786933
3.68871147267179,4.05579163697774,1.3993348136865
4.00840393119607,2.75678394756935,3.05685458236759
4.19253550919009,2.25372179786174,3.06635935878484
3.55363598510383,3.83745984096989,1.59311604351765
4.28463242074395,2.51716184781585,3.18708334058692
4.70043030209547,2.09536007768017,3.19733153196193
5.2036559775884,1.39183738096256,2.86936590176449
5.74400077885001,2.21874485820562,3.15941951733333
3.78792791064539,2.88807516381168,2.86143875271411
5.62011874545849,1.40372569539736,2.71450587180864
4.75613209923343,2.30856419769511,3.29055657144396
3.78299965062251,3.97444373344233,1.06000621333474
3.47276378936972,3.43226538430206,2.18228671346436
4.89955369464526,2.47955676119624,3.38371489293804
5.58898665897687,2.19787682224098,3.20434712478991
5.63861557817604,2.08222342411096,3.12122522154358
4.81192809386976,2.21733546649609,3.26511425103363
3.68713515573096,3.4094626681525,2.71015025669086
3.88995542593107,2.95762791185271,2.97707214652418
5.27693867824884,2.58696963069189,3.45462737686524
3.54778264127915,3.83700958754164,2.01674042870036
4.01969260250659,3.10735742759912,3.12165468173967
4.65168933177482,2.4418316459632,3.31361399436957
3.97495572567381,2.93983654725617,3.05702026346308
3.6830498929221,3.42925502474499,2.69999759758088
4.46525118839073,3.97606790061245,0.385166084302534
4.91887418973412,2.61551094796816,3.44082673570401
3.50458663251353,3.73301606003938,1.84407735459638
4.44842201352689,2.59832813234689,3.29040270227256
4.49457444873163,3.93369018807723,0.344843885668292
4.03494569362895,4.21399737308603,0.906961050317207
4.95534805348307,1.71844858977451,3.06156905839987
3.57882801710782,3.5269000323489,2.45198857702295
4.1132791585377,2.43572561700225,3.06626362503124
4.42286070994502,2.45561192326911,3.23577629256803
3.76729262861722,2.83931723537701,2.83476220240634
4.49435306266585,2.14158609934676,3.16055195229502
5.35689967896769,1.9434084543888,3.12708466866132
4.21058734640244,2.92028231675903,3.24112430408214
4.34430241642373,1.99273106489497,3.0580255490985
3.97788585809974,2.71147476747636,3.02386306100159
4.93973362551816,2.42404351692264,3.36703846651057
5.90329906072826,2.19071433415936,3.06242714342344
3.62073583593088,3.08856385534975,2.63645261277708
4.33866128658219,1.95077554298799,3.04228579779177
3.92541182473508,2.8665562308653,3.00096133523268
3.74314688096505,3.95959066779026,1.12409490959803
3.54059599890568,3.28222845215844,2.44924965320731
3.54468538136263,3.55351670000707,2.34170708430728
3.59634152714922,3.50826707643427,2.50281469704208
5.28046189123988,1.28144777199999,2.78793669308639
3.462678260294,3.32812036555141,2.22272620104472
3.65369971965919,3.89418228071371,1.26308629533027
4.40497265099018,2.07232795588258,3.10660216705139
3.51603058992494,3.76059602382399,1.68620504808827
5.43736103402086,1.68961986491226,2.96715749168976
5.19591845884386,2.42454158733683,3.38160848528023
4.84626423079879,1.57165117538346,2.99497366647222
4.69926191921763,2.45214515525165,3.33058989861907
4.61999245029411,4.20025513226049,0.45008258776572
3.58759257953114,3.13173322424866,2.57539689413426
5.20137568892129,2.60008721472139,3.46120854947074
3.58267861972415,3.90608284026403,1.58215200013929
4.13374811524862,2.86387706591395,3.17444872428082
4.15700353359649,3.08740032132882,3.23561871555122
3.45887477835687,3.53374235033511,1.99615237921399
3.81252077792942,3.90523346084048,0.934573280075497
5.12749120660608,1.92407248154206,3.15013628022262
3.56515718055359,2.9544709930766,2.55949466917394
5.41942433436812,2.23426055932281,3.26623840005901
4.22970142520021,2.98286699753464,3.26798689751346
3.56668293102876,3.88653592540895,1.64704424668918
4.35636178852838,2.42659283496793,3.19724912451407
5.67304885420671,2.39801398295204,3.28998360782267
5.45904408173028,1.38536037556236,2.78227589024524
4.41831857958216,2.03686504218684,3.09953914184703
4.58893228786466,2.00916516260782,3.14011367002284
4.02489834076039,2.68640637072046,3.05724877365783
4.17853341367769,2.17971838925601,3.03875661611164
3.50275858531686,3.73045564732703,1.77979600893693
3.78413774603341,3.07580828790419,2.86663910898949
3.98826110592885,2.45831522983068,2.98507043426891
5.77314204384406,2.21742109269001,3.14586305495753
4.0162053436745,2.82859049293809,3.07567468201366
5.67799474373003,1.81673000959442,2.94497598664202
3.75888242367754,4.04322883817112,1.19021186506426
4.49240286640639,2.49237986703748,3.27598340155224
3.90622108995454,3.00559688530934,2.9987581265592
4.62391240461355,3.85061331014144,0.244250782528687
5.45162009007969,1.62662180929981,2.92643535774352
3.52737315831304,3.53469336326934,2.2981574366829
4.48469667517929,3.97989426046388,0.377937754577095
3.69849749897928,3.19232688909047,2.7493513575507
4.28059850786741,4.18197231816788,0.639319549067341
4.15326301047156,2.26102245084801,3.04671825983552
4.48499538946419,3.82170155814314,0.281206468666893
3.67453810882062,4.00254044655683,1.36207622739326
4.27420203229762,2.61498844442608,3.20744240455095
4.45204353384511,2.87908781198128,3.37409194158242
4.17873663247474,4.20605770733656,0.744575258826906
5.37083944382844,1.35749985468542,2.80058855004405
5.20799907897264,2.17511349491484,3.26428504912589
3.83193509651749,3.12243854827498,2.92638720375408
4.7376074381772,1.76264551577563,3.07002362483077
3.57228118656175,3.41093173822704,2.48000745118828
4.17169392143952,2.96086419047935,3.22204612128588
4.24358239963761,2.87097048249088,3.25210185421763
5.76945897726301,2.44776407748701,3.28444401809893
5.22128430593041,1.98277226307371,3.16957574853961
3.48330561346835,3.5746524391774,2.07781441843445
4.35162743004402,1.88203853209678,3.02444050612387
5.71884101013816,1.84903068779092,2.9447132939508
4.28260573606621,3.99767236893865,0.508082611454808
5.52528967752795,1.23874066731787,2.66077516145728
5.33192375883972,2.19015069990618,3.25830382537241
5.88045132431801,2.20069319963402,3.08177573134307
4.23699640229596,2.21425989607277,3.0783308543358
4.50341749619133,3.87368346627104,0.304444763245294
4.43964538224186,4.22981313510389,0.562317428652224
3.60602679586575,3.42098204027779,2.55188920240427
4.06251189733451,3.90579987408792,0.621904876794251
3.72857793771988,2.7594211625097,2.78537089585204
4.69364562275033,3.9723459469774,0.290145305930485
3.71523555217175,3.40211634198522,2.75873174639462
3.80656181400694,2.85126157252269,2.8792040681523
4.13299898341344,3.89121091033168,0.547035849134245
3.50417049909069,3.72582264049109,1.88822910558895
3.47582868952752,3.44264960096472,2.18523539913351
4.34532277464068,2.07111267497315,3.08355323035646
3.95833522317762,2.94941785323847,3.04296242633907
5.75440734634548,1.87862027632596,2.94475154894687
5.3870117965919,2.41610656948786,3.36370708106493
5.56612314479369,1.7885399704523,2.97742966093672
5.09068918012686,1.60181452017369,2.99701862725196
5.52479237560608,1.68469311790918,2.93274574260661
4.59402793259026,1.75175067248531,3.0436359332916
4.76744991593591,2.38746349100863,3.32303230025465
3.92698304159147,3.91418482446961,0.778541865053789
4.51303506595047,1.72917941897207,3.01782426603313
4.06308121726657,4.03499117638328,0.724106789576871
5.77974119225097,2.12735392209916,3.08767725619911
5.03976717636485,2.3211499431538,3.33253684639046
4.62892015269348,2.17343280184086,3.21062053533236
3.49305500205461,3.50996674833124,2.19393974759776
4.19847792468694,3.06829675507674,3.26353896572892
4.67687166077028,2.64945496937811,3.39386672794786
4.72824062990951,1.72416144713675,3.05300367938188
4.80807191025294,1.95404183241692,3.15738083787092
3.6438289204124,3.24215831063972,2.65780144737402
4.57090238781722,2.36108441120631,3.26064506850236
5.27252100546137,1.50858267021401,2.91513571813195
4.93055777270895,2.5610151838867,3.42116004895853
4.7245243516414,4.14369932335335,0.376793884611582
4.13812587875484,2.7693413199827,3.15797786854593
5.66950058181785,1.96660123471991,3.04027551212772
3.54921685054277,2.91517005261687,2.53745789980423
5.06230524011642,1.7475298317587,3.07049323773403
3.46984112712284,3.63345347609687,1.71876668348837
4.4379418280139,2.39079921131233,3.22195320263664
4.43347838697721,4.19655492361764,0.544112034261603
4.72351433825164,2.21013516301105,3.24612302261412
5.65532852082884,2.53786847452841,3.37299301334962
5.73434813942341,1.74143455942003,2.86795461095305
5.06247284105902,2.34029226993814,3.34198675739044
4.10581959290838,4.04080989655328,0.685646216640086
5.32292431728672,1.64995330409903,2.97862433934597
5.94960928314417,2.4393046664845,3.19650020754203
3.48883727204293,3.68143614655188,1.65509222120216
4.90453108966446,4.14933976406539,0.330452605324893
3.58298296607487,2.78100428803274,2.5987262898661
4.50799594988761,3.97209992681686,0.362089965826678
4.23443288974935,3.00809904936384,3.27675425239017
5.52466616150311,2.20906768435966,3.22905108009433
3.48614245701926,3.6703244305384,1.6313805438458
5.33921029447025,2.3203672160065,3.32222649823615
3.91088810633917,2.64304590693114,2.95553206470601
3.45126228182201,3.42793086159543,2.09898391361016
4.09043304473619,2.9798296493913,3.16295390599634
4.6899495934502,2.72857716481283,3.42527400624148
4.41505334194134,2.89822710048927,3.3602145964219
5.85493842603135,2.32139517615047,3.17116526984129
3.76123586593584,3.31733202846745,2.83572851257067
3.65965614686002,3.87265349594382,1.21549973019388
4.67002143000314,3.97411414967626,0.298852138694276
5.5880076803394,2.01587882267108,3.1014667644602
3.63282809006458,3.97302136208088,1.46714488725356
3.97644904000992,2.44397823001153,2.97339398860098
4.8152602626178,3.981756957761,0.261742163437241
3.79324291903471,3.88775535977534,0.948946015656126
4.46655252269937,4.13210190310516,0.483130895210095
5.31153706647226,1.67973482183946,2.99748860556172
5.49742892666788,1.82628337881356,3.02458739666973
5.09049097144442,2.15499053228001,3.25959776236278
3.8655736359116,3.92905555845405,0.875670200170464
3.53461583467301,3.69093753493766,2.19016347829465
4.43988675729227,2.6036468657971,3.28817927655121
3.49591894667509,3.3106586286307,2.32936610202077
4.55263773073595,2.22393677137408,3.20740447800054
3.58423400491384,3.7709697318432,1.29652447771918
5.69632630622772,1.95975459377815,3.02413667294726
4.00116262722302,2.59000473757981,3.02058621993011
3.80468860753244,4.14056476133199,1.20619487280386
4.1578745878728,2.96432263082409,3.2125240920801
3.56817372493752,3.92163173108581,1.90621346123453
5.62146475417543,1.80384978709567,2.96329255494915
3.49611510185842,3.64470712012783,2.04302165546469
4.66752393859209,3.96335953070939,0.293588596434661
4.66436975370925,3.84572765972124,0.228439777887853
3.972223071497,3.06022153722555,3.07056159266358
5.03995145498837,1.76066135416546,3.07816877053049
3.60769067489026,3.0125278910478,2.62240512628452
4.46400668394051,3.98678159480457,0.392488249043759
4.31311671880909,2.35413335270352,3.15563100904617
3.86683850725936,3.88805593650357,0.835180986217797
5.06713628559415,1.57482563663078,2.98642810113011
4.39182078523857,2.90186055397285,3.3486134297918
5.01877619029743,1.87049950627815,3.13026324723857
4.94825288894035,1.56406070729112,2.99027777472536
3.74026613724028,3.23211655508891,2.80863593835111
4.23583749256556,2.92136710108901,3.25852083674121
5.72619118557979,2.15256848226499,3.12741227930574
3.58904419845792,2.89792210086187,2.60191551109938
5.61551901135948,1.4183522911275,2.72647892858532
5.54498442379304,1.5273107240137,2.83005187299704
4.25076777641534,2.81388897815776,3.24325674430413
4.39385358563223,3.85038535955636,0.342952025184094
3.68242608004376,2.84255843336078,2.73284920801571
4.39690455633494,2.21908890480093,3.15111546023143
4.25453407313046,2.00496897777225,3.02499218654245
5.16944245806559,1.78576709450518,3.07840003026698
4.20468197533401,1.98503168455561,2.99643345984956
3.54422220391082,3.83759254260438,1.97117224573327
4.97845237804642,2.52936186222896,3.41514022625612
4.08480393207033,2.6769953769122,3.10044570955497
3.88571917407514,2.89693309568062,2.96615596390535
4.56421083676926,2.71437595824546,3.37512909089485
3.92902041211646,3.21700476719527,3.04283077072567
5.4571727508994,1.37337542454308,2.77590508444458
3.83408915612629,3.1469038455223,2.93014647079471
4.44791083062739,1.87767890356329,3.05441392463341
5.52674514916774,1.47016504250102,2.80360047588407
3.57527543215095,3.84118321082851,1.46696016409097
3.56263762280571,3.6296018375085,2.35092498959345
4.12475898842283,2.76638948215133,3.14784123432439
3.5084540775695,3.04531068449995,2.4435157758456
4.34483707822192,2.3899377314259,3.18107575193073
4.74058545788441,2.51926063966951,3.36584402854935
5.25786793396491,1.8029660217558,3.07348225393719
4.61931748081891,1.90040258510246,3.10597827837344
4.00411787819929,4.17973523027243,0.915836035931161
3.53283912566683,3.03095290473667,2.49279138880211
5.80609748870445,2.04220313693477,3.02101802134132
3.4254955861221,3.31281460327119,2.10269009232637
5.71414687946076,1.91549259593244,2.98849998422831
4.24667978778754,2.61829578367454,3.19250154471386
5.23209168709544,1.4716521793887,2.90524107318686
5.79159999547898,2.24409395449106,3.1536912191582
4.91326501627927,1.70290889855131,3.05472297300501
3.73636595434251,3.9322394783517,1.1062601415804
3.64213092676502,3.37504737428898,2.63428089425534
3.8425911992311,3.0600279485591,2.93503299216527
5.39205779115267,1.94074631759569,3.11777791369689
4.56129211028013,2.48338771958983,3.29879989516637
3.6838146283382,3.39861041082224,2.70588113366887
5.53111040043679,1.62960210383759,2.8976150958259
5.11313472333625,1.95067221742932,3.16379066038543
5.1293568312638,2.26786497671106,3.31075553591068
4.13749048857102,2.80380624633705,3.16480138124473
4.42485729962287,2.15528249991258,3.14116168458346
5.40737242816887,1.87001275706195,3.0758806208523
3.7426671359237,2.94555957420018,2.81111241697598
4.18952699367993,2.58864959493356,3.15077255572232
4.2481436810429,2.66730762552243,3.20574904417703
3.54228624362237,3.56704015134241,2.32560040453134
4.90161068777601,2.53578065177309,3.40638659340642
5.22681475525923,2.51128300822546,3.42090227282304
3.90393359942584,2.40366160420493,2.9094966233812
3.49602372102351,3.10279657360034,2.40395039292208
4.16106130193905,2.72154414901924,3.16338554115885
4.51346427955934,2.24070919282165,3.20069063245259
4.78566487588399,3.93544990296569,0.244074964920292
3.5851113585183,3.89991866426326,1.55015380850095
3.70321626854538,4.02814609437252,1.31229722447529
4.76318225044896,2.18611612236819,3.244494799345
4.36253976721675,2.83783200626282,3.31545081107624
3.53147942500226,3.81484261234666,1.82566970070116
3.82156494080587,4.01468011800604,1.03233310649706
5.17429272127765,2.54767447554466,3.4372907461157
3.44682540886316,3.54992690691064,1.84740465943364
3.67316833899631,3.22267992358826,2.70812701192655
3.9314961319555,4.14073327799225,0.980621336469534
5.60172918731857,1.31265749437275,2.66606321960494
3.65850487576073,3.98396789527843,1.38667503930995
5.43268900166338,2.40327994254581,3.35059947534116
4.95401242802107,1.76716367682629,3.08384216502958
4.26161944596561,2.13707399879243,3.06777089267911
4.05881393700757,3.91062778574828,0.62928054813164
3.56827250385132,3.63225220306706,2.36732566130168
3.98435083603393,2.23382226150121,2.93500667012003
4.80443027915353,1.93423546958379,3.14874660914449
5.28403879625035,1.56446094899969,2.94235547274078
3.62883210039306,3.12505153131604,2.64600925266879
4.60982845354329,1.79795253567095,3.06459296838509
3.68031564425382,3.18725104724942,2.72209871110139
5.0765351092233,1.44662972300383,2.92163947871791
3.74874371649216,3.31203925538295,2.81772916173151
5.73325304616347,2.19327933679659,3.14876184701761
3.5011214748412,3.71269868621298,1.64198264100437
5.78149333446279,1.84249302326062,2.90650885339611
4.13259717431724,3.01518841315968,3.20301565682351
3.65280244382374,3.29663196797564,2.66607135236611
3.60331446572443,2.88757096230338,2.6238492325858
4.32402330019773,2.54148929257517,3.21438500402878
3.94958425562734,3.05127090353701,3.04739471856999
5.37768371912152,1.94691806549024,3.12438189333464
4.89262951776221,1.72630276673639,3.06494926766448
3.47647453944984,3.46551496915741,2.16804435362437
4.32614051873625,2.83151553342039,3.29316728323028
5.28210033158875,1.84882311948454,3.092692213262
3.68185585728935,2.7487874476334,2.72944877156862
5.68704480379168,2.46357032208633,3.32236321353819
5.48405065118694,2.26483607181361,3.26888724649416
4.9790267736249,2.39484000153111,3.35939834189851
5.857044743162,2.27714727711274,3.1425606331231
5.39586546357742,1.9735021645329,3.13434248636161
5.23044168184331,1.75515116306204,3.05377633550045
3.80715370642902,4.00311038606806,1.04599713090581
5.03609927472967,2.14879137832755,3.2564410963342
5.28944893112562,1.55850008378789,2.9377756346826
3.76056893965763,3.36851020583834,2.83238308293653
4.44398035811696,2.3718252164413,3.21839640142239
4.75963432600089,2.57801625905833,3.39223404131855
3.75424447259127,3.9102044974263,1.04426897327254
5.5617923178734,2.00551319525074,3.10467900655194
4.09040467537626,4.17955101202138,0.812993207855944
3.93768143209848,2.41187970713703,2.93762573081718
3.48839167556492,3.64226357640069,1.9915531735413
3.52637879701654,3.14704867727428,2.45605496093757
3.44182203147716,3.49495874869461,1.95185695636618
3.95421273657541,2.52603958895712,2.9718675072327
4.61275258186431,2.50716820790094,3.32430915700189
4.62003965239543,2.13095330456366,3.19276637515829
3.83269333709555,4.03890905769461,1.03820986482699
3.56147489825041,3.78673103731439,2.20558471833267
5.73180536183724,1.70003358693556,2.84263630577063
5.58928387199379,2.23841793549324,3.22687187429587
4.42449520015318,2.63200106361848,3.28953396680308
3.57907317090905,3.94265190641733,1.75054568948618
3.97642535493813,3.00072844515511,3.0668114119431
4.80093283809879,2.75057345871551,3.46589151417547
4.355916578269,2.96143164653343,3.34362418523689
4.76075092132502,2.72918933844747,3.44711954740786
4.5030466180886,3.94014343359025,0.344876063909255
5.19477518011787,1.7384909779682,3.05112442582105
3.57225185803475,3.9221672034495,1.7390065519986
5.4378064378369,1.48332376558736,2.84864267793818
4.78206983741807,2.31516385789345,3.2983036634303
3.61980786682979,3.27345769987941,2.61089205915366
3.74359407188193,2.85216383877226,2.80815117166606
