-1.65450329422607,3.02748455254984,-0.596381781666844
-0.355556688069027,3.21153192307528,-1.07853914306467
0.0884860801021635,3.16005097047492,-0.365644374095933
3.42259134083673,0.0923711527200917,-0.48625269831665
-0.538606953165464,3.21669265112444,-1.14973759660605
-2.61380821988267,2.08681199691429,0.878821871629278
-3.05367651868473,2.11566444702196,-0.0301847295760447
-0.731070975642133,3.38370982715896,-0.127638339242211
-1.67679462971412,2.90211639790494,-0.252432903113375
-3.19907278066139,1.65529271627613,-0.892918816105073
0.756151556988982,3.37114898490431,-0.150648422784259
2.18541219505482,2.45744150601109,1.06960758462402
1.50836233351861,3.33013791447202,0.627514428277463
2.55515660787339,2.15810604053067,0.34276169753633
-2.69072689995722,1.77310196485023,-1.25507122305328
-2.10083498882406,2.213991191882,-1.34705541586623
3.41372788398409,0.219277072314519,-0.507429899111481
3.04577332850558,1.21625494700048,0.278354901566763
-0.665990460430057,3.38169810578211,0.282276869069129
-0.585970843503256,3.40559967433684,0.132795450097223
3.12175333140405,1.48680222159166,-0.0563994200627537
-1.24853551273476,2.93974677959809,-0.753821671291357
2.18131708118956,2.5188608701439,-0.345127151834917
0.777462263622696,3.35612774642052,-0.301769085882937
-2.94695610434376,2.10753279343724,-0.413295902705424
1.51109344006629,3.02148179024358,-0.438871861068101
-0.871248111840804,3.20944177439592,-0.353922377946397
-3.30266927803182,0.69966263855225,-0.871485970288032
0.437743425373601,3.05013103372716,-0.718555984352904
-0.645532087411107,3.2106319647112,-1.16781657628789
-1.59424001382928,3.07621080644347,-0.0499549732691001
-2.11099487169082,2.52712657656362,-0.0666362675421274
2.82752105596374,1.98275093994985,-0.181463470305331
2.38764954580186,2.27715215192108,-0.0258424870872104
-3.10901972418017,1.16550943679691,-0.550144633205811
2.85489025869847,2.09544913114345,-0.0125058460884709
-1.10659018072268,3.29172528244649,-0.775138178623555
2.63996130080241,2.12181377533053,-1.02717790462661
1.97971334208529,2.83086608318579,0.161362650831811
2.13754165679853,2.49809461289324,-1.07216816466931
0.335274863214391,3.40728797484292,-0.486913776179103
-2.4521832898299,2.91258749408395,0.0554419768101176
-0.205689707123763,3.01111399709558,-1.49574536616263
2.36149228530117,2.44590249234076,-0.597777407982529
-0.847198772227064,2.76586217126704,-1.13358612423767
-2.48290604201739,2.24309072040975,0.138129897932462
2.89306103842283,1.47407597349133,-0.920884478126074
-0.99443517076143,3.16256361245738,-1.13425705480279
2.25817110382312,2.46469279285337,-1.43860267175222
3.0191356286009,1.81652914743547,-0.387866421412582
-1.36796726083865,2.71619076939709,-0.853892450251158
-2.95028838503172,1.72887389497803,0.515654053853958
-3.01857148483734,1.65844497931235,0.31127486947422
-1.01172211129896,2.87457220714793,-1.52305584617886
-0.280995574482106,3.27567168115395,0.268004804501748
-3.00439529540389,1.44584661044842,-0.569209415392159
1.86823717143384,2.98919645662476,-0.335099076968245
0.266816394805327,3.37674412048533,-0.531344393461018
-1.55238267243647,3.04640952400093,-0.323274294637101
1.2643028693179,2.9502469500831,-1.28712345600781
-3.19247662337434,1.17382395850908,-0.623967888984714
-3.21598405872534,0.971861961971192,-0.441483065052191
-1.31425017814771,3.14840442201252,-1.19532348666533
0.81911474344438,3.19019570497444,-1.05394876719899
2.10843282861666,2.19958058816888,-1.04215646522135
2.93696088236979,1.71502675127185,0.626138659321695
-2.00764097750261,2.93677267665263,-0.634084952661738
0.651347992618758,3.37428626830612,0.386061620570922
1.64490283941786,2.83282483446468,-1.1083788652626
-1.50319498116623,3.13639368361682,-1.02098029742447
0.105819621877618,3.45423404476542,-0.127180872991199
0.319614881279785,3.44256289570189,0.0755820061043105
-2.87898161763874,1.56690020992342,-1.06736581332339
-1.85826720825242,2.6010541628778,-1.41774113741838
-2.83302081665559,1.92450758316849,0.127547222481199
-3.08342909218348,1.50197003090167,-0.442330942389721
-0.570623424306894,3.09213752305013,-1.43950687703229
-1.58481270411994,3.00542398829667,-0.644128051148657
2.44084471156421,2.48939972893623,-0.208737674100849
-1.22838830853433,3.29274426845089,0.1545460159904
1.42353183469985,3.02158540216137,-0.835182056050825
-1.13936821106147,3.41959778578549,-0.138989801908398
-1.37420530366613,3.39863521708827,-0.648753445257724
-0.21754029525445,3.23653102513332,-1.19860283085585
-2.21863018062305,2.57591007695497,0.644233948025062
3.02639061559855,1.23949874030932,-0.332097724168488
-2.09033197869263,2.69593703401428,-0.404088950417197
0.828376156458333,3.24139123719691,-0.638000856240168
1.70610959272327,2.43644795854762,0.920400346575844
1.94889677048526,2.71439620054415,-0.890483153860431
3.25139510191406,-0.0940421057479867,-0.691112535441498
2.78447556443949,1.83676010642378,-0.912202688734869
-2.08807713849826,2.48211571907845,-0.929846754595342
1.99417154755659,2.76308088192326,-0.830899362045976
1.72841058657574,2.79075280846081,-1.08784245602321
-1.30962234530831,2.98804829293729,-1.13120240366661
2.97994476460171,0.939409855268343,-1.08252321789869
-2.48371685294896,2.39959635444427,0.179425563843886
0.0902273012205617,3.15619058916904,-1.41046999322951
-0.912191480713442,3.33034285864817,0.189284836187638
3.02967154053763,1.22124514043169,0.575203291145507
-2.21412669317906,2.63519197849812,-0.0286736402142302
1.8995518162974,2.62088883481253,-1.35599411074513
-3.11087465489897,1.29529151758497,0.0963428643069698
-2.84453213591481,1.62465176087666,-0.987261761624153
3.37957612041965,0.243985908597308,-0.691405615786279
-2.07195752293433,2.813138211665,-1.03239016195316
-1.71407583130913,2.98252090358262,-0.354427294462806
3.15500478522467,0.603549027154976,-0.936585679144418
2.14115655369541,2.68821966115966,-0.384745719622038
0.140605536068437,3.18959656100463,-0.779266250993668
1.73403057542503,2.84864847542711,0.157963408398491
2.33770898582265,2.47319234909899,0.614444387074891
3.28169598765501,0.84570053705958,-0.688743529241308
0.420387237175428,3.04707024528591,-1.48270203306644
-2.93215279500456,1.67493495172449,-0.7457737573046
0.56955684978625,3.29418163083213,0.274789891595588
2.31046426618769,2.61356032470587,-0.232994549320901
-3.32388598758121,1.16345125587898,-0.69846571959444
-1.72487211203765,2.98006441299801,0.321150890304225
-2.76632185088547,1.99256361763134,-0.579878650970277
2.74571431774219,2.08964825514107,0.477025706747827
1.83910128059426,2.82062831243418,0.787951778763705
3.12679214546103,1.4644167635292,-0.528084025175613
-2.86389522768692,1.93628116712041,0.0895821942828811
2.44932579254349,2.30611756000827,0.801080872476854
-2.75833193586706,2.20954545792519,-0.721038292771816
-0.373654815430582,3.32182498326919,0.223158137765046
-1.49086008753211,3.06164379889384,-0.602311423554481
2.83066175382702,1.65861333786742,0.325152169980517
0.642941803651285,3.21348122651717,-0.30801079582118
-1.82826996302359,2.89761613993269,0.469420121802276
-2.77644719038346,2.05925008872616,-0.0996778507929913
-1.87844901660962,2.63567352919434,0.769612576348018
-2.3103137134904,2.31768652955219,-1.11798269165321
-2.6496593137034,2.4229526154403,0.710920435447497
-1.73439330852725,2.87881215645467,-0.885275058102237
3.45578115790385,0.663870131158587,-0.376832779900152
0.0723291423472686,3.02457451813852,-1.38659575494368
1.32235286856395,2.83587162428701,-1.17353502720936
1.94182710298544,2.85830671899431,-0.135999283486221
0.436972163661266,3.10795625724611,-1.1288265385575
-0.463538616512274,3.31048827509747,-0.885948607025068
2.49396939964757,1.92147322214226,-0.985598082737644
2.86140350176003,1.60921919232884,0.0583427830278692
2.29975439523827,2.39685628113932,-0.0976883906171948
2.254480171924,2.57818433564745,-0.478947062491512
-3.31299362659735,1.37953394246072,-0.622375202530722
3.11832766998763,1.41834892106783,0.472677991386167
-1.19590324527904,3.15012597128735,-0.778220660094287
3.39609700111389,0.453124405731689,-0.469370892579764
2.38303127788847,2.24023742669164,0.496655753542723
-2.79357517125652,1.55206071784846,-1.27803704125728
0.461391133989983,3.44776136129741,-0.319865917464377
-2.8035276043401,1.98036266248321,-1.18387021178366
-0.615408692108765,3.18279987875104,0.249992587551961
3.38745944031227,-0.299453510716266,-0.628133535169523
3.42484066065538,0.480414469060892,-0.269372779030952
-3.09601150120317,1.53596121364575,-1.36739953158431
2.16497987860644,2.67569913768553,0.51431683145451
0.395013136264079,3.3569153849824,-0.128558405680978
-1.40476925492706,3.05220520769454,0.254318500070391
0.100015438674559,3.22335289555453,-0.750198451874752
2.22470445148943,2.69314616086979,-0.657345789166876
3.05170103965022,1.34804080073843,-1.07424580332482
2.13660636882365,2.69015957388565,0.396308332714837
2.58757604429351,2.09180375783708,0.131998880159812
2.40181492603236,2.56783762675793,-1.0975645533402
-2.76706787943609,2.1919133975991,0.569795969981974
-0.717757716012256,3.27928944212209,-0.830776876626353
3.15138446129904,1.31004222603372,0.227983274372794
2.27185621814755,2.29431751870766,0.910965870123662
-2.80433163233418,1.98038801445847,-0.959083507216341
-2.99505785044431,1.33888537011387,-0.34608262712074
0.786858310729807,3.15413129073696,0.657102236028136
0.350936520933531,3.30624595025971,0.0650534235363211
-3.27967461543043,1.10959998417529,-0.198248644404751
-0.287998774975858,3.31005371156491,-1.41815727849728
1.59438049718205,2.86699518546813,-0.111846698846627
2.77216400692882,2.04840144772498,0.279756734489311
1.61803905154992,3.01453987905681,0.503591648144812
-1.62856743224808,3.0309996282748,0.346287416555235
-1.4171811528121,3.06119641540679,-0.761432655761734
-3.23517589791287,1.02328078556297,-0.667561941925162
-2.16804205835053,2.63508586685135,0.561267948834683
3.16335695655511,1.79741765016698,0.290419830544033
-3.23240454143751,1.27213914207885,0.540196294784324
-2.77836007865371,2.03396444378997,0.141189704799799
-0.127328873645393,3.38138304803849,-0.713541619823076
0.604833791871574,3.31059221529073,-0.345014365912615
0.271580230349842,3.2018617472197,-0.374290596832403
-0.199603911432952,3.50482943385614,-0.687488687839287
1.2794405650059,3.21280114329198,-0.006801259055049
-2.33441995141634,2.33874360053931,-1.01973891963156
-2.19949198928049,2.57998453475691,0.68192403708312
-1.90263882181559,2.77942923676258,-0.783482121298979
1.30976311390119,2.70384185661787,-1.40361952180727
1.41585161487144,2.7901578230323,-0.701396043367993
1.27404431758476,3.3881501717963,0.0193303331031419
1.0384318056755,3.16097399879662,-0.942872402151447
-1.95177985336299,2.77229075063912,-0.919851286246915
1.43221353606668,3.14599162426402,0.102988785863464
2.44195402464384,1.88525436341364,0.0998241299765169
0.909296586567415,3.02047533842929,0.306759466386954
1.37919558341794,3.22002647131641,-0.424134012470571
2.02436704841654,2.59306292342975,-0.672555039300457
2.49366093846744,2.29597700879931,0.685018468270954
0.539375871206291,3.27465641008495,0.139373624399016
3.166426225883,0.740646185996621,-0.606205944198879
2.40390907789087,2.40116897742018,-0.643983144153962
2.79329670666104,1.89342934208678,-0.258310175118014
-3.07952085894245,1.56061982965867,-0.200306339041206
-1.10336243717296,3.0639851106037,-0.534592558248616
1.01347585556627,2.99024595116465,-0.845331682257215
-2.34508424462586,2.52179915125212,-0.316566784734623
-2.26692287678798,2.60271682003944,0.214549360811727
-0.965956620792121,3.41347776706405,0.0864101737826258
-2.60620786225776,2.28384686151048,0.169208011030704
-1.28236006205714,3.21088657565987,-0.0697543714304079
-1.33071024061113,3.30297481743502,-1.19202092795281
-2.98385206560835,1.73322685985382,0.227281995968967
-3.30842304772293,1.27797997723824,-0.807246167681705
-3.09597700938843,1.5025265174986,-0.3412418854675
0.892360480079951,3.10059336886491,0.311473414040218
-2.8623380786058,1.56561990284873,-1.14671733501014
-2.28917411605872,2.39954317922841,0.454945591778455
1.7897490611715,2.77334481825497,-0.310450311216249
3.19338036733833,1.24908500585487,-0.41150422842472
-2.61558006204745,2.28789326517006,-0.673770025660648
0.86634748491355,3.2955846795084,0.589634851767692
2.71055643722405,1.97258556223749,-0.127227583817866
-2.41715316896605,2.90876519063219,0.104675227240293
-0.341954051966956,3.36474340414481,-0.906400494768551
1.8874829315516,2.39989892119845,0.957814633417706
-2.58254827703806,2.43617117284844,-0.249024314445647
-1.8940358879045,2.59920620671163,-1.0935527322547
-2.59242351866598,2.35535647781703,0.398041764665814
-2.39720187945895,2.50265010927002,-1.37685152720834
-3.40357403130793,1.24969576866136,-0.864214736672424
-3.23096292118453,1.29876456653501,-0.476013812426249
0.361825500332248,3.36874820462502,-0.208338419894417
3.08963300649429,1.29989720312584,-0.167827738075747
-0.637294940120247,3.13493123382243,-0.780954560929821
-2.83151262638785,1.85008173585764,-0.720305088207616
-2.91851846956767,1.57699046158668,0.584984501887832
1.14421490944875,2.86543485009566,-1.12653013888017
3.30657845034391,0.452701327373142,-0.367677978586975
-0.0481324695537664,3.40607720524408,-0.529632607923071
0.232847735631259,3.23050082935433,-1.21192075912494
-0.523900110276435,3.54193527522121,0.219216472292318
0.450682212634616,3.12341764200835,-1.26211347925062
0.982617754519129,3.29647754353336,0.356095150668557
0.567466611188716,3.35215719922436,0.205587726763945
1.69123800554372,2.8896513438867,-0.165916421975137
3.36009927551364,0.806814550422798,-0.133748804721195
3.06736171058901,1.55238851611295,-0.374816800982464
1.5078846629477,2.97036404405792,-0.928615578084152
-0.855286807764429,3.20324625161826,-0.98326167971873
2.9935547411733,1.65394353801162,0.512060921682281
-2.00217856024421,2.56298210252162,0.0636408967930185
-1.80007431038692,2.90067858489357,-0.919920463895464
1.39258080512169,2.71844956824222,0.519525460321586
1.12909991344759,3.15072055523243,-0.0539391045673095
0.151317122762496,3.37473035323842,-0.967936990311023
-1.84553720735655,2.87967436428351,-0.510464077870894
-2.64610286540124,2.10052722921537,0.862875693443152
1.74537936900148,2.97524334503247,0.246340209770142
2.37335531147694,2.58370003592445,-0.0996840536015406
-2.16685602770962,2.99758396026456,-0.0197706624230351
1.61802531685591,2.95945780901673,-0.148640938646221
-2.49070093893651,2.21523692443154,-0.920999350847488
-1.41125821549894,3.14222403743479,-0.306404880182077
2.10530578779266,2.6785275855221,0.0307973412932157
1.37362557230884,3.13973980477062,-0.462917215367682
-0.627546922346258,3.23930933598641,0.132319320978811
0.757935852170186,3.17177711912757,0.383034468849989
-2.55976717054523,2.15414882601869,-0.131457671229809
-2.37158258261475,2.42367409360414,0.402088827181713
3.28690787419731,0.860714700223549,0.246803080536159
2.45658544926509,2.18317821306761,0.607796515963045
0.778541493943175,3.08330134857755,-1.35876103083441
-1.1188143083371,2.71642268928882,-1.41943603285085
2.49579759325888,2.39024362532983,0.129751253939529
1.91238790719124,2.84478569204495,-0.0402983062262942
2.19798940992057,2.66236457025707,-0.416593041731553
3.43687002343616,-0.355362738964765,-0.509036858909471
0.568540064737503,3.35854673351645,-0.596683866398193
-2.91193254459844,1.69848475569436,0.771300196569356
-3.25186739933986,1.17486249508331,-0.064514630920896
-1.49666521542292,2.89985024029058,-0.804449189619628
-0.68605438144541,3.36971558489852,0.365310642381475
-0.465771979913865,3.33648435603574,-0.781046866392475
-3.27298297032278,1.10072290622599,-0.187342367157247
-2.93538896513246,1.73801849254955,0.567352576252204
-3.30560628977221,1.34776371684735,-0.0299201363747199
3.18977243045645,0.982030402817147,0.347772179559074
-3.05439562047826,1.33785016592577,-0.916476911864779
1.60150289025709,2.92841754344043,0.904800965192951
2.02908741338531,2.51847247583469,-1.22442078557577
0.472608497242687,3.48019857199694,-1.26008109306662
1.31467715407694,2.87695210835807,-0.74788940456705
-2.59603986381421,2.49678427934695,-0.824071111641409
-0.247129068811225,3.3639492076053,-1.4413791531819
-3.0153988113799,1.35158684110895,-1.01965122572153
-1.43338390737909,3.02272358793213,-0.449205581605814
0.879740379470881,3.10902609264513,0.438064532627752
1.64370190260282,3.07753496832493,0.31255507389331
2.38919956594702,2.24866988806649,-0.931963129181755
-2.74653363918541,1.79765368727451,-1.04508745968367
3.33426087669719,1.25190247667551,-0.0822229589833237
2.121966032804,2.49520280974298,0.0334265283130197
3.21797554595421,0.516702459319162,-0.724337990022942
2.49788004665563,2.32539357192807,-0.558789415612806
1.81665102929948,2.52018720881551,0.0649168253543957
2.25684602250989,2.30483222463446,-0.230070722900263
0.324738165507891,3.13775728912151,-1.41708500848502
-0.194513582147048,3.17438137874022,-1.62104706879821
0.12535201773812,3.03876933573347,-1.41350445929908
-2.58004701838258,2.27593832630955,0.350096730370417
-3.2703101729728,0.781249399746289,-0.850065383074825
-1.95037948591703,2.68248658158346,0.119104028782774
-1.28298842522021,3.19154515299752,-0.356491009668733
-1.85638335440618,3.05562534079548,-1.09369473787726
1.15994528563762,3.12343441471757,0.0206608702855983
2.79519784853127,1.56544599255163,-0.741676699092753
-0.927492123301219,3.31775874691199,-0.3022265066945
1.1429695232833,3.3789651345936,0.564631641318214
-2.6385369470162,1.88475664604563,-1.20204857109139
0.543957334080623,3.22943842125735,-1.11083009720315
-1.64846454945068,3.0350817445317,-0.173057898000544
-2.17218183088239,2.38781362879361,0.531037975885791
-1.5209828664604,3.06166628110337,0.52145594822012
0.521544988756729,3.04556248242677,-1.05362487737408
-2.79969190655103,1.62198648544024,-1.22065174078748
-3.17736821431359,1.35770883011334,0.141645918217051
-2.2656624497011,2.10416337311687,0.232927259167721
2.37222659716296,2.2786241899267,1.06748226010513
2.2927186055176,2.56585254659351,0.344887964270445
0.644986590308276,3.27357981147106,-0.909270652279717
1.94961986859661,2.67996996526037,-0.987850675011805
-1.22943643229582,3.22328265128216,-0.240916192342425
3.01877772885756,1.66694394429541,0.25958527149294
2.85958437728343,1.74604955549166,-0.101889926010481
-3.2496617883593,1.09881200617576,-0.437511187522137
0.588295081776833,3.07114182914225,-0.703295986266136
2.61888103491122,2.02236637658199,0.629233536945321
0.819506132808884,3.30874918483113,-0.582832851693852
2.97853842906117,1.30266784036469,-0.808374504836558
-1.38945490489308,3.1562072548968,-0.258604783890382
2.10668459247447,2.60390054334874,0.860632088075057
-1.46157776235482,3.12535862229414,-0.687648024208804
2.16688780341351,2.56616126079782,-0.443202883081721
3.42706324886692,0.0139143984783012,-0.462762877320859
3.38078252089586,1.26934385283026,0.146914342969961
-1.12124476695425,2.97548782990065,-1.52202801228154
-0.134641175497892,3.43049060719501,0.41558579216924
2.23438875268779,2.2488136131752,-0.177753190687752
-1.93106473208052,2.65677403532942,-1.41831865052959
-0.0141919583409237,3.16375880980615,-1.21751348868452
-2.61347280411227,2.21902660214663,-0.452533362280328
-0.955203787625678,3.27581114714944,-0.561918726474428
2.94778470163958,1.5896901880986,-0.265532020630232
-0.911960328743162,3.16794024561092,-0.852824100344222
2.12522723479071,2.44086226905705,-1.21848520173333
2.51598421154193,2.36139907301198,0.229615914290671
2.19192173821739,2.48447156720615,-0.779936107851671
2.119098037864,2.59019111906566,0.871458017049535
-2.78567985309247,1.77738974022217,0.913658354559449
1.95417088650246,2.5538313944115,1.04253557073579
2.24616721407164,2.29328869267332,0.315499494094318
-0.571007523280023,3.37136154217267,-0.0677987435038037
-2.96974431649217,1.77080747152398,-0.0629698046915179
1.82315716168462,2.86970298452736,0.632462131070682
-0.162636661484997,3.21356188266978,-1.20986588842603
-2.93822141624561,1.76804240655206,-0.447198569535765
-1.23318005921848,3.4262157970846,-0.776949091893063
-1.55079077368576,2.82220841469597,-1.2266174832312
-2.51416951591981,2.32375915929563,-0.488058006444714
1.80023160795728,2.52578674654105,-1.24659539905732
-2.57136798073316,2.65460270397107,-0.0895219493396203
-2.99879403770715,1.50935124613432,-0.829577445480803
-0.629203809106037,3.14716005119061,-1.42486288159038
2.77450610006185,2.03827107989517,-0.928440338470217
-2.63966097413613,1.90210126414092,0.832777112175853
2.92884728135772,1.7436888409408,0.135265018937567
3.19563352566948,0.465449763413348,-0.856711979888282
-2.76893708915457,1.97169835925458,0.636002027718958
-0.456627656994216,3.36153548640549,0.39078743132625
3.4370363689251,0.240072204319462,-0.297072277812946
-3.07834601498031,1.22119232125365,-0.995781466694141
1.47647529792864,3.11431544434269,-0.283135322029545
-1.94648082574295,2.75291884249602,-0.955396885459164
2.24080332318353,2.25020683240372,1.09946498905966
-2.53860127250157,2.23390875094959,-1.32831476788657
0.74723758563999,3.44681763139514,0.209185748831344
1.00626332035101,3.20469071445784,-0.822494472704517
0.541220395843878,3.06277696482674,-0.315089730566102
1.8763636604435,2.69044974986089,-0.429727410468311
-2.01723609592333,2.81004412204483,-0.525973265122706
-3.09437072231714,1.84427901163914,-0.108417243532889
2.21536150502968,2.64351162676964,-0.251247455732336
2.83352568137601,1.6551294389655,0.194060091790542
-1.02147029692991,3.31205255381598,-0.928632348572331
-2.85118725843604,2.02376564225397,-0.253439862259405
3.16583145954162,1.2740961309984,0.460232955515933
-0.801837002050049,3.123994189507,-0.881157733132861
-3.28956156797254,0.914141028811007,-0.549760377626457
1.35264736270753,3.23703775720282,-0.08060389893317
2.61575474125087,2.24098784297648,0.308068537992479
0.570809485615552,3.23835412608678,-0.712492149336783
1.78124396480325,2.84708372723672,-0.824857436652815
0.545262828176327,3.41431338567025,-0.0652545438091097
-1.73794574388651,2.86504389529557,-0.854502002444665
3.14448905004857,1.1159371811958,-0.908833551644634
-1.23636840723571,2.98418667638301,-1.36867668166807
0.152947866873474,3.3557126605839,-0.821526075338704
1.95980474885825,2.72264560358747,0.83992372657526
2.65677511214614,2.3239214286666,-0.359155182857792
0.913888763763394,3.04752287705536,-1.16464380314002
-2.97582835371729,1.39897722626008,-1.07070721136244
-2.94665731755634,2.20977248109442,0.156446254910714
3.02719891017057,1.59602217242283,-0.497881096490368
-2.86451458704757,1.7430075559332,-0.448785152999931
2.00514966187381,2.41898874853654,-1.53578706049323
-0.748906631329943,3.053859848099,-1.43950841906687
2.04341076246201,2.39197564410267,0.324625375769354
-1.10212082771307,2.81346313676358,-1.42550480358707
-2.21356854984756,2.50897580725055,0.385954698648645
-1.72927221327632,2.81012721677235,-1.42050337357447
1.42607386142081,3.27555093809811,-0.596248880869964
2.34800485587731,2.27655237169233,-0.0364429923177229
-2.62627119982349,2.38929641728221,-0.418041486882074
-1.59485444799835,2.93352705613285,0.453561667066118
2.23387763500141,2.40042533976308,-0.422761762482031
-0.709522261844874,2.95003911874873,-1.5994281179756
-3.25690842696854,1.49690720294492,0.1218859972596
3.32323665708868,1.23946257450732,-0.474599314398216
-0.857952189798597,3.1309860331857,-0.0264268702728595
1.98412239166432,2.50737729707924,-0.822805967456178
3.1230469236646,1.44078957318556,-0.360290051534156
1.97084597014492,2.3875451687406,-1.15042729855383
0.193254414986322,3.43625120115387,0.337544095641612
2.54919401981376,2.29851916593186,0.421337271120523
-1.51136927464071,2.74247612446018,-1.21588082166418
-2.56945798311015,2.38792821440057,-0.598379056806963
0.707469382366372,3.1345381385022,-1.3424607843081
2.00514477873448,2.96454997046891,-0.112315529736193
2.07644014130512,2.14809241347498,-1.32568567325779
0.368687097709507,3.34319985026089,-0.502117675407841
-3.21674870991104,1.23512106189025,-0.293443866193121
-1.21357317390198,3.1519428400413,-0.742699190482595
-2.11544808304352,2.49238691854583,-1.16144942472293
-2.77381953406277,1.86274208322097,-0.89175261518823
0.582981160906231,3.35967895498268,-0.103022532023175
1.56202112873791,3.06399262201251,0.362139211457206
-2.95492924521813,1.83828294146956,-0.278987542112686
3.04124922357435,1.35170632460783,-0.930280465637356
-0.95279509512133,3.21338233806979,-0.752039767472606
1.83872519784267,2.45529453691991,1.02434687065828
2.16348817690572,2.46191706389119,-0.00822741210928279
-2.24626087238423,2.20078290929428,-1.4574085823381
-2.75734505644752,1.94161450055626,0.765693785895975
3.30547641092954,1.01598843538274,-0.0264348028647876
0.801053990499269,3.26884633400494,-0.697793566370118
0.39304416453107,3.04257191727507,-1.46763459033556
3.30810847399704,1.25911231725369,-0.00719756798908145
1.94399818920226,2.72989021017273,0.85303932126664
-2.75916769358713,1.96032747792535,0.473836111105613
-0.215775182333293,3.32025025840421,-0.757666759150347
-1.3317947222496,3.11168140577407,0.370217325834811
-1.82696040440313,3.2388706131021,0.511227258573015
-2.56139698947541,2.2379886765637,0.624305813463697
-2.27627069176077,2.53582390337241,-0.589316953567158
-1.55692442056474,3.06409535354219,0.382637708408207
-1.70895330308056,2.80598068676253,0.303756121129686
3.33261867749032,1.01286073584178,-0.770240665336599
0.0299364167341205,3.3188519692,0.458589576382542
3.2896722498438,0.356423596646007,-0.761668639490079
2.2428374411116,2.30294580829939,-0.551058507256583
-1.20198623690134,3.2359735498308,-0.20690547102679
1.07925150311837,2.90628912526534,-0.101255111551118
-2.99918658092141,2.03829598980136,-1.22851431851201
-3.15364683397253,1.41261073828478,0.134715075263284
2.36896091145317,2.31538887506848,0.00858993952226334
2.57406134844904,2.08595242593827,0.0300004137574707
-0.106644854781262,3.38437877340421,0.032263214765992
0.399011709560278,3.42278539529027,0.2905776940287
-0.982428464729501,3.17344668371061,0.0896166685833819
-1.37679283208496,3.16664630733137,-0.189468373692556
-2.7775962289404,1.84868790192759,0.381671136287515
1.49095093879215,3.07914820470251,0.504992311265931
2.07260019319018,2.74135583435528,-0.385230101990879
-2.90245445796477,1.58388901265508,-1.01299522105316
0.527863064744465,3.312158456914,0.455353580983666
2.87232960430196,1.85715617055661,0.50970501788746
2.63576860827082,2.22926586567976,-0.205434044439477
3.17181487763019,1.28886662312709,0.487359018259001
1.94528290733975,2.63473352562759,-0.229670442711391
-0.680834553818235,3.12692566541669,-1.31068905394495
2.63836776228662,1.95989048811672,0.261949715436152
1.83317720454067,2.85086588320138,-0.686389580046523
-0.224200956262118,3.42885698457656,0.389588646365979
-0.804849727149703,3.23227677057482,-1.07340866141269
-1.18026293121683,3.16099339400891,0.201877987533669
1.1934631124575,3.29905628206964,0.596903906599575
-1.44436542881883,2.82489089338462,-1.37582904146963
2.37960322918821,2.34514654990109,-0.118891164007614
-2.60330276595916,2.27599901883285,0.0418183914909546
0.598088726300551,3.11600140545703,-1.37547472514314
-2.36009837393542,2.52643681537678,0.078474748179328
2.52553553323679,2.36235052260519,0.00871100171852654
3.22105972697377,0.924855847219318,0.416935226557158
-0.3483736312781,3.44517141208948,0.252743929189447
3.08695922506279,1.30313879498679,-0.978564676119979
-2.25265149528736,2.2549160778597,-1.34164836132091
2.27210053695311,2.49887497628485,0.473158950195424
-2.52063606112002,2.23555669478192,-0.779606127889387
-0.970793541958705,3.09588097068645,-1.75321770034467
-0.430100516699287,3.42461684054663,0.214752517622153
0.551496398910388,3.33486994034159,-0.580560451896788
3.29584642790157,1.16535370769047,-0.33017178858943
-2.32333791014319,2.56089108807673,-0.00226225284535848
-2.64827698379453,2.02549203418441,-0.710915430843854
3.11799853016495,1.25462803125515,-0.814309076409944
1.40761643836052,3.19340825102379,0.045140602030293
2.76631699627762,1.97805703894101,-0.925038869989635
0.53561582407149,3.41598893194574,-0.0569289792113962
-0.788549665923606,3.35674072076647,0.263793026377788
0.791509650651366,3.28282412928829,-0.915467768688044
-1.72052187256367,2.86994984260151,0.374835868507007
0.584755754269685,3.40812815143473,0.0427646360000858
-1.63154156040781,2.85820228042087,0.114475407109865
-0.82766058793657,3.07742619300557,-1.34295628395914
-1.95198674201829,2.79077156283656,0.0405918047602789
-1.64751350778969,3.16814311757365,-0.2453558101105
-2.5338193360741,2.32941045543161,-0.335726235359274
2.77038985960161,2.04323953650399,0.330481202383982
-1.35607013781377,3.18114641401971,-0.0220652837025482
3.44314964130467,0.236546259617899,-0.218796749267255
-0.812409795698731,3.34556352430935,0.326037776199537
-0.120984380420862,3.45522460204603,-0.0961156272048871
-0.230623289843671,3.1411273237186,0.0900302406826022
-1.69775261429521,3.18553573245258,-1.19893069250919
0.0504144292502958,3.44520077126537,-0.295221330261638
0.318391664646225,2.93569658169073,-1.54997219549741
1.60654633914118,2.97615376184254,-0.721542271047381
2.42330641621122,2.15898745968977,-0.676332179766742
0.852926713403704,3.33527218552892,-0.327995537843328
2.45861040468185,2.19676314506397,1.04334661801553
-0.618601616291091,3.34800188074118,-0.606070168974839
3.128423710246,1.43152057829452,0.350456168351412
3.10128050444715,1.31033562221622,-0.790054044184883
1.66211107020189,2.88336977476125,-0.046600561896573
1.07276306266174,3.2649519892633,-0.385192837472108
-0.364495037157259,3.24907853245785,-1.05611938568159
3.00989462765457,1.67187109828766,-0.323244433783796
-1.42671058324953,3.25984710235344,-0.0196872602505591
-2.58623421267305,2.29560681481292,-0.0262212095355289
-0.911760756373055,3.1875550531659,0.081910981920438
-3.05787051097932,1.5652268153275,-0.398244343975405
1.4222536878141,3.08152822568511,-0.515974487357516
2.65110495369173,2.35441788060596,0.466067083691096
0.223090816605486,3.35010557728454,-0.62666630616053
0.78796448764219,3.37920568645672,0.153908019872797
-0.608514600201032,3.34669191251631,-1.09492613863137
-2.97896138304313,1.30051578018431,-1.18048862200147
-2.55471418674089,2.26605933946929,-0.723816624730351
2.26522368706595,2.28203828616659,1.17571889365453
-2.20941710427776,2.4995618174988,-1.35305847862365
1.88760376536447,2.68988908018762,-0.892456253777484
3.47692699528146,0.99094044108201,-0.813136813899637
-0.0692452814662897,3.22763142426497,-1.23963949716744
2.61174531072302,2.22965156331029,-0.408100405525307
-2.89203947766959,1.99795597671492,0.297687313237585
3.40697334344434,-0.104886739571875,-0.583641166957327
1.80909010159189,2.97571549249556,0.808061465125898
2.60969092112659,1.9603380779629,-0.415239747312801
3.24784972394608,0.622228897446965,0.0344151952339789
-2.35595195445509,2.61873852703577,-0.411761873924757
-1.37345345982993,2.94083549613151,-0.392107399035622
-2.13179824606873,2.72227187248806,0.0614629413897572
-0.855429823657658,3.06066778896501,-0.885632715761442
-0.285736634431977,2.93345143516463,-0.954477216804658
-1.25438278251283,3.13785036086702,-0.944465697815406
2.09689711721242,2.50733236089321,-0.366941023029074
1.66867299025121,2.89956323650996,-0.0356362024535599
-1.74153719639154,2.92939594715125,-0.587190924013753
-2.79254463769766,2.13218451210734,-0.743993748587122
0.745562062834718,3.16447710804948,-0.767685175822762
-1.39369954989185,2.6857108446838,-1.25428698920225
-1.04908727746606,3.20865023998932,-0.804028761814577
-0.677412730316282,3.15206854708624,0.0933324420101197
-2.93270610517813,1.77550708511783,0.453778684154432
1.28038640808953,3.15163980386352,-0.266804109366255
-1.38771686365838,3.14357105110052,-0.388984004615217
3.26075187655233,1.25606147415646,0.0336234453687385
-3.06868719183272,1.81733746957938,0.0574122843898583
3.20062556982078,1.30196993028859,0.141336001356044
1.4740613160202,3.01546340735727,0.83260391444414
1.68049244256928,2.84500233407093,-1.02030018741747
-0.64356580331145,3.08868066821314,-0.135770926086689
-1.90728651852927,2.69437055755243,-0.114541700463551
1.67965127772968,2.87650218324362,-0.929307472186325
0.734301077239427,3.09456564291244,-1.37192974204554
2.19842844338303,2.69890651667195,-0.322462301734646
-2.12131952982907,2.61403721656165,-0.565509823577096
1.19832449675982,3.154129288625,-0.660250891079937
-1.74452742376243,2.95524892021503,-0.426888147123219
-3.03482889111911,1.64078030163241,0.238241906996614
2.5434863558447,1.85091430218989,-1.20830385096172
2.95093225211306,1.67464174162253,-0.66834084380653
0.287085772768319,3.241631163662,-1.08065428734156
-2.62363293166875,1.98156889487394,-1.07193309379687
0.675616051263402,3.37656040316989,0.318572437392214
-0.838274151730099,3.21396345362737,-0.962725801115981
1.33982491510444,3.01794863661794,-1.02759954576037
-3.11721839587241,1.59637936943551,0.508496921817141
-0.766854307132163,3.20484855063595,-0.729185392287535
-3.00478197390907,1.65009946156897,-0.850169433955984
1.77760068236949,2.83771590063641,-0.34732982234331
-2.82623872865255,1.92061563486212,0.531710292013592
-2.42834806377892,2.01868220444837,-0.934674446170266
-0.89999928153631,3.13681181627868,-1.45025860822085
-0.365833150050189,3.43151186189217,0.22360243930533
-3.17809413923394,1.29925531887914,0.0672004355681365
2.63914962354024,1.733684809509,-0.80280403224254
-3.06070165971168,1.02164716856445,-1.0078490490509
1.2319275075652,2.89477893322376,-1.16199135930722
-2.90925999223343,1.45730440864274,-0.751309143054908
0.572845899058758,3.01606355778804,-1.29971843166108
2.73308096374225,2.11588901735532,-0.111300111008479
-0.268011556490368,3.31939487276877,-0.907069593624013
-2.06812399088524,2.22880620412386,-1.43183218572651
0.335940417958708,3.42030938614157,-0.384360952099952
-2.44111449213201,2.39991611760931,0.490375639268255
2.67493041029212,1.49711082840654,-1.19497350821422
3.15341396721275,1.39060464383982,-0.592003946074581
1.34966910379861,2.91968341204078,0.683150895124086
-2.61218876195706,2.12009042757943,-0.00719000339221997
-2.90527613614233,1.68925490240358,-0.815410357006191
2.84895537370695,1.12657218085593,-1.08856663006073
-2.34481354249455,2.64776623972737,-0.87989499018806
-2.42813162222982,2.38572878073427,0.609574124081191
2.99779403557272,1.60263558860854,0.0152038464824695
2.00852018430191,2.27251483913749,1.30346643883929
1.75306616789666,2.9699165710731,0.255851860824023
-0.306763371352014,3.49431828989731,-0.630248048511599
0.131931891962397,3.25296741012701,-1.16614862148029
-0.742201175330525,3.20599627862705,0.479243039065917
-2.92020366066095,1.88613617309788,-0.324652636413932
-2.88072162219232,1.87890375437657,0.360928275518706
-0.484973235314535,3.34120513944167,-0.74850169007339
-0.246922862753994,3.23246148247084,0.376644983657462
-0.120477610131359,3.45535538573222,-0.357221773819413
2.92801651573141,0.933829987362875,-0.387960069346992
-2.62631010184262,1.76179432807337,-1.0805803495103
1.57622241893404,3.07799039755256,-0.0245683021294997
1.55754290840583,2.87081221178395,0.456376328309479
0.961913367994265,3.13835064646038,0.605432439075398
3.15149262900583,0.986020686781172,0.0267337677950282
-1.77415760947724,2.91477366305225,0.561751611263014
2.40227770318972,2.26367340537569,-1.03147959427124
0.199676054107973,3.13134246230749,-0.266405818607042
-0.919607969110272,3.32593758493274,-0.22708141078969
-3.2304850956186,1.2331808826749,-0.0483379813067397
-1.21375946003709,2.89314504233959,-1.4545120625151
-0.168752909057579,3.41899098911477,-0.386994640019203
2.69120016353009,2.24509391642035,-0.317729376296454
3.28358739738908,0.703435635861625,-0.826037355543438
3.36955420644741,0.747367738056201,-0.215989621905654
-0.438221878117618,3.38201348975144,-0.0510494506932443
-2.77734114185108,1.96488578448838,0.620246433720048
-2.99399321491597,1.82933686610509,0.733591457518628
0.394486959520235,3.23646241000059,-0.871368969617275
-2.00067826747307,2.50944821903132,-0.989974852796513
2.94579630805617,1.61245428544284,-0.825457989025023
2.88811691725313,1.82661046297618,0.155122491969959
1.25566025295524,2.86339647839919,-1.44825263573468
-2.58840524390606,2.29330136585971,-0.00572201985242694
-2.57494981167732,2.15685559010322,0.383423217706667
3.30832087208502,0.558259061541286,-0.838132107951534
3.09558324366454,1.53849427842194,-0.0974953314363179
-2.81653364704768,1.61290063316843,-0.120060299669548
-0.401087144573191,3.41818136040608,0.49156309476869
0.847077362523409,3.30490033133793,-0.758793591704118
-1.78390240556487,2.91522912723432,-0.760762682846825
-2.76750166207045,1.92520365965241,-0.0606266937019204
1.17846639854391,3.06743617627605,-1.07757034796876
1.68898919267959,2.98479185031133,-0.444340770324092
-2.76606111499401,2.18569344249125,0.464818754833752
2.81471744215009,1.99916312165337,0.19954482384373
-1.97062856403061,2.54964064951006,-0.471371675270745
2.7517758455708,1.72751523089981,0.610988975325273
0.755112659039068,3.13472493465083,0.0610405910564894
0.419912131835828,3.42997867433203,0.1342598153216
-0.942613855721518,3.18021232339466,-0.914067857695967
0.907648010789936,3.03947989727401,-0.00870584609978609
-0.0832382370264374,3.55320821681208,-0.218992944422593
1.2965676226054,2.87400766438863,-0.922694333995033
3.27146676120958,0.754851370984711,-0.82874015280364
0.73611664831763,3.43749253465708,-0.931254186607738
0.777787643764895,3.14483626095157,-0.990443649083927
0.518042483032373,3.36173730520033,-0.624067207473448
-2.43902656217546,2.53311709979114,0.229895298671123
-2.27575512709999,2.09673106173387,0.470749207421361
-3.16612379194648,1.03688319560602,-0.509121936860473
0.740563998990937,3.33279779198357,0.550571924450918
3.18017797088924,1.44620015140715,-0.226335206261706
-2.2019196300801,2.43769211341054,0.206667167777337
3.03583455023157,1.53857118961714,-0.612872646596314
2.75839770574952,1.95807973487193,-0.718520320968908
-2.91787125245623,1.81900060824449,0.76755764190609
2.23090061374781,2.60264810392689,0.456520428404911
2.11488668090304,2.72182341092966,-0.279351480217623
-2.22603507877169,2.32434225251716,0.178205690460942
-2.3589799756826,2.50072581630334,-0.375085948614616
-0.500926095201584,3.20652176387313,-1.19431856210965
-2.39789965803537,2.53871490209081,-0.600313151036124
0.0905516594988524,3.42790457496258,-0.44763402993766
2.10341847578734,2.67681330756553,0.607788478833039
2.2232454842521,2.59499637204432,0.531299302347654
-0.352914310693697,3.40033532339883,-0.254363598027426
2.81666102817218,1.44873072305844,0.192580903437172
-1.60512153328528,3.05162299335548,0.265118035323267
0.590939707070181,3.40896859252958,0.649008331934846
2.29621969834087,2.47730462632362,-0.741243879025332
2.28817729698108,2.45773711217732,0.826364657915771
3.29434623941479,0.629821566143497,-0.00384797334357831
-0.879673874387595,3.26845267166397,0.536194116041515
1.7570947909437,2.73832587304879,0.308627033380828
-0.882715399759194,3.47451264545453,-0.516661414693049
-3.24543549298963,1.26714303100806,-1.08430559847162
-0.963869907521954,3.08099150532207,-0.278317420730473
1.25216591761139,3.21685874714299,0.207378683927892
-0.439773144042217,3.40739164702913,0.185927836241799
2.02393392363374,2.57752049702026,1.10416718075236
2.58799429389484,2.28760163734805,0.168136511251651
3.24110796344306,0.815588844702613,-0.888335301869895
-3.15119161001332,1.37522170759589,-0.369539927015882
-1.51503400477064,3.15609450938093,0.11079803763819
1.61709742543368,2.97731528063198,-0.627757108685362
3.44223665662632,0.873896412991018,0.0807501615681865
0.968092534682479,3.31371964131816,-0.202890576123939
2.2515493914729,2.53810291882904,0.669077360276925
-2.60033812248821,2.38187445058882,-0.828078724746931
0.629974239172164,3.39262620399226,0.228747679354619
-0.345573375737973,3.11320358807137,-1.33696173681413
0.847827378779161,3.32712372148332,-1.10807649364385
3.20153887522756,0.728401628847573,0.114255430359076
2.42875460655562,2.2262172183791,-0.0021738688361683
0.632642129983473,3.18949127487282,0.137592519102604
0.505048671499676,3.14887259407838,0.0145293091517432
-2.84548575156461,2.01766179708469,-0.171894570500526
0.044497855560841,3.45269026575156,0.189882786161658
3.23168247204788,1.37026694885666,-0.695234974052325
3.44547107346416,0.248860199354899,-0.160944978002929
-0.359656257470811,3.10264380084902,-1.26941245091445
3.19096109971764,1.20399654812488,-0.572070952800246
-1.13751005800778,3.39407041517498,-1.15645827034561
2.90851245005216,1.80964320750226,0.648418461974764
1.62520558436422,3.03773104016508,-0.184159486374003
1.02779691957188,3.34475366035288,-0.126520437463286
2.72004784196251,1.90185891596611,-0.97127648177072
2.28342255637546,2.11762494396462,-0.888728907804591
2.69873369627922,2.09535515871535,0.409632528366919
-1.23856027122589,3.19574626412284,-0.196081007687765
2.44215645443612,2.08110954353294,-0.0177478627765813
2.24041120304307,2.42677515287382,1.02490272783273
3.32999784521616,0.9316948576728,-0.0465257550976725
-2.327999208002,2.55700786393501,0.0351578463816136
-2.43793911658589,2.3239632621366,0.78406200195228
1.99382355143477,2.58533042829087,0.908401226558846
1.25472730665076,2.83891487934025,-1.54376931856115
1.58590005026005,3.52022485012521,0.414300454218845
2.33598147506631,2.59768198709719,0.0522038521896079
3.51575898696763,-0.214556494831802,-0.335180903822806
1.99397911698293,2.65154266344331,0.336846309857062
1.59289047756989,3.11035608554023,0.655214016662735
0.877247828506982,3.21862849064465,0.671913264743321
1.31795235911261,2.98685521336031,0.464414813134158
