3.19246421882519,1.30306687758519,4.5568418150766
3.32994643699994,0.895135633661273,2.75901714982072
3.03314919173317,1.64006617446588,2.58035696886411
3.23061776531276,1.20537128320877,4.21832708957413
3.38975801260036,0.631942791675355,1.89384412879599
3.13100873669424,1.44450523248728,3.75948772401059
3.41601925424937,0.469705791465617,0.678298454906021
3.40586751872202,0.538402749670807,3.72773660768978
2.99469051195135,1.70928049587167,2.2165706500959
2.93702944241927,1.80656279445279,3.17481283727482
3.16261134193584,1.37393616147094,1.97585405793216
3.41642545071064,0.466742129741234,1.14102460009777
3.0999406872982,1.51002609618905,2.03548740837906
3.29770167694372,1.00745954053814,0.284757915035687
3.05706926156458,1.59503561274843,3.80350452863638
3.35044619727947,0.81505911139885,3.11521725572784
3.20029517180642,1.28371409949851,4.98062873808068
3.09000716199245,1.53025057254494,5.38154859756297
3.27060391130442,1.09222760050229,3.26932465504105
3.44314936873748,0.185831914647213,4.28789090226046
3.37238298354208,0.71891869377181,5.34929914737214
3.30209415322235,0.992967914483406,5.23433849023171
3.03318549444475,1.63999903421578,1.05537925653457
3.37789622641839,0.692551918261124,3.66694179703516
3.313408201043,0.954535053939753,2.34604383184503
3.42192195685694,0.42457178087944,3.98525235705507
3.44794792695007,0.0382905860420681,5.21133195424534
3.2954981001358,1.01464444409855,4.18447426896956
3.37896557614445,0.687315583389133,1.47680831783326
3.38642799883031,0.649550986972453,5.36089849265325
3.4189902392074,0.447567671021088,2.57841946051765
3.20353980743406,1.27559546021617,3.62218747529781
3.09684760630178,1.51635944923415,2.93443605181324
3.44789589262758,0.0427198963089031,4.72737517037861
3.44804792798803,0.027866866279162,2.41370633986665
3.38207867294147,0.671829536395381,1.66184279225463
2.94884614770307,1.78720940941892,3.74927948330053
3.42938745979755,0.359322593948748,2.7310933628228
3.29113327085889,1.02871418255237,0.949912695393402
3.43688369114089,0.278642368473506,1.96603194863973
3.19759943459809,1.29041424813766,3.03811207500923
3.33549541622218,0.874231893892909,4.63705961357581
3.44480774862942,0.152021876456915,4.33733173725875
2.96807663947873,1.75508750155637,5.03484399928097
3.32311215718848,0.920182952833214,4.41486910973742
3.43911276523699,0.249628652046872,3.24193505153468
3.11341074248916,1.48205419080809,4.00518926654444
3.41492730391739,0.477579925141606,1.52452870253241
3.43081497203918,0.345426842573864,1.20511860414651
3.25994139326441,1.12365172024968,2.16829593215801
3.32794423382622,0.902550969464638,5.44626024526158
3.11338702920222,1.48210400523516,2.21969321865238
3.24547965613793,1.16476301346393,4.19469539073171
3.42585822259948,0.391543758201159,4.32577424207067
3.19923372947651,1.2863571122043,2.5408487752389
3.25771918676488,1.13007821681629,4.5644680080841
3.44805033441885,0.0275675035653894,3.89721579732272
3.30554498145633,0.981419100847146,3.36818612321841
3.21242297533127,1.25305614539115,4.74178816915518
3.08748952759582,1.53532390488942,3.70131517811986
3.30667920464746,0.977590769949677,4.73318166538611
3.05167783836797,1.60532658569917,1.98842411400321
3.3174058379274,0.940547490786061,0.910279803388155
3.39726379287139,0.590262481938184,4.13227969591622
3.35885101817066,0.779699245653527,2.17075032460799
3.00499501064197,1.69109906923149,3.75870905244613
3.43188778349017,0.334600235310242,1.13732307668395
3.31239096076745,0.958059079057671,2.0972562055671
3.11161277779726,1.48582535884522,1.43972095233814
3.1328095116459,1.44059558505491,1.38285728559846
3.44760239601341,0.0620386568305224,4.92246199924781
3.4201266708613,0.438799078396853,1.26270713556307
3.04564211553921,1.61674833539194,4.14655269880692
3.44783067279039,0.0476941055530788,0.550181386777971
2.94515538241381,1.79328493256864,5.17655633264297
3.44227177834836,0.201435051381809,0.311595014169908
3.43117819314986,0.341800062597398,3.99513165699055
2.88507842066832,1.88842092302874,5.26547180581414
3.3382592627268,0.863618069957691,4.70553497310309
3.03131541135342,1.64345305768982,2.90583321213951
3.31240510920682,0.958010160926976,0.884055848044935
3.16674496519803,1.36438169195123,4.14510594169881
3.23401862605013,1.19621678733396,5.33368477164129
3.17966700319504,1.33398981432821,1.08889754963998
2.97945577017691,1.73569997104864,4.52984119467984
3.0413323229103,1.62484115456244,2.02219561173619
3.16877500155007,1.35966027576381,1.3120927999367
3.37450155604908,0.708907838975645,2.44561329166177
3.30440810131614,0.985240161531697,4.79695326595456
3.33036952790079,0.893560229401821,0.972527269308674
3.24186174649181,1.17479508535395,5.33816357580334
3.22896721952007,1.20978583691643,1.05229881897252
3.34450853878361,0.839091002181682,2.68961451897908
3.32165706165881,0.92542176366829,0.646425325563367
3.12334730500318,1.46099715546203,1.30992318342018
3.44815339573452,0.00701679579646672,3.45865561771012
3.44453184776072,0.158150010119681,0.567520499683455
3.32860299513198,0.900118423729416,4.57975397287333
3.09209783239502,1.52602164822023,4.78089714711078
3.44589831650533,0.124883418613131,3.72160389394449
3.30752339508747,0.974730766359529,2.81616869409303
3.0250940644253,1.65487672571633,2.12772303961947
3.37431867735395,0.709777810021572,4.91570594453433
3.42925829025219,0.360553261911988,3.76070140514558
3.28822496175436,1.0379728690261,5.03607145161365
3.39966264968761,0.576285471149313,0.616123125074081
3.09685042055423,1.51635370169755,0.294485610098613
3.37043434552008,0.727999586866229,0.14649972616403
3.29106294528093,1.02893914598364,2.21549858364081
3.39071794906147,0.626771781313677,2.28751083609736
3.26027387906103,1.1226866479348,2.1213632607178
3.36695475442947,0.743926580761516,3.16737204165328
3.16256170569776,1.37405041159078,3.92844771416641
3.07831634565539,1.55363430446473,1.96850994393291
3.40184245514644,0.563275231394021,1.20096073118504
3.20987918271522,1.25955814010715,5.29716629828213
3.03061899746594,1.64473692976637,4.54726458965206
3.11399128335477,1.48083400931005,0.634777734134935
3.44457579445367,0.157189923985629,3.65858021556351
2.95714037453811,1.77345196755237,4.2698663519284
3.44601760487744,0.121547286327029,1.21010378903839
3.24036953180198,1.17890473461945,3.44128003600287
3.13406317693072,1.43786615473962,0.0860516616943272
3.42564914179281,0.393368826005507,2.01686310085786
3.44712782187566,0.084385162140554,0.260310094022931
3.41898965462884,0.447572136621264,4.40726327961223
3.29338040036552,1.02149724151708,1.98452818373322
3.37936319390915,0.685357920790948,0.246430676805154
3.31480015509665,0.949689953463753,0.817633361853553
3.44811884438682,0.0169561470636137,3.65744010020069
3.35525228945674,0.79504286050128,4.63021018058248
2.99568022015175,1.70754534186659,2.21247558226099
3.19909148903515,1.28671081472164,1.46208082524448
3.03081482709223,1.64437603966266,3.75832998478115
3.36364202199207,0.75876440601011,4.52132864854833
3.16763893353942,1.36230490811125,3.65220424243398
3.42027373829985,0.437651266461258,3.14437720234743
3.3451880680139,0.836377824643975,2.26672153300601
3.29675786492559,1.01054374273954,2.62814096380653
3.43051450586937,0.348398193104658,0.516879351385682
3.35352042048565,0.802316561791248,0.102938706695357
3.31537443868723,0.947683178724889,3.86881368440263
3.12937693789187,1.44803696656171,3.05674882688022
3.2669659456745,1.10306146054601,1.27876355018819
3.17772256632524,1.3386150930742,4.26068784169442
3.31535676466237,0.947745007344378,5.36499463716563
3.10240315813546,1.50496037168089,3.68979136319489
3.41090508778882,0.505507228469683,3.27814049610723
3.42948927054743,0.358349576724713,5.2250034570516
3.11131095080317,1.4864572793562,2.36420829793514
3.34421547660133,0.840258247206692,2.84416703884821
3.06801092564874,1.57388691971142,3.99468981133359
3.25736496149389,1.13109883899271,3.19154426481126
2.91592828739068,1.84042747717306,4.17676785575246
3.18350976812397,1.32479305259274,4.46289502100996
3.32086304628536,0.92826704334209,0.25653353468567
3.14320022028521,1.41778117180959,1.78659603539742
3.43210927710772,0.33232060713999,0.406733870497565
3.40646352216129,0.534618881188525,4.68958574441545
3.34463738876366,0.83857725560795,0.179564148825474
3.36422384579776,0.756180528250027,4.08626457756136
3.13538639719316,1.43497847239421,5.15930279676061
3.44681250212597,0.0964087710057963,1.86824728089807
3.23145660355484,1.20312064868016,1.00078306298776
3.44772037692181,0.0550933616410432,4.45779824845119
3.43618226044775,0.287162930969385,3.99510890616304
3.06708134779029,1.57569764928925,0.246501825777526
3.41634421000854,0.467336404188515,3.97407518719862
3.44791571861277,0.0410886028204723,1.53174937918528
3.42469405365352,0.401598947718912,4.13599166136067
3.38208915616847,0.671776760290494,0.351962565908639
3.10902485337859,1.4912328916078,0.927221132129887
3.43800630415334,0.264430952311952,4.91003000080293
3.29834777983918,1.00534222987432,5.04759255555299
3.4425799938187,0.196097073149943,3.77395455994543
3.43960645357529,0.242731375108268,3.63901583123828
3.36430322214147,0.755827298678251,5.18426894701487
3.09890874843488,1.51214273294967,2.81752868393398
3.09237176009785,1.52546647727443,2.56723981142722
3.14915198387782,1.40451160848785,5.11640220720934
3.25676445901308,1.1328267009777,2.21343707460583
3.4058171074579,0.538721548191478,4.07516499368184
3.42800426600162,0.372287292575854,2.21899393137959
3.39258904169346,0.616563597790352,3.96703523976689
3.00338954851274,1.69394872880593,1.22613452120651
3.33449705518909,0.87803215480643,2.03355507716074
3.35517084161263,0.795386509522993,1.94224727062702
3.22777785081275,1.21295557286382,4.06158927440535
3.28889407686248,1.03585077454121,5.21453110713912
3.24296210370829,1.17175418490854,0.918302784492261
3.39792667422826,0.586434474180068,5.15751521826647
3.44799417582122,0.0338709232480252,3.54988713660434
3.2384454513555,1.18417994178824,3.24634058336907
3.15748703429912,1.38567193237494,3.24767701146982
3.39790141123881,0.58658083453183,0.6782815639214
3.33914209180396,0.860198329852957,3.66415497723912
3.1785255027677,1.33670741158793,4.45475796670273
2.99951745484932,1.70079572964922,5.17136712224728
3.36560531730125,0.750007949352753,3.84135662473143
3.44430405021418,0.163035841510292,4.44244069801156
3.44108761526876,0.220742157239448,4.1757374131991
3.19528462548262,1.29613550144,4.11437479070961
3.38224671496365,0.670983036340212,2.85476122701144
2.95206901987877,1.78188091010896,4.42036083160924
3.44768019933424,0.057552750215462,1.73487480914121
3.0489574397473,1.61048738167933,2.144609957918
3.07212680065404,1.56583779384772,4.10458532138351
3.03221369713936,1.64179510622343,2.79954101769132
3.44292201165672,0.189997625217752,2.52255260302679
2.97813232075834,1.73796977994247,5.36367193170631
3.44506096489999,0.146171214885566,1.12868775741759
3.30959527642096,0.967672559407804,3.28508523162439
3.41206698560447,0.497604221934236,3.79656744579374
3.4094693389084,0.515101837486791,3.90588011988601
3.41301009785081,0.49109382800761,0.38475344598238
3.34560365884141,0.834713863480006,5.38876991788454
3.0158260151313,1.67170706835738,4.72455959637957
3.44760747697054,0.0617556529847541,4.9743047615795
3.29254217081384,1.02419584521285,1.6230038867977
3.42771680148958,0.374924798759466,0.390806339169122
3.36537769823984,0.751028644013429,0.805039969043772
3.21041766371347,1.25818500247589,1.42678530430287
3.13279953561872,1.44061727935141,0.63674206542317
3.10103852891217,1.5077702471335,4.94245611562989
3.40333773040737,0.554169079545572,0.591988628507556
3.42661472600145,0.38486698415001,1.31078263037023
3.15062729656798,1.40119902728323,2.08105728906394
3.42967958544547,0.356523515517993,1.80189885162813
2.8853513750276,1.88800384495506,4.99249666129704
2.95169833067716,1.78249489217119,4.08293805297006
3.44642819047081,0.109287711417389,0.700899563037872
3.02850020334377,1.64863507007631,3.99100774513679
3.35785644830473,0.783971395216099,0.389579186806482
3.44165366804919,0.211733571127228,3.74570431228231
3.14722725445651,1.40881925197836,0.0135024835084528
2.9420416422726,1.79838873747383,2.9481428366788
3.23994940098736,1.18005887776009,4.13439862436935
3.14362291649133,1.41684368751436,4.55560227209993
3.34708435792258,0.828756524492424,0.781505459920521
3.16669717720779,1.36449260305909,3.66178631343054
3.43385520010042,0.313766697853794,1.61971629620568
3.42951764963293,0.358077878114466,1.99272168122473
3.44806111148799,0.026184869350903,4.76415998054039
3.05983796801478,1.58971780056522,3.11890137875179
3.12897981075173,1.44889489606625,3.13347806977221
3.44633598064333,0.112157855105846,4.07791792772323
3.15382074165587,1.39399634340983,4.97873036898199
3.02770127629263,1.65010183245603,0.729509602132062
3.10437413273067,1.5008905089884,4.86288582545005
3.44043788610023,0.23064741018475,1.92671588017118
3.35623040480172,0.790903626128528,3.57354597004424
3.35400958674275,0.80026918469755,4.32201687340496
3.34820487561508,0.824217924365963,2.02262454106812
3.15195343002506,1.39821337816944,4.33025408909348
3.43644545340559,0.283995988892116,2.22623974861167
3.43146580855606,0.338900399305535,1.43968325600335
3.42450093656239,0.403242373048841,2.18657291735696
3.43720968213963,0.274591836995138,2.63757101631198
3.11163517304382,1.48577845785141,3.18117093775812
3.16276790305136,1.3735757232009,3.77150932048856
3.11511191545147,1.47847517062378,2.84478335872858
3.34954753435392,0.818744399090665,2.70017343421979
3.4362191115759,0.286721630121061,3.13194866607853
3.14353718867785,1.41703388080107,1.39206932909713
3.12800350887029,1.45100142123773,1.08188646902012
3.33351071707777,0.881769456868621,1.08063920943101
3.41195134504855,0.498396523824282,5.32461750903926
3.28212114195658,1.0571148875408,0.684460325547673
3.20841638868136,1.26327960198034,1.95125057032025
3.44811280424363,0.0181429090800738,0.799777504401751
3.44589529141206,0.12496686185918,4.51037684858065
3.13740009750963,1.43057041213822,3.30316706501186
3.28349327210755,1.05284519658076,3.50026364331779
3.44814817242415,0.00923346883572251,4.44369599232843
3.30046082368394,0.998383406946584,3.11372544840145
3.29625161742901,1.01219383051637,2.89756086818017
3.39795589326895,0.586265147640191,1.55565712661243
3.24745979129912,1.15923077074163,0.249294421350906
3.36384098022998,0.757881874479243,2.77543994981671
3.43798210409601,0.264745401951195,2.48363402822875
3.42562982340259,0.393537023612147,4.78345192637408
3.018235367343,1.66735309495578,3.67318686971834
3.39525769965102,0.601694464740376,1.88134032478345
3.29921756781045,1.00248417253822,2.66989477649161
3.39591148424763,0.597993534324395,4.19074872606921
3.41086665156953,0.505766508528981,2.50175471564313
3.44545740061844,0.136507789017221,0.487774949394071
3.37434737335798,0.709641374111509,5.29325465925955
3.43773220583627,0.267970813513016,4.87824611620716
3.3850503144043,0.656692808617601,2.70635547065827
3.44611960761107,0.118620090951107,4.08644677627829
3.38468998363312,0.658547485480263,0.994443626049266
3.08875763856321,1.53277112647525,0.651508404031413
3.05498270475605,1.59902837672761,0.385121857314806
2.97116559433496,1.74985316154782,3.31138290741455
3.27085200670536,1.09148441407576,5.31876271919645
3.25930288885559,1.12550244541554,3.33758461454982
3.02635634480462,1.65256719990432,3.94051634110631
3.10303417205041,1.50365887189421,1.72615871747451
3.08560580311132,1.53910620288026,4.94847805748939
3.23875774295468,1.18332555046776,4.23210088403905
2.95116460603303,1.78337840741573,2.67898252337002
3.28351567924507,1.05277531320341,1.96109956978718
3.4191999272128,0.445962928601423,4.75133214238156
3.41741326032913,0.459453679999822,2.97721011706751
3.26490871725328,1.10913576443206,0.277715952382146
3.12299523557831,1.46174957995339,4.55264676115213
3.44763252658449,0.0603410107255076,1.48821035799616
3.39303901995109,0.614082474125491,0.500197707387035
3.12107592483257,1.46584315237656,4.05309604438318
3.350956733626,0.8129575913326,2.54349956515567
3.28571398657627,1.04589419845212,2.41219274424784
3.15070867377918,1.40101603449474,4.74428587288555
3.40998781043522,0.511658292830236,1.39687456018339
3.27029595003815,1.09314933796936,2.58984348051867
3.42054494972584,0.435526489256189,3.56523614584907
3.42342347948528,0.412289650667663,2.42554038062104
2.96170295181114,1.7658218203352,2.26720946475706
2.92905056068137,1.81947077165612,4.2842884944529
3.18274112293271,1.32663861708144,1.98386108925398
3.43802282010262,0.264216131968408,1.90703448245337
3.28255618498693,1.05576321603985,0.219857644803643
3.44784497519024,0.0466487191049366,4.64788020496494
3.18638330035191,1.31786666213893,0.226699012410195
3.43109665609956,0.342617589217403,0.0944262754683366
3.34634461029829,0.831738435487003,1.35397682511508
3.22101726535376,1.23079602381212,1.43124346392046
3.24305913634794,1.17148560131524,2.88296227568731
3.22482258157143,1.2207908884513,1.27702522706982
3.40728361950033,0.529366992004104,1.25456852792458
3.22348695133995,1.22431325667894,1.12084573087357
3.41313328874585,0.490236911292544,0.0178633779463544
3.21809330651081,1.23842098921532,1.66918798012687
3.42462199936358,0.402212925468265,2.62220731920221
3.41970434563361,0.442078346442499,1.24698140437641
3.23447182974856,1.19499081942154,2.89143117109879
3.11348099290472,1.4819066039261,2.89026494240127
3.09446511687338,1.52121553909778,0.709093345877983
3.34053704663611,0.854765064792926,0.660827980023221
3.26681064574413,1.10352130962277,4.97157938125878
3.302053558643,0.99310290090797,1.3220131528736
3.32199545341129,0.92420629918511,4.23113337318554
3.37080045041063,0.726302553658062,0.38056089822433
3.3227453791084,0.921506495664848,5.42039170597574
3.44584013545944,0.126478602125531,4.19052061026635
3.4481526697294,0.00736492883816164,3.89625080026104
3.16946011182431,1.35806247113061,2.72715684258694
3.40709712677656,0.530565966350692,2.53058975968146
3.44601982398773,0.121484355463179,1.83660028751146
3.32026691110298,0.930397073820333,1.37555412494175
3.14999131122313,1.40262818136437,2.62442475505959
3.10689397990721,1.49566736728295,4.05857896720736
3.43016357026151,0.351836548967759,2.20660464354374
3.43285603236723,0.324515850119352,3.78655841638235
3.31106027523465,0.962647874199999,1.24143302742123
3.18931709841309,1.31075074736148,3.29345868016594
3.41733576623142,0.460029712925461,2.39187630032693
3.37191736293802,0.721099419952526,0.12615094815576
2.87181357745009,1.90853290574516,5.43577769539429
2.89338278953297,1.87567244186536,5.35713082586601
3.14710786462818,1.40908593220363,0.893163404279894
3.40886514762685,0.519085235037307,1.28577475039491
3.28700411002315,1.0418325473077,4.42457070296155
3.27448947964021,1.08052289363266,3.10361876410368
3.3913515800336,0.623334209347077,4.36422604266711
3.3205424209855,0.929413312996172,4.3339446062207
3.28808743414939,1.03840844629058,4.8027102594204
3.44379783819969,0.173399900662791,1.18733149207282
3.44436149735088,0.161817648931053,2.47545337637456
3.07907858324856,1.55212311177909,2.27344221935608
2.98619430357345,1.72408081517202,2.50609217039197
3.35374827333984,0.801363584778336,0.47904920067402
3.34305175569494,0.844876342835895,0.218437878351963
3.43102561421874,0.343328283882445,2.90626155943723
3.43013514372884,0.352113577834,3.7910562068087
3.19184726090172,1.30457737946545,5.37259881921433
3.01059313970435,1.68111273360945,3.13979883095317
3.30497126780107,0.983349375831475,1.07306560667151
3.40449201436597,0.547033088630935,2.73120284979885
3.03064989126345,1.64468000307767,3.79758585247629
3.20263156678061,1.2778740639825,0.484174816918465
3.33647627722288,0.870480974787907,4.07505337666584
3.24447887868549,1.16754780703083,4.89593244646461
3.29738376491902,1.00849957004811,0.675197306829561
3.43959303445857,0.242921454883743,4.19613585459802
3.38520117867428,0.655914671158527,0.980102567513557
2.98107907993982,1.73291044058367,4.46526947278833
3.4401277089451,0.235228446593745,1.56036337976307
3.41011560945342,0.510805839924409,3.94855358409811
3.03108225682043,1.64388303365147,2.87792606494189
3.41675152203311,0.464349127944888,2.61142694873682
3.44796863365928,0.0363782523012943,0.0911885997247586
3.27835376958021,1.06874114612379,5.04607361465293
3.14475183071255,1.41433623978487,0.198893731064131
2.88341123972764,1.89096554663248,4.95753528791165
3.35673432948921,0.788762142326427,4.26398202812871
3.23840791199112,1.18428259781694,2.6387749607201
3.17111388880289,1.35419635953585,1.46576796745392
3.20991869417018,1.2594574438049,3.86387081800442
3.12504041162728,1.45737212188073,1.54235702540136
3.24264683228867,1.172626367172,1.1543160743268
2.96815056959996,1.7549624702888,4.37207931296562
3.37797783449134,0.692153758657689,1.48917550126308
3.11884529593617,1.4705832502635,1.55615962148642
3.2894762190032,1.03400061922185,5.35553506335034
3.30885540793555,0.970199446152402,4.18009009603963
3.29355831117827,1.02092346765432,4.10540916260175
3.3273253750833,0.904829776403022,1.2590474194884
3.38538569335547,0.654961665414733,3.35540397226811
3.33584930069643,0.872880586897125,4.83247335125487
3.37843187821896,0.689934141909699,1.61291682769419
3.43420947240964,0.30986509250097,2.10984905936697
3.09541926090791,1.51927307457845,1.19926133341858
3.43802297112444,0.264214166840847,1.06718017095495
2.92571466428112,1.82483006856779,4.62550253962693
3.00779196609711,1.68611938029916,4.63286643461676
3.23806689569444,1.18521468728097,4.01003608187814
3.23189278711575,1.20194845502124,2.1561142888062
3.42580787668906,0.39198401492142,2.07459052733138
3.35279418434967,0.805346033286176,3.87490330090994
3.29946419387229,1.00167215659287,1.28920914741548
3.39361512213599,0.610890725701975,0.627700829388688
3.17954588329955,1.33427847615541,5.08406433989042
3.43499332205401,0.301051413189013,0.823866791848987
3.34507175142911,0.83684290863322,4.36024441671252
3.44798379237315,0.0349119388001383,0.961631822231759
3.41252282539761,0.494468443966924,0.919252698038684
3.44737207413906,0.073735055332613,2.71034797440745
3.44308513724112,0.187018217422981,5.07178298780533
3.38905575409525,0.635698176474209,3.35100547216495
3.39632625737114,0.595633301142646,3.94508795271911
3.20990502951398,1.25949226970221,4.89621304752597
3.33079684882044,0.891966046341764,5.355365603196
3.19457411674865,1.29788569933502,4.95708745883666
3.03371998498874,1.63901010631987,4.92876390578422
3.4457335544141,0.129349711725816,2.92187221394007
3.44051816310994,0.229446824448164,0.00194661859256153
3.13609972248008,1.43341885246396,2.0577265103003
3.24718412716058,1.16000272424471,0.74724983820171
3.370320396115,0.728526940799024,0.80589279131453
3.4412056632093,0.218894174054516,1.3533210445446
3.39744214370658,0.589235060145942,2.3729016087819
3.24477025015927,1.1667378024304,4.99196096717011
3.09949619933235,1.51093824700517,4.2068102416588
3.20310223193461,1.27669384259275,0.0953745659972136
3.04627248107086,1.61556028888096,5.35162363924309
3.43862535944092,0.25625517233527,4.69435215906925
3.44508621699588,0.145574837811136,4.32828127579332
3.44540851101876,0.137736226673478,2.29357388308249
3.03950528210985,1.62825634221552,4.61490844124993
3.31698490771333,0.94203089012023,5.0266285363194
3.37318564341684,0.71514312622386,4.42748063915782
3.29256302922314,1.02412878805925,4.91341623260697
3.23438214802183,1.19523353220048,4.93779404060863
3.09253943355922,1.52512652846246,1.4839014191318
3.23877764293702,1.18327108286736,2.29559837722493
3.44789740189654,0.0425979099699592,1.73519003019512
2.93755237336533,1.80571236072483,4.72148918067243
3.26849142104475,1.09853307027856,5.21755492128753
3.18204084619702,1.32831740524338,3.18484472703986
3.43015624302871,0.351907977104669,4.29690445140151
3.42035523008948,0.437013931057473,1.50474311790645
3.11658137052189,1.47537508344646,0.992274035115769
3.38984113227201,0.631496772672325,3.29073918453481
3.37255954703057,0.718089950961356,2.89411616847062
3.44642583499625,0.1093619669224,3.66170739722669
3.44403750701903,0.168572613982528,3.41942632289059
3.4005009479791,0.571318106427581,2.12681242396564
3.33711471190431,0.86803022731387,1.92124012353685
3.35782879173351,0.784089842648296,1.19458656914554
3.39754665305481,0.588632157000304,2.6093001142287
3.12231160070433,1.46320926187813,1.78216339252595
3.19876514175416,1.28752190033306,0.377255442079367
3.41797020491254,0.455291943997314,5.32991384521532
3.3911488590243,0.624436139150283,2.37303789889683
3.386979448693,0.646669382350812,2.89271115484088
3.44787095410826,0.0446873556541754,3.19088884612665
3.43372148125909,0.315226688398405,5.21838896155021
3.26181489285954,1.11820153847973,3.71466551625834
3.13573318722059,1.43422050414229,3.72913384850031
3.33985621208637,0.857421459100963,1.21023876338089
3.32541617758853,0.911821430857627,1.57762047579406
3.28088112585086,1.06095716877465,1.82465534162287
2.94132503872279,1.79956052760698,3.33758722361734
3.20992481640295,1.25944184025275,5.32059683714841
3.26256763284797,1.11600336784059,4.30413736342291
3.3457447831468,0.834148021627303,4.91167029245134
3.38138411847672,0.675316606675841,1.2256140152567
3.31149385613163,0.961155303133271,0.797042237364388
3.00922936950434,1.68355269524041,1.14208552790194
3.44815172694232,0.0077938388145143,3.56710281580662
3.43229888874776,0.330356495682528,3.72835874802776
3.06412092549044,1.581446815391,1.73512861743471
2.8913774317441,1.8787622582806,5.05533666198877
3.05775888493937,1.59371317291195,3.83924153061844
3.27409841433411,1.08170728443216,2.61131464685544
3.23002237936646,1.20696582583377,1.23533357262364
3.18330539109915,1.32528406877086,1.04979358585502
3.34288048916472,0.845553730463425,0.509935104217672
3.15194454565635,1.39823340578242,0.835232375007676
2.92920314122601,1.81922511893675,3.91101645983928
3.30337604441013,0.988694990963349,1.94404547630008
3.22420833301466,1.22241224685356,3.31470654209777
3.39551616599376,0.60023415632052,3.42782896094656
3.27931999690092,1.0657726933378,1.15606667136421
3.14777611503308,1.40759248561719,4.99605322961047
2.97101880253666,1.75010238298003,4.06968040463618
3.28142038412311,1.05928812822578,1.02508851067052
3.42343517879054,0.412192494543629,1.8460882939806
3.34176323091625,0.849958578070095,0.764195746364479
3.3130253725613,0.955862938241581,5.04378679824202
3.41022940034009,0.510045598936789,2.40254590348058
3.16034147927029,1.37914930676212,2.54356389557465
3.41971452527395,0.441999594534997,3.09837817602115
3.18134548944628,1.32998193698959,1.16153182682158
3.43351032612542,0.317518371639966,3.4436886979188
3.03943454635455,1.6283883794615,1.89642367540698
2.97501686896961,1.74329736570815,1.72789312455964
3.42691188451689,0.382211998366922,1.57380077590262
3.31055431812438,0.964386428091337,1.41044259147109
3.0725500701042,1.56500707431035,2.40852307870608
3.19986161941179,1.28479441645507,2.6472714142533
3.25843578252214,1.1280103399872,3.71983120212812
2.98460663234026,1.72682782179616,5.03376168417637
3.40676083696466,0.53272101109546,4.30423686422873
3.01044284969433,1.68138184974831,4.10173113953802
3.28226782761478,1.05665935085233,0.533097898904649
3.41285970433113,0.492137901905131,1.79423254696328
3.43964170453834,0.242231336410785,0.764873746045787
3.31569935735576,0.946545745101295,1.22425539677875
3.38151501850835,0.674660844825933,2.29982174381713
3.300824845125,0.997179230501845,0.568588416096716
3.4218468424823,0.425176742699607,1.74305212268507
3.44222064728346,0.202306923643649,3.85311210685263
3.18035646091153,1.33234524710265,1.28899378878753
3.37872976573791,0.688473852848038,4.79809928237164
3.29043565225762,1.03094340013928,2.84573663713883
3.44295306458057,0.189434080972821,4.68794732105475
3.05554115515249,1.59796098985806,2.47379227104926
3.00359682156592,1.69358117886856,1.40031523729268
3.36083269280289,0.771112629209245,2.32095435895558
3.34838038077757,0.823504645744396,5.05915650724169
3.40332557963032,0.554243696376145,0.643342547154125
3.44577351140582,0.128280879451174,3.47545166746061
3.31896776818556,0.9350208712559,5.03760431698851
3.41645326332788,0.466538503700394,4.45914249260366
3.44814950637501,0.00872110225221024,3.68516930938539
3.273162945938,1.0845346491824,4.85093112168593
3.03246896428745,1.64132356851784,5.43579851894694
3.33128797334386,0.890130054875865,2.29342077803549
3.31882595394478,0.93552411158735,1.19185383634026
3.4387482864477,0.254600271782595,2.95071943114619
3.15014329413371,1.40228681173401,4.38794472772578
3.4417628690472,0.209951016160282,3.21448265047043
3.44749345911143,0.0678227493001203,3.7108522865657
3.35273333497694,0.805599317572416,2.61447502895336
3.43439726839681,0.307776670277739,0.393530679170644
3.42685644015697,0.382708785492906,4.30849924148877
3.23566483446888,1.19175675157318,0.487677396288718
3.20431907553191,1.27363665859658,2.45579111611006
2.97905586962945,1.73638624780463,3.70049001715233
3.15782216428506,1.38490803113015,1.3317371190817
3.35091820925286,0.813116369799756,0.047139777653482
3.42980997308816,0.355266976292127,1.60665233235973
3.44739180702939,0.0728066258341613,4.79566433159781
3.10251626773845,1.50472717937739,5.37732918691249
3.4118848631376,0.498851437435286,4.72870187220661
3.35874909863912,0.780138172588451,3.44750248521351
3.22109311563861,1.23059750378598,3.75644366096246
3.23140233733311,1.20326639204163,3.07031630470221
3.20195184948908,1.27957626950964,4.43654286849394
3.40734052719653,0.529000574350193,0.0216449397472878
3.44600885441616,0.121795119870109,2.47736462323315
3.44764248375027,0.0597693916569722,1.23122398753529
3.31350280230654,0.95420661025035,2.20596335807292
3.33910621572785,0.860337582595563,2.10103837891329
3.44618468568149,0.116714129877627,5.27902459484956
3.26140741390042,1.11938945702295,1.41484488419349
3.32725337640738,0.905094495135436,5.41696288147287
3.26973081761618,1.09483855260479,3.26074275857327
3.44811268123156,0.0181662728394219,1.33170905685115
3.43165446229667,0.33698475831717,4.82632628823768
3.40958083994359,0.514363268350602,5.40293845169338
3.43557802404943,0.294303782862768,2.61869345395294
3.44540144475259,0.137912872624471,4.17886507432537
3.00623717402293,1.6888899104031,2.86331766414598
3.26502195999697,1.10880236141356,1.82872316509832
3.23314727004272,1.19856990040383,5.18981168534622
3.21965790741897,1.23434761519323,0.970230574109591
3.00369152561332,1.69341320855173,3.32736322671449
3.44479329604247,0.15234901863676,4.72680220246552
3.28338269042913,1.05319000381181,0.207521163041245
3.41365949758115,0.486559256938693,1.55648591913224
3.44681238045509,0.0964131208925741,2.99369513657722
3.39901212215468,0.580110049373646,4.69820891974069
2.98740322488366,1.72198520548043,3.15496188482446
3.33179986660061,0.888212094524126,5.4363841878515
3.32282724577873,0.921211251911991,0.19240267883817
3.04640475588231,1.61531084911741,1.30873454957937
3.40955385445804,0.514542116341394,3.71080859643264
3.32818520114737,0.901661989219008,0.821113630647845
3.40574907766204,0.539151459186475,4.25418025029545
3.3924661646894,0.617239335571186,2.84294703357548
3.04735064349332,1.61352568356986,2.98419310277626
3.29865984936052,1.00431781531326,3.81671835540972
3.12474439832826,1.45800669444791,4.58169651978046
3.13248447857558,1.44130221238358,0.46615951389791
3.44654174896641,0.10564586395279,0.0090243857803717
3.42983577274459,0.355017813553468,2.61239655704593
3.06252266212902,1.58453968706528,1.10511859071542
3.42852541218332,0.367456900808731,4.73153486034826
3.44645405620362,0.108468956002819,4.76914241106182
3.1573658390183,1.38594806343492,0.615000847272863
3.00914748586652,1.68369904800173,1.96619164547314
3.40278499760008,0.557552989451719,3.08204591421762
3.08185316055318,1.54660666387002,2.79528464978347
3.00156680610487,1.69717641523449,1.97928658306801
3.16980917554824,1.35724753326315,1.27110937694136
3.36660824059017,0.745493145729138,3.63970393742053
3.36921489999395,0.733622541636723,0.618963238832143
3.28851236723593,1.03706194919835,4.44543316265015
3.42905403101124,0.362490728632219,0.508740116607741
3.04769940934974,1.61286682221069,1.35140542151649
2.9709981210756,1.75013749188571,2.20295233473023
3.4192140758162,0.445854437769907,2.2706126797045
3.39704377030691,0.591527428406946,2.88360318609502
3.20198672354373,1.279488998854,0.453623859127106
3.18270977214204,1.32671382831805,3.498442147883
3.44753536481494,0.0656580862426081,5.23799502053839
3.38293895629762,0.667484152547972,5.33571268669931
3.08702942421435,1.53624881121958,1.84362634511032
3.44459361478983,0.156798931399011,0.998994415439164
3.29394117179132,1.0196875171918,3.97065450557316
3.1473769188251,1.40848486210742,3.87240938812335
3.29859263318859,1.00453855884815,3.13265454166848
3.35088940318585,0.813235072752973,3.41737186020319
3.37653286946931,0.699168690182932,5.0603170711688
3.34775142380396,0.826057794804535,4.09726458125639
3.40180969345125,0.563473056569562,1.43801060861412
3.37759287307809,0.694029869437073,1.84719641295631
3.22664904906573,1.21595517602498,4.98372080643389
3.41102922063484,0.50466893297887,2.21119541145873
3.04417023799893,1.61951802645735,5.33528079012628
3.35188754773014,0.809111205774825,4.30820187591679
3.43156878868692,0.337856070610793,5.34401074651455
3.12968356942845,1.44737411583472,2.77956022688812
3.33710890689407,0.868052544185566,2.17843022833551
3.41764616340952,0.457718011084279,3.11773616585858
3.38123001471052,0.676087763207864,2.54988468288352
3.44638775801935,0.11055540381691,5.37100527589624
2.90933179757449,1.8508375313789,4.04049941910683
3.43662346947938,0.281833647675855,3.03845266579493
3.0411950306266,1.6250981083094,0.129418705348482
3.27772985294539,1.07065311238018,4.83770338413223
3.39864100811765,0.582280322421951,1.06063886309235
3.41327996361173,0.48921464199821,2.06941985618067
3.33910191345447,0.860354280226148,5.20485671431291
3.26926320152085,1.09623409686088,0.143978614721525
3.23806510643233,1.18521957562475,5.17087982744885
3.20356596179319,1.27552977400719,3.89481295622325
3.23326900732696,1.19824146239299,1.91701885840932
3.13697166401967,1.43150964197814,0.277730229789219
3.12617209315646,1.45494299541545,2.86613100764251
3.05902887309039,1.59127415285301,3.09119029202174
2.98527339405291,1.72567489368611,4.01671814749051
3.08409060214748,1.54214014722538,3.32083823540774
3.12320468422532,1.46130201408599,0.343395687615213
3.44634932499608,0.111747062770263,2.90059669105525
3.44317030198965,0.185443650296461,3.4577895682833
3.39956938341029,0.576835404008928,1.5174334713303
2.91836112551614,1.83656729171977,4.97053538549142
3.37428954423141,0.709916296213372,2.62259542675729
3.09422205157026,1.52170988414844,0.550872836056218
3.3322415279567,0.8865537069459,3.40735108462703
3.34373090356512,0.842184493138139,4.90029999114303
2.90884654075091,1.85160008595275,4.25386220797962
3.18168686855416,1.32916505611936,3.73336856974927
3.44812914969459,0.0147120007216022,1.16176401764075
3.41354502708992,0.487361697272588,0.834269100278108
3.42848004060281,0.367879990114835,2.28452492585048
3.21329744360723,1.25081198221236,3.23636689137166
3.26832220240889,1.09903642213525,2.20272460126214
3.2070984857532,1.26662163988235,0.701872754006683
3.42230213293161,0.42149636637874,0.3035118165563
3.07106143121931,1.56792626153655,1.19800618655388
3.43965773535895,0.24200359403136,0.675601435702627
3.01620165867143,1.67102921284054,5.14662256411305
3.42504033117408,0.398634927934955,1.66454016707915
3.20240138910271,1.27845078865469,0.670147177559495
3.31825997840022,0.93752962176463,1.11643429217574
3.02564504443496,1.65386914265455,5.44277873471167
3.44806288381582,0.0259504371919042,4.86651959219942
3.4292797537626,0.360349061845154,3.82007128411292
2.95523144423076,1.77663113418867,4.76605527489725
3.44502120541943,0.147105302926932,1.07610768325289
3.38888991290743,0.636581679074254,3.16568697789588
3.27881773418841,1.06731688917131,1.70647927740623
3.42048470093606,0.435999411239392,4.96640651842634
3.44577345701379,0.128282340475817,1.04513544118539
3.05416291448466,1.60059362979031,3.31363340698768
3.38637099061009,0.649848128329367,5.14784698207997
3.44752690758826,0.0661006610681683,2.57323320030926
2.97012006356711,1.7516272103204,3.54793264745906
3.07526694359634,1.55966159841241,3.14976064834374
3.08007595879226,1.55014294954003,1.43328251321679
3.43454783018201,0.306091943916859,2.98872838747393
3.12023901447601,1.46762378301816,5.26413313811793
3.30903838257739,0.969575194901542,1.02738893934224
3.01672451595103,1.67008510884889,0.782944746554371
3.37195529784587,0.720922010530899,0.641251327769088
3.43434034628617,0.308411189501515,4.2619365260884
3.43979406710809,0.240058017626374,1.70830021263954
3.40025187784264,0.57279860611417,2.94396164562486
3.31942923457463,0.933381290036406,1.15905571897989
2.98470857353335,1.72665161715248,3.58406825067481
3.14425868499437,1.41543223001889,2.31457444273367
3.41697237689125,0.462721137944791,0.678064593331833
3.05386319108734,1.60116541495892,1.975818148215
3.44589178156961,0.125063606415834,0.672311416410939
3.4481135315067,0.0180041600517108,2.37511717190529
3.25593679756253,1.13520335016112,2.09157197746517
3.12889186495664,1.44908480543649,3.13690768555578
3.41942595643602,0.444226523735763,2.61930917629827
3.1455440916423,1.41257334091825,2.22636537559785
3.41811684693936,0.454189714335408,4.06864744482509
3.43027300413994,0.350768004537899,3.38985153498133
3.26679993199144,1.10355302558574,4.08656615724508
3.44805385721077,0.0271233057103564,4.71437757011625
2.99883528358972,1.70199824260665,5.0728450406197
3.29728976761698,1.00880685183394,0.469516840671099
3.34857279278288,0.822721901600432,5.14797747713298
3.14836874394315,1.40626644989511,0.0109837123864945
3.43961176904478,0.242656040904366,1.75672799329753
3.44803961321051,0.0288773556587231,1.23285131424527
3.34126000119885,0.851934669048855,2.5344761736431
3.31806367204341,0.938224143904088,3.71751714844802
3.35201745314032,0.808572859909008,4.98721767655349
3.44685494608531,0.0948791683458011,4.02001823752597
3.34434831999244,0.839729355508379,3.90955325892896
3.3130819284782,0.955666893394316,4.18595591079429
3.05503196531975,1.5989342596909,1.54605904484632
3.11968557979266,1.4687998363196,5.29023739140017
3.38226529276697,0.670889383790411,5.01868106178367
3.1677720646014,1.36199530934204,1.19315266833197
3.06897110426392,1.57201381582093,0.910894544235676
3.35861811788045,0.780701872793923,1.45827413662771
3.36540720573564,0.75089640798272,1.0147799181712
3.43266974609438,0.326480459119814,3.49295477230561
2.92985877465964,1.81816903408034,5.06158743441131
2.91996034061343,1.83402363266765,4.04856972296246
3.37215548841801,0.719985026143622,2.87871104116622
3.32440705083251,0.915493766398131,2.76377173657543
3.32430234210364,0.915873907381903,0.0253699559180815
3.12605485038886,1.45519488327132,3.22739082305619
3.43883744029962,0.25339324208091,0.398179126329883
3.33834819610775,0.863274230753392,1.9733781107986
3.02863196717549,1.6483930002707,0.763063903786129
3.43311681566878,0.321745250020919,1.06687130534584
2.94301753671219,1.79679126626975,3.69577891341767
3.02510166013142,1.65486284078436,3.32062758963062
3.03611299190183,1.63457302569927,4.60973064748502
3.14459681067631,1.41468087363303,4.28799039303822
3.23989199837485,1.18021646946879,0.748285168430069
3.42004466107868,0.439437813764343,5.16916801743769
3.05958362993592,1.59020724667161,4.58453054969348
3.01892978627513,1.66609544188787,4.85141391420285
3.42002301675602,0.43960623380226,0.605462694214768
3.28935499782262,1.03438618235071,5.44360692697709
3.44758693689238,0.0628918795058329,0.196405455178387
3.44443164658048,0.160317522353729,3.08921068683512
3.29594560940723,1.0131898221794,2.72641712969015
3.32116541727719,0.927184634806221,5.22684365725609
3.3811548930492,0.676463350927617,2.52178725154912
3.04284513281834,1.62200634204139,3.04727676420637
3.17148370977189,1.35333002426986,3.54901898097731
3.07817494194715,1.55391444510546,3.49392656450279
3.19253805403927,1.30288596947312,0.747189202801005
3.32766725294498,0.9035716516228,4.58052479324899
3.11141801050608,1.48623317142268,0.989110188168615
3.22166380166842,1.22910269097343,5.06845208814544
2.98383658339633,1.72815807133621,3.42317910061211
2.96675499072697,1.75732065967921,2.86482702243346
3.26199882208006,1.11766486957721,0.37246388738672
3.32285816999368,0.921099700382639,0.10363682216883
3.25379240565159,1.14133520793096,4.48697996821922
3.22336866299585,1.22462465202816,2.15295587257968
3.43466319698986,0.304794683651395,1.88907814175051
3.34046456250456,0.855048292548437,3.79822458769284
3.19773708527614,1.29007310234282,4.89696990609765
3.4442101234347,0.165008186368736,4.89984565775505
3.24151947171172,1.17573916769516,4.86510931280316
3.40711223557004,0.530468934215475,0.434087949568086
3.19022754612207,1.30853325517646,2.96801041605212
3.16675739027696,1.36435285284454,0.824015382281983
3.42679081279153,0.383295970897605,0.0432639272548512
3.26945750341318,1.09565446620456,3.01239927472682
3.44532158604804,0.139893690530174,0.357182193891914
3.40573090482861,0.539266242067884,4.87440448938217
3.23624209557168,1.1901882938378,2.32111716941843
3.44684323022707,0.0953038413525263,1.71670308880829
3.43331868346277,0.319583938464043,2.71485326874117
3.38083073592754,0.678081566587949,0.218708551671254
3.01784903009138,1.66805224963587,0.267748728536246
3.43047478567116,0.348789077829459,0.347636009949674
3.44378459547696,0.173662707264131,1.94939546284487
3.24657093454771,1.16171779830076,4.20411116222554
3.07886338529149,1.55254994465562,4.96229766810485
3.28593796748859,1.04519029356176,2.905521596522
3.24384846347143,1.16929817496342,4.0203873912046
3.15761134918445,1.385388625419,4.78516878966092
3.36780801028263,0.740054242481542,2.97544546195091
3.1579309239476,1.384660014413,0.529071279600868
3.32983613375203,0.895545866105188,0.35232496062771
2.94623188123775,1.79151577663079,5.32946438899078
3.37403520574015,0.711124114599404,4.24722796483611
3.15056261080353,1.40134446562777,4.79440236415695
2.91730091481512,1.83825092094568,3.78663226726829
3.10959515617677,1.49004330159251,1.31915770795373
3.41902973203762,0.447265879965732,3.97874713031482
3.27000559193152,1.09401759797333,5.12577285257509
3.40491306896808,0.544406161527525,0.95111291765952
3.41908742505169,0.446824636509808,2.61387964270877
3.25930041806065,1.12550960047811,0.649701530017677
3.42882624588568,0.364639070128596,0.505025262737706
3.42914093029552,0.361667742701366,4.88498874961228
3.02334425786656,1.65807134175946,1.84793674204473
3.25987009852584,1.12385853944163,0.939986109031843
2.97010377511406,1.75165482929484,5.37936686311076
3.40116844754076,0.567330827112318,0.128784491482706
3.25643014094846,1.13378737559612,1.61508446225027
3.20678152880834,1.26742388427565,0.22830510390692
2.97593314791928,1.74173275075541,4.09419549947331
3.40757602318621,0.52748148986025,1.36904748980211
3.09752981651595,1.51496538301488,0.313735578525444
3.30128638026376,0.995650195311458,1.38666389167113
3.43166351689481,0.336892538878319,4.52008273146593
3.17277128457407,1.35030865053918,2.66252117503522
3.37762523851753,0.693872339892681,3.60668930383684
2.97930200775653,1.73596388859811,2.59664052787507
3.16331733064167,1.37230992913437,1.53942997496299
3.24832727635443,1.1567977271894,0.188280606030927
3.43908993359747,0.249943002637234,2.04942946528563
3.24914486358542,1.15449934230179,0.616574689146877
3.40251174642122,0.559218107185711,2.58481574992179
3.36262144263147,0.763274596389662,2.89337286511024
3.32210628363,0.923807835106863,4.60649830849537
3.13602169165187,1.43358955961172,4.73298823595695
3.15787226429535,1.38479378910106,3.72591532515701
3.44528805058991,0.140717178770499,1.97489025318556
3.06855486878136,1.57282614844012,3.93812905072086
3.43869880473583,0.2552677148546,3.38062632966339
3.40358036898773,0.552676892750258,3.97289304782484
3.40851799100448,0.521359934150596,1.50696138418464
3.14461495971658,1.41464053068807,3.85440972177679
3.3751635894228,0.705749120136438,4.72257018835215
3.31869120049868,0.93600202546329,4.40851929722436
3.36184558119696,0.766684657551728,4.32363158700532
3.25807697755919,1.12904627196475,1.67178522220711
3.40947959780967,0.515033929036099,5.0993342762604
3.4443140218503,0.16282504360251,5.41267210990893
2.97412772938521,1.74481383684355,2.69192714783403
3.14747284284244,1.40827049230895,1.19786672989856
3.32965265937226,0.896227785707388,2.62268561498195
3.10897795816917,1.49133065802222,2.12392908229906
3.44679210890167,0.097135132428601,3.55866454052746
3.21037954436635,1.25828226445931,0.0476234457628149
3.39052158080805,0.627833167341162,0.708656962403982
3.40514415654598,0.542958883415225,0.982939903714204
3.25623883314155,1.13433669493661,5.33549839737516
3.38618676733906,0.650807385204388,1.76866716120573
3.20232033803291,1.27865379542686,0.832998149066994
3.20740905675363,1.26583498869069,4.68019830582678
3.08318176124147,1.54395637991709,0.11400429534597
3.4389608336684,0.251713051774224,2.3575484752386
3.03447567357406,1.63761059547929,1.44019620851188
3.38205678695911,0.671939703933728,0.0728984165523586
3.05472345943268,1.59952357354632,4.48218608069329
3.21617193860476,1.24340224274772,1.5696048712069
3.44750047417548,0.0674652243646547,2.92645287555557
3.04954920327387,1.60936656257996,4.49890232810103
3.00047375765904,1.69910809118731,4.34363845395765
3.32766831704693,0.903567732746589,0.247285804922474
3.10739676044912,1.49462251056549,2.82062276425788
3.08836144148301,1.53356926243966,3.95515778695938
3.36768060920015,0.740633776137753,2.13042886676483
3.39460612754343,0.605359657380074,4.42212877968048
3.08613813950436,1.53803851051763,5.10875782741237
2.97873844265138,1.73693073155194,4.49967349869221
3.25581180034846,1.1355617978122,3.06159827239683
3.30241781299068,0.991890953875766,2.65052484812858
3.19370747321844,1.30001678890983,3.73207099270741
3.40954506785944,0.514600336352535,2.48048527061147
3.11485678255612,1.47901260985256,2.65014806304399
3.29725059597567,1.0089348756371,3.89333660306594
3.34452952013402,0.839007368794136,1.53375534077257
3.00540465252428,1.69037095056799,4.33299670089996
3.44309114881101,0.186907508993159,4.02104980440556
3.44196458928746,0.206617622747766,3.21135245761868
3.1937415499996,1.29993307048666,3.49786515858488
3.29528331693661,1.01534178337051,3.45258871777026
3.43103050821646,0.343279372562139,5.09968565424076
3.04509142550918,1.61778530288453,2.81058278092959
3.44794150811974,0.0388642833940123,4.58725717754938
3.24206692638596,1.17422873443509,2.95893572260837
3.08256382582676,1.54518974098426,1.60166246643588
3.16318460133629,1.3726158434929,4.80831161127777
3.14693479728528,1.40947240397739,0.540610125522803
3.40822113611792,0.523297012467888,1.65290110205729
3.28398858134076,1.05129923121927,4.28545714585147
3.27912242887639,1.06638040697424,1.56838196608196
2.95262234418272,1.78096388749792,5.20760918892695
3.33503796815271,0.875975357483637,1.87500094572571
3.33308561026237,0.883374999986233,4.11263734543945
3.25860424164374,1.12752360165106,3.73404896317357
2.90752644551793,1.85367231315371,5.30079778903952
3.44782207260778,0.0483118161258077,1.21908340890411
3.43172342971236,0.336281694271273,2.30166066894978
3.44376576402451,0.174035739063556,1.67815615975965
3.28104749726522,1.06044254753777,3.28026714403861
3.37307985918765,0.715641907298175,4.33550213675471
3.38390788268791,0.662554539205167,4.1138120471299
3.44627997999788,0.113865602376414,5.43047482399966
3.413772384076,0.485766595865561,0.905704032015883
3.24041022150049,1.17879288780256,4.61471455513329
3.41419637264337,0.482777593688461,3.05587464602187
3.42839304251432,0.368689872356345,5.4174934930209
3.28747411975037,1.04034849349161,2.39502452571431
3.44756391871668,0.0641412683195877,0.737324783459903
3.18174191350804,1.3290332846716,2.84464694997247
3.4465020040443,0.106934615805056,0.589113774687555
3.4339971288837,0.312209536621205,3.26418013155121
3.43965479640511,0.242045362496447,2.78513166275408
3.30255827434243,0.99142317932915,4.11703406939184
3.06481126905923,1.58010852823035,4.24001260075156
3.41690800050245,0.463196278095067,2.40748242191649
3.43881283238949,0.253726978723491,1.12419904424979
3.33371602922893,0.880992912798319,4.4137617364634
3.30623150235881,0.979103839615073,2.47292795034427
3.43399948262241,0.312183646733373,3.97677071547339
3.26440249705816,1.11062478503732,3.29930140062846
3.35061540281438,0.814363247182603,0.641929002249248
3.0556726094061,1.59770960442254,3.47627412948958
3.23945994660294,1.18140184962359,4.42630195624745
3.21892828416698,1.2362490757645,3.72808874658725
3.3248761882724,0.913788492266082,4.38791748627985
3.15981345292097,1.38035865581319,3.14625856677039
3.35013998237461,0.816316834589247,0.0520275669391876
3.30328568282658,0.988996852154578,1.58516247916293
3.01467872445363,1.67377515343769,3.05641475766353
3.13867341996436,1.42777457560637,2.93334298185825
3.44748517643881,0.0682424660558691,4.88480624641974
3.25266554472195,1.14454267291238,0.357232875954862
3.3351601620992,0.875510005131394,2.76757387159341
3.13603964549207,1.43355028437817,1.14892478523671
3.04705454440462,1.6140847807231,4.55025684966596
3.44786099996864,0.0454488815484617,0.656794035901922
2.94897501239277,1.78699676894554,5.33350742668784
3.32187732536817,0.924630797206952,2.26358555505188
3.43752509724179,0.270614637023827,2.00402091241943
3.4385926522884,0.256693684314508,4.18780956132124
3.15555585334586,1.39006414684843,2.14811752167185
3.23933342238047,1.18174872734757,5.31886956634658
3.26697584175398,1.10303215063507,4.8291956363999
3.32460743314188,0.914765812345706,3.99011890265356
3.44578153297381,0.128065229299082,3.1767692211383
3.39791997933417,0.58647326450611,0.58688102725607
3.35246530565338,0.806713982976092,5.13227799884246
3.27522802662042,1.07828217530423,5.37671774525629
3.44626304750009,0.114376935499033,1.28519851854485
3.04452410802875,1.61885268989198,0.089498282316302
3.0641589589984,1.5813731216663,3.72908920534311
3.42472636275438,0.401323331235457,0.618077061218578
3.18392040887417,1.32380584146364,2.65607029435002
3.2207606627663,1.23146734796987,4.97778017249578
3.15178650759351,1.39858960617124,5.37102017857304
3.37980275176764,0.683186969344877,4.53047832215864
3.44671970337937,0.0996712710623198,4.77491417242093
3.30800510087701,0.973094717132127,3.00250937116449
3.06939220511683,1.57119144826682,3.28234881768164
3.38950732284737,0.633286020927983,0.688374228249413
2.92535729982859,1.82540289916455,5.10521240727227
3.02259122105023,1.65944369786048,2.03788523816836
3.25533813037233,1.13691896495869,4.95679006310599
3.06402443603897,1.58163375384278,3.98432678950847
3.38656492028693,0.648836741115022,0.543912811375427
3.44183376106166,0.208785624876039,3.50380039553565
3.38556923012755,0.654012281193809,0.233492433890463
3.34858485749348,0.822672795286285,5.42479090655655
3.1345346531759,1.43683805071351,0.710355478341337
2.95283794243607,1.78060640278773,4.16466321386264
3.36104477529909,0.770187700741487,0.902702936717864
3.07369640993524,1.56275444503925,0.104345022443086
3.3427226203107,0.846177617053249,0.500542985875781
3.2312996253494,1.20354219168071,0.104778310657753
3.37251961500571,0.718277468907745,2.62682573305823
3.31645798903516,0.943884252916423,4.10405454535721
3.44784688604059,0.0465072721080613,1.73793804074849
2.94868638380447,1.78747298886021,4.06941740864389
3.03869160771243,1.62977433688127,2.73449950591426
3.19698959071351,1.29192439128929,3.1596805594277
3.02694882621196,1.65148172240348,1.75485473381669
3.1078453163067,1.49368958148915,0.430440340947623
3.44574723749333,0.12898469384324,3.70970015003892
3.00146572819605,1.69735516566313,2.80533818929584
3.44022671570408,0.233776004959217,4.48173225262814
3.26284120368656,1.11520327988399,4.14519843639826
3.0931689812133,1.52384931328483,4.99447963236166
3.4053412889441,0.541721129134976,3.41079015351435
3.40002226436641,0.57415997574844,5.00817815359485
3.30884124107905,0.970247760766923,3.2334035814874
3.21417113499662,1.24856517286576,1.67366814905344
3.27670685422008,1.07377989711389,4.18751610757906
3.12716703381153,1.45280329658945,5.01427978367739
2.94127612064219,1.79964048022898,3.3608529520434
3.32036994304521,0.930029309893357,1.07010013765616
3.44758392916812,0.0630565403466453,4.47848159014957
3.25863221269763,1.12744276054623,4.94026488150306
3.38786113686979,0.642034261722897,2.91345914406243
3.36781203074888,0.740035946074141,2.09187086984567
3.21719804709495,1.24074485761867,4.40991428731272
3.44696332069617,0.0908567097908132,0.199016816609326
3.32013796828198,0.930857103701274,0.217349985061485
3.28700681573162,1.04182401070078,4.88308817083434
3.41598691440676,0.469940928777793,3.66100356427983
3.34395594315644,0.841290512348439,1.57272189722098
3.08373354713985,1.54285400676248,4.13661567592828
3.25703500005732,1.132048622781,2.36979007063634
3.16930607839559,1.35842189962601,5.27034945917734
3.13751977942752,1.43030790728424,1.85898444281727
3.16676248257428,1.36434103320933,0.606292287470394
3.26349095212732,1.11330044521767,3.12845382903613
3.03099083006543,1.64405160016285,1.54389574023896
3.07597944216366,1.55825593126587,2.44900270963899
3.23518388753363,1.19306172924184,2.62526655197103
3.22899169590683,1.20972050644085,3.41903962219777
3.14729456428026,1.40866887577978,3.34761094710974
3.30835849278943,0.971892565629966,2.46864144285826
3.4342601992649,0.309302375813278,3.0732783874926
3.36471440729733,0.753994717000389,4.00918064150475
3.19023581973044,1.30851308378923,1.36320419459715
3.20190959295355,1.2796820052227,0.798176355375625
2.94468071322783,1.79406426113526,4.66814749563276
3.44011970032754,0.235345540338233,2.54401223939947
3.01302552420114,1.67674931532748,3.48687928047133
3.26184751798997,1.1181063658353,0.870239839479582
3.2923586528464,1.02478562488268,3.17644264546617
3.3346883260407,0.877305445159581,2.76304954762384
3.11681716566112,1.47487688699055,0.37482405731915
3.30180450572725,0.993930622276004,1.242648866962
3.0410370171141,1.62539377889806,2.32050459691597
3.419584119359,0.443007366266628,3.15462304136084
3.44555075285869,0.134130851833847,0.142794589553614
3.08371936239278,1.54288235777801,1.69826377727695
3.31662379415739,0.943301480952807,1.133343903306
3.03220613141838,1.64180907919512,2.51776724726469
3.26183306878431,1.11814851756099,4.80967842635774
3.33442710181505,0.878297773320649,3.44427397871022
3.44496298566835,0.148462464326018,1.95027724004655
3.19643002510698,1.29330822719618,5.36615822567348
3.02573370803778,1.65370692808088,1.30727900974923
3.4251298448452,0.397865080007604,3.96983313730707
3.40257136873493,0.558855219716217,3.21557515965821
3.44809929149962,0.0205512018763336,2.75964348986858
3.38587168726678,0.652444628534821,1.18103434668329
2.97871769794682,1.73696630706447,4.94512217797321
3.15993369234514,1.38008338006107,3.72410164177437
3.13702064905498,1.43140229262826,1.99084067946433
3.29777022257618,1.00723514386094,1.62284704554448
3.19966703589961,1.28527893288427,5.0002518248036
3.25306756920814,1.14339952164804,2.11977100261648
3.1927486423026,1.30236983342429,3.28673581313679
3.30657267055309,0.977951046980445,4.49195792747041
3.03443371195503,1.63768834754649,1.6098934187043
3.11309416169003,1.48271906185568,3.96723673972422
3.41682872299161,0.463780717234193,4.60146049984601
3.33681611676786,0.869177357515134,5.01769646236091
3.0771868773406,1.55587017384535,3.31292447198602
3.42864464641342,0.366342687328862,4.46803885350795
3.32449400278729,0.915177961584571,4.97973564453766
3.09669653622915,1.5166679394136,0.811207604490408
3.26008591866846,1.12323233519979,0.793962344043568
3.28190779317805,1.05777706205795,0.988479264081163
3.1270093424024,1.45314268001007,0.54518348781421
3.31890357666804,0.935248696721283,1.39759992715213
3.25907634097485,1.12615828356262,0.824624574640038
3.1401794542744,1.4244592205085,1.32410763317304
3.41889247805343,0.448313840348938,2.91848683445761
3.41016581150235,0.510470580934188,3.13439791510894
3.1644394068895,1.3697205248019,4.96625862762624
3.2059064921282,1.26963563263994,1.18719077496783
3.4414839861459,0.21447388894703,4.67185315361773
3.0061374962239,1.68906732540045,3.69943061399952
3.21567301481533,1.24469198508195,3.65333835719887
3.15425643805723,1.39301019339891,3.34369826996155
3.25470207178198,1.1387385564197,2.07655787880213
3.19335931777477,1.30087176290354,0.160468844052332
3.23326106501992,1.19826289326049,1.3291785039211
3.25449302716863,1.13933586446208,5.24570342589343
3.37643280704606,0.699651752975585,5.02369746447283
3.41576390778094,0.47155911849929,2.53076068893637
3.42834292982335,0.369155565404301,0.263054035081423
3.38483611330798,0.657795988118575,1.8596426306284
3.26526209482562,1.10809499955272,2.41792414433876
3.37726957956348,0.695601367806198,1.41267923098875
3.16453190689907,1.36950680398327,1.50737216280576
3.20666232503669,1.2677254470622,4.14876992805825
3.27379778809299,1.08261679213664,2.12452576181815
3.18025138950308,1.33259602862325,4.97441952020567
2.92042477976786,1.83328398827258,4.98007043970313
2.93528290465178,1.80939916701588,4.2195489863794
3.44052459482565,0.22935036154004,3.70385233055009
3.22120221821406,1.23031188944574,0.581810388989432
3.13766647216074,1.42998607874942,2.06158385898092
3.3007464895384,0.997438563390589,0.990093312524471
3.41686587378866,0.463506932501778,0.938032652050102
3.40602802861473,0.537386401232458,2.6655744599179
3.04024608217837,1.62687271651405,1.27248629003521
3.3474319212949,0.827351562659223,2.74736361632027
3.35528051586257,0.794923729556335,0.56710252412568
3.03907672705626,1.62905608344335,3.81973559897972
3.05810590383363,1.59304719229427,1.22529565191818
3.43749023982068,0.271057055020304,0.0672508878815568
3.14205386974343,1.42031987790395,2.65047517401023
3.42829745194433,0.369577673744997,3.76888150903559
3.35635539125854,0.790373053379518,2.09184738566888
3.05150543459239,1.60565427741836,2.96705691484695
3.44121464669737,0.218752900081852,1.61528443887466
3.34082117622453,0.853653878588091,0.107284503355549
3.30312061763384,0.989548008588276,2.11747258383525
3.43522058241993,0.298447023870619,2.55724024829126
3.36142122613103,0.768543047886378,4.42837976732305
3.43491034829038,0.301996647574804,1.67794208617827
3.21882621391556,1.23651481210245,1.81256391594419
3.43861012804579,0.256459476798293,3.8915642412277
3.02556650271968,1.6540128214616,1.74370591069735
3.3016231165981,0.99453299185285,5.23791009064877
3.25706940673941,1.13194962592022,3.49509688884014
3.23500102825014,1.1935574653779,1.30300880819566
3.44505899746218,0.146217577409936,2.81188343155905
3.33195405285675,0.887633519866312,4.06946670963345
3.40923240742684,0.516667657289834,4.83265226411523
3.34073327324692,0.853997817889288,1.04593487010808
3.37400802305989,0.711253074697218,0.223744806016328
3.3771096550898,0.696377378608775,3.08084427965939
3.44704470937796,0.0877145796783621,1.49357792951801
3.44305263495434,0.1876156413328,3.03122525446282
3.30181780124672,0.993886453931756,3.68746163850466
3.32164411083014,0.925468247389487,0.238002219085255
3.39307891051272,0.613862022748227,3.64211244952169
3.25829567457485,1.12841498261305,1.69813726217845
3.40327543700032,0.554551508742896,0.234686980235535
3.30084356793599,0.997117252861644,3.35449931249806
3.436739281281,0.28041788181011,2.73824753570284
3.0912325106518,1.52777375322006,3.45592213377685
3.19695777333562,1.2920031236215,0.59566539863797
3.43451551359434,0.30645434051184,2.48576443139459
2.91732277781368,1.83821622394871,4.50888659279255
3.42874779840834,0.365375985593911,1.05592584754524
3.19747143719268,1.29073137572297,0.588963575263989
3.20918442199758,1.26132724601777,3.24809599577179
3.36492688193793,0.753045918354385,0.340617917417986
3.09578815935462,1.51852123736827,1.80795680141861
2.97247183841119,1.74763332704294,4.06126563364848
3.15010447250597,1.40237401866857,3.49936755613801
3.25773692224201,1.1300270887903,2.36617795690253
3.44746060050487,0.0694729005103233,3.33998541625186
3.18876006072911,1.31210531247977,5.01231213137046
3.34989002637595,0.817341964618041,5.12023116351715
3.37204064659284,0.720522694760215,1.66824916344878
3.44558940133886,0.133134343127708,4.84850176933753
3.34498940085678,0.837172015833392,4.63006832307097
3.14988135782388,1.40287508623267,2.22422133073139
3.24953844138109,1.15339108455256,3.024833142792
3.36418274230288,0.756363373207781,3.25611220087391
2.91625502535105,1.83990969970092,4.31118397471721
3.17853909180636,1.33667509806891,4.24597632293734
3.41561640495206,0.472626332488046,3.87262602210387
3.41737942195427,0.459705299449849,2.84224863451634
3.06769957850963,1.57449368749149,1.22298318634222
3.43695967913351,0.277703510869506,0.879444763061447
3.38830675934768,0.639678341432281,4.35877123398256
3.43985791250693,0.239141417789103,1.11396036181178
3.39196562914056,0.619984069688778,4.78391968687406
3.29927432485967,1.00229736369031,1.44197076787217
3.21220303320463,1.25361985841392,1.79651671047672
3.38954730415618,0.633071993399119,2.58355250064824
3.29796780397991,1.00658801892863,2.30132644442292
3.42091816256744,0.432585252817262,4.50589448648335
3.19381084680148,1.29976280558876,1.91047072258344
3.37120610782196,0.724417320694827,0.966137384566438
3.29399564700651,1.01951152687987,3.79874811145252
