-10.4901953238171,-4.1884576902691,5.65581744735281
-9.43145967777467,-3.52173424453168,3.63356652881634
-10.0601112615333,-0.953848835531349,7.13961446146606
-10.1234492741822,-1.58477379417736,5.74961687833354
-10.1618772427039,-4.69596637737367,4.92199922803614
-11.3395692198293,-2.5916921927119,7.11991353057211
-11.0548962620718,-3.79871418518666,8.05997636346197
-10.065654901749,-1.40909697868971,5.0624177145111
-9.24286919225726,-3.77938637569292,2.92521571521512
-10.1320893678578,-5.03454752891356,4.61057213122121
-9.50847283647183,-1.47610148652413,3.96095733784142
-10.1277474451049,-5.01363130191008,2.37822152367403
-9.93434297100083,-0.837460049393022,6.86028978143837
-9.18646480304556,-1.7057283012898,4.15405224140805
-9.72128944067358,-5.38163905653695,3.21104390595393
-9.04472938917378,-5.91683164336113,3.15057620656754
-8.66817884027597,-1.73969999674687,5.28517245399982
-9.134237191012,-4.68597799946306,2.00931285636021
-9.59739741988385,-7.29237338056027,1.57914836822985
-11.1450388772805,-3.41397406912881,7.08009485969901
-9.66116100068964,-1.6138000561118,5.56417532500957
-10.5140475048004,-5.14684833153304,7.48446463772838
-10.65337684008,-5.92924067817694,5.49215007533224
-9.71540038071298,-4.69089360044051,3.65702090628691
-10.2576376590783,-2.9266083391673,6.37927375048867
-11.0555563752384,-4.05263829655345,7.89175649343551
-9.56245784578725,-2.618722148657,4.61061063884275
-9.78215303278587,-1.62444239987787,3.59767632876169
-9.80866701330504,-4.58180877444986,3.86117854115784
-10.6156683048797,-7.82559278933318,3.21472492317089
-8.59789879614509,-4.65141769929718,1.80264460839751
-10.7723098503839,-5.43978583516237,4.7663288924347
-10.535322795155,-3.21092999667765,6.97767975009074
-10.3522772745747,-3.21165125235298,6.45719066829622
-9.09235355148128,-7.38903921326031,0.0796383774507926
-11.088666800533,-6.66091427009869,6.26081505530457
-9.67622023029741,-4.70023103162968,3.53946091827102
-8.66872491642041,-1.31510697108728,3.88233430219541
-9.56019076041427,-1.58973640075026,5.97201030790225
-10.580081261171,-5.26887350835591,5.72628548789722
-9.66106899208078,-3.56194005923581,4.25892097881363
-9.40145835857738,-1.00614432443244,5.23344553655434
-9.70147986006406,-4.37133443184455,3.83153657058583
-10.4522048784314,-2.14372543683919,7.45643789616763
-9.68532253964584,-3.32013193360881,4.48980087933266
-10.1791040224316,-3.59692119630602,5.70715114459236
-8.65543289777015,2.12106922263145,7.84571591865527
-9.82337159682403,-5.94801651497557,4.81508892207361
-10.7946795709204,-5.5440069718192,6.15162576796957
-9.20291032434003,-1.10544978343541,4.60287783156575
-10.6694397111531,-5.85401346051396,5.5881745400701
-9.09760344728624,-8.23458443237268,-1.66788853418309
-9.05910887865502,-7.67007021099706,-0.203058086530934
-10.688516734314,-5.77638813605697,5.69436818685076
-9.84763245529864,-5.33244409332192,3.60292023611454
-11.496280199223,-5.0883421496186,6.9039774554592
-10.6759479331255,-5.92836031310531,5.55686102366577
-9.7634654996534,-0.0237540090470674,6.91992561699636
-10.4541471536775,-6.35020415718896,4.64417808862585
-10.147813564494,-4.53373072151655,5.64100164141572
-8.88097506044496,-6.95875586067052,-0.232625209323403
-10.3466483752659,-3.44244270172804,4.47599638848326
-10.0096905843217,-5.34888334848999,4.05229191930873
-9.82536072087888,-0.535432679336305,6.75300481825238
-9.27773085710271,0.261374067921657,5.73102115391996
-10.1973272073135,-3.05283711680894,6.12338407099266
-9.19335880888396,-2.11506861151305,6.31635212250207
-10.1753986551376,-1.35206373195667,7.20037866437858
-11.3537541342403,-5.83086292898184,6.38136274549261
-9.55416663122707,-4.49318838956872,2.21667674576807
-8.64472787195873,-1.4463359195243,5.36416736469065
-9.93553885200206,-0.230666783880504,7.27015735049579
-10.649774228582,-7.03200021844093,4.2985835548008
-8.72919890629058,-1.33878956263719,5.12059452084162
-10.7103460920787,-5.58365766074974,5.21301654267956
-9.4434747689722,-0.926306683729763,6.33325621859941
-11.2186230058952,-5.69473109491019,7.25502297139904
-8.78602200756328,-2.67400626953251,5.82886905990059
-11.5159872633839,-6.58623892554371,4.81324812248611
-9.30472328983202,-5.27434898622512,2.09950950335724
-9.30256279885753,-4.24010587982425,2.78617626502878
-9.80169589924591,-6.04968559405555,5.91617492788676
-10.8998160776496,-3.04768674641528,6.40552597803009
-9.43660563186616,-1.72671037265715,4.85061109856555
-9.16673508705935,-7.32955185868988,0.330794160286152
-11.3106177799584,-5.13543002320353,8.95950504253681
-10.5002368489671,-4.57381228601605,7.41932283198132
-11.9336928166226,-6.12959587328755,6.98204455785146
-9.2835608233907,-0.656239586010016,5.13290496012099
-9.72885909137605,-5.68734994915918,4.82229415344354
-10.5549259194085,-4.53790257256538,6.14447544451106
-10.1187895011697,-1.73769148196973,8.59118609841618
-9.6352760508381,-1.82832593571127,5.34693629775103
-8.95193135247211,-5.94097935648252,2.79888218605441
-10.9582622907076,-5.43645253159043,6.68838776798032
-8.59651204030897,-4.18659347807413,2.76076900174123
-9.72681549835269,-1.65536952814712,5.94439567761551
-10.0961717549089,-5.59340382503456,4.134176478155
-11.8669303751976,-7.08718554530832,7.60400766821777
-9.38349779968325,-4.57589030540973,4.40509202085772
-9.17549436075313,-2.85886957055732,3.11813417014373
-9.08870589956812,-6.32648309907605,2.99386038416736
-11.3373537905896,-5.65590142367769,7.61833069586146
-10.5473567868169,-4.88080382808401,3.3300644329534
-9.96902699424639,-4.98839193173167,4.17825350430648
-11.461252932058,-6.9986113269308,5.37326984064072
-10.3031881860868,-5.83769251289991,6.92674439504942
-9.93462040878966,-4.14244524418522,6.85961762526192
-8.03338158025595,-7.39232956893593,0.26996130703887
-9.48492175428775,-2.28798428155021,4.61189186812199
-9.06530485212698,-5.71454914786702,1.12448106586865
-9.99412728543509,-5.11088154659024,4.16750817158829
-11.1701108185653,-5.06454321343659,7.53934834434601
-9.78272707661347,-6.28767151968547,0.747957613842303
-9.88362640698347,-6.34873309587283,6.03413391773365
-10.4167023694874,-3.5851011315779,6.39005165837796
-9.54330593769189,0.536879667664344,6.67003353793885
-10.4168777220281,-6.45520070177027,3.97303183608609
-10.1367284433999,-0.797928074407603,7.46171886391946
-7.90901805364221,-6.90044958692992,-0.410927967856494
-10.540092866487,-4.13851115734451,6.36987565256111
-10.3687523197121,-2.80233498142712,6.93996235205036
-11.2366993076055,-5.47034347639458,7.45668479961555
-9.21138685682865,-0.712914052930698,4.88990482073231
-9.61030474196705,-5.28685227251117,2.95924683008259
-11.2206453689509,-4.43281405351377,8.10608367126858
-9.27126221526833,-3.51754352811999,3.18127584997848
-10.0638492406914,-3.71163842299537,5.30288374197114
-9.745615269292,-1.00310348247205,7.4496443207943
-9.81879903607137,-1.41466842397072,5.9572800115487
-10.2635062173497,-2.8484897999918,6.44827444040751
-9.57196995195444,-6.08803372650433,2.3136589148938
-11.2758148194965,-4.23255719332625,7.49539524722884
-10.2864478951256,-0.91280490666439,5.34172686681
-9.96483275809319,-3.66809858079328,5.05075805328688
-11.0611803492088,-4.16696955103603,7.83114676022471
-8.90358842482652,-2.48672128003817,2.41826066684932
-10.0781073927827,-7.89485507491866,2.73458602377292
-9.76933770325141,-5.23017453303032,6.82757640593714
-9.16828109066068,-6.73385061919349,0.734226204874071
-10.1199340474027,0.665744700066065,7.4461580731804
-9.52346825910571,-5.1429038187346,4.31767134263425
-9.41282140793343,-6.83324361365285,1.78253073602586
-10.7933352519507,-0.0987927298481557,8.04398792420758
-10.8714112380004,-3.22646562671181,7.92205177538561
-10.1804311741968,-6.88703719502992,1.90156755394695
-11.641862901201,-5.17915889927665,7.60167285947725
-8.67523848889344,-1.5637818404442,4.38186299439231
-10.8343547346275,-6.03629672600789,5.16262931368616
-9.95126232781155,-4.07572397905293,4.81371693918296
-9.90933904862882,0.0586417664147216,7.38952547872814
-10.02977658782,-5.69103956675876,3.88015450526924
-11.41620931477,-5.21804234214159,8.13565483173513
-9.39608607602259,-0.925506147183556,5.27220043825947
-9.90875837004775,-3.82023691180798,4.78954648847337
-9.48900186691518,-4.01848787578185,3.46427717125237
-9.9707732844693,-6.40512809019894,4.46933016588781
-9.31654411928102,-2.28203384026409,5.84907129280934
