3.32403121745289,-1.71994389884154,-3.85131442570938
5.14635565172828,-2.49107532759542,-2.39186790650153
3.68732026980853,-3.069919395682,-2.90671276924151
2.21867433124515,-2.07785595113268,-3.49037323204449
4.35250768828274,-1.80523420388468,-3.38256845438922
4.00491218785161,-3.85641056578501,-1.63288096613812
3.0736397673231,-3.42554900004259,-1.81976957785153
4.88217074783698,-3.30053789868049,-2.04362572214933
3.15117166488465,-1.26600444123591,-3.61489842930005
5.31527271525662,-2.83942641799961,-2.5140450740106
5.50464046359906,-2.93791822575536,-1.96177774478148
3.70489680471183,-3.47583425633545,-2.72192305935287
4.55024172496454,-1.89443482829809,-3.58548407670744
4.56457930744751,-3.33384589971459,-1.80835919573282
3.76332007589159,-2.1160895105899,-3.3969740658864
4.22674071864942,-3.67832256566418,-1.50697760420466
2.88983821386978,-1.80288134264555,-3.22421698279161
4.32782082892667,-3.33371122904353,-1.94292463530219
3.72033150454753,-3.52856017277505,-2.56979982053752
3.00586264262794,-3.71030698069629,-1.88649587141594
5.01037704728777,-1.78796619471385,-3.27579394562087
4.76230548612415,-2.1770446921569,-3.0578921936435
4.7890177457588,-3.00095576531804,-3.11647042331053
4.04766029335218,-3.12346227196778,-2.40349833539501
2.18207897226335,-2.07107631368104,-3.04595133594631
3.59368444867972,-3.48509113911165,-2.04902772431694
3.36962223735908,-2.965764966744,-2.70981328471624
2.7375444400451,-0.207982128058391,-3.76845936052815
4.65661135948541,-2.49592111049593,-2.66967632499225
2.62816493311032,-1.88297478874633,-3.35791866614465
2.98274897131398,-0.490177568223717,-3.90273229878108
4.08160599586551,-3.45072713519241,-1.65072282522983
2.84882501240817,-0.555714974318776,-3.72952424981498
4.16664729113276,-3.63005922545294,-1.7588162607122
2.85206483151919,-3.72367630763099,-1.93766484648505
5.42853513802986,-1.81372553233494,-3.4536447802847
2.72420524154489,-2.24025204493742,-3.42329707919111
4.77639787384361,-2.76745035064568,-2.96174485451267
4.67668990010627,-2.28463492430017,-3.36931955935933
3.73077304726393,-2.19602939893567,-3.35770754050444
3.29483993057604,-3.51842095086349,-2.18477074265363
2.97181084364086,-3.7223172636536,-2.06244367412343
4.20939339991901,-2.34708892789766,-3.06979092726509
3.0710920967861,-3.31649613321375,-2.69809471488477
4.14499218465079,-3.55688780328068,-0.872826787317045
4.45210995013614,-1.75101617354892,-3.58828483213844
4.5607975569707,-2.57732932116654,-3.04444608406848
3.75079400518436,-3.66244368257864,-2.08395999472105
3.89225589700518,-1.72819453667742,-3.93537154462843
3.96081509972089,-3.55147863399138,-1.70348578081942
3.96650062272385,-1.45764625141735,-3.49931982688281
3.84077170535473,-2.97950164371149,-2.65133839747193
2.97294265262373,-2.69425681417017,-3.13199629189975
4.95630316345687,-3.3817800110734,-1.47607208320378
4.9331758819007,-1.92822708992622,-3.1969059215932
2.64794739429028,-2.42864262438108,-3.26640746303366
3.54692614659619,-2.62934409757,-3.4326468908415
3.12120932790736,-0.509219607472419,-3.81034472240946
3.56399397324984,-2.18732083825623,-3.21253637451125
4.81907512380971,-3.57676582018011,-1.05718874728144
3.37982592020856,-2.39729984291085,-3.1864112612528
3.38373104679723,-2.33712024622363,-3.06334496569612
3.45977855637553,-2.60789494522168,-3.48377095198834
3.33363563448849,-1.09904448313049,-3.70729484021041
4.71544420727609,-3.59249525876081,-1.07939877277958
3.25155932146009,-2.56106476046977,-3.11456950745104
2.07893726035072,-2.32017725908957,-3.11705082845554
3.42360926070144,-3.6950955878892,-1.84956876089137
4.21138739037105,-3.34053123001041,-1.63398472735253
2.98239386173597,-0.57030715101424,-3.57556791908382
2.74466354016195,-2.29909122427612,-3.18273002369563
2.56783500398447,-0.934461682611005,-3.71586516214757
3.63024693583659,-2.50665356882946,-3.40112428035724
5.45633058509151,-2.4965916483908,-2.93014298818801
3.23826679388156,-0.26429379783913,-3.89714877558923
3.05386025684354,-3.01037593775678,-2.87024190067484
3.53368646358029,-2.24480281956478,-3.19264240328554
5.20137619498043,-1.97682158627702,-3.28216721933732
3.86203801941524,-1.47126831817166,-3.92969018894318
2.59582151460855,-2.44699031259233,-3.18650165003085
2.20104107709173,-1.92136505528367,-3.23928661131147
3.13158130649291,-3.13506173887595,-3.06857661944543
4.54780119160623,-3.29939951692837,-2.30553876198586
3.71066213037492,-3.08031794889802,-2.65339623297972
3.16175221722389,-1.5641271959383,-3.52498468466543
4.19041852169363,-2.21161997730335,-3.16554533682141
3.14543072569307,-0.622785229311775,-4.01295350368779
3.09664925971849,-3.62045997002452,-2.15560753352477
4.26184129271051,-3.41736238502827,-1.33185933208811
3.42533561673275,-2.45573693450979,-3.59652265780339
3.09570625456278,-2.94251957870093,-2.90861997011489
3.24477165514938,-3.76177900735456,-2.52170362089809
2.79557823300937,-2.68793783511912,-3.08107250879074
3.51328312964082,-2.21300438418067,-3.07160616275041
5.19357304977732,-2.73363133802739,-2.38305133297344
3.03668623768079,-1.31982838724713,-3.5823116377256
3.21586741365604,-3.68665533864163,-2.46670987943951
2.80861672500703,-2.25429592634229,-3.39503399035123
3.32669663503034,-3.24439019038789,-2.51212695308262
3.0400523381926,-2.34574520490068,-3.0542073568916
4.1126272161112,-2.11830995625763,-3.40418075869534
4.145430312652,-1.86394241702511,-3.3779741973841
4.31534240117512,-3.3663495930592,-1.39791545017687
3.31054660064681,-3.18090363552293,-2.64229587703818
4.17146345620793,-1.13303914219937,-3.71917124639904
3.55872468209376,-3.46540398743876,-2.58908740567921
2.97728883745324,-1.48506932787822,-3.69061934877717
2.90981901590371,-3.59920616093852,-2.40395497791142
4.72907849184104,-2.77792782242212,-2.72928457287714
3.12807563006441,-3.87536795634528,-1.60155303750632
3.37216973426208,-2.76187448896727,-2.97125912685789
3.95456017384419,-3.29656639709874,-2.29032506286988
5.15195098848632,-3.63178330959206,-1.27516321295552
3.20859170796045,-2.34404939853514,-3.0850341513296
2.98434341922175,-0.581454320706449,-4.22678704068229
3.54916534944421,-3.41067003129205,-2.08591478063814
2.7333250786917,-3.51512160669032,-2.21748943277561
3.67599481198812,-2.21322317427242,-3.24874401017119
2.67451049107137,-0.162802409501082,-3.75563450701145
2.10164484915095,-1.43110624377614,-3.66226035881711
4.32368553917968,-2.93756522989848,-2.12058242773622
3.35089085172571,-3.70017758408393,-2.10291847626911
3.52691816442772,-1.59809213180973,-3.78968827740082
4.2774682143371,-2.48580707552718,-2.94918345332845
4.32602242477947,-1.61433364174552,-3.48830864227309
3.24316455157162,-2.57380845587085,-3.53964788139076
2.35712609160391,-2.39550082512363,-3.18724925933779
3.43045867545688,-2.3767050189885,-3.19137366248681
3.06795988988483,-0.956717719265827,-3.68611631943475
4.35792442075002,-2.29572676865776,-3.07129413165455
2.43166042896951,-0.966954328267644,-3.62415553684981
4.51315068876326,-1.26971687057663,-3.52633132067429
4.80786557388866,-2.25178349830577,-2.98766041989471
4.9965026707264,-3.29989821716877,-1.63498115082824
4.11481976102896,-0.962971221610718,-3.78716190758863
3.10176835053097,-1.09166690849314,-3.8606743377421
3.56133628604325,-3.11844750691918,-3.10751539445854
5.0802107138654,-3.35610781543,-1.57494206564251
3.43809644796597,-3.4977325066206,-2.46292445260125
4.51335794520002,-1.89919143445423,-2.9170829209996
2.92338592613275,-0.363796329281783,-4.22032709779485
3.91817728656423,-2.65648061992199,-3.24221104171895
4.07064389365836,-3.76449126452144,-1.42692761255084
3.62855899677272,-3.66169876160714,-2.03692360050198
4.59810234061795,-2.36604422172411,-3.22501342157699
3.42732830854764,-2.98954633542353,-3.24891335701966
3.40182885860484,-2.73287292395327,-2.8909615921067
4.38242095011148,-1.19370115957839,-3.73801006502898
2.57531606118674,-0.342095716956631,-3.62713880741911
2.50625890358075,-2.50157029250038,-3.64053979120484
4.02749452531312,-3.1529900420755,-2.42643767877458
4.46783799445779,-2.65775918848312,-2.74277472552832
3.81289389551485,-1.53689913504588,-3.6417910423991
2.61703681449991,-0.369149432785188,-3.89563969640787
3.18459281751145,-2.74785838884808,-3.28989676225397
4.82496568449903,-3.48379045480265,-1.0773222181667
2.24527852770497,-2.18916661821044,-3.28171972531101
4.55284693301739,-1.8664121372301,-4.04622230895632
5.12774642154825,-2.58307177585958,-2.57816146347833
4.93264245734881,-2.27771378710483,-3.68864331350367
4.17871136092336,-3.23499277041362,-1.67367929583809
5.18675102407007,-2.81426120448469,-2.2871590383314
5.46402227104817,-2.87632639879174,-2.81254243675022
2.77053987034555,-2.96612917502109,-3.11810426152548
4.13742540113974,-3.8255816136634,-1.22557012529583
2.16662916741206,-2.00996272534598,-3.20965768872992
2.44571926778312,-2.15990796015772,-3.67135330536009
2.8241138646778,-1.6151492141811,-3.48964459365408
3.89457413225332,-0.773362603018101,-3.84528538374759
2.47273556707533,-1.47764013819656,-3.50796717882437
4.19334375548434,-0.765975066880712,-3.86372367158124
2.41126031063234,-0.387660226552277,-3.90188367701401
3.38900785164109,-2.88195231669559,-2.93360283649524
3.9388934841204,-1.83081236661104,-3.93118820728536
4.502663347742,-2.72246831108532,-3.10615113936982
3.46900950212428,-3.3113586841375,-2.42222403093443
3.66915168027037,-3.24905728023265,-2.74166672401191
3.3058066867135,-1.79118129601889,-3.25771430901542
2.46876488909629,-2.32966009775159,-3.42569105704209
3.25098018719345,-0.792895266416331,-4.07468050374684
3.16896175639816,-1.19679386682072,-3.70884612419274
3.24611801481466,-3.36100744984788,-2.44653054425879
3.44353863675992,-0.458939359928614,-3.88839787370877
3.64270902402481,-2.94911437816824,-2.74963021116174
2.77972441066066,-1.47152376624065,-3.49515618674658
3.20325643021551,-2.41152816020023,-3.19646000998743
3.27510740947978,-0.559384519004952,-3.70785476132358
4.30921549257594,-3.13342967791254,-2.26940663514079
3.49227018590348,-1.89176523916355,-3.46456584511238
4.50075457811736,-1.26599522020612,-3.51612930358143
4.77779304380737,-2.04777290896907,-2.89307986437754
3.29327675575978,-3.06789333678846,-2.75618763913052
3.36856358117755,-0.797444578294543,-3.78190987145982
4.97195791775477,-3.46871928652939,-1.42256111655528
3.08784153657576,-1.7021690560198,-3.74104872898693
4.40794188356742,-2.46470987204288,-3.38394722310047
2.78214216422011,-1.64717880539796,-3.91169094399591
4.84114766499372,-3.41699652835988,-1.58638042065739
3.1526525358979,-3.34529491951592,-2.52143217009666
2.13797848155888,-1.91116368396476,-3.22507135710704
4.40467024456401,-1.84740327273326,-3.27673254548021
2.63174014577228,-2.44658363244907,-3.7838302834804
3.69502285589661,-3.68830187988597,-1.84250740634547
5.15817509576882,-2.64832371968074,-2.82474248178674
5.03126731886055,-3.15146635269704,-1.87512230300796
3.20887851711092,-1.02320273375611,-3.6012918337758
3.55521123747345,-3.43210698733255,-2.1953744573798
3.01687426164028,-2.78313214677,-3.33512064756468
3.8012214604597,-2.60870403927634,-2.97977847437989
3.31498538856488,-3.53890534308772,-2.37376844039906
2.4632501657929,-0.971028939180176,-3.52065338445301
3.44164614858622,-3.24541411280529,-2.16979222660319
3.57685675514331,-0.705799511810852,-3.68825037186219
2.70437108166523,-1.8757638848981,-3.37310662310444
3.58837165090634,-2.65065074287151,-2.97273799159993
3.51296371534614,-1.37512418164074,-3.5711156257002
4.65803261425507,-3.12362544695281,-3.03429616715983
2.74861665014538,-1.25735430625547,-3.9716594124391
3.11872161836131,-1.6775009983569,-3.77183237791943
4.66499713559628,-2.88092075366435,-2.19436614551151
3.65467650278953,-2.88923319386946,-2.65094111942576
5.20084675187966,-2.32424823822051,-2.80580969441951
3.04058905765512,-3.34940412736184,-1.98863231826456
4.14971777588573,-3.21417255737453,-2.23170266504058
1.80678368843674,-1.72455883034948,-3.09610551850347
4.3179057260224,-1.6950318359563,-3.44712402115279
3.64967569094889,-0.739867244304886,-4.11690066320946
3.66713707560952,-3.45828139139579,-3.11825816196667
2.87493892636858,-3.20738564728601,-3.14741705066683
4.07374850141041,-1.35345309272045,-3.29162984237577
2.99121286463123,-3.26923993975775,-2.93162793994588
3.06551959102629,-2.58028265738672,-3.12566536515011
3.10795748306241,-3.54438706689987,-2.40282666390312
3.53993175960337,-2.79523560859442,-2.90736005164084
4.22556954976524,-1.37088863129738,-3.61412024852546
5.00186007244972,-1.67966462740035,-3.34830160158474
2.35594587206814,-1.27035535441623,-3.90754374032905
4.55345631308516,-3.86873106404993,-1.33108075398714
3.83073437925647,-2.93003977950126,-3.13036556136759
2.81592704962533,-0.39625613508367,-3.73124731198945
4.01283541567129,-3.37049405325095,-1.76866807836933
2.92409121436705,-1.03189508478021,-3.89063890882677
5.35763000108778,-3.52851157456742,-0.716137737612188
2.4717324867879,-1.37038777475591,-3.55008539810312
3.13892303027301,-1.72896835413014,-3.59036563311434
2.24524449493411,-1.89050999794577,-3.47002327527732
4.42206619670474,-3.6747171777394,-1.22204080790377
3.14747320900304,-3.73402021010122,-2.02876020887025
5.03683921991326,-3.06526601213429,-2.22916824617194
5.43656977628994,-3.22231939193034,-2.21402173017704
3.53956162198822,-0.921039082225939,-4.15862236505742
3.52820333452359,-2.68267971721488,-3.19530582072829
5.07800884746902,-3.13051956076354,-2.34902885927585
3.44646934968597,-3.41701338967656,-2.21847682044617
4.35079182783725,-3.63459361735399,-1.72233388022901
3.92729494740587,-2.28182713580604,-3.35363064229938
2.49217808182351,-0.481329573470999,-3.62674613286362
2.13155672957869,-0.425712355596442,-3.37143336350988
4.59609659651191,-3.25828049011403,-2.41464528057372
4.18081220927326,-2.20734262299305,-3.51504009742313
2.47780786412886,-2.43028586612802,-3.17978514295142
4.22062636319157,-3.60737427244163,-1.37464603797513
2.60560259352886,-2.12590411596194,-3.54635130089513
4.36919422011032,-2.23221392855667,-3.11353341635857
4.06737764361583,-2.27990967899243,-3.3478592867195
3.53841124885585,-1.52796603114704,-3.88647935336758
4.07879172472679,-1.41292976717057,-3.6024875269517
4.79498944435053,-3.26872212080365,-1.07535403892716
5.1799512146451,-2.94001077776615,-2.03552135608493
2.56095339528105,-1.771446536059,-3.37283452156052
4.593516227919,-2.75467116819057,-2.66051162175541
4.61110335769975,-3.2413192942585,-2.24928099777388
3.74707232748827,-3.57053096757395,-2.10915824301825
2.04810309495335,-1.26567341943348,-3.50611710502947
3.89180897410351,-1.49007761100673,-3.80493789274856
3.23050349696619,-3.19245585663959,-2.6601491034053
4.59925414750997,-2.38344595324431,-3.13123430005366
4.71424287601782,-3.16650482466364,-2.50686759556126
4.30877671282517,-2.3663556945593,-3.11494378919839
4.01889112201081,-1.73553505460793,-3.366980481829
2.55648393476953,-0.729709247866707,-3.8840718112997
4.83146113005697,-2.61519529899019,-2.59317584491407
3.26511235926037,-3.30828162932114,-3.05121483423297
3.28492881725891,-2.96873557007168,-2.64378444070932
4.91448554845421,-2.95826057855477,-2.22350511793718
4.1782483073781,-1.89439708035079,-3.41094562183672
2.69511960540966,-0.0152229170962204,-3.79207247239442
5.16564253044895,-3.24655738824513,-1.63000407088825
3.43389263096439,-2.50958912188621,-3.13313580075357
4.13409805634951,-0.968927608627603,-3.97832261073871
3.54692072301402,-3.546423609073,-1.97688496330555
4.07980130681458,-1.00834205413916,-3.83339085706198
3.05730711921405,-0.107361590654119,-3.98005808737931
4.46005900481822,-2.22283167265689,-3.0099217689284
4.68765338707198,-3.13433602557343,-2.08182938419784
3.60161726486121,-3.56174488141228,-2.37214703120403
3.71726957471606,-1.83584884228835,-3.3561769180987
5.2337886807036,-3.00683537176628,-2.30220596934265
2.44041628468017,-2.32328766639018,-3.18930545323825
5.11989110627851,-1.80536345874681,-3.23997495575319
4.96863340967728,-3.63905088014382,-0.740859579814691
4.05038000254041,-1.84121515699491,-3.40101588097431
4.20562841777058,-3.02295687494428,-3.035527191054
5.18010370894014,-2.8009783468799,-2.16555302789512
4.70267649441604,-2.97816706563377,-2.41281572976359
4.6497226426696,-3.73566818664448,-1.42838613074231
4.82333043862939,-4.06944118131913,-1.03742684036007
1.81827013034612,-2.21631105731102,-3.43342388068958
2.86196975715179,-1.51748012925565,-3.49847462609531
4.31013936518633,-2.68051455406858,-3.21358344786444
4.14558051415293,-3.37408282429403,-1.97143121290224
4.22197810834983,-3.89791789293723,-1.55900133603972
4.31284318711394,-2.64562019522046,-2.4070583484032
2.83099911762901,-0.728256128827832,-3.68595981417723
4.78561273408022,-3.51278854710008,-1.99078360026717
2.4486617724436,-0.965736717813169,-3.51658610975048
4.07630850783431,-3.53849683448644,-2.6332389348028
4.7110597890335,-3.79156762488189,-0.817537082233586
3.49972528057143,-3.02176859955307,-2.59949442492719
3.37278807914009,-2.96969275171533,-2.78847257466745
4.05070804758625,-3.64707051775297,-1.80739752004234
3.14314906834491,-3.02109929848624,-2.88973860343521
4.61876343945834,-3.48019414046947,-1.26422960856062
3.31365970848135,-1.80125376077476,-3.45188968675243
3.6891790307961,-3.49218387512179,-2.00653420391441
2.19432855630036,-0.832389770267887,-4.03151185460832
5.30397893629056,-3.02509051854822,-2.26930252931482
4.85291152023883,-2.33078948321795,-2.5809303271742
2.68555622200777,-0.63895540578814,-3.66251202555612
4.32195870431777,-1.64421535400285,-3.47331026328292
5.44534016944653,-2.77848416048419,-2.20873431969715
3.62909070034236,-3.43436867138699,-2.15090795986204
3.4927700172193,-2.33455481892933,-3.20630186245772
3.49685260818584,-3.14975664819601,-2.78260005849061
3.10149826836358,-2.15314576559899,-3.56023613319637
2.59505100235087,-1.17262226379839,-3.52058379460213
3.38987623990173,-2.25692442088739,-3.32005679602692
2.33562163678394,-1.3458209833592,-3.33123932625829
2.91675668463504,-0.46481891743142,-3.76887777029511
4.48802555521829,-3.38945512758143,-1.70282456569471
3.79341855439534,-0.677908544407455,-3.76242271577482
3.13115247722777,-1.74895964672397,-3.71856987034059
3.65231094649341,-3.43456490346565,-2.13769744120588
2.39590573144149,-2.52564598249181,-3.54969386684445
3.27578827487352,-3.68327854723102,-2.00890034592698
4.65888685105254,-3.3393190529827,-1.49292383543885
2.86057983972428,-2.21509696404466,-3.28343076114827
3.62500804282231,-2.7525088845579,-3.00727526856524
2.71289335826318,-0.676856814640666,-3.70496638491409
2.73291978394937,-1.98047086137483,-3.67394361964393
4.75294762972274,-2.77743211365298,-2.73363875009228
3.40304311829105,-2.21405488485713,-3.36883662492833
2.77607990197008,-2.72262488796019,-3.38433427349964
3.7946805300446,-3.12396834991826,-2.67987405553199
2.58141985806162,-3.99242576894971,-1.94794532285948
2.67287584699822,-0.540427860288369,-4.17865842781754
1.93139226781365,-2.14847602061266,-3.20941163262711
4.2081532013651,-2.72265681444043,-2.75072210881166
1.91777538622612,-2.75187691756679,-3.03119469217148
3.20757093556974,-3.2180225649815,-2.64256533131811
3.75801541683767,-1.2334327037384,-3.75373702849963
5.53859739352024,-2.90717589849793,-2.27623049200125
2.78019080081835,-1.21375405776528,-4.13930286388336
2.31605862043618,-0.529129135660793,-3.73485996407213
3.3888550904831,-3.11417812759108,-2.42956118770273
3.37525566495116,-0.60314829210586,-3.67703341477863
4.6193613234719,-2.14996407777666,-3.42892745408213
3.56181078883074,-2.60637420237951,-3.08936161871559
4.1390665672424,-2.6870279584108,-2.82358544068545
5.06874843320125,-3.48163770450456,-1.23976995129848
3.39339626141284,-3.98342923311184,-2.46155031917234
3.99712812318581,-2.52070787985553,-3.03674504508783
3.15614318162798,-0.833685930229205,-3.86984406597376
2.99501945892481,-1.3547732872017,-4.14682167858948
3.28080257566591,-1.79952407913712,-3.60126182011297
4.15565773922563,-1.46182828195011,-3.74486282704878
2.58470021358815,-1.68280757375837,-3.36079373380621
3.83667538241873,-3.43736158178596,-2.02852510374592
3.04210305930423,-1.29917373957208,-3.58897577881583
3.61753268446661,-1.93187925478387,-3.86462474673717
2.30826646357235,-0.907356526514891,-3.71628113153016
2.86019479870177,-0.937476164189359,-3.64509703817225
2.61402220822266,-0.142591343421955,-3.73757481080845
5.72379599178898,-2.83420898066204,-2.27284191882165
3.66199924679353,-1.21455537782135,-3.56236877475796
2.36945667532924,-2.44390657797605,-3.16002402214515
3.53297816709668,-2.92145298341423,-3.19815258841313
2.86389873630622,-1.36463574694157,-3.71349018716201
2.67563586483195,-2.48842181016155,-3.1767997397682
4.43502950527295,-1.91199258785883,-3.30754621394676
4.22492761640566,-1.47278322844055,-3.46420787890675
4.84763128435564,-2.16374906884851,-2.97214419092053
2.89104137527123,-3.06775703045102,-2.82294644813552
4.74846301501147,-2.35945256978842,-2.9354567410191
4.16435538918667,-2.5201728105432,-2.95307518015357
4.46959007873314,-2.08879622876058,-3.27788457265565
4.95036870022804,-3.45520676759863,-1.26794656733162
2.45940178004,-2.08512639510451,-4.01678363383221
3.30770010700371,-3.81065978298734,-2.16681601297755
3.49930442326404,-1.91022676002675,-3.57120444099519
4.45762771785752,-1.91554886713605,-3.37971070538447
4.5216754849971,-1.7151806672527,-3.48852230659862
3.59613658208731,-2.15535209658089,-3.28766593148864
4.12421664036811,-1.2458062815039,-3.52262109548053
5.32035525705591,-3.64695963309503,-1.15684873899735
3.40721636826343,-3.57374347307611,-2.00158541084836
4.36250803311452,-3.42622288533232,-1.38306511822059
4.23069897277941,-2.19629589575986,-3.15284478032797
4.2098591829187,-2.9623507769643,-2.84468778600993
3.87794225939208,-1.65246822895472,-3.50530552951978
3.94228243513411,-2.53551735610265,-3.08923866451331
4.23237928102238,-1.2858951785473,-3.84161323573668
4.13916403422087,-3.5258994682389,-1.29925368293833
3.58440197034932,-3.35321654821365,-2.11825205711148
3.50565602286094,-1.99693918362403,-3.19181850821068
2.98456272686645,-2.81781963018102,-3.00848290424622
4.83596076852675,-3.33427332939951,-2.70421822137963
3.28256377673618,-2.78602328189454,-2.97413791868113
3.20782183399257,-1.0219972320309,-3.56245952682598
3.61579489145221,-2.00698367747737,-3.35820984606157
4.56094067454088,-1.01740735012595,-3.13532798775833
4.37806604677068,-3.42915440724262,-1.72558349827994
3.96790524760108,-1.07568315539391,-3.74141592783859
2.65323480030743,-0.533354033241662,-3.62922152910485
3.30311098468518,-3.60554249484059,-1.48022669243383
4.04821226376916,-3.16818235950641,-2.42527200311759
4.59088809090033,-3.76842399712203,-1.66870941117666
3.23887235966077,-3.27992539096793,-2.3720395007022
2.57704890971545,-0.959256992410376,-3.73854887547377
5.6022890744914,-2.6767946527144,-2.27558775257519
4.52147836433535,-2.90923015217692,-2.45930847592331
3.99883765740487,-0.891083201191751,-3.81105148025157
3.98033422529035,-3.43225609815698,-2.0844490274421
4.28036289855009,-1.09645687937143,-3.42864105216734
4.98841846147995,-2.37377661233016,-3.22758756154233
4.39794073060048,-1.07968877052394,-3.73571214996413
3.15447927843344,-3.50991901448324,-2.27921591857049
4.409649413574,-1.84386394586265,-3.35202017756678
3.57749973031175,-2.50601246558347,-3.09571234311963
5.16137598035077,-3.46262379665556,-1.59545410266951
2.99491005313782,-2.00929930313322,-3.10370537825512
2.46342656813966,-2.51208051277591,-3.15303668408413
5.23707600709252,-2.87266807859087,-2.18827539578831
3.95768168056931,-0.82054790812574,-3.83444119187338
3.16372265785427,-3.3422140911063,-2.52039512511772
3.57362602824448,-3.6642976618023,-1.71146970372555
4.84600308790211,-3.02899870585254,-2.00369181720911
3.99850042120754,-3.16048866823877,-2.6961681315505
3.73651943435298,-1.57361567758702,-3.54370793973089
3.26714148892572,-3.38324841929571,-2.54048344605731
3.32316851356139,-1.27260788283913,-3.76540689136603
2.4954777120304,-0.707608325710531,-3.58420600750901
4.57103737317097,-2.70965146134624,-2.65595616028976
4.04248532129135,-2.30341025646976,-3.15532533892916
2.91819964361748,-3.27997966776555,-3.22526637013327
2.62635109564251,-2.520287601917,-3.22010605702293
5.37646245833014,-3.06727630130828,-1.8682551375955
3.9790259448853,-2.84887980737475,-2.72970713225762
2.85263337058663,-1.50737048671607,-3.67768336740521
4.56190776635071,-3.47997232778131,-1.49490284631626
4.97949728731465,-2.57077548700825,-3.11393822869908
4.36832388971313,-3.71720542674312,-1.53473943668155
3.17611878984615,-1.29487913809782,-3.57593855300204
3.00108842084864,-0.536869173809402,-4.35776684575392
4.7084182505604,-2.70721479994001,-3.30196039376345
3.50735456764188,-2.10895995236671,-3.12252570501235
3.68131464543787,-3.15518044939066,-2.86734685110723
4.31363129347843,-3.65763605679507,-1.70388611507002
4.73559408205156,-1.56378711660052,-3.32058024473148
3.55464332605628,-2.44535443053478,-3.17185310981327
4.85687737923008,-3.58302296794751,-0.887478377642437
3.22016108259327,-1.97116136465909,-3.38528454755156
4.72169819286963,-2.11382814782649,-3.61938579133622
4.2795825090716,-1.43358210708153,-3.58156963894282
3.08189604626413,-2.07988963350945,-3.34116593139093
3.87230439221416,-3.55517001058881,-1.75125845594636
3.49633065405463,-2.59308222207723,-2.92808342470339
4.67892302126955,-2.636964458077,-2.95570565319192
2.96753514815151,-2.21678517118051,-3.13414918265046
3.38706628462581,-3.68914062333806,-2.1615860751675
4.39999103631486,-3.39923903942458,-1.5572499284753
3.30318711698055,-3.36200823392591,-2.76486512831225
3.47210532038114,-3.66086717443454,-1.72455664979629
4.39163289265744,-2.15807621289633,-3.35417790193048
3.57740709225461,-1.15864632478032,-3.62135646008667
3.90588181080641,-3.20863542563913,-2.3567838550824
2.64952627010315,-2.07305864610101,-3.3085564818527
3.609647563621,-2.55622309275366,-3.12570854550524
4.22898492116048,-3.61707552088898,-1.33869629227089
4.51737099419801,-1.04195379436343,-3.74721056949309
2.35888052611262,-1.28183109362496,-3.42216414723097
3.800988773133,-2.91828506986157,-2.72514059633018
2.89981027994534,-2.76185484260999,-2.97828117665739
3.30755778755984,-2.36157887161307,-3.21194776278081
3.3533161623439,-1.63341718493713,-3.51499174252373
3.54926482944438,-0.92522801469799,-3.76718224719578
4.39845044646326,-2.73244224917296,-2.69544387466252
3.10197008747998,-1.03472560738952,-3.85057373107221
3.12827284667316,-2.43003985675651,-3.70979452537266
4.06347102657039,-1.50086352692517,-3.5640142748498
3.40477649249804,-2.85792489821745,-2.98361153486381
3.4025304294277,-2.37679433840572,-3.19455812769169
3.65110619522197,-3.4642495831334,-2.9328845337259
5.18313921407998,-1.79712661006886,-2.83469219847236
4.16773263976116,-2.53531719741356,-2.95641650633585
3.22396246753581,-2.29193090635744,-3.25105703739186
3.26132181105497,-1.5351959953292,-3.80030067874203
3.62138341093067,-2.36856653948322,-3.15852917066196
5.1818992734416,-2.12939375088333,-2.98014923215564
3.2974247696877,-3.3681614166592,-2.42558293926024
4.31791864638159,-3.54338479451645,-1.49163874022823
4.17639146922086,-3.03375237267159,-2.45785499679398
3.19263966036924,-2.33988812681963,-3.23094734882406
4.36510240933772,-3.16369521914084,-2.19926766269716
5.28992029617457,-3.15432529298043,-1.38384479761246
3.85106650110909,-0.959613956592437,-3.83798996791162
3.44281683089373,-3.6817144264728,-2.31406610234408
3.49996976014708,-3.38618789451947,-2.3670501442526
4.54479893616421,-2.75043528967599,-2.77701892062888
3.50659497618092,-3.80070135531996,-2.01519644854965
4.19246068061223,-1.05170107502061,-3.94595856099392
4.76879183955797,-2.65846165590294,-2.63506732783709
3.60293003208884,-1.30132094557244,-3.64568072303238
2.18104270486014,-0.79751035804993,-3.75568666843233
3.04012470486148,-0.832720240892963,-3.74464695712924
4.93200172091837,-3.3125445361553,-2.12613783757024
3.09133031353049,-2.19118286752048,-3.90508207993967
3.61147965791656,-0.906229479928287,-3.85240052258312
3.32394981294211,-3.50022658342709,-2.20226778182125
3.35165480891227,-2.36094031915778,-3.20809459861423
2.3994712084811,-2.24513706728172,-3.68845410956363
3.03088212550144,-3.02653878668316,-3.1054600486004
3.31607858965671,-2.30275876866905,-3.02895072155852
4.39197782449847,-2.14359624921093,-3.24347140170789
2.55485327252678,-1.5371205734489,-3.59259650016141
2.92880255797978,-1.19305661037149,-3.41006891172248
2.76342666568125,-1.6402098108563,-3.46257903193016
3.61189690704377,-2.79387739158334,-2.51030275985915
3.99441252822195,-1.92169203029928,-3.36539478445079
2.57799492816704,-3.33886223030283,-3.11727805234381
4.91588330206124,-1.94686365087884,-3.36073686798585
3.56702579643023,-3.42019665215849,-2.20929250223194
3.33676901798499,-0.646269805223018,-3.82781015888903
3.23232662954659,-1.0298739592367,-4.21251331430432
4.13346812887011,-3.55684695152861,-1.33052985239439
2.13432389180567,-2.24962597702195,-3.14975501126684
3.29724017143141,-3.50139259568609,-2.76455207314294
3.6871636532386,-3.57611442625942,-1.81809314544377
3.02245521043133,-2.87981616404923,-3.13162677881025
3.60619423543197,-3.79406792412802,-2.1282194591795
4.95897057215601,-2.8287135127709,-1.99207087931365
2.44977382075346,-1.48652719734959,-3.44449482986639
4.39497818747117,-2.60665249638083,-2.66752117279963
4.89758719261158,-2.30734551632409,-2.91622813384484
4.00715925064556,-2.94142156473888,-2.78383157430401
3.51298579174541,-0.312740646910037,-3.82714038792361
4.83507019417784,-2.42324743869311,-2.83552340531776
2.71021688336343,-3.54148679575949,-2.7955451221864
2.2423135810189,-2.38567421947685,-3.4449214080404
2.956885646046,-2.49816892336507,-3.17189842719856
3.89418969441583,-0.892934844711421,-3.67848349256922
2.99676539934471,-3.13893581095259,-3.08970583157964
3.58087568275347,-3.26476904867837,-3.0680393983295
3.21516610494254,-1.5300663368173,-3.91867724393487
3.39146331678422,-2.46827784653457,-3.08361199430846
3.57824613057523,-0.765611843303493,-3.80962167260184
3.49110992953756,-2.75344077618885,-3.27676462880667
2.65368042771846,-1.51915806990116,-3.46090590668177
4.56718087896415,-3.25263015545434,-2.47044728360461
3.30699300350879,-1.95323804777242,-3.25990800642565
4.67468346953102,-1.5730579552288,-3.58502674038609
3.36635186483589,-3.56685235676127,-2.04252996018813
3.50800897088311,-3.91418920335287,-1.79521958648074
4.08332988993512,-2.26224719638271,-3.15406455005777
3.25328061027134,-0.901955804598334,-4.01815382610262
3.28891251337701,-3.82865367743728,-2.38169858303173
4.14711047059118,-2.88020506797761,-2.83938144265805
2.69096325301114,-1.96273038315423,-3.34644145456208
2.64359160145897,-1.13976911007653,-3.76976312165611
5.74662738256733,-3.45521466207531,-1.58928937232208
2.70415952472408,-1.7638131694269,-3.42829023471385
3.51759884868875,-1.92572331304298,-3.32010231439927
2.580804682707,-1.86100247047141,-3.63902015745107
2.78714900535858,-2.03725019694439,-3.3366840642057
2.46201463799147,-1.39765181014203,-3.43223215272843
3.49225804566479,-3.70132978321105,-2.10390242903526
2.99196782918478,-2.21574308097653,-3.31727910310481
5.3509189564395,-2.80977171592612,-2.29360041957606
3.54827204168809,-2.99907710206535,-2.7935992495053
4.2902032388983,-1.96168413475994,-3.30204699973608
3.81088097650564,-1.87030310523115,-3.67168805918337
4.86929499758733,-3.62406982903056,-0.865756663299627
3.14432979653328,-2.38081097472498,-3.21504312590079
2.54191369688893,-2.84024768501952,-3.25093200294186
4.11347740281792,-3.10629981442849,-2.22574947125218
3.01037655913097,-3.19012133413983,-2.62833875629355
3.80160246882787,-2.74124338160071,-2.8785777063427
3.09736514394163,-3.62630824397895,-2.23172172674222
3.79504851022153,-2.75441185051522,-2.86981559308617
2.92113773552768,-1.50016440449603,-3.68113487079132
2.29149263466703,-2.3310283153472,-3.04770115906071
2.42147110970789,-2.46461676403134,-3.3450413712343
3.66137377497107,-2.35620893249471,-3.11494535115466
3.11219895736803,-3.37976734671064,-1.68616491195701
4.73431259628348,-2.89247586224812,-2.38872055762253
4.45472522760948,-3.19459963824898,-2.38218148632348
3.55250524137302,-2.32827728200006,-2.79317779978379
3.97566479082633,-3.32375936396223,-2.15152356719375
4.88513664341117,-1.62418517100078,-3.40416598284262
3.92267588830747,-3.49371894257244,-1.8627878938385
4.17175611045318,-2.98964133103327,-1.87938707387902
2.7756622465091,-1.53285787631204,-3.80624398596981
3.42771604247398,-3.68310076331809,-1.68238085516473
5.28774905657373,-2.80916735069363,-2.09177489155193
4.05642376766151,-0.773343402775706,-3.85612369704983
2.76306124681268,-2.17487075661093,-3.60494174155302
2.82454082289034,-2.76449322454479,-3.05642778704898
2.79376670570077,-3.19338380918761,-3.33378258010174
4.60893570096435,-3.9177255554644,-1.53235586054694
3.72602153595811,-3.17129691097424,-2.77699753949907
4.6329364892668,-3.43924128700725,-1.1723313130743
5.22096138456287,-3.41637428833701,-1.4391472629331
5.0952119366135,-3.11120487409251,-1.90757859954919
5.17598944773001,-2.68497171988216,-2.62385216111372
3.04472006353453,-3.55086102850164,-2.75217916904086
2.8692104659572,-1.97105988010095,-3.73928362890666
3.69679034197765,-1.32458815551525,-3.8774272920064
2.2849413789517,-1.47911257197333,-3.05969867463462
2.0703704606168,-0.659815411052074,-3.75288820193043
2.90999715459662,-2.5620771639925,-3.14563213398846
3.32617567475469,-3.09747256252006,-2.70063756141174
5.21015612345258,-2.88247229297174,-2.73357394436386
3.51789902085805,-1.26374148171419,-3.73180647880078
2.80485547145452,-2.33279446508778,-3.9785787590513
2.74782198063202,-0.394305894979385,-3.91694222603667
2.83094394832131,-2.0636004015558,-3.05798258253729
4.57379734050939,-3.21292003765882,-2.01676306414565
2.9475738900539,-3.60433202562419,-2.05788062041364
3.12194929615505,-3.09344449183086,-2.74394176368844
3.36501296465021,-3.64212326936354,-1.85405240437154
3.93242043443202,-1.83786192905623,-3.65106784311393
2.52750894742527,-1.26631522965744,-3.76241929576569
5.44972823021994,-2.50214896364501,-2.54015180184025
2.95486204434373,-3.57464648179385,-2.46724216844647
4.3662553177718,-3.03093081100627,-2.55654807196406
3.74558438697672,-3.28090805842645,-2.33300724915609
5.12512529325109,-2.6414988696438,-2.4302797437727
5.38257156489407,-2.80975156345068,-2.204556272989
4.774160808101,-2.71945541068443,-2.93930401306727
3.62804016124907,-0.424137102628682,-3.92778972115063
3.07956940186791,-3.54830293604029,-2.53346263954978
2.26009878419839,-1.27631404350346,-3.6370857049808
3.15453346831519,-2.90553804828112,-2.88837266706878
5.15991414721971,-2.19582253412893,-2.93143171301751
4.44729135523459,-2.7565576468417,-2.65399172095629
4.26092710334158,-3.94058988498037,-1.38343987343165
3.53256339209701,-2.64615401552537,-2.87805150150655
4.25166473725869,-3.22072403131159,-2.11943670247271
5.18470648308383,-2.90904477514917,-2.19228632571062
3.33473671678555,-1.26037088751389,-3.77728961447369
5.12917850659741,-1.98007558927893,-3.46143214056282
4.19259499423006,-1.3395251798699,-3.7022088951539
5.09503153681203,-2.45336269363339,-2.72073660247148
4.70029453895822,-1.60105794932432,-3.44751927715294
3.25129370391468,-1.50214591999423,-3.97720284158543
4.91678578537879,-3.06673509751383,-2.16023452899542
2.80195686829405,-0.329814643737016,-3.76426927583688
5.4784133191846,-2.64954621219318,-2.09482957715935
2.97433424200702,-2.31295709808431,-3.24938763589561
5.59501019492009,-3.21285057142525,-1.96185489783345
3.364952871266,-0.302486879500098,-3.76717248038181
3.95150224733664,-1.20952747513349,-3.47111369345751
3.91517767319252,-3.98874268830752,-1.69313357390688
3.16854834976592,-2.59841205863363,-3.10495207949255
3.89226001671434,-1.17982943440316,-4.10030467755981
3.17059392305177,-0.835495083082853,-3.73771706080273
3.24827655979651,-2.87755176435032,-3.17262820559451
5.26929300550744,-3.61151816282603,-0.510801357707704
2.84670766740456,-3.66142352007547,-2.05006775949608
3.91104669373183,-2.26734229817478,-3.56891782754825
2.97036794132973,-3.01602553019211,-2.8084536931302
4.97612683110244,-3.4454835566569,-1.5302840163639
3.13615457960557,-2.4440839033075,-3.12528762438509
4.04169448055739,-3.58148483603523,-2.39512134221539
5.45310860940739,-3.43040883283597,-1.84995407655982
3.98372161101924,-0.749926297157935,-3.86069835267965
2.47607561611097,-1.06869186584932,-3.58904243149729
4.97001789592002,-2.77233814011195,-1.89271101616731
3.0984660483853,-2.10547580584056,-3.33170990436919
3.39448352407925,-3.44633180827916,-2.25796675080952
2.58997456943311,-2.27588865202271,-3.48750785160455
4.1580028364565,-2.54530203609896,-3.41963468394791
3.68003581142887,-2.34935565201986,-3.53374157052396
4.03741321414216,-0.681895801145397,-4.03842176781639
4.42799802157913,-3.73073996814455,-1.64990821697057
4.32212178421555,-1.84415179734507,-3.36501558999213
3.77771230894079,-3.55809161635957,-1.60910148180521
4.03600827859527,-1.45844707026296,-3.47487510100255
3.60591390536126,-3.48019467019407,-1.93269340876126
4.71449241238495,-2.99383272510099,-2.7284515356695
2.78071154210042,-2.72612759442137,-3.07817594021186
2.97283395979833,-1.06225857436535,-3.63972374348371
4.50926534771177,-1.90481670147305,-3.34713552469831
2.48192603000837,-2.65639313710378,-3.61315781132438
3.75526738304165,-0.509439043681021,-4.04418883394955
3.14106257603033,-3.20956402419959,-2.51267306919454
2.7471840115627,-2.24866261316198,-3.49439729927046
4.03867596938475,-3.40337270065245,-1.9820205407436
4.27912592174721,-0.943982354232823,-3.82374454124355
3.1798418235233,-3.07576803451483,-3.18613197743871
2.97732278772702,-1.08146683493664,-3.63570133486158
3.16373500502209,-3.32011928080939,-2.54714013860842
4.13528359246955,-3.14043404550114,-2.9014835383913
3.62717433951308,-3.71405588305209,-2.05739525288022
2.95493076916556,-1.526196673707,-3.81148305065709
2.58103734680855,-1.22854625381578,-3.50423831502774
2.33498880883643,-2.34951378256519,-3.32576052600182
4.64892165013772,-2.60022608289632,-2.73510011242723
2.72448817575433,-1.24662663314516,-3.87344777694727
2.21124312337362,-2.56105602579393,-3.477647847791
4.35266592361948,-3.22086507453838,-2.76421658570214
3.06285917014361,-1.55146966723632,-3.89789163410412
4.32342309219477,-1.35142811852441,-3.61711845076431
4.22567541679275,-3.43994940231496,-2.42782269974424
4.37170747911987,-2.99819784855677,-1.84988760529371
3.33651525811543,-3.85594164251263,-2.00579028162271
5.14476633962389,-3.58588387645445,-0.801441840362895
4.04826310290124,-3.42158246349355,-1.93689775352797
3.74616983534196,-1.85968724855889,-3.41830718823586
3.525099533174,-3.62667250940106,-2.00955464403582
3.65153256692196,-3.27456277415474,-2.38661246191788
3.33420666013562,-3.31438601323697,-2.47983094707492
2.90324148536674,-0.00538543311931239,-3.86447683596549
5.14179040794104,-2.68785165817708,-2.95474466094747
3.50862288806672,-3.43876081033537,-2.2092555877206
3.90530516528242,-3.6730048430784,-2.11016130125469
5.46389016723445,-2.53351366924765,-2.50057199586638
3.22259607454802,-3.28902196622448,-3.0468114284422
4.07386283372824,-2.51634856817533,-3.08169875448997
3.02037620357713,-2.69588050298823,-3.49437681401187
3.12838848808433,-3.26135976989703,-3.10493810932476
4.31667094275715,-3.31307677892981,-1.98592225469743
4.16855727588863,-2.9089386758418,-2.60124657590676
3.18829518631905,-1.57821670516198,-3.41753481266135
2.83563607332519,-1.20264330271379,-3.46940538049118
3.47059856309386,-2.53774234192944,-3.09500137356185
2.87589697038467,-0.113172272752307,-3.61182354331939
5.06372807785521,-2.94609428510352,-2.53742935223837
4.38236572327999,-2.94858741114127,-2.4715204673173
3.90091040494784,-2.7384656933797,-3.01664030307211
4.7951138941575,-2.73182774987265,-2.38362444536646
2.49418688697103,-2.05074183837638,-3.60497879055775
4.69386618150481,-3.46232458975445,-1.58929424567501
4.35457764097269,-1.80505668991047,-3.38237420364165
2.84150340902607,-0.322548976112867,-3.77807034176798
3.11452479440045,-3.7024763138706,-1.83697714844502
3.31974546959474,-0.840969656065813,-3.62779824604027
3.51560095371363,-3.26982924808697,-2.45533586180932
5.08964351244627,-2.3764591028101,-3.26710669977942
3.72169091345044,-3.27265465059814,-2.10581142041374
3.31083306748663,-3.57235295465596,-2.0644500327994
