-3.11697961109746,15.478692454381,28.3743825108894
-2.23785194229168,15.0978090316557,28.9462200646338
-0.311565802593864,16.0990158405266,14.6063994462445
-0.707877227792113,15.6520238615833,19.6037165606036
-3.23727722086966,16.552905894904,19.6146121305577
-3.14381999548096,17.5183859212457,11.1308340009762
-4.01266725665088,17.0395070119876,17.8305489314448
-2.78725734284847,15.8663419002707,24.0828452166683
-1.95410195830433,16.2723705902877,18.1100386407087
2.17312270596316,15.2558940804247,14.2403506068503
2.20958969230787,15.492787266224,12.1177367664834
-4.42002635940272,17.4887846174876,15.2485506853769
1.84377476072357,15.1764462687926,15.9129336905337
-0.225140093717686,16.3298222621389,12.384134957546
-2.69723811771154,15.8503385520769,23.946060671468
2.3802097696084,15.430422960185,12.1305539411568
-3.03647781373047,16.8884246408971,16.1564393351024
-4.11394660984057,17.043331221766,18.104894057386
1.70461309326239,15.5495572780605,13.165375121276
-0.748083493517907,16.6515197070826,11.2359486460585
-1.17296136157908,15.8525734764612,19.3092568633281
-3.77438052861841,16.6863419985328,20.1083881434139
-0.146264507599693,16.3070091875459,12.338951077104
-0.652980699015726,14.9512764486971,25.389454026715
1.90636772215162,15.4773072510749,13.1678375633142
1.12132139024079,15.6240222358135,14.2999720131297
-1.12474104673725,16.9839097018949,9.55376605990087
-3.57198609370304,17.2562715192003,14.6543319026295
0.179466032413211,15.287241286071,20.0139065773998
-1.37372481472481,15.6834796182725,21.353731761715
0.762932878595879,16.1028308752513,11.3187842426959
-1.98919102128748,16.4103169227053,17.0446452800152
-0.109036457443273,14.9817218706089,23.4829672740703
0.337630948743549,16.2980115386227,10.9494068247867
0.78348144637346,16.2694200647992,9.84154750053263
-1.52734115582158,16.0215724370987,18.9474033109994
0.52295985468926,14.8541502587043,22.6518992485661
-1.805838544881,16.8493976627778,12.759687610064
0.585234820173011,15.347584443608,18.2720775096528
1.90252014809747,15.3282109260717,14.4458965129114
-3.39790669033958,16.1721868663443,23.3350141363052
-2.39658441582216,17.0198394600281,13.1016536016181
-0.84276161764477,15.0928964535048,24.7614984607613
-1.65479229431676,16.4053371693813,16.073876322491
-2.38754646397322,15.747436968286,23.8818760785191
-3.15224393853543,17.4031893230048,12.1348177475133
-0.794494680645223,15.8040923427713,18.574477783658
-0.636406584501637,14.7691980651868,26.8857899899553
-3.45277088887696,16.9927465554643,16.5315105455798
-2.75285699518664,17.4350152020597,10.6545442259497
0.593052932223809,16.1353002630901,11.5576479495132
2.4969909133497,15.6910900700095,9.56269480426058
-3.79487321038117,17.7124880343684,11.4545347428124
-1.80530185395521,16.6704216863536,14.2782578052488
-1.6989070396026,15.0267588583569,27.9169678236822
-4.93112938541931,18.264913968281,10.2046147612904
0.0635955142792581,15.8792280731344,15.3366878384425
0.349522673868517,16.3394444044942,10.5614558723785
-2.57778970924865,16.7683097939938,15.7870745963552
-3.20961065924101,16.1063539720329,23.3237434158351
1.37125529699072,15.8301686467101,11.7918154090463
-2.80469100174377,15.4842119412025,27.3814174761946
-2.38752735579636,16.6794390330389,15.9655271848259
-2.87885610365203,16.9777537187861,14.920173563658
-1.54968298449046,16.2562162069244,17.0220579259087
-0.688950364607676,16.586708130536,11.6073040670027
-1.85159693833662,16.5792592463345,15.1928301062953
2.8020802748213,15.4013417056846,11.0995025118085
-0.496656465076506,15.4462539731322,20.7115996295472
2.08645331195669,15.8583207997424,9.38599132019396
-0.64095864481506,15.2535236272757,22.7857891162476
1.93814464916563,15.9083914848945,9.41000160155375
-2.32010018782655,15.3909133685567,26.705806504455
-2.91257978187226,17.4286861067177,11.1921853715487
-3.84427081474429,17.198988640861,15.9657752968418
2.55432078940416,15.5144716621073,10.8891842948373
-2.44355248860766,16.3562010080102,18.880793341763
-1.92403028908108,15.3144660868691,26.155238620597
0.180260260506471,16.3889110099706,10.654076840022
-3.48141844484036,16.381928028069,21.8065031732619
0.118310750846749,16.2138251066228,12.3289082548117
-2.15301860035832,16.0397196946443,20.6887628973061
-0.462770279398282,16.2793026060836,13.5331460517293
1.14290681977208,15.9122428571956,11.7864742570693
-1.79587539602881,15.0617384293289,27.9136235755859
-3.53754895211181,17.2917422101647,14.248721105385
1.20126777095134,15.5904822804682,14.3426567201384
-4.08876795096829,17.4891179449293,14.242166831729
-1.57247204506625,15.9545420613788,19.6534743936205
-2.10236789712944,14.992058921227,29.4339951674855
-4.23597903607189,17.1939427324456,17.1953208029086
-2.22041421052248,15.7862923090298,23.0455146021384
0.342078343360027,16.3600688582308,10.4088274571532
0.42572075987048,16.0814455260219,12.5220177906333
-2.11492096718046,15.2991937361876,26.8632661090067
2.37539609960182,15.5764433530807,10.9048608915533
-0.236017507254387,15.169081794014,22.2762502403346
2.63582019949017,15.452467640416,11.1689337454505
-3.01382028052509,17.2415087375434,13.0887526279376
-0.094685345021837,14.9762192064949,23.4862291853561
-1.53807282450927,16.4151843697641,15.6366321331472
-0.0113455294624032,16.0114436862748,14.4407025897989
-2.14159106139875,15.6043932370118,24.351743078752
-3.3719985265476,16.80231672605,17.9042928717009
-2.22707169653426,16.46319804692,17.3161439344304
1.15018203263467,15.98673113559,11.1317411995265
-0.91806062537786,15.9580980967756,17.64072013503
1.45301315840011,16.0499514033403,9.67732565762173
-2.22725614836334,15.6079363214985,24.5811723743994
2.45062438008418,15.4166558329277,12.03416775013
-1.00463915255132,16.1029342830451,16.6727935011881
-2.46869256277398,15.1711695939272,29.022441370452
-2.32906259660462,15.3676309841168,26.930715477096
1.11358055301259,16.228836611739,9.18621699743514
2.09271582012005,15.4300498705489,13.0046904045021
-2.41408720278909,15.2443046199872,28.2358152091978
-3.94856396989233,17.4850532909948,13.8519412242923
-3.36922749718362,16.0609122422284,24.1932806593165
-0.310853274863199,16.2459715479,13.3560202665147
-2.91798233624159,16.3474332574176,20.3925581209868
-1.71730916705671,15.6834111926545,22.3952072206459
-2.49892292951897,16.1529997545938,20.7745010881927
-4.24198256177593,17.9590859800429,10.7144922815192
-3.87648400066451,16.6959934456892,20.3357342374049
-3.0984256825728,16.9431028102522,15.8796829115076
0.653501752790275,15.0720766917145,20.4053848267317
-2.52721262689743,15.8066346961957,23.8021799853249
-0.782864720757688,15.3242214847401,22.6151984347636
0.250497593563413,14.8223860772052,23.7471283759072
0.660703408997596,15.3336210257979,18.1620474744333
0.291872012216251,16.0550867833647,13.1514020563969
-1.49863571435244,16.2274258339719,17.111950680914
-3.32422472613469,16.3960968896231,21.209934036795
-2.51456364405281,17.2451561940859,11.5452657355048
-0.545362064060899,16.3344745435947,13.3147367041022
-2.78103382114046,16.6941453498801,17.0327479496183
-4.5698870062156,17.5909225745331,14.8350108353773
-2.79901875205956,15.3322433267857,28.6550327799914
-1.35896082217813,16.3859745318773,15.3421136191436
-0.300976770118097,15.3400666139379,21.0207249815643
0.506165125925225,16.2313224714924,11.0052771634939
-1.5698031188243,16.9422980297856,11.2555322242835
-0.00924671111680331,16.4655587757946,10.5771561665559
-2.96812950657503,17.248034010808,12.8949069721457
-1.32141210630646,14.7675569715007,28.9749643291691
-2.51078784953547,15.8762639728999,23.1609998355354
-2.95024534661227,15.3125336346253,29.2805874342637
-2.89128331934354,16.8231543168148,16.2709670154998
-1.3637453812073,14.8714965219056,28.220366121328
0.781991082721535,16.2639185632779,9.89279154071661
-2.7980164741023,16.1553172347777,21.6609253977479
-3.72425061508214,17.5707480066972,12.4445018019087
-3.3233744166216,16.4728227470122,20.5556596531754
-1.51659507163976,15.6100857412378,22.409956475275
-3.83065465348272,17.7483749932008,11.2581165458464
-3.3331841731519,16.3270337033465,21.8236895591578
-1.96267859530851,16.3422932957177,17.5421083322586
-0.539011604693394,14.7305340816235,26.91913664444
0.831612117612323,15.1708255604367,19.0270380061727
-0.208390159288684,15.5110654750571,19.287792728095
-2.67124530014182,16.1275869496323,21.5124071485892
0.480054979461456,15.4250984779962,17.9323284913564
-1.3900915560036,16.9932840811106,10.2780250254065
0.0779596921243075,15.8710935290297,15.3622649765536
-0.878610817427655,15.8235394338358,18.6641281739292
-0.321461010134398,16.0094522341711,15.397117478951
-2.60131469145603,16.3197872769615,19.6680294204635
-0.770695807730408,15.5746803195916,20.4509713292067
1.57944329875539,15.905189087404,10.5238937513678
-4.14648644721226,17.3077543599695,15.957502045503
-3.75433709992648,17.6146068004203,12.1631190234578
-2.38236706582348,15.2482427490037,28.1062686502076
-1.97384325298401,16.4742639984451,16.4549917410797
-3.32805951692216,16.6844381991457,18.7724221349658
-1.6243481266557,17.0574681444454,10.4425388639681
-3.44168521471735,16.7630220119803,18.4491734313695
-2.57523030541095,17.0780112680756,13.1487612257173
-1.15355235583936,15.8750753279111,19.0593294935407
-3.36372428212618,15.6743586339303,27.4599391323035
0.883403563863605,15.3084249154818,17.7013859362533
0.00526902104778593,15.7158033560991,16.9014948340558
-1.81448292898667,16.2763521762946,17.6532415533286
-3.23303588135565,15.9916824415348,24.3687139263316
-2.92640191568351,17.175477266026,13.3847790884198
-3.55207103875355,16.1716683588918,23.8064616099424
-3.01950769306623,17.1306782694769,14.0473607322901
-1.79673583292606,15.0360989552476,28.1340082746894
-1.96188387819813,15.1573542137359,27.6044022426284
-2.01055647422556,16.8800756826417,13.1193091615463
-1.73272833903494,16.9602377364371,11.5967394922206
1.6230025881669,16.0436013166172,9.21627669571652
-0.47895977758619,14.6916145501056,27.067785561578
-1.77370413114998,14.995769379603,28.4067869617606
-0.0437516765182324,16.331867815907,11.8172412234254
0.647047985308279,15.5997060343159,15.9433291442972
0.703803202060426,15.2328038558644,18.8878024542933
-0.983940540374311,16.3049359484951,14.894313738545
-2.99145656030277,15.7899623844939,25.3502265763939
-3.17092091453304,15.4986965059493,28.3678870213491
2.31575849712205,15.7714370480498,9.42928565899045
-3.38120626021955,17.6730577990369,10.5362388633275
-3.01100936190477,17.234583164763,13.1390617207602
-2.23842512421841,15.204591875039,28.0409584706155
-3.84631755903983,17.5259117042004,13.1951386320069
-3.29873876699248,15.8451102820502,25.8127246288926
-1.88453726518683,16.6054727559959,15.0699695833583
-2.90308430419289,16.4540177160581,19.4421112894619
1.56115088072575,15.9659182906593,10.0634858365122
0.371388974045738,16.0923899831156,12.5936561614347
-1.54422405246425,14.9714513911429,27.9181268962144
-0.160873691243983,15.3494935466312,20.5162094696242
-0.84259978419739,16.1234081060901,16.007990959227
0.841460233410157,15.5328169629058,15.9225002629291
0.231150402330667,15.8606927047789,14.9865143826577
0.451042513910886,16.3774298983722,9.93125659998925
-3.15071525069775,15.55951531321,27.7900874715148
-3.32833321930272,17.6036086326833,10.965950338835
-0.937910016266391,15.6397579761338,20.4047892134188
-3.7725312388413,16.4507141644654,22.1041745007224
-2.75499688439876,15.6488528852063,25.8324319443548
1.8919939828397,15.9360405717319,9.31496842691768
0.248587464040086,15.3968688724867,18.8733412061386
2.37343612892942,15.287007385639,13.3692259817687
-1.23879010054063,15.5291968094629,22.2554008059427
-2.87799379877946,16.7331260574547,16.9953932411081
-1.26258988087037,16.9772353722956,10.0280720881874
-0.817761220445908,15.3598810580651,22.4180306673253
0.432733532282172,15.2108385205972,19.8955827185446
-2.72453038886412,16.2910938199595,20.2850314179741
0.131248007002765,16.0741940929053,13.4757203064907
-0.589460386290569,14.8037759947325,26.4498657932907
-1.07047136884456,15.1853599265855,24.6659773813368
-4.05076858854828,17.0838242733206,17.5695531019526
-2.7120696222892,15.7198535024556,25.0993141267443
-1.70199570604688,15.2187727230417,26.295386938042
0.4295334266625,15.0182615703057,21.5409983070658
-3.33720349395136,15.8543231123411,25.8510016805301
-0.743642802484253,15.4778755249255,21.1912597717103
0.551024311977539,15.7256090584419,15.1648322772826
-0.223376076556812,16.0961802318177,14.3633125192282
-2.10213759699391,17.0913493698917,11.6022274274541
-2.77377257427378,15.4745281440999,27.3700023830315
-3.35664534902618,16.850820972248,17.4457921104357
-4.42658556943769,18.0058101456255,10.876881712245
-0.33230645198091,16.2765847413846,13.1609889614015
-1.80364766716727,15.8702375143971,21.0698952714909
-2.30462987335117,15.9675705013738,21.7608964939137
-0.682444747943049,16.0597600626566,16.0634160223658
-3.47166458730565,16.3689501048324,21.8871863133138
0.422047270669224,15.9906868262877,13.3040379792965
-1.60054702871452,16.6346478545791,13.9618075678595
-2.33509608482809,16.4581966158127,17.6858869712469
-0.821797963557091,15.1912504710746,23.8625839091741
-2.65399824649451,15.7651096556533,24.5389867372777
0.230298807760189,15.6479780473409,16.7958618972521
-1.86218516819601,15.9815137177052,20.3020715537778
-1.90521609326402,15.0322687151293,28.4951844559148
-4.19839038313171,17.1433151284685,17.5114689409896
-4.03256446577089,16.9349353543934,18.7790444078978
-3.47928906364671,16.210664675701,23.2547383725113
-1.96322681540789,16.5393867060382,15.8696861965931
-1.91595986235063,15.9413233121628,20.8063543485049
0.595988602403984,16.0043589651969,12.6609507731588
-3.70029355421121,16.8697962206853,18.3257067940966
-2.0965524367007,15.8940006140688,21.7554145922803
-4.04705492173801,17.1022136360368,17.402105896829
1.58698687647572,15.3778087687055,14.9805326632621
2.17570622848285,15.2908139943146,13.9359190763218
-3.43123007212705,16.8577285726947,17.6130755545738
-2.50515571324443,15.4313727841183,26.9227787272952
-1.67800005521078,15.3768741286538,24.8798012144658
-4.21468367683911,17.9560158380939,10.6578672178397
0.0536118983637235,15.4839903018828,18.7240259388319
-1.56937932190214,16.9078391964234,11.5469366812726
-3.0510898718055,16.5877364462336,18.754708919174
0.84865269772632,16.1211718825388,10.9033088184817
-3.41751583347503,15.9398673716163,25.3677086007159
1.28828988678747,15.6210177319862,13.8196581182881
-0.486660253842474,15.094089124252,23.6725533405974
0.405406643927912,15.1967898271711,20.0976975356252
-1.03161015281122,14.6761437454888,28.8734554468883
-0.805857196435085,16.0985167611119,16.108102196272
-0.961283715728063,16.8720363826685,10.008805299895
1.05497092125008,15.1204688087151,18.7780919372631
-2.96328601533527,15.4192703975449,28.4134876906528
0.282366734119223,15.9594736215053,13.9923228428584
2.02791569830856,15.3050604465849,14.2626455296091
-1.54596113215638,15.3850732649012,24.4101449166581
-1.55417662794955,17.0791168358661,10.0460723322743
-3.10214838711635,16.1639724879469,22.5087813957301
-0.801300035762161,15.3803620615624,22.1941985591283
-3.66322698334418,17.7099575165188,11.0772042569304
-2.08240859863218,16.2134886186137,18.9988806167546
0.0766063354086524,16.1627135080736,12.8893869850825
-1.82572905097415,14.9923098336561,28.593782167947
-0.140894912625404,15.5182206421992,19.022539847651
-1.3872546502043,14.883392389642,28.1905460423671
-1.11371218002065,16.3898364397327,14.566326468105
1.17846428723545,15.85898639663,12.1311050322601
-0.756053786837563,14.8369443521756,26.6728359103205
-3.18828096316798,17.1060025750495,14.7682538257181
-1.15670765175468,15.8684357310842,19.1252842897488
-2.56441034811429,17.1539365603318,12.4710835202056
1.0016197276876,15.2497932279348,17.8412572778447
-3.05406203184879,17.5434670212397,10.645875579221
-2.38459381276054,15.2507526378808,28.0916959816557
-0.535935650803705,16.1527139461519,14.8300275130304
-1.19250217457228,15.516402283138,22.223845657545
0.987849718262033,15.2150149316268,18.178375569127
1.52809446125341,15.3808179089766,15.1333889690227
-0.172598547540843,15.699347042565,17.5801250145799
1.05589004150974,15.1634625291314,18.4101249926654
-1.49819368193239,16.03620838504,18.734784945993
-1.97408550035211,15.1494765472547,27.7082790130291
-1.51777016800517,14.802010481691,29.2771910587698
-1.77918082365703,15.0774129821999,27.7299097134931
-3.24844275257083,17.3714269637557,12.6960384797205
-0.652060112197932,16.7814782333275,9.84119532203345
-2.22219374967101,15.7911650836995,23.0095170996322
-0.142017930241625,15.0644097963616,22.8805458651403
-2.25373818376637,17.3078770627933,10.2223488488367
-4.66945061554488,17.951219382793,12.0763312926828
-0.891163030255428,14.9414744940781,26.1942875761821
-2.85877452258479,16.7850831921885,16.4958517356007
-1.26853023168957,16.1785059796537,16.8303606414321
0.863625816316715,15.7218754857672,14.2495134739505
-2.89221920995014,15.7024354185312,25.7930268592191
0.341725252814459,16.42994031798,9.81641905729011
1.49492726093853,15.5963483975169,13.4031846718284
-0.929222947285335,15.640494953477,20.3722118205627
-1.62627110006185,16.2736606960689,17.1059118677907
-0.866111000189391,15.9325297248553,17.7005119793764
-3.45384029574584,17.0343346545399,16.1815070203233
-3.60379598511442,17.4811862752202,12.8403070031498
-4.65661796073338,17.9953777444503,11.6623798110359
-0.303965781018759,15.7339767060437,17.6839647755178
-1.35885468122885,16.620746435417,13.3476734036903
0.432875906680456,14.9470916354242,22.1353793643043
0.162357307950923,15.9600983300818,14.3505871242404
-2.0983608066599,16.9827954651831,12.5128267780818
-1.17666147923687,15.6541012388302,21.0062609659607
0.695161627509729,15.0523348492178,20.4468599339528
-1.59785517115401,14.9879582224354,27.9403965812569
-2.95771427207483,16.2393665274954,21.4308298574233
0.253206908373232,16.252297912512,11.5934557397278
-3.18409520213864,16.6707238130271,18.4527679689881
1.75687030384501,15.427184763142,14.0464755478979
-0.247780122956608,15.7788727423222,17.1324089790517
-1.52371520922024,16.8538528702258,11.867148587306
-4.2732807991573,17.7864428377583,12.275716719437
-1.1800821822605,14.8440424319277,27.8971466154714
0.260755937342136,15.4349569364952,18.5129621049332
-2.25474728775479,15.4326050067057,26.1536960976386
-4.21031266260924,17.2251355412814,16.852616900542
1.0058604235663,15.702240354449,13.9853894395416
-2.23140196870591,15.2145242741738,27.9353173447297
1.37159421688748,15.9897683237843,10.435172026689
1.54304730765213,16.0794592660393,9.15393024371661
-1.53419127808817,14.8334715657279,29.0597131665589
-2.23838789498602,15.1033108708606,28.9011119138221
-0.484054669478566,16.4858231327382,11.8434719075666
0.0384916068864745,15.8423292957984,15.7261534136956
-2.03447102387286,15.6744899905203,23.431829514893
-1.90961492858216,16.7272942863223,14.1112082697145
-2.23569867428871,15.9072518848104,22.0644059519044
-2.24335387054399,15.1357463498368,28.6406541393601
-3.63127648713653,16.433891946911,21.8191264708042
-0.0153398770819679,15.1289823612601,21.9483026424083
-1.48380820708857,15.2423930434643,25.4337568465975
0.986414807391131,15.4584734385468,16.1148212394638
-3.2059604217815,16.7950462220062,17.4630324036093
-2.27181931626224,15.9698492349572,21.6421411550907
-1.20101391071602,14.9499570070461,27.0609365073636
-3.42675164318063,15.6564615036383,27.8028971666266
-2.82141581787296,15.5377517252788,26.9773263751686
-2.77718009975953,15.2868817368762,28.9741670322348
-0.207519267831409,15.2294057753205,21.6775311810551
-4.75210609624788,18.1037844003372,11.0308721499404
-2.32626153628822,17.0169471813736,12.9131759166718
-2.85217872034196,16.8821529522883,15.6513731173304
-2.60433353380943,16.3521148512596,19.402589301741
0.31036176922193,16.2201839276893,11.6930757309745
-3.09287047322831,17.3646313737161,12.2824505452567
-3.20726371164686,17.3182035416032,13.0233579851651
-2.91032158627652,17.1439271945087,13.604045227924
-4.21919305257315,17.0483482720685,18.3811257289848
-2.17645259109984,15.4714498354156,25.5865587006216
0.00999718306876662,14.7574380597039,25.0273872812428
-3.84517970481728,17.9144327082089,9.89165015880637
-1.5366348372149,16.2596035047911,16.9537571370203
-0.33200011425065,16.5483933847454,10.8513575247628
0.861057025807195,15.5106529283325,16.0513895789155
-2.05083029918899,16.3438996068947,17.7955215463349
-3.43468883626038,17.0489801302925,15.9990908121293
-2.81184221535495,16.2701649401494,20.7273108694667
1.83969285817916,15.1499870716703,16.1500404802511
-0.22556598480441,15.0890377359939,22.9244698613995
-3.13412623439521,16.9081311186503,16.2848828015933
0.126051439159087,15.1536035100554,21.3108269165577
-2.06950882378495,16.583441390411,15.817475102007
-0.907271077851372,14.8440812840129,27.0703310303997
-1.85767603158512,15.0309111070749,28.3626924095708
-2.0566494790414,16.8252481464631,13.7246458309912
-1.20372346083449,14.7235095487889,28.9925571557029
0.203211982435406,15.1355790579141,21.2301649178146
-2.03980337866308,16.1233806673078,19.6351713565037
-0.684104573431332,14.9631631528934,25.3827803498003
-1.43029998173573,14.9317246461237,27.9104253491867
-2.38211583733819,17.0983580552763,12.390895198896
-0.332615333165072,16.024988133847,15.2989499887635
1.68717182304497,15.139244491182,16.7033513107031
-1.23875701796287,15.961012318328,18.5875219812491
0.0241715697957052,14.7476090797352,25.0679316882053
0.797273427697018,15.0030530677332,20.5561029489405
-0.626418546546011,15.9947036876701,16.4462632122539
-1.17077492094566,16.663742999253,12.4126761709317
-0.821096367549899,16.6863107233988,11.1616324389602
-0.672628975999027,16.814415609251,9.62374370551441
-1.09630227535639,16.1254035736809,16.7596374787725
-0.988374076081699,16.0378935113813,17.1759651192482
-0.20484308282706,16.1934121554881,13.4812925954741
0.699659848979849,15.9101675803942,13.1469251084646
-1.85791099735585,16.6708957992262,14.4336109958581
-2.65796449714495,17.1547151677926,12.7478939237026
-0.128143451754212,16.0014380980925,14.8795297752983
0.361924916192342,15.5544018772732,17.1919209886656
-3.5095856185214,15.867346580594,26.2626166099851
-3.57143136865435,16.4752252884943,21.286745295249
-3.70341877665735,16.856757322812,18.4459252216118
0.0673799822086538,15.4815111211789,18.7033731128157
-3.75930194027699,17.1631784483704,16.0125273457171
-1.67386303246248,15.9444195359838,20.0466192725434
-2.49978112936475,16.1248074174021,21.0165626608715
0.492678420102249,15.8121062294709,14.6068975999601
-1.50358238053083,16.4925277024678,14.8751996807795
-3.52461256642718,16.8612896574333,17.8657319669811
-4.18098092200201,17.2193952135996,16.8125134404451
-3.36276660464044,15.6600469884672,27.5785988838275
1.07119364593246,15.4726851099862,15.7372705135456
0.864016496150483,15.5762678544872,15.4851001050674
-0.543678389445962,14.9120527277946,25.3914815644107
-2.86784909834685,15.342053296331,28.7802309438518
-0.221395352705363,14.7561956158752,25.7389477882227
-3.73471413653835,16.1768508339045,24.3157625857461
-2.76091253496113,15.6705667796151,25.6659188171015
0.0353274864644773,15.7658234764876,16.3855685525997
-1.33033119612984,14.9101678906845,27.7906682917719
-3.45720183664536,16.1782928408646,23.4627864591998
-0.398018003217139,16.7000023139699,9.76361540933818
-3.46104242315286,16.3068322599714,22.3826263056693
1.79005177337593,15.1563732936675,16.2461852886183
-2.17957134860486,15.461330660784,25.6819578347362
-3.64575404281354,17.3647767315815,13.9561854666327
-3.0610799550891,15.7954721494739,25.5143526101493
-3.23685474271159,16.8189014458388,17.3540044126021
-3.23759750774188,15.4221093359438,29.2204051880643
-0.128362849619995,16.6493915321106,9.37657150700128
-0.885290120343598,15.2455375759943,23.5938275753398
-2.30299298112303,16.1986802357944,19.7929247789782
-2.50975864062257,15.9791781503181,22.2837436632478
-2.35336581399998,17.3767709708876,9.93899742900513
-2.13132862405194,16.7086175550551,14.9415308969015
-3.48595894305876,16.6996925213804,19.1212129474047
-2.06313548719026,15.8870196254857,21.7134729214271
1.05546014691072,15.7439766691617,13.4806240559609
-3.54640124618625,16.2124859273621,23.4425863485139
-1.87661553146256,14.9693206402107,28.9432104608355
-2.43425973769192,17.3733717686371,10.2129391910508
-3.48429114020491,15.7520823006924,27.1650247407948
-1.42439928447009,16.5807270158068,13.8861609954215
-3.28181741047799,15.9746168145145,24.6614513174093
-2.65723372130376,17.0538328894669,13.6025595365861
-2.13272115385132,16.3560916909864,17.9400533909998
-0.978300170676184,16.578354814181,12.5548457712013
-1.43108115355957,16.7011899353506,12.8832091741362
-2.993401183076,15.3072182165567,29.4564771212178
-0.866935684884808,14.7072919221538,28.1100034100255
1.53407329378597,15.5602964308519,13.5908113433427
0.631199326346693,15.619206779752,15.8257063919276
-1.13980162474833,15.8559943414159,19.1797425799183
0.824490151356015,15.5483153570833,15.8422702735184
-4.36392755740192,17.2460654259897,17.1402202487159
-0.796836952541498,14.5498180529719,29.2351984989208
-0.214498913709922,16.5789357715496,10.2359631435758
-3.42080715684348,16.1692032521951,23.4297338518153
-1.90500308045846,16.0002349251638,20.2727738664033
-0.913197907459585,15.849409132827,18.549176824454
-2.30949241240539,17.2441623312097,10.9324409044778
-3.90059337540678,16.5952919762572,21.2641177170296
-3.38914474082168,16.6685043276194,19.0928207973172
1.67283493580458,15.2312806871417,15.9650429754688
-2.10526967479724,16.7459087827914,14.5458385900825
1.38028859274208,15.8837220393379,11.3095741092097
-3.50912420508368,16.2649947058516,22.8836529744979
-3.09902183663542,16.0054178323469,23.8460498188905
-2.31101499568336,17.3360647917829,10.1564473605901
-4.85681552646081,18.1378099611171,11.059082832899
-1.57809979194388,16.607276097634,14.1262950593684
-3.77190824162712,16.8496225189609,18.7140171393788
-0.0636422148349913,16.2123478377413,12.8926853677454
-0.303089911190542,16.3533713825116,12.4202623405422
-3.76306791192185,16.4084968806375,22.434092716108
-4.07150084982742,17.0342272551405,18.053631730516
1.98984004952757,15.2869858881874,14.5315190033497
-1.43416813692373,15.171415823105,25.8862417285861
1.31114420400334,15.8977815630012,11.3996285704106
-1.06386681878006,15.657382612581,20.6366762326334
-2.77617348617726,17.3825786217872,11.1705706500647
0.675508471723981,16.1682379074869,11.0280799837636
-0.0937933488942426,16.4955590981987,10.5784731427816
-3.07666037420997,16.9747599033169,15.5448537847031
-4.36623802972162,17.8978495940556,11.6110592217027
-3.20484710516334,16.7919133787712,17.48626951142
-2.57342079438692,15.9542262117029,22.6885473357336
-1.56618679862468,16.0827169872682,18.5457338208498
-1.51562159931465,15.4518257323269,23.7512449965162
-0.537487741591337,15.8751362477874,17.1924344988236
-0.852775034401013,16.8961772951528,9.47502709756336
-3.40273723577857,17.1514133502869,15.0322399455605
-3.3696463614243,17.644428400347,10.7443919458848
-3.93383519108739,17.4362988705196,14.2214331644795
-3.58976326841713,16.7990424383404,18.5918259488678
-1.70001888485324,16.5936917980435,14.6110339708483
1.25705360250035,15.6484763267209,13.6810595984091
-3.26499405920279,15.4523240131938,29.0467643694515
-2.22622488180537,17.0827692240501,12.0510303511938
-2.14866346131155,15.7398176638179,23.2228934937905
0.723297789760182,16.3369140064991,9.45059104755964
0.184116402631957,16.2785642443359,11.579664095045
-2.54723795920592,17.2299820605542,11.7731399929493
-1.56599946629189,16.4929335151892,15.060846320434
-4.02383385896444,17.0797780689975,17.5223217856213
-1.31291979222988,15.4330565776159,23.2965791379106
-4.286751764022,17.3066852805667,16.391518660443
-2.09809716843713,16.2369502372829,18.8471297862409
-2.55079187449656,15.9700782084292,22.4853480909273
-0.865552975217577,15.6406795271612,20.177754885002
-1.5369183021454,16.0985237509436,18.3228040761411
-1.83038867843359,16.376853384501,16.8477855189948
1.3246170617059,15.7183856394111,12.8825754131462
-3.37724303641686,17.5514431482988,11.5572095022747
0.391321377778334,15.9109619755146,14.0742939349662
-1.75837964361483,17.0816710357938,10.6430136114872
-4.05362932802249,17.2193368781623,16.427195253181
-1.60487987374624,16.9701836606155,11.1249412883418
-1.798009889396,15.3966697133968,25.0752320770644
0.624847585108549,15.4423717928686,17.3469599458314
-3.00556608615929,15.3586174011844,29.056753633798
-0.687653670181744,15.1292882271756,23.9824899937767
-1.04640021812375,15.1511884512395,24.8833010262681
-3.57504820149872,16.7200081743333,19.2185520495514
1.69599777697033,15.2343835374032,15.8685156174202
-1.82997302276072,16.6452428803406,14.5668646474071
0.575662391491934,16.1532755051279,11.4576537581586
-1.15107790654617,16.7721070895997,11.4325748112001
-4.14883305315766,16.9045200843717,19.3896248563238
-0.662035733370169,16.3125431043828,13.854483920384
0.934600403654941,15.3297838263931,17.3648647894349
1.84051781594658,15.6964383978774,11.5060625720466
-1.73474498004975,15.8614965943905,20.9353975974684
-2.11998612530008,16.8731891357104,13.5093213660099
-2.06136154483268,16.3260540416407,17.9790037778508
-3.13076441278888,16.286539958773,21.5544036959687
-1.89704013794359,16.9208091951859,12.4294250390631
-2.58800516105774,16.5672457978218,17.525831030386
-2.9130885922064,16.3072733845388,20.7188446088023
2.70020421849854,15.6566102923058,9.23992311803128
0.476343624509178,15.4155524504982,18.0246546798454
-1.5800555233753,16.513057553184,14.9324986951327
-2.5202519091673,16.9746379388237,13.8602414365329
0.358621130587275,14.8071079325366,23.5493367557557
-2.23357235882324,16.1055330919945,20.3737922930923
-2.40333550470512,15.6776678369696,24.522318158962
-2.0468494342028,16.9205851511489,12.8851776831665
-2.95041236825606,17.0407772022544,14.6016420344412
-3.41516025632553,17.1481499380899,15.0975946360839
-2.6978079476538,15.2701390942136,28.8759174246723
1.49273168489973,15.9174347007004,10.682575493366
-2.73713414158157,17.3510922189114,11.3197412955403
-3.0406109270672,16.7717411946626,17.1600530169791
-0.648850220299884,15.7585753838378,18.5198600528156
-2.60167278449151,15.9210832364351,23.0556488370224
0.076627359017666,15.5377353461189,18.1977975868786
0.352854485403053,16.4582409319382,9.54232154028553
-1.46917844673118,16.9092954630492,11.2310072172961
-0.565808896369794,16.1789346705635,14.6978139375007
-2.91557449538543,17.4862693489114,10.7121541566263
1.1442113836095,15.7344356965933,13.2927904161764
1.66733292494716,15.6037194393069,12.8182704048766
-1.40976526160505,14.9678462346227,27.5414035292329
0.285847156970133,14.9072028731138,22.9196146898827
-1.63750662535047,17.0340328470514,10.6814587783282
-1.07629301272985,14.7524252186743,28.3608990597469
-2.88558078355177,16.3756213731169,20.0549713157786
-3.14107294567972,17.5931908667747,10.4871293605378
1.57420988928385,15.1096054418705,17.2973210926968
-3.61816972532964,17.3356067898657,14.1203836122698
1.78432391999682,15.3100009375692,14.9586468801331
-2.8028685577618,17.2809335505552,12.1148023568914
1.30284584740577,15.8281851771697,12.0159102288824
-2.45000553867167,15.6105195500146,25.2340536260157
2.25582161166273,15.7302502560209,9.96070007330203
0.26098044486445,16.0014459003998,13.7006064680936
0.288789765791787,14.7979031927409,23.839075717515
-3.19199093165839,17.0129106325284,15.5702027564003
-3.09716552443512,16.901420773262,16.2299064478485
-1.62460838771739,15.3733481845131,24.7479991689323
-0.617061562726489,15.3579220952796,21.8266470083808
-1.37179991069627,16.5827276009043,13.7098176747123
-1.31758309433246,15.843653213514,19.8231581293983
-4.06452401037123,17.4881450703338,14.1769828843647
-0.451255855032082,14.9777885088269,24.5531357907727
-3.11473557356024,16.0895250741538,23.1792600637235
-3.92874272286583,17.1163158775213,16.9238948045339
-1.95373040940795,15.8458818546299,21.731446785201
2.85838751218527,15.4763136251284,10.2921181787079
-2.78828240271221,17.4057953148056,11.0100555661428
-3.43280536839447,16.9976580039204,16.4293075494114
1.33346394080559,15.1383784866911,17.7822706843662
-0.986339334075742,15.717303313513,19.8928477000362
1.46171459608591,15.6258714115766,13.2530387485646
-2.23076746522654,16.2416223484413,19.2093723233005
2.51190824003857,15.3960700996175,12.0233595686316
-2.75088178233722,16.6773982689505,17.0836491563678
-2.72493041529146,17.3437774407421,11.3449005824852
0.46404681384586,15.4748240639195,17.5584635347371
0.732143140005428,16.1285100823433,11.1939467673106
-3.51720935280623,16.7659129395522,18.6534198877581
-0.222465465453879,15.5689392644927,18.8388624785651
-0.932975243832416,16.5321078940309,12.8103478483302
-2.37793420016095,15.2384959459572,28.1756271513018
-2.30787323869579,17.0437100544921,12.630148295473
-4.13344662900397,17.0266144920732,18.305959164656
-2.69148060546397,15.6318615023509,25.7843307201137
-3.35788866338929,17.5993254437742,11.0918698152274
-4.26585192959651,17.8471694110479,11.7374080931642
-1.90226221607904,16.3199947912639,17.5484762282754
-2.17439299632069,15.9080316037253,21.8720566052519
-3.20380488461903,15.5754052715081,27.8159563500063
-0.431064441273704,15.4611892858883,20.3860291592425
0.958558864234892,15.018344386698,19.9376038969829
-1.36081369317333,15.312131870638,24.4687914785856
-3.53869209086717,17.3514240642662,13.745255208662
-0.944226080036174,16.8627880818464,10.035682653397
-1.83988207162658,15.6985197547806,22.6382138392967
-3.51074212247961,17.552923356333,11.9490744340147
0.465497931801724,14.8645387267221,22.737742910352
0.191653386756632,16.2985204617735,11.3873254514599
-3.10304513049487,15.7628298959483,25.9187453662775
-0.489648102976662,16.4363983274953,12.2802244646876
-2.26890551920694,15.0886464144303,29.1181233180471
-1.60440375995478,15.5963165244034,22.7929280337384
2.43404967034556,15.3002834461659,13.0728313519838
-0.881845593220533,15.6405661564821,20.2280765846313
-1.56883923400876,16.1332030844596,18.1249477940793
-2.36726760961363,15.1292766871585,29.0710051641701
-4.22301893272521,18.0336316287072,10.023861686388
0.18111099083822,16.295929273741,11.4412729847331
-2.70862040059215,16.1893830346892,21.1007485837009
-3.27889678256488,16.0361739725115,24.1297456143212
-1.28310747587852,16.3847124155464,15.1230349336781
1.22843599462458,15.103952401247,18.3928647186703
0.00703792219792287,16.5887763787371,9.48122907769947
-2.59655924965188,15.5324633609248,26.3410384278671
-2.0694911832368,16.0034130448352,20.7440987009442
-0.311875016649115,14.6488563331772,26.9247817426184
-4.20088878276407,17.8234905122303,11.7417263548614
-3.20447391259481,17.1129185096781,14.7585676731939
-2.8957653659273,15.9685694865766,23.5432656371714
-0.686774292122278,16.4172645522684,13.0399409157132
-0.556751994657074,16.1039898674125,15.3069462494879
1.14833305695345,15.7654735979022,13.0166722877559
1.0668269778373,15.7352985413284,13.5198988259731
-3.65352477807798,17.0511473628026,16.643649619309
-3.81659333091387,17.8142571641333,10.6559238954902
-0.705191065975114,16.7384203528942,10.3678838128547
-3.49905077202002,17.4478711457524,12.8059536143665
-1.50942317053588,16.243074073746,17.0117175611983
-3.42640777947927,17.0743630427457,15.7584044244649
-2.61676789985124,16.8665698540561,15.0705528784012
0.247697122739684,15.9633086923714,14.0647804437552
-3.40236226330029,16.7971042548842,18.0405542729333
-0.965393661811149,14.9877323879108,26.0262625824748
-1.37638839164608,16.9588214531565,10.5292316581998
-1.2499055707286,16.4287186311249,14.6486667908994
-0.348912084948136,16.6293257407919,10.2151648592327
-4.09981172583412,17.4820294862953,14.3358324678153
-0.310967007530775,15.6506159108857,18.4132296637102
1.33366693374387,15.5725391676929,14.0939575599246
1.03800436251662,15.5728834280114,14.986747925819
-4.48163428824725,17.8364548152896,12.4821324114027
-1.68825075532265,16.6231496757052,14.3251712745459
-1.98806795610247,16.561570822704,15.7565141428129
-2.74934913624706,16.3007336717935,20.2783406980396
2.25498773849261,15.7886941482415,9.46681232108762
-1.98377685371876,15.2589693997924,26.8076226378805
-1.60720999940554,16.0551595764902,18.9040829295543
-0.520380355705805,16.4872729828399,11.9412063344313
-4.50894448235148,17.8990141535589,12.0334990899996
-4.4265033646063,17.432040335819,15.7501506132431
-3.29595935208701,16.0242973976122,24.2823148529757
-2.41597671923324,17.2019553064005,11.6135371823342
-3.53313918629068,16.6091785952975,20.0329584675086
-0.176610703501438,15.1760833194777,22.0368064366073
-2.0017125331754,17.155968111477,10.7491258354888
-2.53177654909405,16.9028684269144,14.5047553908977
-1.11913341658051,16.6305828951191,12.5378845497827
-1.43183077878449,16.5123119450615,14.4897825609937
-0.375460149832342,16.3763153454437,12.4446264206498
-1.49878446127923,16.3750953995253,15.8581173381245
-1.60575630104199,15.2048603437652,26.1219978708159
-2.9828319463638,15.7157408587852,25.9545250968774
-0.0510562151073453,16.4537372436026,10.8042291120807
-2.80920274780748,15.8081532192267,24.6435754274854
0.79485468445446,16.1949477589407,10.4396491108417
-1.96073757049264,16.6419263653712,14.9911879245633
-2.66609174764681,15.4012522833269,27.6661761897931
-4.40805738720193,17.8995964032303,11.7229144855294
-2.98388645483383,17.399228010251,11.6584228908963
0.413611313620887,15.3339661459168,18.907685507991
0.560338933639829,15.7168432715181,15.2110688115722
-2.46436979678206,17.1259778102096,12.4054866661014
-0.599014539860291,15.1448746944031,23.5815671355213
0.590171398477585,15.0810090261159,20.5213751836306
1.88876764564625,15.8468612872558,10.0822186362428
-2.74192982243021,15.893359290864,23.7160429566412
-0.168265582568173,16.5527308500291,10.3184793520987
1.13975669246465,15.6432888646373,14.0804740076222
-4.36347814449473,17.9184617129062,11.4276217433058
-4.58448000217851,17.995170287924,11.4455988237108
-2.44112655998049,15.1849006670209,28.8222999736295
-0.615023289554438,16.1648520316867,14.9665256264402
-1.63212787229863,14.9488776861538,28.3761707086021
-3.28190041691859,16.7182340249872,18.3455255408119
-2.93113911160926,16.9103139730024,15.6513892339351
-1.85284128295253,14.9408801915926,29.1127550619743
1.5119400499792,15.4867923553667,14.2821973645702
-0.406048851026326,14.6626993459597,27.0925023197528
-2.00927210792459,15.1754295806637,27.5944360809653
-3.68209580706565,17.5926900052171,12.1304209722259
-0.816633329191912,14.6102837521773,28.7815850159969
-2.78864689703975,15.2960527098331,28.9310089565426
0.0484950238002884,15.9641739705137,14.6609168240375
1.82551957462286,15.6247545830432,12.1603719585196
-3.23915572965563,16.3122754200586,21.6641836215659
-1.32444753703475,16.9577254473637,10.3811853278043
-0.467601081001507,14.9417607982799,24.9086680857393
-0.895161665319291,14.9556385732399,26.086093860883
-2.24901930333059,15.0375943680071,29.491506423718
-2.23329748722224,16.2192268034307,19.4072615917503
3.05710388259789,15.4843323054585,9.62199425984385
-2.70781497654492,17.0430782620536,13.8471445068934
0.587393995413451,15.2091080327003,19.4417348993371
1.87845402567109,15.4857950389197,13.1803085061356
-1.15347637528592,15.6222623564343,21.2064561958651
-3.24354983788448,16.5855374932003,19.3564470379823
-0.80369929493079,16.7285949980525,10.7497712054352
-3.21703114965769,17.5672975237772,10.9371802657012
-1.31307303135872,16.7583501238651,12.0401913002203
0.507440666568042,14.9671048267189,21.739495079956
-1.25003565776327,16.9001890558427,10.6444591600062
-3.31521609383315,15.882596008634,25.5442446020958
-1.95287955592858,15.6398763564865,23.4786500757508
-2.9629767540662,17.1193813035029,13.9720541515027
-4.15881884766754,17.8800154154214,11.1341604487431
-0.126846232804987,15.1044341126848,22.4946222009728
0.778734661045469,15.8563614099611,13.3643885521132
-2.27024975312564,16.0538581058834,20.9238269154819
1.75549294717323,15.2227337819661,15.7872253938196
-3.17471327453648,15.3981831400824,29.2331220570608
-2.12318820176439,16.755849403737,14.5156888532014
-2.98581994565351,17.3525536350891,12.0607258373566
-2.00858522477053,15.1444614592448,27.855393910661
-0.239741413282657,16.0026155833026,15.2076161857977
-1.12402373653609,16.8688913975453,10.5285418316919
-1.71520194509478,17.1791088009701,9.68458377445091
-4.12027914171253,16.8566410858263,19.7097976297212
-0.0273590680679758,16.0813219013328,13.8956803878643
0.817612066614286,15.7446592388416,14.1953909509054
0.702043745286023,15.0377543854736,20.5498548030377
-2.29062014813019,15.7754768163023,23.3500698410851
-2.65018253500624,15.3969417450807,27.6545920666378
-3.57740324335701,16.428228249971,21.7040232459475
-0.808612694942831,16.4683505171978,12.9751354834922
-0.927924431165892,16.7061476533601,11.3167777375892
-2.80364981466828,15.7569205259111,25.0619158298705
-3.50145803801575,16.8633062745086,17.7784561004419
0.818950404466273,15.3402896181437,17.6259936232614
-4.34299441630387,17.4935982345958,14.9742950193469
-1.98702769998694,16.7232222693811,14.3803186163852
-0.136785465459698,14.8430365943762,24.7450060526728
-1.7315711207813,15.4102488201598,24.7586157978199
0.103978956597961,15.9092252955559,14.9595534802586
-1.37951617268096,15.1739803947709,25.6988896318939
2.98456147713769,15.4354665668614,10.2568211612524
-3.98844590616772,17.1711412057377,16.6390881242573
-0.235960244980899,15.7955253771651,16.9551553941001
1.70744680133843,15.6220894901863,12.5407122176767
0.824085633807542,15.2744046817935,18.1700535032585
-0.536336589257909,15.7040492234968,18.6421355527321
0.460024108422986,14.8414663992994,22.9502989640425
-2.73844761267489,17.2887987743161,11.8528320035583
-0.797784291418449,16.4955722209015,12.7111134408866
1.00062568177743,15.8314536580371,12.9037290241058
-1.42626779485496,15.4602365781795,23.4091057137594
-0.676445566434892,15.5098640063902,20.7159791319505
-1.39388586757651,14.9679315792295,27.4925717476212
-2.24159907776267,15.0980485352014,28.9555377626126
-2.57520583768982,16.7286563782309,16.1160571059497
2.04129574228677,15.561184940538,12.046625992987
-4.36394453575318,17.795259537178,12.4754961796632
-1.34554238472299,15.6311525441385,21.712811256033
-2.30831867945915,16.4688924129048,17.5139158390883
-0.130233562831594,14.9312674534864,23.97573677811
-0.282624609856178,15.39028523536,20.5385770986884
-2.85714072977769,15.571819471056,26.7961890491329
0.54993794776603,15.3189014781277,18.6226389146165
1.78282843235058,15.3080483576611,14.9797624156378
-1.25089234203902,16.0279313208992,18.0558857904037
-1.99394163751933,16.7510850023317,14.1646024683904
1.75449101044199,15.5632184498199,12.8982331566946
-3.53777624883381,17.2119722729587,14.9269640363989
-3.69439765279857,17.377317326111,13.9970340572513
-0.929129761573197,16.5662541559245,12.5086644790745
-1.60975027742986,14.9590701983475,28.2218037016308
-1.09930541380971,15.644828585794,20.8506701114595
-2.50271826572359,15.7910299174567,23.8605186665444
-1.62250037302611,16.6023746163967,14.3024398002529
-3.68940299110694,16.5078655324826,21.3669006814514
-3.12552887424121,15.9177916273008,24.6706376480023
2.42437335971709,15.6008897370024,10.5488394465969
-4.00152672750647,17.3061865390548,15.5316611129704
-2.91593450633997,17.4510666416788,11.0122515293262
-0.162187672115857,15.1225846040461,22.447521999995
-1.32958046734927,16.3552214195243,15.5143178639343
-3.02065695294927,17.18770849527,13.5664359277148
-2.51260616505387,16.6227516345902,16.8259500070984
-3.37431890367504,17.0077302185453,16.1665699369421
-1.56765667344996,15.8594922007947,20.4462259442214
0.673752778250437,15.9919536921681,12.530731563678
-1.24012384441439,15.7439382598265,20.4354585223861
0.22383781747716,16.1826785463702,12.2737667144178
-1.00375361702934,14.9911352691398,26.1135710951329
0.161759991742889,16.4193676155814,10.4514296868683
-2.99784457350886,17.0144110837752,14.9692886593325
-2.74854984923826,15.2812243576077,28.9354841956642
0.083992033169034,16.1764059118865,12.7507105947023
-0.465077283703815,16.5557482247316,11.1920459776137
2.10690461202458,15.7549525513565,10.2020287620372
-0.737146146967756,16.2775840694557,14.3789691097353
-1.82165234464605,16.8537913082358,12.7702767777351
-2.98811114041763,16.5993809959914,18.4650067257079
-1.2488098010466,15.4464795292794,22.9883442858194
-1.49279305620251,16.0057983984209,18.9767217011391
0.176001821417191,15.6670902601501,16.7980191044226
-4.1123210073451,17.1327620295005,17.3403568970457
-0.345082826080123,16.2355259727721,13.5484424438337
-0.783903675069018,16.1433316163622,15.6609427424743
-2.46782814445778,15.6917221933303,24.5983239629251
-3.0035821837922,15.3180081856873,29.3956721845781
-0.938412491452631,15.3209024285838,23.114624464647
-3.72082270991076,17.3460083548382,14.3430230707768
-1.44817842019172,14.8099963648227,28.9985308130335
-2.22673811001508,15.7135098547562,23.6828766168422
-4.04507785495082,16.8798708041544,19.2846642607595
-0.126290117183169,16.3266918848776,12.1112563535841
-4.62917880899634,17.70055645514,14.0834219387798
-3.64411187992192,16.7314959181582,19.3302063242827
-0.86560464895858,14.5697677768491,29.2740812543632
-4.18421947229263,17.2152712279015,16.8573532193037
-1.01349565449709,14.6717813321243,28.8556309954668
-3.87635169139964,16.8083646162736,19.3808689020175
-2.62834518379688,16.3480697941,19.5096911090061
-2.35388309489899,16.1214619558533,20.6029781117916
-2.45234314731229,16.7360193694305,15.6813024463646
-2.37742327628934,15.8759614755607,22.7595391078707
-1.0397814550019,14.9356996841908,26.6935798599802
-1.91358961269478,15.1836201963876,27.2349945317578
-3.32858097345578,16.6692166043963,18.9032919244216
-0.419453622599046,16.7035318266203,9.79857578831033
-1.55667846050708,15.6083935801906,22.5457627112255
0.025264056763338,16.5026466652693,10.1575860665904
-2.34342998356688,15.9831233700342,21.7463382237264
-4.35793562219118,17.6345114513819,13.82266311748
-1.91545805937515,16.6756972029475,14.5671683056502
0.510639931648231,14.8776262088893,22.4898213192619
-0.819365092686737,15.6718084458692,19.773423417952
-1.86428390113467,15.0815771637248,27.9523608838695
-3.23271699654441,16.5021386001422,20.0320069319516
0.799341197770208,14.9516360034699,20.9865677284973
-3.56056871776728,16.9087325910553,17.5716882696252
-3.12606370347269,15.4949925788993,28.2634520084979
0.920300223089239,15.9360257963928,12.2588556307404
0.289745019119829,16.2717080264979,11.3178962455405
-1.28538195485059,15.5682177517802,22.0651133183836
-2.65762987802562,17.1085427960622,13.1390616503351
-1.44382092509388,15.0540661507755,26.9122361814674
-0.875385433831895,16.347527746823,14.2036757292813
-1.58839815828985,15.0481242365483,27.4007049713122
-4.92510317029718,18.1977263364862,10.7570402927545
-2.92187805871844,17.0032941013376,14.8335729383018
-3.4426512043814,15.9402547254058,25.4405664795916
-2.57502148192604,17.1010881588727,12.9521168123257
0.525936680913929,14.8765458303247,22.4526561535761
2.46315822534714,15.6797901048947,9.76117174337699
-3.38520230293509,16.4274366056316,21.1284715518843
-4.19490795252931,17.2764969986009,16.3696912817385
-2.08891613594682,15.7835755135535,22.6702151617675
-3.7900531780054,17.2111889389235,15.6978945331206
0.154248498878207,16.4821683754895,9.94076528452381
-2.14755551887194,15.1254987639943,28.437473023801
-3.30780856247895,17.6496984528051,10.5122902853217
-2.05450974122627,16.4273359534297,17.0979721909452
-0.425611841676603,15.8267257900747,17.2646961200021
-1.10664582417544,15.7182307389156,20.2494407082994
0.119103596682158,14.9366433089292,23.1747041464231
-0.437141323626886,14.860080830337,25.5101676235252
-0.747296398647407,15.5900778851045,20.2492977482644
-0.735834552698603,16.2034626188757,15.0045725159567
-1.06721190327976,15.1431268274697,25.0148246261687
2.33293758646668,15.3884000610153,12.6307022116736
-2.82236300486199,16.9331091974575,15.1282309419104
-3.76891098990853,17.410518549559,13.9407669980585
2.25466355859166,15.7011679676198,10.2112291732074
-3.11078071415826,15.6136716576156,27.2091089857249
0.0948963993764314,16.5533587487708,9.51589265977336
-2.45988871664552,16.3585209821156,18.9105786793357
-1.99099293258826,16.9664154616118,12.3266834813335
-1.25914227587531,15.6022311319073,21.6967150524425
-2.34037150803646,15.1970775986126,28.4136318415915
-1.6803561098898,16.6129787164829,14.3876449800822
-0.620402128908018,16.7440141981593,10.0635010648492
2.517796864845,15.7308443781446,9.1619954883595
-0.311458247711338,15.9914244604658,15.5199392586285
-0.411598186531813,15.0752676093893,23.6050188438791
-0.509188754920897,16.4297812281157,12.3956278675962
-3.56044537816899,17.1785893945712,15.2791898746367
1.83870289644675,15.2092848901741,15.6493724742326
-1.75861791219932,15.7939317196917,21.5816073180411
-3.37435567110987,15.8915191760834,25.6476167960591
0.336837429260354,15.3198719169053,19.2599875588339
1.44683179854981,15.3373339954045,15.7489215835783
-0.281286866927972,16.4462809075907,11.5650495763786
-0.0235193169683932,15.2795046109453,20.6945681244683
-2.37654187347845,17.2593132633829,11.0068784826458
-0.720896982840893,15.9085289379664,17.4644430229149
-4.25339830940886,17.0772714707818,18.2390816238957
0.224216238995659,15.029072632698,22.0711823901727
-1.79033720700916,15.7715366627147,21.8679218075778
-0.248884159699006,16.2031536633474,13.5319727769373
-4.57491701971577,18.0299910598653,11.1208650056453
0.216391935311314,16.2167039077387,12.0073176249353
-1.57044119562163,15.9768531650768,19.4578146086759
-1.28760854919158,16.4211139905457,14.8274812833479
-0.958830003668103,15.6105627967017,20.7161462879003
-3.71986739321252,16.5774836576576,20.8678667663167
-2.82887596014509,17.0520633853461,14.137582342458
0.262005444405462,15.171419705337,20.7476239037319
-2.18158952700462,16.9581700131904,12.974134545071
-3.45176065628039,17.2749785116286,14.1312125338791
0.715094946409961,15.4998530289346,16.5853168071577
-4.57239846272312,18.1219408428281,10.33222681347
-3.52674076743958,16.2817727193318,22.7945126057991
-1.37184803246866,16.8668319794223,11.2968218792177
0.859477889307384,16.1501830904797,10.6240967158307
0.404917441573954,16.2367274692338,11.266099363412
2.37033924738686,15.5211963313656,11.3894409334286
-2.85156864154161,15.3261389106777,28.866083535474
-1.5743657734988,16.2383873024484,17.2482709689462
-0.363284921919478,16.2843860498139,13.1885755412361
1.08463738571775,15.8342860603187,12.6251562143157
-1.28019183141695,15.372377490628,23.7128286659026
-0.623654049797974,15.4834059070921,20.7807776686766
-0.271304825121071,14.760640618686,25.8523941166889
-3.55229708632146,16.4280734641663,21.6292784720661
-1.05146481938026,16.407074954283,14.2313256444859
-3.63130022565056,16.5719657432592,20.6464194915363
0.329413223642894,15.1617496590005,20.6255469418428
-1.67492674478969,15.1343069824729,26.9308208971736
-3.41044034298084,17.3652158976542,13.2395686560613
-4.20720671619991,17.6421290909738,13.3013243676727
-1.16956100090347,16.988609081805,9.64963296949703
-1.90382641951042,15.3028336140156,26.1928352215923
-0.213580556164338,15.4529638649234,19.7970238076176
-3.93167902741422,17.7276283338098,11.740390624032
-2.92956287716044,17.5152532476088,10.5083471299986
-2.1210802023535,16.1519468063812,19.6387641251213
-2.43928490128467,16.2662824121762,19.6316201914975
0.437996847143127,15.6644073078078,16.0270896157192
-2.52925730056211,16.4601669400268,18.2573658138397
-4.27749836809436,17.518263735792,14.566368492555
0.891187704175923,15.6280041849365,14.9633435752878
1.52391591572986,15.2891404357955,15.9247431628842
1.92932753459439,15.2313606545961,15.1873153347779
-3.14428283667749,16.8631857788505,16.6974116182724
-2.65407689011165,17.1073651965283,13.1383001773805
-2.22370423303555,15.0482260838699,29.3245097556425
-3.43314941494047,16.6581214708285,19.3143241444827
-1.80830639173246,16.349053383315,17.0170160773113
2.44465408633046,15.7027816457226,9.62194349791399
1.54150902930424,15.5465488425093,13.6850546952337
2.73444212348904,15.3646995265618,11.6156467475872
-1.84849343124539,16.279672501212,17.7280745504425
-3.08098996239247,15.6827877532114,26.5317952900922
-2.89985851203787,15.4556549201193,27.9122881776137
-1.61860875064535,17.0878127653406,10.1674085033425
-3.21981215420432,16.0929947780953,23.4681200720561
2.61668893120209,15.388718545729,11.7683678352996
-3.94423979852202,16.9849182894355,18.0869155879763
1.25326089512016,15.1492996855714,17.9324840004181
-2.37477181736439,16.6584109194449,16.1054938397107
-1.44506243992808,15.5770916894785,22.4734939424739
-1.50088011193603,15.2477442887033,25.4400237493197
-0.785352390437261,15.5974321908215,20.3021225696605
-4.20953113937142,17.5482936265749,14.1053911342725
-3.11696517089818,17.3711422279897,12.3001435588094
0.168223176465888,15.9547259389103,14.3784486973673
1.15972646094645,15.5245424897576,15.0285898436994
-3.31391518200056,17.22172141242,14.1659655896198
-3.67011006577567,16.8369219220768,18.5134949827137
-0.421949929872143,14.9078353875903,25.0585247384356
-3.96635458743005,17.7785940804585,11.412545089548
-2.64682487601023,16.3413054544475,19.6231309551548
-1.86330449272872,15.1527754157061,27.3446460755343
-0.903430031326132,16.1652861462226,15.8365711328107
-0.589854228904042,16.1997219838252,14.5940952167268
-2.54881076026101,16.8443776635899,15.0531729052723
-1.70708992846432,16.4026644147866,16.2550148288852
-4.03285310344926,17.5964732889914,13.1609111156885
-3.95524642574719,16.5688453816118,21.6543235599324
-1.00103244898347,16.8634077010113,10.2025154961317
-3.79082735025222,16.6737458059966,20.2652042923776
1.87101986717987,15.6681512905749,11.6539227287999
1.02990481750016,15.8826189409929,12.3804368888118
-2.54130681420746,15.6800322416072,24.9202215244451
-1.62515778075326,15.5538463683914,23.2165380446049
-3.67412822399205,17.1692297746629,15.703093125139
-4.20254497218733,17.3592413389141,15.6900092716714
-2.07102916886571,15.7772059020074,22.6701288714547
-1.69751483125337,17.0650564230633,10.599744816359
-0.497546613069401,15.3522932725421,21.5123849748054
1.40284428619875,15.2730874003355,16.4278837566953
-1.73854511962992,16.5376839556605,15.2034723406021
-2.50654652429286,17.0289175992475,13.3576771545446
-3.12967498177861,16.2417671069484,21.9313973879079
-2.06922751139857,15.2828272658454,26.8638514943759
-2.30469180016478,15.851670652156,22.7455206914991
-3.68661856659471,17.7598954795051,10.7239035813842
-2.332689919577,16.3349183807178,18.7257049892395
-2.94955454733485,16.7316516719703,17.2247108848241
-1.36861441181639,16.2043619588754,16.9139503021604
-2.46442163284557,15.4918101974784,26.2860275176243
-1.80003277085728,16.8332799761621,12.8790002288473
-1.77718024170565,15.616809188506,23.1422954031639
1.57708857448048,15.7194707092691,12.1084925217807
-1.92881461990007,16.984734036672,11.9827179615183
-1.14645310401854,15.3763218193676,23.2741625045891
0.617447518369651,14.9638195200778,21.4341324926612
-2.82423606968883,16.410056368438,19.5766406495467
-0.942793277409319,14.9469969023306,26.3037956927938
1.23863609317614,15.7093026780052,13.2202054882851
-3.90986156916786,17.6454422025483,12.3723714226851
-0.529833672841667,15.428618915905,20.9619001387995
0.12841829436421,15.1082223511218,21.6891175043508
0.950951015078204,15.4331839622129,16.437064523972
1.03557804341073,15.6781297317608,14.1001515862212
-1.86242161795555,15.8365135771107,21.5343981457828
-2.71761474244027,16.150457950635,21.4586211306135
-1.45158921429263,15.1510423908411,26.1120681524147
-3.01976864980845,15.6829952915211,26.34456154918
-2.5374674307038,15.7684838961587,24.1572944651177
-3.59418038804841,16.527790159019,20.9091853888354
-3.05360373191748,17.6425426062126,9.80295343491307
1.53078810021789,15.6647629650174,12.7134402278794
-0.609608522540815,16.0017178568409,16.3357596366384
0.539990544275593,16.1747739082108,11.3831178542885
-0.16737492519604,15.555621099929,18.7850873777475
-0.0903970760295785,14.9386296659407,23.7925179377048
-0.745501433981442,16.5644954352023,11.9672978591657
-1.24779685639769,16.0318466157436,18.0132520181629
-3.85618357568089,17.4524021370936,13.8494075384129
0.527091312034694,16.3753054130795,9.71891062759373
-3.47436519636594,16.0228913897117,24.834740624701
1.77802342676408,15.2064938381394,15.8569086861099
2.21520951447315,15.2354112284471,14.2868263389283
0.387219653655883,15.5446546760082,17.1980814996496
-4.44734860449782,17.6825573790837,13.68544599533
-0.258295295397026,15.5459402389577,19.1427599214344
1.79142332499061,15.7531200773078,11.1733491102791
-1.95736391128648,16.1933055173756,18.7914880955767
-2.81688576465073,15.2823365173633,29.1330624141635
0.915495540445433,15.806726586482,13.3716603181202
-0.447730794096417,14.7963896773649,26.083232052425
-3.57855310153206,16.6052630327622,20.2037988692108
0.9271534018558,15.899582087463,12.5476414197028
-2.17938719579351,15.2694531152717,27.3111801152625
-1.10158758839695,16.505948740023,13.543353706825
-1.53162971603538,14.8703018935316,28.7391213855947
-3.04295197134837,15.6258087452779,26.9005300596313
-0.815725708435583,16.8161407542538,10.0426044003821
-2.65050719438426,15.8811346816747,23.5429107163502
-0.634474419238269,16.5555262705311,11.7071225416621
0.683212401507961,15.6012616597283,15.8205552123646
-0.853715150130313,16.2941537082107,14.5913766395711
-2.81230408122903,17.5331051638385,10.0014781426454
-1.07180216759195,16.2350343292931,15.7542261993536
-3.17270328031775,17.262947117014,13.3879967029112
-1.57966455792632,15.5983270189589,22.7009033770642
-3.4685447939865,15.8676540121911,26.1356714995133
0.357944264811891,15.7499732080638,15.5428257819916
-2.570752463036,15.5348728587477,26.2423904305431
-1.22734236591845,15.900029858914,19.0709173188332
-1.44419911950387,16.2560416177151,16.7039758142892
-0.245903437904135,15.313665089375,21.0781301840631
-3.40120126757998,17.1903431949485,14.6969222243643
-0.0995805687726006,15.7144183984816,17.2309019645977
-1.29907494344714,15.4465479404814,23.1400422595346
-1.20922286906489,16.2287733187466,16.2237245205618
-2.69145583082075,15.3746474277696,27.9689948860365
-3.23442532662922,16.1427350360698,23.0899043390866
-0.906438401234336,16.125694674757,16.1819692809794
-3.31807140455197,16.3329312280333,21.7278124628566
0.202976635331785,14.9059864346018,23.1810045067364
-1.42922992509195,17.0308042629743,10.0779043284491
-2.68869984881571,16.6871994001003,16.8120186062768
-2.3205973658868,16.7073692363165,15.5255266006151
-0.559410012493407,15.0542463266741,24.2313688632249
-3.45363194088768,16.6307071066652,19.6092299346932
-0.0680455265963489,16.0351235178665,14.4113430617804
-1.39899304161851,16.1054839345696,17.8458385100376
0.823624533824366,15.8292338582586,13.4588114767061
-1.90423599168472,16.124918948774,19.2114018601316
-1.95176665972052,15.548578968715,24.2507453720986
-2.65216228602583,15.8835498593105,23.5274106725975
2.90636779403848,15.5826674000339,9.24340753942704
-3.68573790271512,17.756620599877,10.7490519509886
-3.02824417975108,16.7023926807069,17.7116240264422
-2.56310894206512,16.7320285865674,16.0507663173625
-3.61228056656498,17.8040924841618,10.1232924498266
-2.53690604929343,17.4128059850357,10.1889592832581
-0.663861370487754,14.6404601772348,28.0624457380679
0.245169597744267,16.0096197180451,13.679078453782
-0.893913745364311,14.8621107609692,26.8767250043797
-2.34007737627567,16.1718071545996,20.1335286166703
1.81390287543484,15.5700735590259,12.6600176584189
-1.94708357205149,16.1701058736304,18.9573980694546
-2.84612348269924,15.429009737011,27.9758173904775
0.637258512918677,14.9505168222865,21.487105964313
-3.89147277582039,17.250272466825,15.6731769738676
-2.16184965131686,17.127452539785,11.4764709323625
2.52980360629159,15.6873159669671,9.49534491542033
-1.18198625147521,16.139800919151,16.896929473413
-3.81499601377217,17.0969621659299,16.7436849722771
-1.76930200813655,15.5385187244154,23.7834160701249
-2.30805154441974,16.2332794787364,19.5143688017541
-2.16483006167771,16.0409170725325,20.7143755523435
-1.25065641093658,15.7975274788866,20.0121880090445
1.74263136585237,15.8050516963322,10.880065450983
-0.863208326028543,15.3148244250564,22.9384179336545
-1.99064494103212,17.2698139918593,9.74860591449522
-0.0101399474036774,15.5401791988782,18.4399027895261
-3.01335841775109,17.5684544339841,10.3103238557802
-3.52005607855798,17.4390807098561,12.9442542183244
-4.28784190806184,17.8925188603988,11.418835406099
-1.47053128157746,15.8046039241751,20.6181961229197
-1.48302100413102,16.0737184740473,18.3702137956925
-1.58099522630936,15.5764992420507,22.890336644358
-0.00689420701621302,15.1288816028957,21.9235721775819
-1.92820225558936,15.4346716910031,25.146868609459
-4.01160400974018,17.2524119729199,16.0189438023072
-0.183056499647224,15.3324624614924,20.7280722193591
-3.41313043827525,16.981426605769,16.507569188524
1.40346744558628,15.6219460827771,13.4628405938895
0.182793871503035,16.4925368204528,9.76621854916537
-1.94747279445269,17.1433693150942,10.6918180419683
2.67126903798895,15.5756865378786,10.0149373966308
-3.41382707086906,17.0353968486166,16.0512641958106
-3.49753971946394,17.3814796035681,13.3652960324203
-1.45394988678674,16.0588236535948,18.4086568380769
-2.86532653829589,16.9576107010942,15.0502774148304
-3.60850267497376,16.6390433912085,20.0076060899239
-2.44698241483306,15.3610412091429,27.3439280398587
-4.5885385357406,17.9051946119599,12.2221346195161
0.52434373196383,16.2145255697535,11.0928752460562
-0.656979517399027,16.5145362542678,12.1234653758874
-2.51311322182275,17.2114062509412,11.82753880361
-0.873501608552963,15.5305184761167,21.1375274621693
-0.409784855469377,16.0998951694244,14.8964867368081
-2.22266139363977,15.1297361795066,28.6290154706018
0.497604738761065,14.8691804497454,22.6010487025338
-2.83693274046786,15.2435123823879,29.523561644623
-0.699712918252795,14.9163591463763,25.8276125540374
2.40351970167686,15.7693611604633,9.18104398307297
-3.10813868291205,17.3826430775989,12.1757170165785
-3.07809197592482,16.5334143964266,19.2979158729598
-2.76100988684131,16.8141189629896,15.9530465703166
-3.24925470272717,17.0334921021778,15.5688682295819
-0.749982959265839,15.2463337240976,23.1771500111325
-3.29101242135493,15.5338898298025,28.4327791391338
0.115451836095989,15.6927663462895,16.7633672788964
-0.000962372375987286,15.9744263243018,14.7236667794239
-3.8833359100829,17.1600117336991,16.415187847858
0.96778573096305,15.2673180806556,17.7949043398705
2.0588483508282,15.5389423759622,12.1823752189918
-1.95787170195747,15.8067450558975,22.0764152159714
-0.200063118009505,16.2906400017459,12.6409723245662
-2.43685636669594,16.7493671431932,15.5210109344893
-4.32417702835434,17.5407076903653,14.5171465260412
0.341531276100373,15.1287055641989,20.8695068805206
-3.63797895608996,16.4805852061255,21.4428259034522
0.693926403374035,15.8329595913588,13.8200881871742
-1.68427929610927,15.3280196918794,25.3137868085771
-0.8604307154563,15.3222291802219,22.8671081967236
-2.67142381086146,15.7024053493647,25.1243790881181
-2.89962197520409,17.5694392193895,9.95739286852453
-3.55085973003279,17.2620981847978,14.5408383912665
-0.361853986085767,15.8202344682339,17.1266770328458
-2.90855348789366,17.1452170462508,13.5877329312341
-0.746245203715634,15.5395115854759,20.6756159863842
-2.41241764066501,17.2771552886816,10.9640171026767
-2.37729778359268,15.2149241841077,28.3739142597913
-3.59755119712529,16.2432911002213,23.3358912470545
0.537202865483124,16.3632136991667,9.79098278811029
-4.11147146793704,17.6188910459288,13.2086735102117
-0.694263217361837,15.0934264235068,24.3071187058877
-1.22473446451834,15.8086128051217,19.8394998990736
-2.79659975220367,16.8549209028857,15.7143008458554
-3.58958366289702,17.7684975294922,10.3568702259658
-2.35866122789287,15.4309542294267,26.4825264964163
-2.43141913217392,16.308661032851,19.2478328321033
-2.46040223755895,15.520003683202,26.0343792976011
1.09929190743937,15.4610659633409,15.750837737686
0.680597588997783,16.1858595050841,10.8629871156735
-2.79133507136811,16.7255745776831,16.797000426864
-4.1544567488247,17.2096405034914,16.8150131354044
0.33188508369407,15.6443204574576,16.519171698636
1.64416289591274,15.9057777705285,10.3228245126457
-0.813065440671973,16.5380350163555,12.396735070507
1.72572395704378,15.834051088409,10.6849700646653
-2.97697468651042,16.1353511452401,22.372671231818
0.0716835579102524,16.0188531228214,14.126229964173
-2.48040385338101,16.3276376064796,19.2350485471511
-2.68673942754806,16.9687299305443,14.4147997916988
-2.73511943468699,15.6370324095083,25.8726143085289
-0.990843446566288,15.0212871813512,25.8183535383732
-1.14936666196603,14.7549842769815,28.5605405707997
-0.69541390816779,15.3455107438992,22.1694369125024
-2.86863492822794,17.2221774670856,12.8131083141766
-3.17645654249784,17.2972814641594,13.1077362818469
-0.3849547001339,16.463858092756,11.7298148528101
1.07675349346482,15.8342445130319,12.6493934879804
-2.14916810780863,15.9919282065153,21.0830317704191
-3.00974352218532,15.4578861157094,28.2262351107864
-3.58043503311717,17.2538376269892,14.7006012281157
-1.05600122095558,15.5354990232827,21.6481088927069
-4.40533531653479,17.7644536458683,12.8625510025527
0.350508074821486,16.2838290722107,11.0308591889558
-2.0935784891885,15.2420554139779,27.283933393418
1.16720522164896,16.1928224864255,9.32965899250346
-2.20555597440972,15.0481918349722,29.2698202226008
-1.38729053335115,16.8943581834743,11.1098015774634
1.70082016012152,15.1776556365221,16.3357447324545
0.421676267527784,14.9448917071369,22.1879947226135
-1.01325391395196,16.7200564584488,11.4571453805188
-3.32985410056384,16.7228434758782,18.4516499778268
-3.23592759494998,16.8163533677007,17.3728386116027
-4.03853819753688,16.6888589533564,20.8872793530384
-1.17452667187681,16.9772571098093,9.7610985602053
1.47075588926716,16.1029264848133,9.17361107701167
-1.30589655128594,16.2693195595763,16.1722050620409
-1.6566078635797,16.0835606517118,18.8124999116733
1.91328370223259,15.3964148847711,13.8339735743447
-3.94531166700042,17.3714770298047,14.8067886889559
-0.882008324831301,15.1165688849313,24.6793267691113
-2.69013246929081,17.2960988307431,11.6444548824704
-3.14719375502577,15.9493770240138,24.4679899486302
-0.849539416021789,16.0835341998399,16.367697888206
-0.147702512726581,15.0056979698329,23.3964571778034
-2.47581027140571,16.3085809389921,19.382996800319
-1.16791939690351,14.7686700971276,28.5005009956591
-0.876219427552527,16.3142632284604,14.4887463438243
1.33891730458948,15.4441636641188,15.1684544745001
-2.20174663779455,15.8013775794148,22.8608287844511
-0.723272850285033,14.6627873801411,28.0527897227211
-4.54751403647298,17.6888637780232,13.9353331227955
0.371653653632829,15.5114012474614,17.5276887663682
1.12712622290148,15.748567508282,13.2245166137742
1.57690755531851,15.5099794040365,13.8884298291593
-2.85077208604989,15.9032143825867,23.9620745993642
0.674353041373261,16.331805209981,9.64226332165815
-3.88722881467615,17.4523550138266,13.9438598420878
-2.93902594077578,16.0323260912502,23.1327848399803
-0.718087380407302,14.6750604995612,27.9328341544767
-1.86904422788599,16.9513745532393,12.0849932448958
2.13464131181061,15.4695130372764,12.5424820186701
-4.2121969379184,17.7319409759114,12.5535931372867
0.774505226699479,14.9455291520873,21.1136794121119
1.62963314989465,15.9627252519536,9.88313892241023
0.494907280694001,15.6784146917815,15.7357018543348
-1.20419640926723,16.1416968340859,16.9481118720093
-0.993766177761195,16.8673149782843,10.1473143627134
-3.03459555553472,16.2967072305456,21.1766992741204
-0.034196690832045,15.165268719929,21.6972185670026
-3.9025912642687,17.4478775946594,14.0284311796345
-0.79834580573668,16.7364474860073,10.666854825556
-0.695361140018508,16.2994223204176,14.0668898150505
-0.406312270747103,14.9848531195921,24.3569727030804
-0.108464988383733,15.3077516654522,20.7119859838858
-0.775803482133124,16.5236311607379,12.4061936447431
-2.14628746905217,16.103731684743,20.1246622240448
0.164672883560538,15.7469752863439,16.1538084206682
-2.17885631918274,16.7174010338944,15.0109112040563
-0.336728025783143,16.0022036368612,15.5049376849759
0.981754991969436,16.0299820332333,11.2746267174024
-4.0683699827749,17.9155435814133,10.5583730600561
-0.958753307850064,15.1119016199914,24.9514699908207
-0.000771844492435836,16.2151799788524,12.6781627827793
0.612114870043881,15.3253611508419,18.3794054117865
-2.12070535955628,16.5202555825334,16.5092669529847
1.95000181154533,15.5830479321314,12.1375013138893
-3.48010738040118,17.610207674504,11.3697012658532
-2.68832769527624,15.2223936743985,29.2527395532127
-0.495173222020328,16.6299057558327,10.6533387368872
-2.47451842243698,16.0907916699356,21.2289537371865
-2.61577834673757,15.3537614358761,27.9171313443103
1.47431281041035,15.9594990702515,10.381087083615
-2.85649036758718,17.5220199812184,10.2294971411937
-1.33262164881048,15.04560158793,26.6472529798183
-3.18208470784458,15.613773348669,27.4242618198722
2.32671226243453,15.5711059838357,11.0976841947095
-2.5301787035153,17.2874481582901,11.2333499673927
-4.34312659103198,17.4291479672236,15.522126712567
-0.67031676887565,16.1801255910099,15.0043066935503
-0.431120105173926,16.6324389883706,10.4377718888455
-3.38683255105936,15.8857174516132,25.7346947125466
-0.966498976903538,15.0041576148304,25.8900976456289
-3.45146273766742,16.3109443047166,22.3186773815847
-2.30070998017067,15.5164669761489,25.5806293424269
-0.323878530926333,15.0423268735583,23.6190646068674
0.374855587621941,15.5483252342347,17.2043614426669
-2.38538642041521,15.3618557984844,27.1504029905324
-0.589950942005307,15.3129333964151,22.1266424657086
-1.93526269007429,15.6541543039445,23.3040046756596
-2.57143438878823,15.9936892415284,22.3473362094502
-0.741796186437632,15.7978037026151,18.4682416587882
-0.174369467548926,15.5779791302619,18.6163715727786
1.04061312768755,15.6397929165544,14.4105250928112
-1.36626699393554,16.4245747872942,15.0363827850859
-0.642607424299438,15.418270018055,21.3914520574966
0.0138346106159504,16.241580228327,12.4096723864408
-2.35239304331092,17.2905584952128,10.6683267284909
0.174694698950704,15.3856125192609,19.1928103530315
-2.10924320619309,16.6703311367462,15.1998220826721
-0.451934667259405,15.1841753061811,22.8021725980561
0.0737096904746073,15.0897451355413,22.0118008922031
-1.41838959214722,16.2661917576507,16.5395716170905
-1.95323868425347,16.2137927742288,18.6049748522381
-1.64503352018326,14.8713699582248,29.0736080271156
2.3190993512633,15.5978893768738,10.8932533558888
0.535327720013261,16.3911845437232,9.55908325502297
-0.912548072253523,15.4938425895758,21.5673390313355
-0.758595544459977,15.7741743678201,18.7198397400806
-3.16490881654931,16.3299575679785,21.2890618050412
-4.92243829801714,18.2398296899559,10.3913472129578
-1.096211917729,16.3834570803828,14.5674945025429
0.0174860629285898,15.4280642022131,19.3084979497844
-4.5446939840321,17.9085613309776,12.0607104272177
0.185248344294676,15.7440667752651,16.1161792082952
-2.13145990495778,16.3927665390613,17.6247215518123
-3.53729179664911,16.5761253284666,20.3262885439356
-2.94012532927928,15.4256245708979,28.2893505925263
-0.250629311551034,15.715230313924,17.6816102413703
2.95070836478501,15.5545061469234,9.34827469381278
-3.70784863807283,17.6676208249496,11.5719880167967
-2.80127677284314,16.4413693154791,19.2411174422853
-2.35153826635275,15.7431808623015,23.8089394208303
0.601330696109494,15.6424915697738,15.7184162370956
0.472181205304899,14.9200508371491,22.245983974055
-1.72205455763046,16.2137598913276,17.9048781652495
-4.3825365003338,17.9600428465698,11.1321751883518
-4.62403288252215,18.1208917325642,10.4975651008674
-0.0486938067802809,14.7337036460167,25.406789252567
-3.18807124985952,15.8622956769039,25.3314853618791
-2.3249866183105,15.9969705373266,21.572847915092
-1.55131086914017,16.1752965562575,17.7143094605108
-1.87431580935907,15.7206046072258,22.5549458468169
0.587095613859971,15.3675898869861,18.096516857271
-3.35509091532397,16.0351990099558,24.3688581429321
-0.885949039149467,16.1877301055019,15.5929764385274
-3.12458073082726,15.6222249117113,27.1782662501313
1.10148958729233,15.8808653108978,12.1784647707501
-3.75728874537617,16.8290216798471,18.8447076966372
-1.24373926332299,15.5038603131447,22.485598915779
0.72065427436574,15.2527966916984,18.6669356010104
-0.586734106830494,16.4068099469464,12.8256674912944
-3.2672226028835,16.4320656705897,20.7317315640354
-1.29251675729377,15.9720259034572,18.6568401645414
-3.9875914712467,16.9663606588829,18.375876005347
0.957175711858782,16.2197717948923,9.73704319782277
-0.886010756205983,16.4491451282752,13.3727419426901
-2.30664416764794,16.3537191742903,18.4871077426553
-2.31346936958426,17.3734873285221,9.8460213001846
-1.22089139625653,16.8334225883634,11.1232708932524
-0.44313462161093,14.9373764936801,24.8717862081734
-1.89246532554092,17.209606559355,9.96256244824191
-0.706147040551774,16.7117385343577,10.5974114682196
-4.12958436142956,17.969382320983,10.2865245116963
-2.27012642913984,16.1054249905937,20.4854516283636
0.469300994101862,15.492471073534,17.3926547597091
0.78636106228902,15.2569835593048,18.4323131925594
-3.21242377325679,16.3538564355715,21.2300155907451
1.77460558843142,15.8744118987681,10.1940634875206
-2.03715090252187,16.4952521257508,16.4685131488052
0.557897759628024,15.5398318570601,16.7219737902014
-0.384826880756747,14.6510925051442,27.126796853653
-3.69373653026161,16.4569900645152,21.8121580883958
-0.470812221099361,14.8560836867373,25.6461253038571
-1.71557872956396,15.0320301422977,27.9227014487641
-3.1204878330085,16.9161381313879,16.1755546372178
-2.05321611835902,16.3228560137376,17.9814906661393
-2.82806012875948,15.3308596434807,28.7547668989943
-1.57655404350721,15.1007236903523,26.9180508691717
1.92651823347989,15.7997359665175,10.3681283017061
-1.79517929166236,16.2645524623069,17.6949859442896
-1.40874642277165,15.5571934104511,22.5324871005099
1.01919827068177,15.8417588620811,12.7599321549299
0.733273764322451,16.1334069560308,11.1489281847074
-0.748935168180696,16.143270636405,15.555523049483
-0.367983437113384,16.0550752821378,15.1505423278047
-1.44398298976558,15.2783537755771,25.0076604494241
-1.92117114612238,15.7555578851302,22.4000067379055
1.1641778501792,15.4239163822637,15.8698079210534
1.26585540263069,15.7856803925319,12.4890028750471
-1.19688915559154,15.0581489534072,26.1294737210155
0.160926230883544,14.921491344774,23.1767004071126
-3.49195901024372,16.9860497046862,16.7071136665503
-1.49583469508634,17.0809560176311,9.85370277405053
-3.57319186355868,16.9774270502442,17.026449470199
-1.4784808714477,16.0952101736148,18.1739119976601
-1.23265229198455,16.8668491864857,10.8749800145882
1.8492094702283,15.4798988818471,13.3189864591872
0.708036982299535,16.2152201849058,10.5304736608781
2.46427156852286,15.663658079758,9.89482194539552
-0.365849579503328,16.0269089917492,15.3833181770333
-0.0918792312616765,15.0854641694227,22.549817073284
1.20322907607878,15.5437904845271,14.7333082898978
-2.34080466253595,15.1126172660189,29.1323379633907
-1.72164955837145,15.2274732586175,26.2810275030659
-3.87816879079863,16.7115197833532,20.2089598650017
0.177199541499337,15.1148773919152,21.4848069842186
1.40321586602957,15.5122399528774,14.3954307896419
-1.14856239169897,16.4567828412341,14.1032726680712
0.357224494306926,15.3593320643887,18.8630558242082
-3.42483805462555,16.2330325767418,22.8997884517247
-1.36027448677228,16.8508281449159,11.3976938985753
-0.597062979284669,16.6808303444388,10.5294692727784
-0.732698524283759,14.9220852442595,25.8789063234218
1.71631938208177,15.5658759190432,12.9913025521171
-2.5353117453046,16.8228797154997,15.194877892588
-0.489952630146717,14.9663007535623,24.7679436216045
-2.48422814843425,16.9990287437375,13.5439349041079
1.08108835733118,15.6980010002559,13.7934936799423
-1.69346868382126,15.7948908521692,21.3760899613701
0.849364314822926,15.9356342705292,12.4770826575506
0.626735324899446,15.226506000539,19.174773888306
-1.67282331563633,15.3329536356168,25.2371725275772
1.78127754295136,15.3142004211764,14.9322061202869
-0.391160236557535,15.0201378708376,24.0113657906552
-0.47882563660336,16.6989022579757,10.0177671371069
-3.59562744056137,16.4090957364,21.9217425498413
-0.530647210522113,14.8395977109942,25.9674258544921
1.02865951119345,15.4154917927605,16.3519201321907
-3.42235137898756,15.7532398999692,26.9675447676035
1.57565026394071,15.4645147522519,14.2784090029077
-0.468134157942201,16.5275647598018,11.4406931096327
-1.5366469142686,16.1703339009221,17.7120368540006
-2.71138370129904,16.9384644718635,14.7465304483718
-3.18439707674853,17.6126736566813,10.4528964997106
0.153644025984495,16.5070692069684,9.73109247658143
-2.91457302414865,15.7198468261447,25.712858112006
-3.2593531914458,16.6777882406,18.6207590168371
-1.66054574162587,15.0266272733229,27.8018693254407
2.66609390771256,15.6011048628836,9.81471595263445
1.40847810642217,15.9271523313048,10.8552828981559
-1.69046130436603,16.4343772217373,15.935274143076
-3.55314219141845,15.9112643051239,26.021541127824
-2.97874064678609,15.8785734184018,24.5590541829243
1.39774950978041,15.2247898082307,16.8535512385757
2.47334160490619,15.5863837923525,10.5237007686901
1.08572501052996,16.235434129867,9.21456743991205
-1.02011194675044,15.3708879200125,22.9375647153827
-3.2478938538352,15.9698119747141,24.5994909785516
-0.225753081852421,15.4325899957915,20.0069533713211
-1.91571431563866,16.8750175265238,12.8749465811553
-2.47541696334357,15.2875163913427,28.0545801461652
-3.15189839317154,16.6138748831773,18.8380938280928
-3.18076926341771,16.4123975780382,20.6368777357817
1.661771103976,15.7281247223521,11.77843951349
2.95698754993019,15.4546002503225,10.1778380670067
-3.76162376890869,16.6054179295767,20.7570986973883
1.99569214384947,15.8005259982548,10.1518544241891
1.7515874077737,15.7424272518464,11.3848559712324
-0.251259273473162,14.939779993719,24.2700818059794
1.51399608865275,15.6890746150975,12.5578122476303
-0.51377905579738,16.1337960700424,14.9235894648725
-1.1045566817038,15.2169689802192,24.5007566400672
-2.03239760804596,15.6692169870487,23.4703361989972
-0.714443416258133,16.6757413574332,10.9283002950801
0.634596164771941,16.3860304251723,9.30212626130906
-0.295161666011797,16.0815503268959,14.7050524051522
-1.6042679151421,15.9925139311235,19.4272729074285
-4.26784861361627,17.1961758786154,17.2729021738892
-2.62303331361491,15.7673179389209,24.4264211411727
-2.75374229631429,15.2883626568506,28.8905831133219
-0.320707822917316,16.3502290536952,12.5003265717862
-1.63569285347836,15.6541259099281,22.3966942643937
1.65822242377032,15.7943476358326,11.2267024286872
-3.1034946774231,17.4654262026881,11.4585000131557
-0.193339082336657,14.887337151063,24.5400536009451
-3.8576480228426,17.0472563790531,17.2950936911125
1.80755830013481,15.9329982411391,9.59660878789239
-0.218693796965193,16.4528004676321,11.3200466732034
-3.49395833194714,17.2390782472888,14.5639827268138
-0.205786251037292,15.7175496229739,17.5260575998363
-3.6652743806093,16.9687711057415,17.3789372637169
1.39810618034985,15.6356676584943,13.3625335487606
-4.53638043963189,17.9355387752988,11.8063818942757
-2.47403979000996,15.2477740850831,28.3879733902793
-1.74378363165337,15.8215729037309,21.3018864018498
1.21878456076302,15.4218549107975,15.7218858636433
0.722931402934887,15.2369843846071,18.7943444577381
-0.170332966560298,15.4347764617066,19.8204857244727
-0.154640680213456,14.7689916318033,25.4280259336707
-1.33399418830879,15.5247931308076,22.5812273153107
-1.49988790168813,14.9479567188499,27.983370177119
-1.55944073323733,16.4964328577625,15.0112536236061
1.09893461310541,15.26318025959,17.4327327697651
0.712761586355185,15.1206498160789,19.8132831112515
0.493624749969388,16.0878813680973,12.261636458731
-2.01163688596857,15.4737041519155,25.0680990608639
0.439090320081651,16.031628982473,12.9046490252464
-3.44838743114818,17.3253979749461,13.6927376512158
-2.32990800481394,15.0669034265158,29.48761311949
-1.24628268485266,15.8674924221002,19.4046656079492
-0.957247957448697,15.6051108486475,20.7576615135028
-0.481498954009966,15.4312191886277,20.7933829979614
1.26978827250118,15.2341582662758,17.1616375123846
-2.41329298080082,15.7858986890966,23.6331872561755
0.212516883436811,15.3297644174579,19.5525931585429
-0.629473466148241,15.3887870514905,21.6020865845094
-1.57297244688658,16.0697195689444,18.676689245303
-3.27263515860485,15.646162515607,27.4234769424007
-1.44646502236742,14.8992008824636,28.2356497507376
-3.76032036340492,16.5204016980799,21.4752656080699
-3.46702270774505,16.0878188098334,24.2610123042537
-4.35759201928142,17.4464316115393,15.41914517763
-4.06795778622795,17.5911396132324,13.3125647826512
-2.23463912853487,15.5459175581906,25.1303176535263
-2.33744524586498,16.971682023422,13.3315328604559
-2.3495045637894,15.6769027916248,24.3657346517659
-3.59671597203551,16.3071265977781,22.7911514176506
-2.16923119648421,15.3813928473581,26.3296124277395
-2.43280584940738,17.1763314677687,11.8821664865204
2.81422498153555,15.429572486011,10.822921756573
-0.201049655705426,15.9051290499364,15.9184354330594
-1.87469559058681,17.1863845291368,10.1059733261069
1.20953846813389,15.8492235225182,12.1198897503081
2.53750445631293,15.346814925056,12.364181767036
0.397015299224529,16.4139588930264,9.78466089872493
-2.88792221909505,15.2627268432407,29.5148302244259
0.16561427251855,16.2756010096661,11.660885880129
1.55674534566552,15.9005421801941,10.6321277204322
-3.89645891628075,17.7558245268218,11.3941963436492
0.40573754562429,15.3000432729688,19.2196751995177
0.292128980773557,15.7637072599679,15.6255591776799
0.159448729882919,14.8008502361118,24.2058846825468
-1.93047223434414,15.7421427482852,22.5421307685584
0.445701238685127,15.2492720965432,19.5298475994211
-3.3519031648205,17.4856865863535,12.038968703452
-3.56879304835157,16.8774549833689,17.862271494795
-2.30532453364404,16.358580837041,18.4418156288136
1.27909169823361,15.684517388991,13.3081672563133
-1.51246835447219,16.0827233391418,18.382938987764
1.70546159732179,15.8112260052238,10.9402281676204
-3.13870582523594,17.2103216246036,13.7319942079997
-3.97687551553683,17.167313373352,16.6365484975066
-1.02966688166701,16.8617921861177,10.3029859158129
0.105944165734326,16.1218324210883,13.1477456131041
-0.450365484752941,14.684339843474,27.0429490045595
-0.202845572620566,15.5717907196323,18.7552038527328
-0.273088876759026,16.6489396006419,9.81885994938221
2.57354786722491,15.6511419332704,9.67007800153998
-0.473842953834336,15.4949571993575,20.2288075609567
-2.66447039452346,16.3475232611865,19.6237751813084
-4.0294313218779,16.8015419140322,19.9025771259499
-3.27696053000354,16.4444003330584,20.6564639266472
-2.35688112906385,17.01900341305,12.988473125079
0.784200242910555,15.3825502307264,17.3723142475149
1.49704404273455,16.091783677238,9.18861609695344
-2.6315495384678,16.6478367274493,16.9732216914163
-2.58034803402246,15.844275857121,23.6434359590971
-3.21263397516719,16.3445940480813,21.3093257831096
0.168328901259232,14.9220914909363,23.1491763445651
-1.88139738760587,15.6580678383224,23.1075778887735
1.10410922817508,16.0155118667117,11.0268601179272
-2.38507646515467,17.2762966726259,10.8884795373241
-1.07847671453011,16.5750014177934,12.8868154694144
-2.3665384000761,15.783966533377,23.5079549618119
0.485400775584664,15.1626769055549,20.1451042731809
-2.17132042124354,16.8028834103076,14.2620061153332
-0.165555445343502,16.6082549042138,9.83865564681381
-3.83295513039073,17.2281776308819,15.6835671832088
-3.45793305967966,17.2746806483013,14.152441936282
-4.49117994364533,17.5699518777046,14.7746886089172
1.27064828247612,15.1577005104792,17.8084532396785
-4.1004652232759,17.4203111250741,14.8620390999894
2.15623003089564,15.5986701467078,11.3800368068285
0.808827525953379,16.0977729593805,11.2227068856759
-1.30008537919523,16.4806281268483,14.3597755553487
-2.35938924861974,16.6136567104746,16.4390278937739
-2.06938551434568,16.401183333254,17.3651751629635
-2.22326265693916,15.828410055283,22.6964019588225
0.927346198713129,15.3690083632134,17.0536739649567
-0.0962687501328308,15.4861557468634,19.1596987708759
-1.02084270538141,16.9213493809547,9.77038271739836
0.100443293235712,15.7519762467734,16.3059155504027
-0.746007290848931,15.7480150807504,18.9038966338175
-0.418568353034062,14.8691047698761,25.3772524737739
-3.470026650095,15.8267561597318,26.4875412614263
-0.880300015153985,16.0615766260453,16.6473920749337
-0.758919113544207,16.3221711231748,14.0662146601449
-0.482381619602128,16.2332537312455,13.9836914146823
0.0386208728621718,15.1431658339871,21.6643553219855
0.889597817933092,15.8001348524817,13.5061071175826
-2.06988516484366,16.8385544215253,13.6517219720598
-2.89368106957159,17.2655166430515,12.520869293125
-3.18775636819439,17.6407052439351,10.2249772707664
1.1077027776086,15.5940451223804,14.5958510911205
-2.2766314604252,16.9442995041248,13.3798796962483
-1.05405221236097,15.8188892338984,19.2351287980666
-0.0667116853783014,16.3248946200912,11.9460282542375
-2.58879922735679,17.1464423177723,12.608625032403
0.265914493536018,15.3738812828334,19.0161019629154
-2.28155864757209,16.2613341822341,19.1958155474053
-1.45827704380092,15.4598140790298,23.5096668894797
-2.72055319431499,16.7869744141375,16.0610442563491
-3.75087424033194,16.380833905334,22.6321171131592
-2.66673388233077,16.1288034234963,21.488407183152
-0.284280412754159,15.751913348813,17.471976384618
1.09582253638781,15.2449790989828,17.596758886585
-1.42772183358815,16.0093526984702,18.7493976854225
-1.92279898582162,16.1008144267185,19.4723790770899
1.48046269500676,15.7758713087312,11.9221636104008
-1.6801460592714,15.0431386145784,27.7210038503361
-0.82645209589934,15.6306939565467,20.1441141444363
-2.65756456229464,15.4862481475828,26.9184003441191
1.08931649001789,16.1511315035808,9.91974133440524
2.11079201728277,15.8334617156017,9.52340629752144
-3.46517030248993,17.6788968274653,10.741013400585
-1.05918295464715,15.5624956065908,21.4284429238353
2.27629567136424,15.6075457236191,10.9409081697454
-2.72803796007088,16.1004425596798,21.9150219453928
-2.97159794198646,16.169560306276,22.0658146229346
0.216796891728569,15.9477813387116,14.2902802858472
-0.0417950531930043,15.0116284138988,23.0252365083761
-1.99748265615021,16.9517301407863,12.4710791974044
-3.05412015475143,17.2422966806247,13.204149063259
-0.862152872048477,16.2990357486799,14.57547150533
-1.66085381406591,16.2751717821198,17.1978458032628
-1.62802446470473,17.0769985766655,10.2877877164818
-1.95446049252336,16.6772632809426,14.6720247569484
-2.48858823872618,15.9141586813466,22.771873577894
-3.38038580407411,16.2839319712969,22.3327875413569
-2.40052607009401,17.4062772038046,9.83124849190855
-0.409053350378713,16.6372205289112,10.33030658898
-3.74585300878214,17.297065770932,14.8345640023487
-3.39186265822952,16.1417833790368,23.5749464773713
0.57827410384113,15.2095217384023,19.4658497994321
-3.04568756734248,16.4637453057855,19.7915054009209
2.19446083166512,15.8342815088345,9.26296708784625
-4.17800842793202,17.4326028316988,14.9925534903761
-2.34532986519111,16.6777009684055,15.8524520858104
-3.40776918552324,17.3142801181443,13.6641175007154
-2.09476666999568,15.213741588399,27.5280265534935
-1.52383683190378,16.6544070293949,13.5615812275253
0.880972514156565,15.7817248833005,13.688609233375
-1.58639631531403,16.8459219254087,12.1244062958945
-0.310327946415391,15.563759418343,19.1490401279714
0.120054510576001,16.3203724101247,11.4186280909393
-2.55024830888951,15.6498699091476,25.2035044228713
-3.34916928942696,16.621600838914,19.3701059939594
-3.2550311640695,16.8719953133322,16.9580985237988
-3.31462155107549,15.9116058765962,25.2960377944049
-0.0334151022211189,15.66778891179,17.4265167601024
-1.40728315254071,15.2129145035331,25.4523094393782
-0.957448031458933,16.6643524425501,11.7612224419357
0.503716099651328,14.8900670186938,22.4051267357799
-3.30437198682911,15.5064618260165,28.7062216602551
-1.1020836929062,16.450805681773,14.0132338403011
-0.586491405746555,15.3338308917233,21.9386614369419
-4.0592305834353,16.9514129553419,18.7198714716601
-2.53094464800984,17.4203003829392,10.1072427892374
-2.78165886729731,17.3072135035368,11.8273291350352
-1.13580024278381,14.8337545749321,27.8503773476143
-0.607695887366664,15.6416426024414,19.388392512595
-3.480443322655,17.5918146648361,11.5269465773767
-1.81582196753314,16.6011506057946,14.8985072158125
-1.58115312754325,15.586560130645,22.8053592732093
-2.8804723575016,17.3535574600828,11.7330472984376
-4.28450966262054,17.2845103509136,16.5730768301377
-0.178208542003784,16.3202428642706,12.3233210976996
1.97248984229288,15.2860650763613,14.5919029749318
-0.96749689339957,16.4678572694805,13.4606672653796
0.479486890015064,15.1156482644152,20.5624749729399
-1.34085435615887,16.4446851413727,14.7885803499931
1.2975433707928,15.3870314600388,15.7790701596945
-3.17770581988107,16.477640972328,20.0734290115206
-3.93840066037794,17.0652998998521,17.3864760301353
1.32620344590762,15.048135864198,18.5707742782633
0.718955261449434,15.7520128203332,14.4318130520087
-2.56687437559487,16.014611547369,22.155810531221
0.648331323858048,14.9885133381479,21.1308237864135
-1.78198944667328,15.5620127722648,23.6222978159128
-0.645187195044223,14.8138634956547,26.5330092702693
-1.02012155467243,15.9619074177731,17.9175595213722
-3.46088455181557,16.749752049885,18.6200512711008
-2.9153117249135,16.457025679109,19.4536052511053
-0.860608761593863,16.4473830091005,13.3107533817932
-3.77561800166152,16.6566292728241,20.364512690876
-0.852315680441513,15.2589137736696,23.3803154928291
0.944084784383761,16.1122061183827,10.6903497002356
-2.19867844676406,15.6813066171851,23.8713990720599
0.963004148898896,16.1879529034457,9.98965092603037
1.46634042540062,15.374998525502,15.3699028063237
-3.04609333755886,17.2419441894808,13.1828257017672
-1.67434196098019,15.816657976998,21.1332584339783
-1.23220069748131,16.95354605293,10.1372212328168
1.3403998624267,15.6739621870273,13.2120875593697
-3.6032560170083,17.7211925294547,10.8000926821904
-4.12068316407859,17.6800110311081,12.7174361586736
-4.50489124100506,18.1238776432212,10.1112617083104
-1.04670743228254,16.2027034019209,15.9528155296784
-1.17560640527542,15.736523307509,20.3029834487307
-3.14208770853816,16.9249855631138,16.1658429958073
-3.69039407308571,17.524307620225,12.7363908084008
-2.7534237208616,16.0552047945441,22.3761715586521
-0.903792803515376,15.4918423870317,21.5578042370861
-3.65568255359589,16.6234002490521,20.2834088742293
-2.56387017073104,15.6493790745006,25.2489411486758
-3.43520716746228,15.7923897301329,26.6739585771132
0.350706251612017,15.9927125893203,13.5029601927389
0.940314650967842,16.177867281274,10.1440549398731
2.55564065918285,15.5212826815928,10.8273339119935
-1.73089752367193,16.4044297574314,16.3121457517297
0.881170434994534,15.6729138620204,14.6122347371231
-1.72652474644126,16.2802771966339,17.3534322837537
-0.363231965439136,14.7238294949412,26.4435572222556
-0.564571795772731,16.6757349473637,10.4743162826577
-0.46802703204016,15.9306358956627,16.5105961763834
1.34763474062187,15.7159483415862,12.8335450445782
-0.664041697797729,16.3523378801233,13.5225499406963
-1.91272062025746,16.0138333514895,20.1806512057036
-3.3487471863952,17.6330255864566,10.7779314178499
-2.21217714249705,16.6859443404017,15.3790457822097
-0.647037835590691,15.8772544889087,17.506326217151
-2.75804764198106,16.3163020620049,20.1724573003627
-0.630364676814828,16.6227041126427,11.1240731177135
0.260163424310793,15.5709795991525,17.3594002706065
-0.853497805151485,16.0395831658254,16.7530036297148
0.55654721841046,15.7274432098984,15.1325215266636
-3.7020250019272,16.9955610189642,17.262724199843
-3.22525121571358,16.2695861660649,21.98465603667
-2.78780958578511,16.4038544813874,19.5189639704126
-2.08240725574736,16.2173578415844,18.9660119270658
-4.32218470390039,17.6663589265172,13.4438472850698
2.19999999850031,15.3303362625034,13.5266242725279
-4.36668148186258,17.7045849213757,13.2539648993499
-3.48196163610984,16.8659548760538,17.696894601488
-2.94176533024067,15.7750677512991,25.3261990687054
-2.94311364116457,16.1360043519644,22.2645404126073
-2.00020777863504,15.7612366217224,22.5912151046285
-4.47901698705036,18.1258545741422,10.0160834784347
0.191402199526905,15.6200880060531,17.150593775537
0.391827094020103,16.3962920091336,9.9504386105349
-0.564357294604116,15.7424993612138,18.4004348058115
-3.55352919277301,17.4404631730261,13.033919107766
-2.70893580626866,16.4101673579961,19.2263939378717
-3.65252300879713,16.9640948065475,17.3800265902843
-3.68339824236716,16.3896345574393,22.3529460351982
-2.93687034806679,17.4932363228928,10.717493809801
-2.38716285369078,15.8353036989644,23.1343865980903
-2.53643307210141,15.5295430308861,26.1836900782117
-1.1979330643358,16.9322276614013,10.2144822333987
-4.10096451695224,17.8782473951308,10.9739071425509
0.27738913254478,15.5285731333207,17.6674091129387
-0.274783436027123,15.0270343849831,23.6002224263111
-3.47132389984388,16.6028633591085,19.8993287783696
-4.30079776031908,17.4470164312711,15.2421186921578
-1.94177942481532,15.692130023802,23.0011869444932
-1.03602299359992,15.6777727301135,20.3791322062281
2.49680481212961,15.7012622094308,9.47685791695333
-2.95119859563533,17.3323322073899,12.1275977946219
-1.21767866212157,16.004833698918,18.1514522856911
-1.76339610034172,15.9699757778142,20.1007900969911
-2.11279986763006,15.1734907541706,27.9245431884234
-2.46529145553209,15.2521659241372,28.3241665248261
-2.83280501852905,16.606057087607,17.937798600119
-1.15257524351351,15.4512475143305,22.6563015859647
0.75361967497499,15.1921510161219,19.0821820096568
-2.88937560648664,17.0470343777963,14.3635826477623
-2.35021630936854,15.625150691048,24.8074657682964
-4.14167541678803,17.457870593229,14.667861335998
-2.82370342992715,16.493143249726,18.8692990326978
-2.14185570291015,16.7045737326931,15.0077704932065
-1.15340368162678,14.6856282288196,29.1618710477536
-2.87669726373397,15.7376172919625,25.4471731217278
-1.09835370824931,15.440071515983,22.5869638989786
-3.0798601245706,16.263760267034,21.5936757583782
-2.22756390061428,16.5307771057908,16.7436283033897
1.99135443392915,15.6920676775473,11.0862249057263
-2.72177628823236,15.6911327178143,25.3726708245949
-0.789655691683847,16.105752131473,15.9975632884373
-0.648773700264702,15.4534244117275,21.111536543255
-2.14940400427583,15.7649957864236,23.0112776414862
1.47580863828458,15.7679625382655,12.0034391040024
-4.18155870758991,16.9960724286518,18.7111353501747
-0.252028021997166,16.2694473592914,12.9784080738153
-0.163196441508012,14.9972444128869,23.5151995739887
-3.41131490412564,16.8367250278632,17.7311433142488
-2.48459119370051,15.6736634896319,24.8024959097688
-0.812038308451194,15.2062684561999,23.7054562809251
-4.37832665582025,17.764659195327,12.778981927795
0.289011061419849,15.5708986411445,17.2726935406706
-3.64628734732164,16.1592087306374,24.1977216995417
-2.88287761634024,17.4471642502447,10.9452515046947
-3.50597763101902,16.9393806444827,17.1459835619899
-0.63952195122418,15.7752789105551,18.3497225684308
