18.6373235023609,17.9742743556781,38.2693020023866
14.5479190823343,11.5665121852309,32.6269317030985
15.6887998986031,18.5438947830825,43.296166439203
12.155750047203,9.57652056874536,32.4078634268462
16.7839675727622,12.2871145800795,30.8346738647786
14.1842418322462,14.1035184643436,37.5699907339962
20.130110607204,21.1326644266114,41.7648490298767
17.2565281779731,17.924471388622,40.1986236294421
13.3534261740565,14.576868310766,39.5346976053795
12.7867064613655,12.4290974320753,36.4094498173414
14.2310562930146,14.2819199034135,37.818680538157
11.3122637967271,9.66048995157051,33.7074836912323
15.6228080570136,13.9623919292808,35.4957646114765
9.9400182484307,12.561366003628,40.6662479918982
13.1721253595243,10.3282782081747,32.3694516333306
19.714646775634,20.6919030890648,41.5600557991374
21.1572749021974,22.1764789617805,42.1907361830038
15.7823423114065,21.4028426439601,48.1787329267504
18.6132062126887,16.5537139257842,35.8126876554174
16.6805934166647,19.9731161774512,44.4458156648809
9.61912686939982,11.8264051241901,39.8166479680809
18.4981874386275,17.0049081574787,36.700866195444
16.9201469532606,14.9441487803671,35.1234157953333
13.5262964753982,15.0427493281197,40.1149711282342
16.6180255575522,19.3431021317011,43.4271880028889
16.7405038798198,18.6821195893167,42.1014572548765
10.9423862669558,10.8764774435511,36.343897322965
19.2974479700474,20.8813453207549,42.4620798432025
12.6737111159546,12.4768674623467,36.6105626416499
18.7599214047899,18.0738087041311,38.3701852474432
19.9155560033843,21.5844788875458,42.8498122830632
15.0007222327544,16.3461726343904,40.3847319705717
9.29404317529271,10.1831476722195,37.3809645590605
17.8880923795654,21.1737853660429,44.9002016543253
17.9380118016434,19.4738890034475,41.7616093454765
15.3283404112063,18.2844478672132,43.333978181698
20.4502402464867,21.4983873949425,41.970213332581
19.3232985994815,18.3152827806484,37.9296742007688
18.5152675422067,20.2264520657842,42.3830631063424
15.269656186097,18.1702332554805,43.2585574884233
12.9166362670884,15.4157315552657,41.5276863641681
18.3028432807924,22.0644157178039,45.8943751304072
18.0137998417376,20.9101565101611,44.2664307072703
18.1161323063139,15.3687750631087,34.4152100753604
16.3953685730163,20.3761563622284,45.5418581437451
8.29998671424449,8.74814121153957,36.20693862242
13.2074317079346,14.9008961902145,40.3135486182434
16.8982170631138,14.3735634826081,34.3393626934696
15.3687213572763,16.7467239099979,40.5839075138212
10.6184886100662,11.7534655370434,38.5351999698696
17.3119364087255,18.835125059972,41.5888502126493
12.9320945870757,11.4916158838566,34.7033879110571
18.9906992654899,22.0463586423681,44.9229066150883
11.2349049454396,11.7864136480768,37.5389116164706
14.6397608024517,18.7473191513288,45.0859828861641
16.0502484378753,16.8642847006565,39.8587597707771
14.1384983307013,14.845987898926,38.9336858103974
14.847615321793,11.6465323536785,32.3576916171289
13.8296952229474,14.1560387207175,38.2427914691118
10.8560735278644,9.32393080182967,33.7409521293382
16.9515650159646,19.0095030409424,42.0510110884391
16.5858975170382,18.3663223108354,41.7592548958941
14.3201586086662,10.5840434959956,31.2163228561473
17.1760126053679,19.6712669103206,43.2399224869722
16.7361198136877,12.8107677492256,31.8344937812133
15.1501852565789,12.1913937133034,32.8991704382974
18.7328899835236,18.5667502072219,39.0615849726989
13.0448555547611,16.7409101778726,43.7488349959161
14.4782890237767,15.0830395049533,38.8848656907643
11.2334388920695,10.8700442521825,35.9349555031523
10.4267957235764,11.4589479929757,38.0691462633926
16.1306678318049,17.3178217304223,40.5437165657865
14.0411012264417,11.0713270495844,32.4515771942567
19.0660386023607,17.1798345983948,36.2912705801403
10.8387843366527,11.901745176872,38.2822555818069
11.2923921266708,12.0609676770391,37.9415289025096
15.8748160130269,20.8422728574113,47.0699734750936
18.6644493057563,20.5730215847462,42.8845505015556
15.7104349655068,14.4577557684153,36.105550324256
13.1946283989171,10.1588438613511,32.046585503943
16.6283477756756,13.7946716910806,33.7894005536176
17.4910936477903,15.7646605435937,35.9630040616358
17.3912001099983,16.3733769791126,37.3541805129995
17.7977583149101,18.8883353219307,41.0183201595967
16.1028738175045,20.5183853414496,46.1907557104784
13.1926146872289,15.4660391823884,41.312708740941
14.8148166080291,11.045688081107,31.3495108592064
13.6692755831892,14.1169974692347,38.2972154613729
19.7273856156264,21.4900079917686,42.8206548261226
14.989011193888,10.4975673060524,30.1509127076368
13.3987061476406,12.3082294867792,35.3270165738618
11.8785647774254,10.2118110233658,33.8999455024273
20.3979087032692,21.4765078885903,42.0015482349756
13.9301733335039,16.063325056302,41.2763418770195
20.6970273547947,22.8908510884325,44.0715302071548
17.1241088328526,17.488031660694,39.4846672428213
12.4343797949105,15.0836586773839,41.678560115303
18.3568757305662,18.9145362559632,40.3003113829639
10.336646013717,11.7700166777634,38.7374738029803
12.3062033485732,12.5772260040463,37.4611056439465
16.0142206773988,12.8789606983805,32.8644964691843
13.9465849324604,13.5588278164961,37.0955701307156
17.2719936269125,20.2182379144402,44.1458558039894
15.1402537540014,17.2268341421719,41.7374692210497
15.2188745336318,17.585583747667,42.2587662581637
9.10025100759409,10.0262147727493,37.2680350854058
10.6962494820109,9.31528138705368,33.9544537612741
18.3617438225277,16.2308610088078,35.5819037348613
17.06649650696,17.6158190930837,39.7873339374434
11.8929043601024,10.4976748067736,34.3813363069521
16.9819352628023,14.9994849484425,35.3176827248952
15.4502593276657,11.5544734086928,31.2111903908823
14.8586632301614,20.0205966263727,46.9305736924354
10.5895508805359,13.4418491341744,41.3218540892851
9.57695173060872,10.3036366817762,37.2055842264093
10.7324022449249,11.5187613616073,37.7230277285057
10.8994873323491,11.6382210008009,37.8863217068529
15.2949041683031,12.4262353745811,33.1130054522345
10.0966322861069,12.1373254879244,39.4687381364002
15.6889715661838,12.7469134223888,33.1365839736152
11.4057396251053,11.0900268387964,36.0850643746717
10.0864962448324,9.55258081228292,35.1273514788887
12.183845476202,13.3362141596808,38.947653168376
11.77436401465,13.4746419958686,40.1077897661574
14.0685792942167,18.858336485842,45.9161499731833
11.7383948858517,9.39917176640993,32.6672910771808
11.1054632314187,11.5936999193096,37.508760830348
20.8706975616034,21.6713762600726,41.6970845492003
15.018319356669,10.9422618237327,30.8902064680862
15.8962435760975,14.2911705456627,35.5597339823665
9.44461703357482,9.07490069104481,35.3091318523705
17.1112658954678,20.2673295593757,44.3730004179761
14.2148302686009,16.4079122038735,41.3880773838296
16.0635765380577,20.4348117382897,46.0979831633191
16.8772538288413,12.8864234282931,31.785441501652
15.3648790749549,14.9914234571522,37.5129514007909
13.502354726138,15.1805151304289,40.3891207792344
14.3835295762056,14.3435082273456,37.7182900926844
11.2037141129191,9.33830345686197,33.4835229780385
8.94191600821609,9.74987116265907,37.102751283095
13.8198298802467,16.732765322442,42.4569127899875
16.7497407025259,20.630410625216,45.5032633585125
18.2486408808912,21.4886509784277,44.959390877076
18.384256502801,16.4183748941521,35.8883185743073
8.62242738737408,10.1776529563418,38.277187677791
17.6140569909141,19.2116113161556,41.7679041516803
14.7106060057328,18.0548283766571,43.9402447908672
12.8717151365733,12.5895307440589,36.5295349505339
14.0806056926454,14.8011364292516,38.9341817097305
16.703944730874,11.5477809317636,29.5633941764624
9.82368837692147,11.712804724406,39.3380665594303
9.21055555079338,9.96980293825014,37.1605811561588
15.9588442898774,17.3593751111693,40.8513037167009
15.4678028377943,11.4317308412055,31.1338797524069
9.06644991098764,9.2629664313707,36.0792874895795
17.3533269925675,18.0191686419285,40.2667206776707
16.0916687867429,16.4497208231128,39.2787690680592
18.4522539385872,17.2482345280032,37.2497619161742
14.9521100562744,19.8329324848896,46.5983351618931
17.1291092220299,20.5517670031231,44.8471043353495
12.9412292606059,12.4341137805201,36.3426571480908
13.3930897214388,10.0757694100396,31.7319731874666
17.0157390804976,18.8491312129494,42.2213507002287
17.6368709623663,17.7877976723017,39.1153647180988
11.7345017598804,14.9944649463075,42.4784948598155
12.9912544849414,12.6862167235594,36.7161237018769
9.00558307237401,9.36928326184358,36.3487731093428
13.4233601499013,15.8156789722391,41.7332487894352
17.1633706368618,18.8959519256442,41.898437330186
14.5115569782724,15.5482505718155,39.6547048976742
15.7154839813054,17.9968959417544,42.3010792678413
16.3204612570129,15.4119292259742,36.9442782999344
15.5135726972159,11.5848790980744,31.5365226193294
13.0692233998363,16.2789233856117,42.9058981592244
15.2661813845466,11.1687923722897,30.9485508054004
16.980835785656,18.0699591885682,40.7002641916514
18.6233849668955,19.3899062068013,40.7692748718902
12.9697960801849,16.6964689067912,43.7735049622739
17.1720643861425,20.0899246305533,43.9790245969129
12.7827547109614,10.3912435900046,32.9790035072906
15.6226539459691,18.7955819812121,43.8276299860584
15.7455130067907,13.7902897738691,34.8878728655771
14.1002923131238,13.4948448780013,36.617976666249
11.2407337698852,12.7358255032983,39.0883788840131
14.8778953322592,11.7154513865088,32.4371020464967
15.8266606433731,16.675662923936,39.8336853824328
9.61546923232894,11.7520719302708,39.8046784921058
16.4041760696893,17.2049804259139,39.9722630278595
13.9942013818643,13.3106432927879,36.4401118772632
15.4510756078872,11.4989212281666,31.2744870522209
16.1571324292356,15.2835851469309,36.9425097107385
16.6192940816981,13.0521023654439,32.400327870583
16.479764161659,19.4280889582885,43.7652099064721
19.5732609629049,20.0431538093638,40.6162837854501
13.008442964441,9.71637392181151,31.48791869696
17.0070017176558,13.7677776422175,33.1587918201593
11.1587182807814,14.0936360873231,41.850828313088
15.7141574072313,19.9165324763608,45.6671005278185
9.53347237853547,11.1901387526534,38.8186064033857
15.9539625578224,15.7664987617383,38.0846819958816
17.5691733837462,16.5398203542521,37.2148091341521
14.3826811593413,10.6656686986186,31.273947913581
15.8757145282305,15.7512810161521,38.1466613608674
15.8992681575499,15.3115359963419,37.3438162295927
20.3405587725538,20.4967494416229,40.3628558824244
19.4404427325147,19.2158862245438,39.3479482344898
15.3184570599869,16.0525840032039,39.2974579955035
15.0840468248264,16.7743039059408,41.0800397192022
11.2174886654327,14.0138024434611,41.4662595361107
11.1553731728172,13.6533339669987,40.9193988327745
11.118921429142,13.0826433957476,39.816802707277
18.9701127827677,17.1057086994822,36.4587671930266
17.4163287408506,12.9766094967631,31.2265431865563
13.5912371703467,14.5984042677601,39.3266899934264
15.5476723396969,10.9384522248669,30.1602708969217
17.698108804475,15.674661561182,35.5224322588844
15.5167603254944,11.7133051701045,31.5604544688926
11.3622370916264,13.2614040603049,39.9498925309299
12.6142129495839,10.1572594563007,32.6991601554788
11.8862459046716,9.76846754530818,32.8353808274242
15.4582412981875,10.5754702188198,29.6463266231485
14.8757964569002,13.2329869731101,34.9652044301429
17.7053962077156,19.3319213413071,42.0459488734376
18.2383861533898,21.6028456638852,45.1888124501006
11.736580277376,12.7999503616559,38.6297158834924
10.3974265097404,11.6952119840717,38.4474801945849
15.5818797951642,14.507959471102,36.6107211134895
10.701309777451,13.6938603533995,41.5610688838473
17.0767294159749,19.3833028033019,42.969427545421
20.3199696593874,21.0432674952774,41.3487728569571
14.6599537410922,10.5071292196156,30.4382016720144
11.5809911203637,11.4305697457803,36.4413179878568
11.6337182350611,14.7957317715956,42.1456684099675
17.1682128314632,16.9056087428109,38.4036975649342
18.7089375365829,20.4111626074783,42.4768302014218
18.3920834858093,16.7323767179062,36.4279201810936
16.104481912468,20.8498765317154,46.6377836540681
12.9607666613155,9.91663689346831,31.983044033197
10.2354978640674,11.6661077288205,38.6935704100526
15.4936311530092,15.504960558715,38.2318789213426
13.977089081236,14.9050640214365,39.3893143757707
18.011720451302,17.1274278906889,37.724548135091
15.7170582665334,20.1609367759055,46.3375820638094
12.8631184704491,9.91830936089832,32.0403733669806
13.5420441400029,16.9277001105326,43.3968761142428
18.359369150745,19.4470478270044,41.230143815613
13.169793059306,14.6605170499937,40.1164050696124
18.8703247877409,18.6951759689874,39.2143477560226
16.3720513834162,21.030413111138,46.9791355386808
13.9861705848094,15.8347987660379,40.9393131814707
13.9422335976115,15.9380847515068,40.9114442219016
12.5852091068442,13.8203517588066,39.2585053701212
17.2274587137472,17.6945127816425,39.5077042139356
14.1330881761641,10.8376641141792,31.9163948388903
10.6783534389786,12.856195987933,39.9855341447517
16.5936306291428,16.8367978021927,39.2045524758144
10.7717359355787,13.3511307064758,40.9139470053664
20.7373229312738,21.9154865381972,42.3811427454961
16.0119930449377,14.634441701065,36.0031754459163
16.7927733835347,19.2225875094648,42.9155361212175
18.5739034528022,21.247222898059,44.0918735965733
12.7195071879866,10.0720795673869,32.5060765451759
19.0556546578614,18.2462221190465,38.5083057593792
14.2210273800711,13.0821638636124,35.7297820839263
14.6323256235835,15.9044723787306,40.2596719892648
9.26272826620254,9.20342945030992,35.706770846364
18.3641831678449,18.1531220911715,38.9559307135679
16.8262895183647,17.8246553529224,40.3430654595175
17.7188400268634,19.5901109665154,42.3560253723439
19.8618995924507,19.5378467172997,39.3091725412149
17.3143944058062,20.7581965996395,44.9557205113788
14.5060495253187,19.022881574577,45.7986793400224
18.5981584894471,16.019583519145,34.8971712181775
16.8388400624089,15.3207915783652,36.2723903378461
14.636284548853,13.2485516927736,35.4540115708259
11.9660201029585,11.1096371222366,35.3539162248323
15.1630465208029,18.7538911821144,44.3825311198584
16.2679766287349,15.8690792557362,37.8612577619423
17.3051797086995,20.8276160480185,45.0899698615676
19.3105248371763,22.4708234007067,45.2298110118562
15.5863544444464,15.9460428507567,38.8833410812366
16.6633228795863,16.2804490334896,37.9979254093484
17.7070234054475,17.2464200258204,38.2647963167303
20.6985045887919,21.8686849346475,42.2781413188666
10.5729804873053,10.9117163062322,36.910376301298
16.7867710846625,14.9609805700367,35.5168572414354
14.9248656789404,12.4209217594809,33.6092797235962
14.5143731885899,10.129564251751,30.1544802419106
14.5078139444655,12.6751179398669,34.6245856607258
15.7212590087055,10.830985890987,29.7347607511942
14.4122420269803,18.0943524240064,44.252503841827
12.526234230727,11.0241331502358,34.5244440253755
13.3649104862561,14.4672549931798,39.4081254994153
15.6937986333994,14.7061441803092,36.5635872843988
18.4126850890306,16.3261016574997,35.6877653274613
17.7675602608037,20.9860093279909,44.7358036600541
18.4772768668303,18.3617171794291,39.1669777608652
12.5652915748823,10.8609677867636,34.0993279496881
18.4824635838738,17.3473323851163,37.3821575944371
15.6230287237561,16.7531048674618,40.0741437195636
14.5300622908985,16.571091973734,41.4219748632449
7.61487896834345,8.74949159598129,37.1627034447904
15.5557721274595,16.3063022370543,39.5564890979174
12.6436466244429,10.4750003274646,33.3158536611816
17.64104586453,19.5585886369726,42.4070725169336
12.7684465564052,12.2342326874141,36.1188854184626
15.6820726415974,11.2287200641934,30.4853400061411
10.4452973145683,10.4776686180623,36.324151915653
12.4915629028841,10.9150361189718,34.3530122483819
18.9427041222122,22.255431854588,45.3548885425292
16.198641012118,12.6003799186678,32.1834151316798
14.1625306305269,15.6141847405394,40.1056864295376
21.0412532585606,21.8325695251134,41.7465479909068
16.9192860981661,17.5028615780829,39.7905079451646
16.0615928812272,21.0113899537044,47.1111605055218
9.70666817829017,9.2816598531701,35.2373128852751
12.4566318011594,11.924799203808,36.1121805541979
17.0298813572818,21.2371903440674,46.2818846261579
19.4660842443461,19.6045922658348,39.9482745364635
11.8355332598873,13.5003308852243,39.984685165484
11.3106119776491,13.4237100837652,40.3048735037216
9.77533964809337,9.66493295540852,35.8151817551025
11.4013906331358,12.5355953244463,38.6243996402939
14.9516663502169,17.2074019271029,41.9610822594176
15.0747900358133,16.3458659996201,40.4329759336865
16.1238908224503,17.6164984794844,41.0764141641633
11.6004766434555,10.5560946118819,35.0115717258546
15.2978307246435,18.457564770907,43.5868989800988
16.2142115015756,18.0967880549647,41.7287395977524
17.4457497009923,21.1663917719556,45.4916204973175
14.5806777798251,10.3135637290223,30.3863512222864
19.8277417607987,20.8644084432713,41.6175058990357
19.1965573712161,21.043575206724,43.0210109128032
16.8252852520816,13.9745142146422,33.8251849277274
17.5492016667312,13.4970877553329,31.8349350640528
9.8663276164512,9.25986152480184,34.9809668451829
12.012236306696,11.6867800599414,36.3628256089215
16.5290500675151,17.103010499462,39.6229419741518
17.3038813238215,15.6639596456914,36.0423130151685
15.3938197127737,10.1592727829841,29.0049504238745
15.1632808398715,20.3100165971903,47.1093578236482
14.2936587180531,15.7704741760169,40.3418731698634
11.8064474996863,10.7185637371597,34.886576109591
10.0537936877987,11.6759980655597,39.1232036262329
16.5783018354991,19.1812003613067,43.1706664077216
15.1840743290032,17.9108900983892,42.8764211806133
15.5957256433847,21.0726567335525,47.8550500802675
17.8250431171046,16.8112360358378,37.3408747450369
10.5995867850289,12.9446592856124,40.436804901439
16.651150641099,12.4080156348607,31.0588659419098
13.6542040616694,14.6445095656297,39.2422853140869
18.0466785703626,15.4740941367114,34.6123492285973
8.62696417608282,10.1095515103888,38.1634208337061
18.6557349083079,18.2804615068611,38.7807466287573
11.2008193861647,13.4975119753486,40.5842235608705
16.2278069319772,12.1691389975585,31.4322263583224
13.7272894123942,17.2984952642128,43.7936013755192
17.5285121077496,19.6337967648399,42.6926323124432
13.919631521158,15.953731758558,41.1740727593115
17.2114308811295,20.7087725879379,45.0097836299877
11.4035435955984,11.3281867294958,36.2630818496027
19.8329472719431,20.2949852562585,40.8047217980501
19.9669889433258,22.4178679444786,44.2400732243502
14.298611391664,18.3095622322994,44.7849185908289
11.7025881987021,13.6454152033383,40.157856802306
14.3288865297933,12.5145783088245,34.5877060721549
17.195712285331,16.1091761521234,36.9703577584174
18.3616268750022,21.5702718649956,45.0700618576725
16.8655239558543,20.605540781917,45.405331499673
12.3978262592381,11.7750460967785,35.7867750210913
17.4556862739001,13.6956170209929,32.3853333794353
11.5556451739841,14.0242145116038,41.0431549567287
14.1442531986815,11.0789046353188,32.3239197399938
15.5319298844304,19.5246203156238,45.2292440336006
13.8589275765025,14.0564767484231,37.9320284413738
8.85037616577319,10.855027111127,39.1646350160273
18.6852993657539,21.1668482371841,43.8600511493133
17.0407659648254,17.9233460931834,40.3614381729908
16.4132505573595,13.2944902728657,33.0360487909599
11.5588686517498,10.1890144884579,34.2491552439372
17.0391276859914,20.3294458173068,44.7095252578501
14.8683440425801,12.811596590331,34.3410089101219
18.3757878821071,17.8411571376095,38.4306708463325
12.6768070767354,15.6960977822118,42.4206439259877
17.2863269187787,19.0647395702568,42.0262455594134
15.1498972892934,14.0514620022368,36.1593778722052
15.2496059769336,16.2391705088859,39.8571563730223
13.8445921468333,17.6638538673699,44.2736293783212
14.8495997443655,14.912012321813,38.0778117106019
15.5838820524808,13.6099625686936,34.7926827917132
16.4429786007927,21.9061982797356,48.2498121245398
17.8441234090952,20.886258759166,44.5591536681449
14.6743357656651,14.9492744569293,38.3825790472488
16.626314099205,20.7762953145084,46.242940848692
10.8004361353358,13.4489087914414,41.2365642083903
17.550206625119,13.9427375309543,32.6892740575541
16.0978903180769,21.6913380545876,48.275342074884
13.2457416607664,10.6321692362687,32.6796799922175
16.2996833208719,16.9633454382323,39.6915612237395
13.9104487480404,16.7014755092681,42.6022606699169
15.6365989231598,13.1463710137057,33.9082000727027
12.2800830842862,11.7001840366516,35.9597570287753
10.8818443046479,10.1775954181606,35.2018088874715
12.9548821808393,14.050305167854,39.2792886891467
15.2885950278179,14.5716043885339,36.8814359788726
14.7422679120317,14.1507958230333,36.8913276192325
17.73036757829,16.2826917631058,36.5439442533744
13.6908036784724,14.1538968138246,38.3324684351972
14.512874904678,18.1331074450856,44.1829274443851
14.4525748793313,15.4963430952282,39.6443235158286
14.3474429278776,19.2440543670016,46.3559194025581
12.6272491761448,13.7079127143498,39.004013588019
10.7908089528169,11.0163602976403,36.7961466372411
12.4934841565614,10.1191179801435,32.7162361263776
11.2649289271229,10.5398242445836,35.3132119908009
12.2332993884834,13.090252198904,38.5012558344072
14.0369540802107,15.2658218432402,39.8081955088116
13.7754459184352,14.7617604323618,39.2969098569591
13.8336806654901,13.4126328951276,36.8381718063123
16.9015674543325,17.33818086673,39.6543882227549
16.7254607741186,16.9306416600578,39.2840981522707
13.1574385474724,15.6401369041021,41.6387490819498
10.0909372228979,10.8961843782902,37.5417757441059
13.0630274563382,10.8643986078884,33.425280082422
11.658920765625,13.0578934408562,39.1878740776228
14.6513839141887,16.2501136915552,40.3981727388821
13.681038383032,13.0848515074264,36.472283472022
14.3507190156758,13.8073365008829,36.823465698604
16.6831109206931,19.6242516306825,43.7872906348175
12.6907480874553,15.1109685322536,41.37614326508
10.6645355146113,12.8921633426375,40.2560645491482
14.4486912144425,10.6921406212795,31.2301505293459
16.8862896918128,13.9317878799275,33.5771994789817
8.88601379981861,10.5565877247435,38.7497160115906
19.2045581494925,22.6465203553587,45.6825072315479
8.92522654284589,9.58803950906293,36.5350093388789
17.6254268926037,19.6510714714286,42.5904912118058
17.8187903820769,16.555128002718,36.9005824778885
18.0301696897171,15.1866413610908,34.2134678257521
21.134159696377,22.3229140157902,42.47894959128
17.5914837865973,17.3539648674174,38.542603207675
17.2604230758884,21.9461920315276,47.1114522570288
18.5366438829019,15.7834869513717,34.5199688449612
10.09152382374,10.1509928843572,36.2350084236676
16.1512157964608,11.8819759499508,30.9891925110397
15.9823108580117,13.3310915956154,33.920477391533
14.4722203093677,10.3717241824976,30.6731058233194
17.1998903690614,18.3417514253077,40.8772905543414
19.959284572203,20.4853207218396,40.8637647277674
18.016536961537,20.5947986347973,43.9604369529107
20.9179379277713,21.4777521652102,41.2932088258376
17.856820078811,16.9140648504808,37.4776675784461
17.8491909357953,14.3784799798591,33.0444184550654
16.8477369632371,19.8794929891737,44.0533692505902
12.7047248658273,10.8936355742562,33.9660702195562
11.8216376502573,10.7682973866788,34.9529810923883
11.8705708011197,13.0702652609142,38.9203768731063
13.377122208896,17.1916888582461,44.0848568186948
16.8175685937408,18.8077434397571,42.2163219182174
12.729228578953,16.6299441675904,43.9856080477625
9.2508874224692,11.3693198863683,39.5187236638532
20.8263734631246,21.5978833620533,41.6288468604309
15.4800795893434,13.9990640248833,35.6164184864233
11.8833894126504,15.08867298493,42.4264218163538
10.5762432224176,12.6254061934908,39.9092007469269
15.7535617237492,12.0799221962208,31.7206792129164
13.6347755633751,13.5453120741447,37.3424608386646
16.1503966041922,16.8778982744774,39.4943382855669
15.2097592742389,20.5096706807417,47.3957525090104
19.9990735961722,22.4988115932075,44.2592725535852
19.907591338016,19.6569100710994,39.3009681067286
16.9390743851649,13.0383554377855,32.1757203875419
13.4538079650439,13.7587322802432,37.656598583801
14.0615005075204,13.989089541147,37.5371537611319
13.7645795431807,13.2154463279923,36.5680740792112
16.8055512014754,14.1821414161832,34.1262636510659
14.4586230974003,18.5247382894196,44.9433944999076
15.9190139265966,19.0597432444379,43.8856599115758
10.6638163834557,9.68875992734393,34.6430063155021
12.9792235808151,10.161521622471,32.307973319935
16.940795052553,19.6145042253187,43.4978302031609
12.7375665415503,14.2150608082906,39.7420752155895
13.8302252691161,14.5574460318106,38.8492052323653
10.4741811370782,9.69465905422556,34.9124448096185
20.3551629844767,20.0129174837325,39.5181456447935
14.4470260426578,18.0819241881346,44.3451875122772
15.4464884803242,14.5652823407313,36.6546253692436
12.0231440703385,11.2572699295846,35.5345973087653
16.6603659485524,11.1145866315848,28.948668580846
12.1417754444463,11.7031503268428,36.2802720065813
12.5602974942473,11.4040238167751,35.0578700292983
14.0354199844187,11.1417653978538,32.8133043246435
15.7261412564352,18.2536929077214,42.7365609483117
13.3716571345417,13.0459022154137,36.8267339514993
13.9960965592972,18.4796222505539,45.4962812264709
10.8661430869611,11.229211695295,36.8600138323199
21.0976599328547,22.7434165915552,43.2657602863569
13.435533772959,10.0583925201629,31.5037768949089
16.7039878700873,16.314095327818,38.2562636868276
12.5498604123759,15.9565413327637,43.3302391260148
17.6986769573138,18.8799879794721,41.3113210877318
17.3967564271327,13.4019940565749,31.9512684551086
17.0098092199412,16.0363471589308,37.0967240385147
7.72590470050354,8.5639754193243,36.6858865922535
11.3204329172619,13.044479328033,39.6268441439784
19.6110542754052,18.7798707082783,38.2641677940317
14.6014893140446,19.6116211536776,46.6529833690259
16.9299970047728,19.7614842231454,43.7341635332826
11.4437392973566,12.1448579415897,37.901812692317
14.4899658093104,18.7187866494687,45.2654329643485
15.9211414625097,17.8621342246486,41.783914709044
16.0371162411217,18.4169011979193,42.5976997885772
18.7068266666003,17.8863991535027,37.9463151053708
11.3462482060912,10.196539457444,34.6004900518927
14.8332815338154,11.4237777284483,31.9868931981848
19.5194890624503,18.5221201492207,38.0241050380129
14.4804772005524,14.3892016343433,37.6659085725702
8.45685180794832,9.88781422667684,38.0072468334911
15.2796056826103,16.7027881092461,40.7154666486374
16.4732509080745,18.3009092525498,41.9127175655903
12.9048577942111,14.6495033347465,40.2748747325454
17.6611027842453,19.2154114625385,41.8512813612177
17.6337130778932,14.3067567466374,33.2131308782666
12.9726681662418,13.7467020694713,38.60004416456
17.2543422549322,17.1908985270359,38.7859953961731
19.6029434900225,18.5932647839309,38.0347632619384
15.0180844282045,16.3495839694467,40.366988311846
19.1845793067016,20.9297426463004,42.7011106545113
13.0610236587871,12.0580751912723,35.5199645317849
20.2242108061505,20.9236216300476,41.4862923361036
17.7964821307899,18.3667104822752,40.0406296773675
21.5477594116809,23.0643332832086,43.2131999623557
15.8788859761409,19.8389270993818,45.3060253124019
16.3795586119685,15.9793722414095,37.8579905181191
18.5684199729883,16.0709106541814,34.7558494257917
8.06056315975911,8.85634600905114,36.7410265207868
11.8129098302458,13.44081495685,39.6163299275778
15.7104673411066,17.9627982826597,42.3270766448719
9.82203392459807,9.24260643906215,35.011245717168
14.1501851099521,13.648514756599,36.8039339453869
13.8124640895765,15.2584848657622,40.1020597269174
9.76483616158613,10.3840513514734,36.9521303718068
10.91339545025,12.8750402229077,39.8107674235951
13.826520791029,17.5363558370743,43.9062688803163
10.4206689418061,12.4000874400034,39.726886631904
12.935062024868,13.2339990420739,37.8728305363214
11.2508410817268,12.0152065810346,37.9181030123946
15.1455674056517,13.8420178765142,35.7982380072494
10.8271147051811,10.6639903891471,36.1290051434088
18.260723354974,21.0381910854034,44.3707320843784
14.9918544399778,17.7977718056026,42.9408102294942
21.401970369266,22.9473078829145,43.2073028801048
14.2065087900173,16.3537645197139,41.4831770252465
16.5127780276311,19.2184105793665,43.3524636181071
9.78707786337628,9.57459685997856,35.6408275799364
15.3217091329766,16.1670640081885,39.4636570863188
8.69798937758449,9.79209312561292,37.5100251593921
8.08344622722825,9.35660193422832,37.5864716297417
18.3507759267809,21.4627152133042,44.7743899116672
15.7755536214588,14.6824894614514,36.4104293407582
14.9744330229097,14.3931283492929,36.9447212353753
15.0099125978255,16.0000268579955,39.7655463841519
15.786002611736,18.6611605988535,43.3688687404491
14.1863034431226,13.2817988096888,36.1270906711927
9.01536149694592,9.61848938005522,36.8317513421222
17.9063835771153,17.645255327789,38.6913773075023
16.9237909237332,17.1266398741988,39.1914059406927
14.5487254489426,17.145409084364,42.0572989202476
12.8512562130289,12.7568409077337,36.9873318753291
14.4918751795546,14.0735792093723,36.922167323713
15.6143568345418,15.2828206936515,37.6827685668191
9.11926920244811,9.78635508697765,36.9243711605201
8.26193041258038,9.13599763596499,36.95599299133
16.4510079453933,14.1322180654893,34.5231870387047
17.2273861946368,21.6295130178946,46.6016032941395
13.1521873640668,13.9393895253769,38.7641310640804
16.6824937785732,20.7627934485656,45.8271474126177
9.14160864206521,9.88125801129042,37.0601682432485
11.7432657083023,11.5523421930174,36.4341184937284
19.7503954495155,22.7507182071369,45.119334637896
15.2048131992855,13.5265529080279,35.1644301403987
14.7955671307821,12.4511474934777,33.8389126691661
14.0659284137373,13.0656155431905,35.9126936999732
14.0725635218151,15.407725742144,39.9222578299077
8.57001036418615,10.0813821850334,38.191869862725
13.2015398309428,13.9575407582445,38.6568348269154
8.9128962332119,10.774188256189,38.9375413356661
10.0830919028874,12.2577879387116,39.9387375388729
19.0269136384382,19.615306622409,40.5811854143714
11.9782193326105,10.0412260467644,33.5462731266658
12.1173087957196,12.0261157674817,36.753359945627
20.9760617340547,22.3865431465491,42.7944254998059
15.143164157132,18.7401941408494,44.3856921591841
10.6689876870019,11.0346518808452,36.9731294451585
14.6213255897049,10.8449389288024,31.2620614934666
15.2073075771187,12.6369402344714,33.6019546518953
16.3215988527943,20.2707560341706,45.4579337091949
16.5157712355937,15.1190858805843,36.1642097966688
11.763578228803,13.3556263119713,39.5666637081433
15.0111627188454,10.3874328867124,29.8624024732009
16.5241177479006,20.1681802139992,44.9666710349041
16.9815361254377,15.0350337891875,35.3805282595816
11.1954703450888,11.1760740242758,36.5231566935601
10.8967807304801,13.0539024106689,40.2221976470485
17.2973445479283,18.621961090757,41.1553439716906
19.2015137012653,19.3983966155573,40.0731881725564
13.7107747526765,10.0342812416558,31.0854573821974
15.6658077173713,19.1821663042716,44.446166881959
14.0892092315428,12.976287868508,35.7243360572651
10.2217640212811,9.25284549132352,34.248305343518
18.4902159963407,22.2930335524222,46.0082739805644
15.3275879097877,12.3475307739632,32.9304177110277
15.8327544513878,11.4759047047972,30.8790146539386
19.9434639166716,21.6103742280217,42.7709542705408
11.6879349457059,13.9508607939381,40.6440302654766
16.9451502548328,15.2267369311393,35.7662068842601
16.7548442012819,19.1303721415079,42.8674372352775
13.6549517330982,15.6541541486442,41.0106899455017
16.9555177702508,21.4500284696419,46.6585083219726
16.9849952419893,12.5333440920579,30.8909298776933
15.9147964658485,15.7656996509922,38.1185324020614
15.9039856648102,17.5521192799743,41.2640462359465
14.0321060646112,9.97339307550411,30.5397119132308
15.590634882122,12.8336529365889,33.3787990743358
12.0692603551812,15.3459857303212,42.6371600960856
11.6215773478158,11.1237891423064,35.8493328318192
9.61949881103809,10.2373082541015,37.1532538180573
14.8793586026023,18.8324991289087,44.796736713738
15.6586729693684,14.2605563307988,35.8306764365089
13.5158534797904,16.4463316765087,42.5890509734906
12.4816309711598,14.2013254624826,40.0676904845843
19.3622972161605,18.740440377617,38.6214888986759
11.8195802195848,12.1605924412313,37.3958224227897
14.4704291965511,12.6888144024729,34.6996681138024
16.5235968830046,10.6849287968848,28.6719181010304
13.6216429043159,10.157141820657,31.4225550212046
12.6086065918492,12.1335770346605,36.2704243197971
16.9489287105985,13.0812927657361,32.1455760194145
10.628825930696,13.2772197952653,40.9796754404909
10.9661605246067,12.4756688872139,39.1140354637931
13.0242369548334,14.8827327149519,40.5205060874138
10.4199025120393,12.0172478745564,39.056998353516
16.5213449420953,10.7805122803608,28.4780983987202
14.1229855222462,15.9517574712168,41.1114480063211
15.3785490626184,10.7839595530225,30.268481979068
14.4309181988027,12.9891811960192,35.2800522620753
12.6816761463304,16.4902452134845,43.9315105854568
20.6142422951765,22.4696600445954,43.4529837085649
15.9459260853649,10.7316801750013,29.2537607186024
19.3991324679719,17.7608891835557,36.8544738035751
17.6167787550355,15.4443475293642,35.1054099768989
18.2372903007814,20.4727063286536,43.436245226835
15.7300697004497,15.1562475457065,37.3028467082522
10.637874555654,11.498870263585,37.8507123194373
16.8227017435135,20.8163275863436,45.7007410322768
18.6106500677604,19.9643745611617,41.7934441395503
12.2105328365685,13.1197273576091,38.542567563675
8.08619440625522,8.7864090121999,36.5834400935811
16.6383483793023,13.9133904062476,33.8819741275734
17.068239995828,15.0362782969316,35.3816258904989
16.2090138845131,17.7750061438771,41.2378983100627
9.9268526482563,8.98133801528524,34.3458950085748
14.2689592256286,10.6550742425105,31.4107600524336
16.5790243128158,20.9898957799273,46.3665208054082
13.0484145529794,15.0158501545206,40.9168732146756
12.9069953507057,13.3801701716966,38.0474175693288
12.9673387389134,11.0163412216273,33.8223033819714
13.929761322434,11.9859752432547,34.2066445295192
17.2085744590382,14.2279753175864,33.6559347975057
11.5266438052802,14.880919940673,42.5635024966782
17.635185853045,21.5336827948839,46.0469105597091
16.2066446048635,20.6072497892712,46.2047099262407
10.0311596944773,10.9616012719631,37.7380949173047
15.8165560362106,17.7732144490431,41.7709765776357
16.5159613398098,21.8481776377395,47.9568436426379
14.8913682790631,11.4368064402624,31.9303619475167
16.6695297876406,18.4118953307548,41.4728809899321
15.1820587035237,18.7433470845623,44.4462663232235
17.3743408765476,20.4235184479816,44.2872837427129
14.5612681703083,18.8590297474643,45.3890034695309
15.03036044803,11.3535209850434,31.5266660681717
15.6135090215549,14.5023504775238,36.5373026420877
14.7293265349712,18.804297623033,44.9604551070009
20.7182857556768,21.328468614202,41.5839868683859
16.7996833426056,20.6496373499904,45.2557651151493
18.1795594241537,17.7558121100738,38.5118883861088
16.3903180732969,19.0384752154015,43.1432817249252
12.8089117744465,12.0184855745371,35.736905934501
19.2158854992885,21.5983430542489,43.830074897051
11.874247384362,13.4670245406105,39.6106836166137
20.7677165974278,21.24457179454,41.0898032612462
12.8477430320908,14.8282340936694,40.5744108461426
18.0255600933742,16.623218197255,36.7374010772876
18.4372250927773,15.4584600301164,34.1760781636042
11.62213178065,14.876537117385,42.4253555201232
16.7294186205344,11.2191002716301,29.1734124710373
11.313078615584,10.1661722002958,34.5925905836999
17.2591113660772,12.6802345740442,30.8744333033744
14.4174678690255,11.2209534995457,32.1995683977355
17.6291532445152,17.950850194406,39.6057215816699
19.3455929800465,17.5862749380533,36.6216096040288
15.8240786180706,16.0633758659038,38.7641655705134
13.8341267290464,16.13511884281,41.7180188107785
16.8638449862151,14.1581062289187,33.9785055190161
17.147921272232,21.1854614166717,45.9319658366112
12.2820338601476,12.2807294557595,36.9745113435089
13.9440607386197,13.6813139740267,37.1582286318401
13.1040196031301,14.2537785584117,39.3092412847923
17.0608151749042,19.8039666673666,43.6298771304048
9.41695498320461,10.152059028666,37.2182889171135
17.9409037494783,20.9461687515614,44.4291415242678
12.5462981132259,9.6279881478062,32.0839780936121
10.6022603478697,9.34258282971349,34.1204272034254
11.2694281197588,13.0585491689811,39.7211901327367
15.566231889342,16.0887550322717,39.1609411844981
13.0790566481828,12.7625557083325,36.7299448024564
19.6969562178495,20.6145918560951,41.4487367705729
9.52969390633818,11.9704159098403,40.1912232634166
7.98240238196562,9.21063385266033,37.6068968110428
16.2661730364265,14.2213375802626,34.9143871488795
16.825695102158,16.472177421015,38.1120835261727
18.7069628142722,18.2614083694772,38.6773624594451
11.3107660353257,14.7490561598156,42.4044545312886
13.7075161752261,13.3843630761119,36.961007813868
17.6029341916944,13.6575970188629,32.1627337934845
8.10512971951922,9.30558291411258,37.4674332551049
16.2023489196587,19.186980188472,43.7215228495695
11.9849223862804,13.1325404735211,38.7988662291012
8.89358314472279,9.09538853979064,36.0217924700196
7.9369979101569,9.18943185386754,37.4935955734276
11.8451774199123,13.5616264593915,39.729560424791
15.4089662200085,11.4503994906999,31.1633521341434
17.3141929671192,15.5150820977414,35.767312686605
13.5317976969506,10.5828200054026,32.291322395229
11.9738526239422,13.3833758811225,39.4421669962637
8.39309327065028,9.35831294358089,37.1663970151988
14.8294812177433,13.9686093868223,36.4519636975076
11.73897750978,11.0378384220829,35.5286032088637
14.981029570379,16.1303677756663,40.0334350553505
10.7925432891445,10.7281388511659,36.2886620496414
16.1087050418215,17.1072350569976,39.907282029314
17.8890524049829,15.6161835367174,35.1590603797859
12.3080857496074,11.7828697985828,36.1718928284394
19.6329473060179,18.9357348924366,38.6558645068667
16.3734499298193,17.3778842498975,40.4175222614947
18.4108146895146,15.3327862464469,34.0993973634817
12.8935890330108,10.0763493732777,32.5272464881658
12.0617660669958,13.1346787510834,38.6185841586756
17.9122220249429,18.2699315237038,39.7781601028658
17.8842370170846,15.6754379071322,35.4146838637166
17.0741905207672,15.3592460589093,35.8221235532123
14.9735950980999,13.4464123779053,35.3398970689081
15.4013288410803,12.9520373588685,33.8890770836202
9.95549261391034,10.7842479005927,37.5306634388896
11.1580230117476,9.70086427997832,33.9889810652552
18.1021039804376,16.3261816992295,35.9370638794883
19.8198384270674,19.1159066613651,38.6543603368825
7.65004639577726,9.03093249855288,37.4137316631699
12.5562718823688,10.8097260539448,34.0218492694448
19.3296593802317,18.9320468684244,39.0018771705637
19.3637047972249,21.9217316598197,43.9004452918271
15.4230162988396,16.7655271090048,40.7778699917445
15.2550074301309,16.4614804268772,40.26744225095
13.6410895266483,16.1512557416131,41.9286616767952
18.7774791358044,18.2030139263165,38.4786778002593
19.8620966583045,19.8065237556766,39.806945489854
15.0401906650004,10.7830385985998,30.5812810322671
18.7464857051962,22.1714606482731,45.475821775066
17.8730044021585,16.6213126261831,37.080408155806
18.9073011926521,18.0938013770111,38.1099033053943
15.7817595629777,18.5760940142265,43.2216178242238
19.5537827587127,18.9150440050271,38.363933963909
11.7724084570305,15.307274143312,42.9749082089918
14.7848042971242,18.0564540685435,43.9295061681162
16.0225018610636,11.0160866613455,29.6475637736122
20.5186047881361,22.3998661580062,43.5972536794369
18.7009200389796,17.014694137284,36.497621743442
19.6700542578195,18.8600810670664,38.4106711818331
9.0614389876044,9.37994081763573,36.2911343519255
12.4858071455744,10.3138887166319,33.2491590512877
12.269407617947,14.5422402856442,40.9551142749165
16.9873688229471,13.4935644616699,32.6710972857037
17.3987845571967,21.4740882020808,46.0950346668552
14.7583419892933,11.9810599985836,33.0449190951698
12.9752028204412,13.1018732997843,37.7569586304246
15.2072823050708,17.1645682479648,41.5367651199989
16.9653303212472,12.3219778663002,30.7749727209723
10.5217967163738,11.5776568825302,37.9056136385243
10.311198579884,9.62463816047847,35.0124158796428
9.81787228473458,10.2995678547151,36.8692818556003
16.8694153058253,15.0290784493468,35.5232829453621
15.6839072163431,12.8624338348249,33.3353919408141
21.2988630183541,22.7514900733669,43.005003891907
8.71810799666349,10.4743850168258,38.6782697224516
14.9324723720034,16.4863644890458,40.7236718585088
18.2103908589354,20.0751962525797,42.3713504775249
19.9284654733268,19.4781822298385,39.0726690100148
18.3354578588832,19.8243995301788,41.7820006241127
15.083218297824,13.5718032834489,35.4098685746619
17.7024854136108,17.108156129614,38.0286858393364
18.1743472832457,20.7896810528367,44.011039395799
14.9197245091868,12.9353573507464,34.5178647716081
12.7633517405178,13.7276587727215,38.8526610178174
19.5164994238677,20.9006222728935,42.1965714308622
17.4519399583373,17.6453354223325,39.3549227791578
15.79159067518,18.874005385528,43.7342492837309
18.6548604735457,20.2253452929377,42.1903965367985
17.4088619199773,13.8671827019636,32.8888355365005
14.4190823748047,12.9929476723451,35.3028244812892
12.8950600367968,14.2711091745102,39.6251167069164
19.6594402741929,20.6778287766028,41.6108193099205
18.6570430654223,16.2273309882102,35.1807991452424
13.8985188894463,12.8560999072464,35.4384440903225
8.41407442048614,8.82120088682056,36.072821645085
14.8471514933754,17.4070723393415,42.4538088866235
17.0360658432812,13.0916569559871,31.8916387017933
15.3574374643186,18.660920130577,44.1112384644622
14.5703916628224,17.375546768811,42.8176078939456
20.1219573957708,21.555578363808,42.5171555754667
13.877286451941,10.6441469291921,31.9267552773662
13.6735726041664,17.5411696649169,44.2922877421137
16.3171484554686,15.1860513278896,36.5529482101763
8.25794873302583,9.41774773470057,37.6570640977892
18.441500183616,22.4109637721834,46.1742643519391
19.5959116735672,19.4648081679,39.4896567414481
16.3592296601461,14.3251334920945,34.9866733144015
15.3327831505557,16.4900824607512,40.1358117636301
12.3139429648587,14.2318549301567,40.3503075502919
19.5922933257491,21.979725998502,43.9841686072043
10.8777609928307,11.0431813780742,36.7243479610577
20.2781498516279,20.5900811344319,40.6791556626142
15.7962796645604,14.8188577848413,36.6210999194394
20.0736915181245,22.3160760533542,43.915891940487
19.1443912676859,18.0164309169869,37.4331936971929
13.3632745718743,9.93286224181232,31.3825104087704
10.7522384747644,12.4251698026713,39.3178180002685
18.9919311240791,21.3648177900486,43.9014862538178
13.2184092657527,11.3771025982384,34.277864169246
13.8412618936778,14.25293884578,38.3004697084494
16.2728007726125,19.549379110545,44.2603766698985
10.2195260224002,10.2746459510486,36.2768229541436
16.1347013452818,16.2257118675372,38.5813573529185
16.1295609042462,18.6321694554227,42.9162346721421
12.5798092723395,12.8605748917298,37.5838513858286
10.5520698357891,9.42993311353574,34.3420863492125
13.7628893695538,13.3167241161444,36.7668120929903
13.2768710716032,10.9967924263775,33.3651271836472
14.7590325252037,14.511490435546,37.4996302710616
18.6980663014396,21.052660289487,43.5812533107032
14.6151708425888,15.5397470598989,39.4982338499475
11.8390610114049,13.1844181715728,39.4145990540215
17.8520528876885,16.4320999968974,36.6395261433159
20.4124609585218,22.1710883039309,42.9974631621669
16.0158021973138,19.0245554814606,43.691749940667
16.8625539495319,11.6957802727068,29.6909732191313
14.190051924141,11.8444080747506,33.6029075913328
16.0097337008383,21.43432604131,47.9232216805466
13.1365753982425,14.1211737206442,39.0323669082513
10.6115248891687,11.3784909756356,37.6757465072248
17.1591769583478,19.7370171593027,43.3781540418318
10.2046944687947,10.194674302337,36.1569352036485
12.1479963244807,10.2358369252978,33.5739250187255
14.9956200071746,12.7161698287657,33.9728159599449
13.2283666791737,13.9588979211707,38.6225595528128
11.7648050009183,10.571107932446,34.6850527742449
16.5665230305403,19.1739036927267,43.2010320175118
18.5661505839046,19.0705346707784,40.2877684369739
14.4027351803914,11.4998535049955,32.8043283447554
10.3137352796703,10.3159897102232,36.2491083018393
8.39241902915879,9.39767195704866,37.1373082134973
16.1824978131991,10.4676426034624,28.4064332367199
12.1094129763319,14.4626114369902,41.0341647624748
17.2701090412013,16.7573820808154,38.0047052135889
17.2162298229102,15.7559939224628,36.3233642148532
16.2432857520722,18.5278139111077,42.5328327146828
17.5915861988079,18.4152764457766,40.4709678005505
15.1593544962951,18.4527026250726,43.8597354417564
18.7063858980204,20.683753708435,42.9233686098352
12.2924240389372,15.7010339554277,42.9544802652524
15.6737334919689,10.6529859850348,29.4877461647675
13.941199114001,12.5241736774409,35.1342225600696
15.9546076210578,11.1333699792099,29.9458700177265
16.3144164050931,10.8929294909822,29.0328827537076
15.9182263181654,15.6967813692272,38.0641251844364
14.4198680463183,15.6214492293972,39.6707925999725
21.0468817225071,21.9232211727987,41.8268640707168
15.6446620674235,15.0398108012936,37.2154816632716
12.3722228126802,11.73913426634,35.9021269959933
16.1157631102312,19.1098093941779,43.7365571720159
16.8069514706571,13.6512865329043,33.1940146246789
12.5061178965988,15.4262678026719,42.2536305123935
19.7428659976783,18.4616202396008,37.6128758358249
16.7352251164051,15.3784852237849,36.3189717550446
17.5592636113874,13.8415782448646,32.4996153673186
18.3500180366727,19.2243844273529,40.9022687813063
16.1122065548571,10.3412174637222,28.3422751987595
17.8837666109306,18.7489831741131,40.6565883876342
15.214873996355,13.6858059313317,35.429778710602
17.4325789534694,15.2538560850317,35.1477561696404
17.7216034176963,16.8183395161705,37.7648281549404
14.3540119232894,15.687495934313,40.0334540653758
14.0419489601381,17.0029568810592,42.8457414961144
19.8678754406984,19.1801248196305,38.7012708380399
16.7378173150409,14.4212579463827,34.6378664094326
12.5834425874054,10.2518348433659,33.0070080855866
18.9413649455684,20.0259098799371,41.5248358662637
15.5622906628668,15.8067949712832,38.672184390354
17.9923646763389,22.106524843827,46.3923817443622
8.71293573280512,10.1049353554008,38.0378672956913
17.4988875106633,14.0323261025185,32.9163978742557
12.3672345782695,13.541354010042,38.9192333619394
8.8299429709192,9.56524878670449,36.9321858162131
16.3094973722527,15.7416590758781,37.6212967650043
11.8218692172673,12.2742780907372,37.591931755866
12.8751470661817,14.9809348683809,40.8963103919023
10.6787718301022,10.6205320371717,36.2555253873783
14.917127127835,14.1723098524214,36.668286183264
15.7492513518938,14.8112463854534,36.6720159154615
12.2076720371507,12.9604544127742,38.2548298301352
17.302196324857,18.2448431081107,40.567674985352
13.4902657924595,17.2742076292952,44.0748839593384
15.2769856867456,13.9478265211955,35.9949036221821
7.68944817201893,8.65135390149001,36.8888303061322
19.7796945684611,19.6572726344864,39.7972168775652
12.6566900942851,14.0977334305365,39.6469583195986
17.4281465455144,19.8285718680532,43.1711105800121
10.7227842022347,13.3175716667356,40.922017128467
17.4743581179074,13.7536927656137,32.5526338142988
14.2732405788957,11.4412117654365,32.7826351398715
14.898055652373,16.8351669292833,41.3316087602618
8.6508451485166,9.67868624385129,37.3756904300709
10.729121443834,10.6086269254315,36.1658683208765
11.5544086945561,13.494795234639,40.0963505454538
13.668802245822,16.4526445550433,42.2981886812365
16.5090007701122,18.5931966439123,42.5098181200326
8.56226136124842,9.11758467414005,36.5133792917448
11.5504785518616,13.9433530306319,40.7137114514958
12.2328900075557,16.0725861875233,43.6869762190486
12.1257465663477,9.76933663729483,32.786772172411
16.3570575185481,19.9631232084529,44.7778856009344
17.5611562524458,15.9382642001585,36.1715215152071
9.97248176358674,10.5307530887045,37.0631953336966
17.9217104121348,14.3091842052223,32.9697975174244
13.1852496532385,16.1927256095395,42.4101422273444
19.4107602410693,22.4277771766658,45.0141679779361
9.37782514081663,10.0486246147419,37.0307377358725
14.4153027430459,14.6357424698601,38.1870256349039
18.8694810030734,19.3144036558443,40.3007118964773
16.1802240803968,11.2548246436582,29.8504606611615
18.8686946450249,19.6486991942813,41.1054576902564
16.6070342649726,21.8066781085576,47.6920406815425
16.3639958151285,18.6556146441164,42.5694326473044
12.0267213552588,11.5365759011046,36.0192000041159
7.72704050329192,8.97920288905025,37.1924201731082
16.7440429065782,14.9090249219839,35.4841835776053
17.6140809303241,17.2001006265717,38.3311523175129
16.3652844442192,14.0691325371887,34.5297528438944
14.6586112842651,13.4038415710202,35.6956555865557
17.8006890963752,19.6401882444235,42.3319559650511
14.0313504404473,13.1712980868759,36.1451490328677
12.1437605474493,13.4562830886091,39.2236210043799
19.5474614803789,22.3905524769641,44.765405900466
16.2409428259736,21.4196248079265,47.636488581117
17.12219027969,21.9750478595175,47.3508913432983
14.8685673093095,12.5322992835391,33.8813923941843
12.7870820736006,12.4060920683475,36.5041609481981
10.2207321070511,9.33482803788443,34.7707015967708
19.639975467435,22.1281313761547,44.3234044861908
16.1594817897878,16.268390673983,38.6651949044396
20.3919611452013,21.6937130761816,42.3903316954379
13.2222689514912,15.2759421424615,40.9390422951897
15.4147822887334,16.1187182453291,39.4203792136496
9.90985638320908,12.1304294764161,39.9522318578331
17.7661187551404,19.6826102062359,42.4535351936511
21.556229328799,22.9733507824346,43.0421784480034
17.5168600780502,18.9122346719487,41.4439978176642
13.7325774534436,16.307495824961,42.2445508234754
18.094715709131,14.6288837543888,33.0780568691976
16.9842077729585,17.0616701834526,38.9286065205561
14.8948984215436,15.8020221505391,39.6302281002061
17.3024714562922,19.5103589292125,42.7851456913183
15.4552585106362,20.3283066748172,46.7424802244683
13.0012737676979,11.05847505412,33.849778229368
16.1642436224799,11.3577212263722,30.0526235990662
18.5466911380591,17.3192870563982,37.352599884539
14.0686434868556,18.4709489961904,45.3819597019383
17.120699705957,20.2801885785676,44.3826466656793
10.9352087494392,13.6085724373583,41.1417655751081
14.4408430856198,14.7490056675543,38.3506261150911
12.0802689266633,12.2247866682434,36.9793082421855
17.5615437462145,17.5859376107068,39.0585789778724
15.1752227338202,13.2543747666244,34.7278611509845
14.6681098721694,14.1417392757074,36.9088030288377
13.6950270611051,13.019948284382,36.3394261864344
19.0799271823504,20.9251448118274,42.8360398635046
17.385941860424,19.8961247433454,43.347163197348
17.5203534558675,16.7434597417939,37.6383950641242
13.1107024181181,14.3530907066622,39.5824643409506
10.1301791812239,11.6241910102313,38.76400810985
10.2330445536801,12.1384371688523,39.7816188769917
15.2619192790695,14.5689050219716,36.9131525607174
17.7344043835718,22.2631852524643,47.019386025897
9.5804178421278,12.0696058534392,40.2957514884246
12.4012798002632,11.1802855310046,34.8830304844616
13.4510241496831,10.1518268808437,31.6463582135763
12.6064324375335,10.3094292888196,32.8940314434242
14.8814840227222,18.0449804529424,43.5509020992743
20.7850856805622,22.215681372798,42.6156824729054
11.5290478979822,10.769775147323,35.3553385907932
17.4650641125656,16.5608035702365,37.3938280388242
18.3202227646739,17.7437034063239,38.2984781620862
13.8838855589669,13.4601640069005,36.8528758696748
14.8456086999174,12.7268758475613,34.3786217641098
14.4657765349625,10.3912389337792,30.5877840926218
16.4531614453037,10.7347721122928,28.5661397369244
16.0099740068632,21.1190963050133,47.4373388281393
16.7583425236676,19.5609256177584,43.6172126724165
11.4926748217347,10.3784254381934,34.4273453311443
16.0775627988124,13.4966008264557,33.9194937383571
13.2569594344423,15.3106211386512,41.0426776486102
15.6033066443345,11.3595304911181,30.8222069988315
18.8532493617322,18.0509453067068,38.1086484645507
15.6848947205527,10.2993448911165,28.8527320494828
11.962889474021,11.9684719882308,36.8633221873811
14.853153627501,10.7572249582169,30.7915921930802
10.3449522897722,9.47805150479613,34.7094013137564
11.6813063565952,11.2285370140908,35.7281226087543
19.5964997658476,20.324486642743,40.9689273768895
13.2739120901184,12.2523923166556,35.5696387786609
15.1975519647814,20.1294926230703,46.7461603506082
13.6778358450595,13.0839764133675,36.4751255017461
18.8474809161246,18.9657744689969,39.4997191824971
13.6955332503993,13.4613371767257,37.112279123426
16.873201935546,14.3568429484704,34.3400005158063
12.4948543696122,16.3390155200721,43.7959759951853
12.0127520575639,15.1771541419859,42.3267829955672
17.6545459472652,21.4049796727767,45.6244715173895
16.1166193762108,19.7548033182754,44.8337793615131
17.1290442212151,18.885921999269,41.9277600979125
19.1302312737706,21.8546775662234,44.6962277050935
14.3703521855813,14.6770022384704,38.3354608997985
16.4436697035842,18.9244962802909,42.93179505669
10.8337021107405,9.46491621245996,34.018598663419
16.5540513420493,17.2212487693527,39.7959979197831
15.5252871139727,20.6604285663342,47.2288511168617
16.6573988336214,14.5370021102573,34.950587219404
16.4454681559499,21.3661096805399,47.164650136986
12.7044247787746,10.2668726584167,32.8680632917843
15.9746877338405,16.6910854472213,39.3885241872661
13.8377967887741,16.5920180879954,42.4906203471021
15.6951825206284,17.5637159616759,41.4649912427486
16.3772883286474,18.7235445644149,42.8450371247501
13.3290574622357,17.6043714669472,44.8737641629591
13.0444946498419,16.6731552479837,43.6142094266957
8.05632972972718,9.24753413224271,37.3759304812789
17.3084393424628,16.0940237646171,36.7897829705822
14.4072553451276,19.0095931728992,45.863298397452
14.3434487168631,14.1623165462529,37.3715482026684
9.43992000486134,11.7100878148477,39.8576508661929
13.5376255639124,14.1826789640762,38.5921983059026
15.6173922837614,14.3868257198143,36.1083686749462
13.2693305231902,16.1507820768112,42.4713870316209
16.1927613386899,21.4580226438167,47.7146784348104
10.6382998365131,10.5899945230342,36.2573048707183
18.1406009602318,18.7048947139488,40.3486306666191
12.2352164348962,10.3329956694857,33.5595636709447
12.7450774414127,12.4862567846871,36.7020427835154
14.8149897117042,18.1481139437322,43.7964448455523
16.7361664321383,19.2492954213305,43.2937475017156
14.3309270263122,17.8243242035546,44.0107623695294
15.2282029329653,18.4755437121653,43.8056968285655
15.8976334983265,15.4705973295816,37.6248084526272
12.0271142656485,15.1190495149077,42.4060773337995
19.2555189476227,21.5213624609725,43.6410130804584
15.5931528080111,15.2324303872744,37.6234295834229
12.1627371341378,12.9576663506219,38.5503527981035
11.2548305385354,13.2276353514154,40.1278148580344
15.5599117594818,20.6389878447844,47.1439678152225
14.2098384157348,13.3613424757641,36.2343368218462
12.2440566213304,15.4317159951032,42.5485789092068
17.5777642618905,18.0414192213792,39.8346591312601
15.7493019744902,12.0468451170482,31.8272676803473
16.6756937210671,13.8977228585531,33.8052386544883
14.7465383916336,19.1642683487594,45.670805223314
15.8381696378333,16.1650756280402,39.0812194671172
10.2925343249336,12.2645540412822,39.8358069456321
17.7494368481983,15.6081129917941,35.3941938048794
16.6087190644803,17.8343486540176,40.795777130686
19.3309181128926,17.4675822698337,36.433648262602
16.8362513112485,20.8267907795185,45.6601391319804
21.5144690450856,22.9132470173342,42.9939025732471
7.93923587335991,9.16168040953743,37.4419027594319
14.7067953360061,18.0216900138086,43.7227107264237
11.4852873673903,13.3170611529823,39.8793083486621
10.0464654597087,12.0046057090438,39.5424429092132
15.922083689912,13.9837754426247,34.9857111909103
19.6826097954454,19.6196597006608,39.7246960997124
16.6882733812449,16.224978456176,37.8666218340068
13.0395914854104,10.0224096475981,31.9816951259392
16.9921545881613,21.5812472751089,47.0042888423269
15.1173471729911,16.3679054659215,40.2634736992319
19.2076136589762,18.6443982264382,38.6645181060322
12.4676752452696,12.9297730912565,37.8583324849108
18.7717319467235,18.3896490483021,39.0415041997767
19.3259748986459,17.8209311394428,37.1511725517812
13.2104360615973,12.6795193248135,36.5105991625674
17.3449089128683,17.9937994862409,39.9939712191813
18.0248652589244,21.1262522848278,44.6300249327984
15.4251613496724,16.7462822538324,40.5060190938312
17.3625129406093,14.6093101652306,34.0783055537507
16.4483133355141,16.1330010590212,37.9324685134578
15.6603966082824,18.4544598702838,43.1782372639699
13.5538863295916,15.5045403921187,40.8865747319195
18.8833930584338,18.0745366234711,38.1088072384095
14.2688072953889,10.0486373145795,30.3481724747998
19.283096294882,21.3741813684323,43.3453955628239
11.4062441066826,12.1349203541125,37.9155758717643
10.87430448707,9.89415759130997,34.6049895322337
18.7394058182911,18.8302869484438,39.6300085869557
14.3800980014952,15.274115251264,39.3538896561447
19.8292494998292,21.073986624596,42.0730836896066
11.7683945998405,14.6242521180751,41.7833800053947
13.163380310226,13.5656054266482,37.8393392424573
19.4496095943685,19.4247660727835,39.701490388211
16.3655999107048,12.3143879124423,31.4357160352821
17.4569857741534,22.0464125415148,47.0185259220376
11.4005859476456,10.0029612638119,34.24358492637
15.7199900784605,12.7399550567069,33.0820084338897
12.2401667149319,14.7975046589198,41.4455153411287
10.6233999763211,13.5722706290832,41.5041725789539
16.2045201700656,12.3840563768843,31.7300266526701
20.1902009610412,22.2782273382638,43.6903733944006
14.1830773482857,18.5088660189185,45.1612391581307
14.1605641626703,10.2806659682374,30.9027016635995
12.0013164540968,14.6124211468192,41.4059445240158
14.666918697943,14.6153545193781,37.8040242946961
9.44998442348566,9.50016369270878,35.9709551086408
12.6280703013464,10.7029104587775,33.7365536481502
13.4544092427117,17.4958091440636,44.5122369792726
12.3121464997933,13.7724960282803,39.5477246575298
13.4291386867568,13.3972828671654,37.3639994149044
16.4707403921494,11.9646114047953,30.6974441371709
19.7905281324391,21.8768786176425,43.5330763416259
16.6280682620289,16.6768730124506,38.7408365372315
17.3638780513701,16.783777548131,37.922846560155
18.9054586028026,21.0435756217673,43.2819704760237
14.5759331220679,18.2578796131487,44.2467539343412
17.6601603876678,15.4268290606281,35.1399491198358
13.5496806502796,10.8983132069327,32.8197981254794
18.1443632163941,15.7431569141438,35.0327510715802
12.6992001161442,13.555411138851,38.6384438073081
17.0645138574161,20.2720696308372,44.4451851846789
16.3540852377353,10.5244424865733,28.3329006622593
16.0580329085294,11.462999120204,30.3081881366094
14.6230403377253,17.785227333652,43.5636969331361
9.71897377837142,10.6337645413305,37.5900953189936
13.5971361451516,14.8707882217527,39.7168163934713
20.4216469572776,21.422161699401,41.8506673629412
16.4156415508657,20.9950592086369,46.5988009942943
15.1572408043805,18.493675434297,43.8660989741335
9.27748854937128,9.35669723468149,35.8395205217541
