-3.35147757683202,-3.01445266491318,4.73648915143477
-1.76404494166482,-2.72526378537816,4.68781741575014
-3.35792093678414,-3.32424638290463,5.04435656431282
-2.92609870835341,-2.79157821582743,4.82262562320931
-2.77734018816271,-2.8607274715213,4.99685140776116
-3.70895686017451,-3.52323432344777,4.73277510109675
-2.58967295551457,-2.85866997011957,5.05327616593025
-2.4573150285148,-2.84394996814792,5.05672798941123
-3.04269750354071,-2.72854388256674,4.60711104814313
-3.25671250641858,-2.94364752968992,4.75130100316843
-3.64380520617123,-4.14218712216773,5.00831977023979
-3.70321835856083,-3.51599570407029,4.73763175735999
-3.09399298922757,-2.83240594712964,4.75077644706486
-2.57487312692547,-2.66549993124588,4.78148057678774
-3.27270489802455,-3.40975353284871,5.17211017855647
-3.74024589451912,-3.77247700875826,4.81746918507364
-2.44873307317441,-2.59663153353599,4.67197534340281
-2.72799335347414,-2.89335471197338,5.05367205383809
-3.29495952674807,-3.29384839889049,5.07911076323978
-2.43356201245179,-2.68679302066593,4.84295275762022
-3.03646390717222,-2.93394306015281,4.94069239744825
-3.77543202910801,-3.53373187071824,4.60638839067093
-2.62567113746212,-2.64346644942862,4.72413760997193
-2.6985822369228,-2.64675988612266,4.70009696841219
-3.66555403236093,-4.19344125848687,4.97610741624337
-2.33487138682923,-2.73939755748571,4.92640604393163
-3.07375475883074,-3.01296340259691,5.00368531943299
-3.32333188063278,-3.0322514404649,4.79621852478378
-2.95179864507698,-2.70196558312449,4.64111574245035
-3.7340714868367,-3.80320539319155,4.83854343873872
-3.73748303677415,-3.9989921140095,4.87499322933287
-2.8108779457094,-2.67119929567946,4.68644749355749
-3.35753077295817,-3.27175900939237,5.0047879251865
-3.68020504396866,-4.30362285507734,4.93784107063757
-3.65593340120895,-3.43430111519877,4.75413567510461
-2.88384644969815,-2.74645548555083,4.77785300301056
-3.06325090374173,-2.92861195222389,4.91441653637491
-3.13008703911572,-3.26465738972996,5.18176482426016
-1.55603514668059,-2.84295163896028,4.69926724241791
-2.65498596194971,-2.64331080144952,4.71250706263435
-3.70791136345261,-4.31866805097597,4.8943241804238
-2.89746934623311,-2.7951160378192,4.84674839561538
-3.79343829711809,-3.62373847887162,4.63800885807953
-3.41465453206353,-3.29930883756358,4.96809065069809
-2.43839963325137,-2.73206266188342,4.9126129267105
-3.52344142692032,-3.1654062170562,4.68802591346088
-3.03014913477661,-2.9545384200946,4.96943548104225
-3.6576780690395,-3.30592190041577,4.6191847125621
-2.50837507898725,-2.87640898030239,5.08758731764288
-2.29223627070949,-2.60238334928952,4.68711317053573
-3.64193587021005,-4.14216690042452,5.01067182565584
-2.95717777147081,-2.70941389053535,4.65186846407669
-2.13122251586737,-2.61760125057224,4.68551008730811
-3.16010669917093,-3.09140714679172,5.01897829476448
-3.73593453897002,-4.24668698620977,4.86731041761147
-2.99324689569077,-2.75409212865289,4.70724038077039
-1.52055642717112,-2.82529506474659,4.62319518297873
-1.70154573022566,-2.80636808432535,4.77910819166686
-2.61624131408315,-2.62338416948783,4.68690871033081
-2.98841591480346,-3.09115490552315,5.13180396968479
-2.51746510815067,-2.8722840206177,5.08174449869396
-2.60343775493062,-2.78352399268419,4.95651063567369
-3.19009621903157,-2.82082755830723,4.62202132190531
-1.81388806089434,-2.72206298145748,4.72132979030907
-1.85884315211803,-2.68016432764158,4.67252289592331
-3.34119369214055,-3.12939316206212,4.89015494669028
-2.89212242769095,-2.79241418230095,4.84602038454959
-2.91882767111761,-2.95193573207983,5.03419332726428
-3.53433623349858,-3.37058423482016,4.8827426837273
-3.07134867688802,-3.12264847018192,5.10987759518805
-3.07176535787132,-3.10068496240504,5.09035053120481
-3.81414433515779,-3.86028721780515,4.71311375912782
-3.47636281401043,-3.40609702051956,4.97955789106481
-3.01512203413734,-2.78624735083753,4.74544750674051
-1.88297307633331,-2.65615154724914,4.63911823169472
-2.4120710070269,-2.6775638655561,4.82930249252245
-2.75508550511046,-2.65992645569862,4.69735109244676
-3.78369656043036,-3.90967483588576,4.78390531089789
-3.52937928130598,-3.50097988962859,4.97895807311669
-3.58329224077605,-3.94487062913753,5.07238619998561
-3.17941394989897,-3.3113412230823,5.18009171447907
-3.63239814288508,-3.85232310137096,4.99711847022958
-2.5622660427211,-2.5873207943203,4.62561121798691
-2.17968648849155,-2.58225206860512,4.62128446643904
-3.04167999636283,-2.72297436151091,4.59588815773365
-2.49129369988667,-2.83597066647279,5.04364852819215
-3.39911504063675,-3.36769523004513,5.03500052799098
-3.54465209332039,-3.15782907881252,4.64078767276369
-1.49951591424196,-2.84665563402835,4.63701326096862
-3.58451062746836,-3.54326664333791,4.93540822653529
-3.45417799393356,-3.43109544066307,5.02033655269898
-3.17646781303253,-3.023949569306,4.93539267700628
-3.08481428516139,-2.98477233776972,4.96489424403652
-3.20428162688293,-2.89499088629967,4.73664980101222
-2.76164129508114,-2.71173420510699,4.78994054253809
-1.766533428143,-2.68807071347128,4.61251760119768
-2.25382723069722,-2.63194271409481,4.74238917579961
-2.96555746284446,-3.03362457808356,5.09194584468449
-2.98754734815447,-2.80468942740438,4.79844954867712
-3.39089905224101,-3.09722627994802,4.79488173216466
-3.67967068064138,-3.62156500265527,4.84481200123023
-2.19540820655483,-2.70157405263344,4.85475477862006
-3.26672511191475,-3.34247982875419,5.13577555980466
-3.83141482845898,-4.10257112794932,4.71345044356552
-3.04949467976755,-3.10978766450069,5.11242602890114
-3.69539809450671,-3.94950135912363,4.93136485065193
-3.61086150299821,-3.65070093629067,4.95625490727512
-3.77784037788096,-3.66986429123511,4.70048867038108
-2.86738508384331,-2.78387770631888,4.84813224467687
-2.61577947868603,-2.68640385444136,4.80604955569515
-3.37421001824606,-3.34428989846836,5.04309462299083
-3.2971784463004,-2.96075961484143,4.72766660465591
-3.08220439607276,-2.85748917757377,4.80122929461937
-3.70859503243946,-3.43424060334982,4.65689900066076
-3.81041679734002,-4.0321577210965,4.75283137418212
-1.73870934464932,-2.69188606176348,4.59378571429186
-3.50307613718225,-3.08732901395797,4.61016620433774
-3.74900126544677,-4.16756991111008,4.85750953930843
-2.92942358475548,-2.96457959914087,5.04207244607007
-3.06228802043632,-2.7537117356393,4.63902861212366
-2.55805014985424,-2.76487265847535,4.9415420053395
-2.38203983824589,-2.76875562954128,4.96720699382939
-3.72534569865843,-3.8452583824892,4.86518136013914
-2.49890761732623,-2.76578726235149,4.95329533729236
-3.82593080766364,-3.66991870094884,4.59530951568257
-3.3469525922572,-3.00548111440073,4.72953965350667
-3.76037438434479,-3.82385376070578,4.80141199416794
-3.8350226230409,-4.21991925888617,4.69381067146545
-2.92084888425755,-3.03846037718725,5.11988608764099
-3.4950226371624,-3.62493135770102,5.0794074297575
-3.70436580001808,-3.78464187487613,4.87873572550217
-3.53683928677184,-3.62286341693508,5.0331941122893
-3.29847888350627,-2.98964137472513,4.76830710245385
-3.61573727669105,-3.94927693310815,5.03517521982064
-2.88053190505289,-2.85488718619532,4.93998729655237
-2.11813502703641,-2.58477176289028,4.60675009318075
-3.55818522941256,-3.61692345803876,5.00589448768362
-2.74966842429145,-2.62060664347599,4.61544125703909
-2.4154735455095,-2.78591217566433,4.98853675837994
-3.57921568477053,-3.62817711146272,4.98581988231511
-2.21178212146298,-2.79746042720022,4.99438194454191
-1.86881203736621,-2.77801222534759,4.8506434704848
-3.24846080218946,-3.22168400121999,5.06308668897326
-3.41194952401481,-3.08655671117409,4.75344383739075
-3.05569531133758,-2.78924146250814,4.71364060648765
-2.91604741462328,-2.70541400438352,4.6788435784033
-3.26814694498908,-3.29641369761683,5.10339182889348
-3.12208649660247,-3.2456224609468,5.17362103203088
-3.60425496775618,-3.84573597576935,5.03016857509984
-1.94624026956583,-2.73303205593215,4.8211775646022
-2.70489713928396,-2.90692328686491,5.07630520888138
-2.84273406489852,-2.91317867633289,5.02942602576072
-1.99178523949744,-2.72844555979449,4.8348787579209
-1.71173553699201,-2.73489950762405,4.65955435850348
-3.24141348020464,-3.0552832803944,4.91140708777176
-2.30990939758281,-2.67833229661591,4.83091920260813
-3.47456129110824,-3.121148786405,4.70774924740934
-2.30689931505401,-2.73473119553457,4.91854663353917
-3.50927707536492,-3.39739014159129,4.93487162470449
-2.26673151484797,-2.77405652617408,4.97033402101232
-3.79132075082378,-4.38856946702322,4.73096951438824
-3.6744585364361,-3.61346696362867,4.84839161028577
-3.5093542970347,-3.43376191740337,4.96022444250407
-3.81238954025715,-4.36182856759734,4.6997535847831
-3.54353974402851,-3.83416386558675,5.09616242002937
-1.79554611160679,-2.72274629222757,4.7086453001311
-2.1757410247253,-2.73884860822536,4.90797688460869
-2.77628407711205,-2.63435153916185,4.63007316719186
-3.69619432425644,-4.12792006484283,4.93930394514524
-3.10210335087929,-2.75618800965372,4.59855928820729
-2.69575477377487,-2.67068670893281,4.74783157701654
-3.47723956750362,-3.06655670926531,4.62331524647767
-2.44013417651271,-2.7684129148318,4.96360478184606
-1.48327027220236,-2.83605620322769,4.59351223087381
-3.45499792382425,-3.16717600688981,4.79305880086338
-2.5720202726681,-2.61514762343382,4.68453322159613
-2.87212498346162,-3.03918311036934,5.14347931229124
-2.27456695925629,-2.67641386229597,4.82492134416776
-1.81096442563254,-2.73109482904122,4.73576581113871
-3.18876453405959,-2.828443277844,4.63871011027283
-3.5752917752423,-3.29671129915932,4.75693430248251
-3.57264509166147,-3.4398300335401,4.8843191917676
-2.79383064199531,-2.69863782388446,4.74951813211256
-3.15303038530142,-3.02068163931492,4.95153574073861
-2.40281972364254,-2.76980449594651,4.96789299001006
-2.08013286939737,-2.67580484807779,4.78069365460539
-2.27245277058471,-2.58130666639176,4.63817789600273
-3.24749698624021,-3.30422055172712,5.12533614941945
-1.70902082403175,-2.737739035368,4.66263886016815
-3.14422329596498,-2.92831265159892,4.84638268403765
-2.20483900566206,-2.7641339207599,4.94907557572322
-3.36552873323805,-3.08482462933445,4.81147660900906
-3.48532282577493,-3.44800855038578,4.99714663704633
-2.48143090223425,-2.74364832660041,4.92470668130745
-3.40222868848121,-3.20652362156436,4.90009593782347
-2.63308787592138,-2.78358779243912,4.9486040566141
-3.76655180140037,-3.8699518443074,4.80433253570028
-2.83837942343957,-2.67674250696452,4.67925980170363
-3.42514571410283,-3.31192909379969,4.96678498425594
-3.75761238181158,-3.50119901427038,4.61692655564941
-3.83769249665716,-4.2458734115597,4.68276097101574
-2.94917567065872,-3.08317841164736,5.14569444633709
-3.71752265482239,-3.45701181173483,4.66063516265985
-2.90895753342398,-3.00592441411906,5.0948530636198
-2.12850078784453,-2.6708224926187,4.78727733421075
-3.08731018466855,-3.14528190484213,5.11880719854488
-2.52375766163374,-2.71634760595082,4.87744414896558
-3.73708197148745,-3.78116244554964,4.82593806598223
-3.47758076390158,-3.52390140469725,5.04959254003416
-3.77876892821459,-4.20691453782746,4.80314126108727
-3.54569936977643,-3.69005485321498,5.050687236263
-3.39553206862911,-3.22437205097163,4.92446387446449
-3.03261412980843,-3.16472925915041,5.16771771451503
-3.56103789594747,-3.75876249555703,5.05685210904822
-3.70284199759737,-3.68002541674799,4.83849001836621
-3.74219280844434,-4.13971168189585,4.87041821739814
-3.74049751319539,-3.73632688480095,4.80242448656969
-3.69618207890391,-4.16183508561899,4.9372493977727
-3.7993577848904,-3.99579900751475,4.77009193848591
-3.81688196619556,-4.3142757170777,4.70730611142913
-2.19639436169651,-2.71018120424384,4.8685440060817
-3.44283189403404,-3.34858028228166,4.97563801732799
-3.07082605960625,-2.89439914651207,4.86383186575888
-3.43575623068334,-3.47226853880166,5.06413370622576
-3.21394939020045,-2.90900080278329,4.74775320300826
-3.30967822986016,-2.99228622870894,4.75838291337554
-1.70106762669876,-2.80517543926889,4.77677628629096
-2.71569565559291,-2.62203697852391,4.63862863313506
-3.26132518363251,-2.91099759346024,4.69411368828559
-3.5596073843583,-3.71437050911292,5.04383363117615
-3.57152178109425,-3.57423917488231,4.96880796831704
-3.27134280525114,-3.16133175538383,4.99123041809475
-3.81413896394489,-3.63586225133752,4.59934471461064
-3.3787710815392,-3.27071825082053,4.98261391889714
-3.74034099214562,-3.87064236642559,4.84813983631584
-3.34022141838153,-3.32756413213419,5.06318095812633
-3.67034969968614,-4.11200857638348,4.97518101659707
-2.3960803061083,-2.75634380994956,4.94982435628418
-3.12111481276988,-3.1997815242258,5.14036801698067
-3.78063923124831,-3.58490663080991,4.6373166292144
-3.29978101805988,-3.2083774225096,5.00711710091812
-3.54420214475034,-3.58233010196558,5.00572435299748
-3.16930668274933,-2.97171560942174,4.8798792694577
-3.35516018426825,-3.10897189878163,4.85212201133382
-3.73859740152488,-4.05412398275555,4.87700391267165
-3.0442198624471,-2.74257702298471,4.63541063371387
-2.85578515245911,-2.73618161798065,4.77852536033319
-3.79363790325471,-3.80655815252912,4.73489424425181
-3.76936929076471,-3.77326438619269,4.76720707083339
-2.62537119319409,-2.89681959348264,5.0876695749232
-3.19519559801332,-3.04792301899929,4.94557195329206
-1.65090252582457,-2.78672020898836,4.69937851873821
-1.83469868630746,-2.68102550538526,4.6560512371771
-2.00992053494382,-2.76777496189676,4.90204412734671
-3.26884831773006,-2.94657548950683,4.74123236065773
-2.90783204378736,-3.05682258640294,5.1429065168331
-2.6565314438681,-2.76505771267225,4.91572805674819
-3.12239028270045,-3.13738031622796,5.08863567601183
-1.88936273160073,-2.70665457715005,4.74427796521211
-3.04939585959382,-2.95017572525755,4.95085051972722
-3.47077171417989,-3.53000983435733,5.05992183249253
-3.60428959900757,-3.41592266977147,4.82107554536723
-3.25985900943655,-3.28885385755484,5.10473834186976
-2.41563714679392,-2.60419915431258,4.69171502123615
-2.62594354972659,-2.84927375307583,5.03372478769783
-3.78037522388626,-4.14497819666524,4.8071023204812
-1.65146270674624,-2.77101718377046,4.67047377540725
-3.46745371639119,-3.45268615154282,5.01964611476278
-3.75115757294283,-4.0197728338735,4.85521753215339
-3.71984841104328,-3.80240953376377,4.86087383051705
-1.99090506267477,-2.6693699268224,4.73134472904725
-2.11734184977777,-2.64902359281318,4.74389490594635
-3.6505832980006,-3.51454322967399,4.82412815124333
-3.48149302480682,-3.70565210865691,5.12369617405901
-3.65341854091986,-4.05672039745013,4.99715794166974
-3.06739683335596,-3.04241276891902,5.03826679557822
-2.91971550974833,-3.08742106448218,5.16388506004671
-3.45337508585479,-3.34122652591041,4.95832685706387
-3.44818700860105,-3.57763066021296,5.105822728653
-2.95996640581421,-2.84978419987363,4.88487910170052
-2.87989130383041,-2.91936192598414,5.0183682442117
-3.70122952986391,-4.04441062413399,4.93212307195143
-3.27430270314737,-3.04519116365926,4.86696463858778
-3.71024505268154,-3.84410212440263,4.88797186396886
-3.77823844634055,-4.29437988703436,4.78631304258794
-3.77800994659519,-3.83274777789824,4.77315576998451
-3.70663511423589,-3.54733449049692,4.75451394733437
-2.12905978763485,-2.63512837768705,4.72062066110767
-2.94492663845831,-3.07106848429146,5.13726241586879
-3.57420154173807,-3.86654852785797,5.069532084883
-3.7246481875631,-4.27163782369526,4.87994113493674
-3.32874597010504,-3.21960575308151,4.98940784623084
-3.83461532332908,-4.21194365892283,4.69611797947884
-3.84736138937018,-3.96140929808765,4.66884717108892
-3.84505049656675,-4.23680502365134,4.6689318011012
-3.21356033265473,-3.12473472248181,5.00759503686498
-3.02907165870058,-3.04625412639677,5.06686947566293
-2.44108762648377,-2.57211931689304,4.61687524406276
-3.73906150725442,-4.13193571010475,4.87573962358266
-3.38880092212438,-3.03383375561581,4.71318426488479
-2.50311850786304,-2.71205408201455,4.8744136339481
-3.86657656499528,-4.13397957182076,4.63565800693268
-2.97029822244166,-2.81625483835429,4.82928879121832
-3.47084551944659,-3.05696923276725,4.61906106997722
-2.67077456080993,-2.86094824307234,5.03503828879148
-3.85824598528692,-4.06333743642342,4.65597835994854
-2.73846301353152,-2.62752119799083,4.63804613703731
-2.26449152696732,-2.60503376748483,4.68956096461087
-2.50489432415202,-2.72372715131255,4.89197616844849
-3.87077937338034,-4.16701328441156,4.62247397809355
-1.8121113715999,-2.72251707023666,4.72085349898671
-3.57867948118896,-3.18502716626936,4.61571489287915
-2.90190802230563,-2.72805437961253,4.73290497322915
-2.36282192108413,-2.63932919553855,4.76351893538585
-3.83571569843226,-4.34704279023743,4.65592160169619
-3.7955588599801,-3.69190151197103,4.67713710264651
-3.30711884188333,-3.36471724183652,5.11714700419576
-3.34234097935469,-2.93931258082468,4.62947228861673
-3.29746235018068,-3.40630375665058,5.15055735547117
-1.84004873317046,-2.72069111991806,4.73755049299896
-2.85937710920594,-2.96426861663076,5.07679919813443
-3.75164563275306,-3.64173203075041,4.73437580799284
-3.81061756243754,-3.73286165708466,4.66775692290655
-2.5886237235038,-2.77713218668225,4.95151186010705
-2.0181199657895,-2.6388486996471,4.68395531981006
-2.66690154342754,-2.63012640851511,4.6804275912471
-3.84963052795085,-4.21989273766335,4.66239908712352
-3.76506446518924,-4.12245024084348,4.8343786740229
-3.27106165783197,-3.07101124787761,4.89993948004803
-2.23478109636879,-2.62854388794011,4.73288904706315
-1.6313634112063,-2.80834608246565,4.71861739445695
-3.57095236544862,-3.28559949873939,4.75227758408737
-2.92133887281462,-2.70105215728994,4.66568894867008
-3.08431954986276,-3.06985540466836,5.05352557152126
-3.4367608327826,-3.35397280814359,4.98624603376984
-2.94649349122073,-3.02797511527692,5.09685366645828
-2.53465886135173,-2.75572418377199,4.93339378836541
-3.43148103398933,-3.31859711506408,4.96511375107415
-3.35082883094169,-3.28343985256655,5.0205277754474
-3.10327464634833,-2.96461719628839,4.92731999690792
-2.96169833197039,-2.86149326801174,4.8996681251996
-3.02150363953833,-3.12483733583308,5.1418770187183
-3.55564908159478,-3.88751896303369,5.09402286891447
-3.34992580944,-3.05443859253377,4.79266359537916
-2.66886189948736,-2.70830410804429,4.82460615732827
-3.65701798619905,-4.21794910936199,4.98438160851833
-1.673270258252,-2.78287346295752,4.7140768362595
-3.80606113783692,-4.09461999435692,4.76293731153663
-2.13825581130599,-2.62170951858854,4.69632254131075
-3.48092262253915,-3.33629487923546,4.92237550284778
-2.02574040306237,-2.61351337958325,4.63256345063337
-3.667961727019,-3.81823362178151,4.94155800684
-2.78116835019924,-2.880659032019,5.0190380234699
-2.38965797779477,-2.61728362888725,4.72022394532996
-3.2329645605823,-3.18927750631456,5.04914855451104
-3.64873902964645,-3.72969906493413,4.93871359654624
-3.41618187343195,-3.35356738044898,5.00773937798082
-3.36065470708789,-3.00630456498139,4.71213898630007
-2.55204069438892,-2.64703546605559,4.75360392798733
-3.76842431291966,-4.17246718374084,4.82515375948842
-2.20505059393291,-2.73215368861892,4.90347968151502
-2.09017324641283,-2.69864975835985,4.82334413315904
-3.03966766063337,-2.80609569020578,4.75748968195258
-2.94858693651372,-2.99298441983922,5.06120115364656
-2.12956524926176,-2.59653998661323,4.63871393070243
-3.28159658160385,-3.42903028893283,5.17606924405738
-3.63156796600439,-3.31587498885249,4.68155673557244
-3.68595616229281,-3.98825682001988,4.94937554151752
-2.18225680192184,-2.58022779623551,4.61717778981937
-3.42492707628042,-3.5048473596997,5.09265759298243
-3.86143058018141,-3.98376857398079,4.6411154064481
-3.01954674239698,-2.76301313289995,4.69997849071806
-2.26099328689794,-2.78601920936736,4.98557904284142
-3.73879673767668,-3.53872374256936,4.68828929574606
-3.72035989783247,-4.25621827140191,4.88951101002216
-2.66892388012794,-2.87214742379565,5.04855471924245
-2.64699406195536,-2.77683898323985,4.93525155341545
-3.52545792400461,-3.43608855106699,4.94242078310939
-3.58999561305795,-3.43003237976998,4.85296765314883
-3.48930983339164,-3.4612400414131,5.00096807961872
-1.97939319933852,-2.71167415047246,4.8017064919259
-3.31556603659916,-3.10428517202267,4.89071713702694
-3.05935562587072,-2.76125396272174,4.65733783496823
-2.52896500845218,-2.7028647070827,4.85530604457551
-3.73208628375997,-3.59053055326875,4.73833396319434
-2.26878209679475,-2.60681647872392,4.69387149445631
-3.83611998264728,-4.11728895259351,4.70334070340611
-3.40080541760577,-3.53062841324187,5.12839186304327
-1.70533051649665,-2.79076407943278,4.75650648918427
-1.62479741640364,-2.7706771088476,4.6410444687255
-3.66210976486084,-3.29299161289806,4.59338620888442
-3.48178542598194,-3.10068739485784,4.66764452975202
-3.64630848419977,-3.44099937374947,4.77575018201723
-2.63551021807704,-2.5889191089805,4.60125952564988
-2.64590888257996,-2.83001430393497,5.00505927664526
-3.84283113815913,-3.75038585941787,4.60407833690669
-3.32121677563068,-3.42156532456438,5.1399082949207
-3.62909769201845,-3.70316804375231,4.95470145024093
-3.55220871090797,-3.40964024969998,4.88945946345474
-1.6562769061076,-2.78850456374157,4.70791056947952
-2.982611933556,-2.79213051953782,4.78213572964255
-3.15945782621548,-2.83708048759629,4.69007718111745
-2.69970140685382,-2.64034098809694,4.68641895184297
-3.64431874015501,-3.40531406594109,4.74846190215426
-3.61169410747555,-3.9066250080797,5.0335499629686
-2.87667528521232,-2.74478029137266,4.77974558623938
-3.75816577460831,-3.62081996298194,4.70897726336541
-3.74734211556439,-3.56175057554366,4.68903486113412
-3.33943681255131,-3.42129413331459,5.12426931978703
-2.05544647844546,-2.61321654981571,4.64637846344235
-3.16474728573988,-3.22717963267852,5.13138673491484
-2.8230051859437,-2.76660090698119,4.84691049234833
-3.63271264849641,-3.79858630947689,4.98269890883191
-3.10097411640039,-3.15343808521292,5.11667489119839
-3.81801555330989,-3.75323630011229,4.66219133943157
-3.48031296376145,-3.3839187997216,4.95941601880187
-3.71107537812875,-4.32771034417965,4.88722058250277
-3.03302920840542,-3.07433445072363,5.09085437459857
-3.86936765746857,-4.27087189539041,4.60393974976102
-3.73564158785622,-3.74910685969781,4.81594007211771
-2.16184954442135,-2.7679844128802,4.94653951185465
-2.13636786751705,-2.58521893193442,4.61459368688908
-3.08167868397649,-3.04562190412103,5.031692091329
-2.96339521822047,-2.79448447342646,4.80063154514949
-2.17644603257786,-2.62459962049737,4.7129335681301
-3.81649556045781,-3.69328477575959,4.63249422707985
-3.83452423326419,-4.30894206232861,4.67211781080439
-3.81552192622012,-4.31550626444516,4.70966888504198
-3.60282795108916,-3.65133019392174,4.96684029811855
-2.1682529586707,-2.76793923701567,4.94776735989563
-1.62211908857233,-2.77789024491442,4.65243014082028
-2.63997912233703,-2.58594155707557,4.59187014825549
-3.61408225172211,-3.94024908369874,5.0359362860255
-2.25150489291978,-2.75491192470534,4.9426340744356
-2.01722673076003,-2.71410970448551,4.82229589816157
-3.7236258848227,-3.92566856299808,4.88607166769544
-2.70278644066782,-2.78650555075893,4.92990594984451
-3.57572559908746,-3.75386867997441,5.03855227322648
-3.7512045173586,-3.55843877705135,4.67880718361215
-3.7945025707488,-4.16069416386303,4.78076103300449
-2.22806050136515,-2.78289100939468,4.9777088823069
-3.12298074384539,-3.11563422694625,5.06907697990808
-3.00773387003798,-2.7626336568763,4.71007578263173
-3.10014562221171,-2.84019378117151,4.75755525616343
-1.70604594746325,-2.70947317766454,4.59971358737259
-3.84452994411139,-4.00936757992814,4.68205253852213
-3.58208845534004,-3.54051716774251,4.93695754978811
-2.38826138435135,-2.77838998718136,4.9798759782209
-3.2267682226481,-3.18519864972808,5.05077905907971
-3.00911454263457,-3.12547434839152,5.14943818334686
-3.63378356628485,-3.41031471637556,4.77035698652338
-3.64138959109083,-3.33344959420152,4.68276785073784
-2.5495903522237,-2.67426134563328,4.80332611287874
-2.37409166544188,-2.79587210817919,5.00284624791145
-2.96564765955788,-2.92314167918817,4.97473443929588
-3.36123623167744,-3.12919522668584,4.86760183276402
-3.14847682976854,-3.15583365468868,5.08597617525017
-3.85496264151666,-3.96572633382419,4.6527702827751
-2.99390169560904,-2.85993377276033,4.8753609210032
-3.1650153483581,-3.04460840653157,4.96761994651989
-3.56578326225449,-3.89358712410209,5.0840364005837
-2.96414949537335,-3.11901302753165,5.16824790260377
-3.25479994903547,-2.90772363629582,4.69696382423918
-3.57032076863392,-3.28343555347439,4.75100670028465
-3.20614153303591,-3.1770748097877,5.06046833830159
-3.80289599509396,-3.71672540643556,4.67557239224014
-2.8972374322818,-2.85492371723467,4.93067710314126
