-2.32138988416357,-1.24060689491821,1.7902156693502
-1.70080166657011,-2.69118191465192,0.857415814686803
-2.70468016617608,-1.85814938422502,0.32640471887554
0.0545278744827289,1.94787044255567,-2.4521226782142
0.768502113735552,0.447758115280239,-3.20061403183801
-2.91713395793026,-0.946116174021999,-1.21233148629013
-1.20626394667491,-2.19527403984144,2.1448200756373
-0.25716872768534,-2.25091487448159,2.1775712732662
-0.831887290174409,-2.31650704750131,2.518581701089
-1.48331386395679,-2.67515568757661,1.07962540890586
-1.40888677813511,-0.95404907865063,2.82478005831043
-1.22624341228494,-0.472367152526877,-3.05628580740772
-1.5658195682562,-1.6155472885774,2.22076505992336
-3.11335975276037,-0.957592057406192,-0.514356371974518
-0.414917097438878,-2.56375438502302,2.03213218847457
-1.45342962685681,-1.21877872200113,-2.85186986815441
-2.5819546164297,-1.41356709358536,1.77589082707759
0.887539288179888,0.59235580432847,-3.01182049613057
-1.96416972646154,-1.71942984010294,2.09480335277285
-2.56614381757557,-1.62301308291761,1.52890270494107
-2.03496120432102,-2.24685368031948,-1.3811288944201
-1.1347816882927,1.61920877575702,-2.63912626381031
-2.077821867971,-2.50472086054859,0.532525747378005
-1.66382312390607,-2.24294271626132,1.89161590571798
-2.70489288220343,-1.67285677285068,0.871584011578422
-1.4229034136801,0.259633831125465,-2.96352663645511
-0.0990810437411634,2.24985935102935,-2.40891465669983
-3.20826758744512,-0.792221360864181,-0.614631349177904
-2.23525178142652,-2.25865375107201,0.987039045974286
-2.64184355319532,0.314853525899002,-1.94835414480418
-2.2427783136535,-2.49112201963782,-0.428102648450762
-1.50017807447448,-2.08066341117539,2.00268320312062
-2.50365454702719,-2.07174082672834,0.353140244181066
-3.11283500071852,-0.481360471206025,-1.09791287864099
-0.851992627373482,-1.2416619938327,2.75556090337431
-2.09158184455197,-1.9882499640899,-1.59583879002342
-2.24677516355003,-1.25665050192818,2.39085691554929
-0.357262586739564,0.730045644984899,-3.19592721698431
0.463351944077202,1.72633667475857,-2.86223862293782
-3.09688178151063,-1.13307101277738,-0.00522372065576731
-2.82612198689441,-1.46540314963858,0.8603383637428
-0.504631590119458,-2.40015668286152,2.19674409056662
-1.5911472033018,-2.08235322113156,2.28442448503873
-0.877668275506346,0.106233870488534,-2.98123350607904
-2.15813053192601,-1.42573073176836,-2.31480103718392
-2.46503482439511,-2.02008662553449,0.324462389084447
-2.18795010035249,-2.45436797466305,-0.252004323816583
-0.658453829912683,0.937374579937543,-2.96187407267371
-2.11091059821041,-2.5184233772322,-0.980965642838648
-1.86288129046664,-1.09576156953184,-2.49068943392643
-1.42523804706622,-1.33171346791194,2.77845902194299
-2.24336165487403,-2.4792322010942,-0.988999906454761
-0.655922890475226,0.196981716109898,-3.1779839264549
-0.971759179283709,-2.01565093132302,2.45637431430668
-1.37664320773847,-0.829182178936616,-2.84816240787062
-1.0582151338881,-0.327340857612071,-3.19381942711752
-2.0992819435796,-2.45159854619047,-0.676190702083175
-0.245394978918677,0.595180085090642,-3.26157710079594
-2.91893400099865,-1.542222790133,0.78405525439916
0.250029635191879,1.11367938692969,-3.14953415941309
0.202578969116479,0.203326097467699,-3.3327096221536
-2.38688833387589,-1.62291416110868,1.59482528296562
0.5091785996079,1.9936821990397,-2.87174440553368
-0.990653046851553,-2.14661757838867,2.25118890463691
-3.21762414369009,-0.611655582712318,-0.742757985639349
-2.83052377307647,-1.62995612676781,0.453797499736716
0.0531321373886193,0.295402739598277,-3.38502144530725
-0.124465251866302,-1.95247882693263,2.65459767335164
-1.73117008805092,-2.69794607494704,0.421303963571334
0.646478310176339,1.50762924891782,-2.83270385189245
-1.73111918676896,-2.78367205767688,0.359096383183768
-2.60924720412066,-0.676556505557118,-1.70939425580854
-0.98650126950342,0.890771291170888,-2.99807220036067
0.530923714882689,0.884684830890463,-3.13209302781284
0.839441514979238,1.09375861374162,-2.99559410029157
-2.5138682133242,-1.82426005790535,1.10774357279818
-2.3627822456774,-2.17332318949158,0.746193281150528
-2.46845656778288,-1.06042557570591,-2.30019509458729
-0.406797475259394,-2.26612820872027,2.36087541638079
-2.65884584174233,-0.70918415192903,-1.97133932657799
-1.03517639270427,0.298899957601419,-3.14946908334819
-2.24788840777653,-1.38535831029406,-2.00349543116834
-0.603056073977308,-2.12261741018396,2.38834686625504
-2.03828146592184,-2.56776444755993,-0.355736395991544
-2.45054410902704,-1.18953195787374,1.6303389940653
-1.78810520854085,-1.18992627790881,-2.69940754107028
-1.93154409248091,-0.791643987367578,-2.63494919895317
-2.50300866907339,-1.4382328990419,-1.93969055756764
-2.19634552329075,-1.09658186799593,2.09437039955879
-0.0557755550487368,1.96922852373859,-2.64453816093844
-1.09522934045261,-1.82748286599019,2.51700874893798
-2.08467384136241,-2.49732654460069,0.870953754309131
-0.279256389112792,1.74526388990624,-2.88614907439616
-2.21000792639291,-2.2249041846175,-1.10320948729443
-1.75477055332712,-2.70499081839805,0.691634985714722
-1.31824431681441,0.530763463925393,-2.9757479803328
-2.84677456737551,-1.19841999824151,1.1550835667886
-1.88894995147581,-1.55490026950527,-2.32724471510336
-2.41832770444238,0.60008932514221,-2.16012450837518
-1.12047816197059,-1.63383446065432,2.63622222500906
0.836723720550116,0.978691252136306,-3.03588715606607
-2.4559234768673,0.0713280620201177,-2.34691665253041
-2.53224002585238,-2.2408315870724,-0.784760028317278
-2.0230393035044,-0.849825820461735,-2.46163807804057
-0.499404026146106,-0.239649992345004,-3.35780275671034
0.290810357255661,0.509553307815789,-3.2465330606633
-0.233874209724714,-0.143843783366684,-3.47610475068792
-0.954757062846717,1.78966019071743,-2.61880063247026
-0.498512160463421,1.38798981356708,-2.85327057111876
-3.12642733982807,-1.04764311223897,0.049497212650195
-1.88542462592291,-1.77463750720691,2.04215319549837
0.192376778769474,2.29755144279073,-2.35771128822569
-2.75888569202799,-1.78919803441916,-1.02170545789197
0.442376393976848,0.808705021559615,-3.12479973285315
-0.090333063077022,-1.92142225714654,2.67853139301433
-1.73731926371793,-0.922658893595058,-2.69525550317159
-2.14550164730537,0.0451144120608105,-2.49009924554265
0.0292922275153848,1.54857215188853,-2.84603180948935
-2.38613054379154,-1.28622913261837,-2.44136953895682
-2.26835135996115,-2.10256012299431,1.29380895868637
-1.03186913714437,1.32208828247709,-2.67084192255604
-1.19822780114369,-0.967288686255457,-2.91601726845279
-1.45947573603189,-0.0898754635579851,-3.04260007818846
-2.06629317002675,-2.15379961309463,1.40218890954127
-1.75570607868864,0.948731306490578,-2.85270262588653
-0.877449394939832,-1.1398323977745,3.00496232444291
-0.656347209804042,-2.07178291002281,2.48021730697658
-1.66465553054737,-2.72690393925552,1.22028733099568
-2.01819767303007,0.608299252183004,-2.77265384353071
-1.81018112469654,-2.13488747591579,1.84506985728682
-0.780786215066121,-0.633504505198756,-3.12739118851774
0.173935906308642,0.604639997322661,-3.22193967931938
-0.689083267662506,1.16369888605783,-2.95202889416427
-2.52105644768567,-2.07811080148013,0.447530848389743
-1.52824920801411,-1.01570213821631,-2.73995574791517
-3.04364217015692,-1.3292500450357,-0.362500019440805
-2.02127143974134,-1.34044583149227,-2.40475272195251
-0.595431645264101,-1.17867218656412,3.02171259525861
-2.67434962175055,-1.44464864004242,1.45285463240373
-0.952262405384874,-2.35784893828873,2.09959488268752
-0.830017251424652,0.305480927119305,-3.25044478769993
-2.34297871489391,-1.73812525325446,1.53750620208814
-2.02648568235593,1.02332612814953,-2.39180128575917
-0.35049221796968,-1.95778203203942,2.63036094406691
-0.313070512841852,1.61044514704643,-2.86059561249923
-1.34764799896418,0.941659889074165,-2.8586142622087
-0.391700251859391,0.800905755132458,-3.17485036812687
-2.07275294531525,0.880556052389916,-2.34172104490559
-0.895834831240075,-1.71318889132304,2.67151974607913
-2.02522588462837,-2.64719296711805,0.944324240172594
0.27188412383793,0.317103544976148,-3.43936173152429
-2.58535210763903,-1.93568890021064,0.708332398208644
-2.96112182918658,-1.27160952233457,-1.42063477942559
-2.15088139332888,-0.909259760167379,-2.32841360077592
-1.25711086153678,0.918931348775299,-2.90685249607726
0.199045281174088,2.16190736612187,-2.42952813477709
0.0763657139641017,1.40464935608482,-2.98256306556753
0.781300886242374,1.35306568705284,-2.90402068649371
-2.84795206447046,-1.59524383096944,0.467889019040485
-2.67496889789905,-1.98249754746749,0.022666256494775
-0.397833117659182,0.936907140612028,-3.33940219638355
-2.56225098788091,-0.726917772808255,-1.94448306821764
-0.464119450140043,0.382714456567041,-3.24232582518207
-0.339292361763063,-0.0178935611197024,-3.28010891429324
-1.6701044179029,-0.395110023861146,-2.81588232677645
0.384229813595262,1.1028224311748,-3.08394294881546
-0.889637788825855,-0.159227812759427,-3.17139481683426
-2.00034270681117,0.172650871265614,-2.62482805871714
-2.39629579184692,-0.385397148909842,-2.15370765017604
-1.00671485255394,-1.14631315856214,2.92579367143267
-0.378066318878364,-1.5619961003128,3.00516177651222
-2.88501628982354,-0.514121026382607,-1.78655837424397
-0.75819035196249,-0.342997699932421,-3.19093308358831
-0.438657970580844,1.42806017909923,-2.9276518740543
-1.40600100721774,-1.85187402206319,2.33843489326013
-1.13954495650877,-2.7690669727645,1.38139761413816
-2.45199258986046,-2.08585539888393,0.715187786614456
-0.981511204043022,0.714575345961955,-3.06603519340331
-0.974327004607998,-0.576468997616311,-3.11814284594454
-1.75613060951853,-1.22971806242158,-2.7039056808237
-2.51566329773147,-0.968860292310758,-2.11904350450575
-1.68352137832521,-2.37286404260771,1.50276415746117
0.389995689108273,0.903884653831277,-3.1472924667008
-0.597694334778219,-0.96140459830094,2.94032399247747
-0.0489487482808198,-2.26730135669225,2.39405567059113
-0.629414402937584,1.13511178494221,-3.03148688286233
-3.11826179572298,-1.18112863837213,0.452762396447613
-0.312068000218787,1.46455628532572,-2.93115551777998
-1.69145159976225,-2.84087314906637,1.143451536683
-1.6208594746115,0.249170634673502,-2.81888418604845
0.0919236873471956,-2.18700796130721,2.49542572108479
-2.15281993802944,-0.336745378509051,-2.47284911705002
-0.136337214402116,0.157731751205076,-3.29106165766264
-1.32569969197392,-1.99872323832962,2.26322330298354
-1.64211033295281,0.270569328499811,-3.005800935397
-2.00986651390959,-1.3659385339367,2.229170808547
-1.52016274581167,-2.77435473948181,1.03078693339581
-2.78854441852658,-1.67434022150753,0.543285214645739
-2.0231333468792,-2.42134163927139,1.44449575452809
-3.06835495204418,-0.553766679138258,-1.54074135192034
-1.09596563939037,0.300085484371135,-3.09570056614843
-2.56602389504571,-2.01141424010457,0.494255096751978
-2.69699987280488,-0.729625186145486,-1.51415915420726
-0.615877798415451,-2.26420785870789,2.38573605246316
-2.53651782889286,-1.352496741988,-1.61597767389491
-1.59867702055287,1.02404695527761,-2.69631481716234
-0.951835835963404,-1.6850058880559,2.7630787447555
-0.273705340590791,1.94395927307866,-2.76348114153934
-2.0695238194228,-0.149426511223355,-2.56306395833026
-1.92789258846487,-2.04934833032351,1.75490183265946
-1.69943385615524,-2.47677484510792,1.36090591559456
-1.07719820371482,0.993660327808246,-3.16899970824394
-1.00413363894031,-1.99857168042014,2.30793329069846
0.196991751097084,1.55703205302673,-3.04903790147392
-1.77314591463545,-0.717914168182117,-2.68609508179463
-1.91594655757827,-2.27484383599515,1.32175901918194
-2.01905917082519,-1.94589737348933,1.78777609743269
-0.430389811946865,0.631139002596917,-3.33532086457915
-2.39650487230405,-0.93930507792479,-2.06131616777096
-1.33553589174049,-1.68250634565487,2.55713242251556
-2.46252165986821,-1.93595048323374,-1.03084275088553
-1.52974413152044,-1.93673202962594,2.18712274767697
-1.12072210759066,-2.85473373668497,1.36926230844216
-0.106545457575861,2.13573851174771,-2.60993698756496
-0.936903937024987,-1.87946041284695,2.61872450402765
-1.55754962912586,-0.23869723421341,-2.89682874176142
-0.222395749579461,1.55271290694234,-2.86340578741583
0.738449135355468,1.90565514860433,-2.63098744273309
-1.34539192024657,-2.28839112915149,1.95646124338365
-0.215736004684316,-2.19213775238044,2.4531592967432
-2.30500643178214,0.0210337069957611,-2.3581893283872
-2.92061287521998,-1.74600425854216,-0.459806816498061
-1.38739347329525,-1.20352575943762,2.71466105995027
-0.619436838285985,-1.62474030744136,2.80197625126551
0.153294262428284,0.490311259171154,-3.22315125324508
-2.68417477641995,-0.920257009284092,-1.27183075807345
-1.4034462819397,-2.36854352369011,2.11537086901842
-2.90111868566576,-1.25229394304134,-0.943304949530769
-1.23476025909147,-0.280294716246619,-3.06418226161697
0.124222072870674,1.5601905150767,-2.90257272246239
-1.44153442979601,0.387629355148479,-3.01568931275038
-2.07299498725418,-2.66792789430939,-0.996994030742563
-1.06318788968903,-2.40886717684419,1.99637104179397
-2.11747579811248,-1.19397598503814,2.32977979919049
-0.9725775303533,-2.78278902561151,1.49044318772845
-2.09689587520029,-2.05676124397371,1.30348911558759
-1.08763575665293,0.35395125670548,-3.21495566223852
-2.08825591268298,-2.53630364576571,0.284438104912894
-0.566045404699144,0.929326599311801,-3.43195709041693
-0.855345332393895,1.08315138475633,-2.99494931776128
-0.183511810985317,1.0703775869214,-3.11370666771158
-2.83398643243436,-0.213746147552953,-1.77997056613496
-2.82647734130795,-1.24906730377789,-1.30335013543853
-1.69353360238124,0.373453941409219,-2.80482264451032
-0.700632474337668,-2.26335378232943,2.36646818566111
-1.51877975788667,-0.755956842091255,-2.76537644962282
-1.58429381298881,-2.78048369020977,0.795913021949737
-0.753397174769115,-0.420888136654558,-3.18799650279423
-3.23959315769768,-0.915676426434616,0.406078543777691
-1.93502888087949,-1.26754494324582,2.35022276027625
-0.976521254290872,-0.412863428261207,-3.12257970361509
0.561810655638834,0.976806587754907,-3.23226872079885
-1.30971209260565,-1.12310890895588,2.67073352845532
0.561571897215287,1.49156778713892,-2.86481981504724
-2.14724664854858,-1.19690263380631,2.24902742970876
-2.52299599283988,-1.44431211133102,1.55660133659289
-2.94343851088169,-1.30296199246861,-0.880794888560143
-1.29124369172703,-1.60168581934642,2.66875325912261
-1.93621105390224,-1.54352216024877,2.32972589547112
-1.59364611018102,-1.79722891128723,2.36896241382781
-1.71183473103786,-1.18050292269836,2.5594117837932
-1.26580489916305,-1.01074608448436,-2.8724004396777
-0.550005161704685,-0.332820296465042,-3.17845195659803
-0.172478396046105,-2.44715075648963,2.14124297936615
-2.74946266030138,-0.721307106596793,-1.73265384824826
-2.10895618742875,-2.47334254065795,0.235575962625011
-2.63601286558321,-0.0190929538581918,-2.13729245221997
-2.23406589550668,-0.866852459885048,-2.28277679513463
-2.07273330056293,-2.55028259904093,-0.772118978378266
-0.590784552045816,-1.08814265664117,2.950622089349
-2.58333036642912,-1.7248846126404,1.12543356904029
-1.00544773167692,-1.37988687537201,2.8212658587854
-0.192726645786783,1.85385116483719,-2.72041288677691
-0.526767445919823,1.94995170991762,-2.76970225582733
-2.06658944048394,-2.1682891811872,-1.26048339340147
-2.4163733119519,-2.20280306469991,0.0354456221831728
0.971932134025412,1.43248885892794,-2.88394496287016
-2.33572967161902,0.606490853491057,-2.38884958118451
-1.02954691672256,-1.51231161522076,2.74362911134901
0.807524958842517,1.00800611418728,-3.15356817194888
-0.783965611626722,0.683743859795961,-3.32751670801168
-0.550567337796628,-1.19348570696039,3.02440431320601
-0.366650159133031,0.812696428681605,-3.17484584689118
-2.10078750035211,-2.16167930490538,-0.593854349885604
-2.08938868722442,-2.51897158808119,-0.404711042652214
-0.364777717009716,0.42343168232536,-3.24995335404719
-1.97945044985893,0.420339673964109,-2.63661685946932
-2.64147982798352,0.305851827292732,-1.86157312185171
-2.66801826346548,-1.85618829973157,-1.01347881123247
-2.62921470289837,-1.40329754154792,1.52513380181803
-2.53216048155322,-2.16904339899282,0.451711466750555
-2.44809333897295,-1.67945100906039,-1.79281026078923
-0.322023163529567,1.37436124647308,-2.9802661327891
-3.09086650124934,-1.11862792820133,-1.1118034835849
-2.33050236633454,-1.79389105491235,-1.87441915645911
-1.57612474575989,-1.06419235070334,-2.78185512551662
-2.05294835111407,-2.72051484048033,-0.565057087497176
-1.06975076469899,-0.907971906053093,2.9842543951799
-1.75100920123896,-1.58725870597823,-2.49652704404372
-0.224782198660966,-2.3549977417903,2.14712472228555
-2.99018331918011,-1.11656348242838,0.82863965830194
0.171691036637511,2.3503777250498,-2.36478403004058
-0.704976595991832,-1.9129354333951,2.59195679027864
-1.9728871723466,-0.102173600501509,-2.65028549191854
-2.27867641237981,-1.53178908310202,1.91889035758377
-2.70529829440361,-0.738147862687588,-1.73523855622591
-1.57289111044018,-2.29424271319587,1.7924050538046
0.0208040410675226,1.95925221655364,-2.75423037862984
-1.32847127148969,-0.899514783038609,-2.82102976094625
-1.79871315414577,-2.54676952030791,0.89810192232241
0.727045795738458,2.19232166908843,-2.6124732318694
-2.22894125971436,-2.36293896275896,-0.568237885858454
-1.91080906542608,-2.64920904307085,0.68803664638205
-1.14024269463536,0.258920473178287,-3.08340084351778
-2.75922588053028,0.139832714607465,-1.66888507954915
-0.120508976275811,1.22675541249295,-3.05861124049176
-1.97518706538111,-1.92757549752151,-1.92134842601366
-0.383276172428561,0.410513329541491,-3.27652250433784
-2.57063568627772,-1.5464381702443,-1.52586263087925
-1.32396655672203,-1.90744651746898,2.34164777786571
-1.88326976651885,-2.42789577501236,1.19715123025433
-1.60282712647651,-1.2678713250088,-2.58804974483834
-1.71444399350689,0.0447688094284191,-2.76508074292809
-2.24710945344623,-1.27239224917184,-2.00751757595499
-2.02962546590917,-1.60595494173565,1.78675754968698
-3.08313652584172,-1.22812467990731,-0.0330947657932055
-2.58265351621939,-1.97478245504299,-1.14597214156235
-2.88874258302846,-1.81069461314499,0.364129446496672
-2.1465629673404,-2.4118460832231,-0.973637409573472
-0.620228234785953,0.855750333388171,-3.12370969835333
-0.661813280264023,0.911870128424383,-3.135771434067
-1.15411643293858,0.682748989582805,-3.01271025031467
0.337158911454922,1.74640895288165,-2.77685678666143
-1.90093465211918,-2.67338126786818,0.337689237155091
0.508031359002012,0.752505784167813,-3.17020396173036
-0.327100035753924,0.659025971032219,-3.23008201612034
-1.79928422195,0.788544353727662,-2.48393466464091
-0.49677687196052,1.50245806974404,-2.89316201828595
-2.03598415400816,-1.86472068406149,1.67094809477964
-2.87891494455183,-1.59846976171372,0.176909973798399
-2.29989806622989,-1.38847624000592,1.91236936594303
-2.52932564710067,-1.99206019410125,-0.909500591070674
-1.52265070484383,-1.72259476801499,2.42965155811406
-1.96344734119761,-1.57125496103594,-2.13321034163776
-1.30726369935298,1.59546269148,-2.51327718472627
-2.41757621217558,-2.20475011711142,-0.41104276581186
-2.27321689593043,-1.7784725626878,1.59501544310061
0.255130887389736,2.12303126781405,-2.51041837989008
-2.5704199955515,0.148642169570462,-2.06043697496447
-1.36219665608111,-2.3136989485762,2.09066543726282
-0.478866864161951,-1.29745789291824,2.99363383171993
-2.27348247140237,-2.37539874834129,0.251619185498818
-2.42442603989376,0.353135629132171,-2.20726246296828
-2.17402130010854,-0.596027801275543,-2.51875750426914
-2.20518773079665,-0.809926676193961,-2.42268000404877
-2.47335670373976,-0.318556542746738,-2.15767984674398
-0.0335646315341207,1.33033031779136,-3.01722532088365
-1.18146396049204,-2.77372046788951,1.72863361565468
-0.270643219466557,-2.48870556365841,2.14888124444124
-1.43686944419455,-2.74469248217849,1.24108940616037
-0.0591326795474819,1.19800863216067,-3.07178004085324
-1.99786954830608,0.453274934321285,-2.87763209643512
-1.91346742296468,-2.02880975441684,-1.51389393437323
-1.37743020963726,-1.98923619515133,2.17002279298825
-0.0137239073367655,1.81936651412497,-2.92436359714037
-0.358136860125106,-0.0311509701401917,-3.34654491711449
-3.11791515243128,-1.02747074856488,-0.312190549167133
-1.59537686897736,0.402009793142196,-2.85792140340774
-1.89789303785365,0.937626609174183,-2.52851979121016
-1.93812109131872,-0.452839076535304,-2.68228538237441
-2.88591546654694,-1.10295886236229,-1.40147561827471
-1.73750526387215,-0.763846283231617,-2.81860933065761
-1.04422226970608,-1.45584974272613,2.66725554731814
-1.97844987057655,-0.422475483589106,-2.60418980707784
-3.27506617312041,-0.913310600118201,-0.275926969781369
-1.7368395477252,-2.24230778044398,1.96522705320807
-2.73246162253834,-1.43617574645647,1.35509916665417
-2.79444304398911,-1.656830590092,-1.00810490496722
-3.10500527490395,-1.08010322824252,0.0354744567109838
-2.49729034602639,-0.279897349950035,-2.66547139393377
-2.29183323249103,-1.8336909130825,-1.50320725305419
-3.05637598612457,-1.1462024545859,-0.151088178750966
-0.314371758715021,0.821678748984702,-3.17884743534446
-1.97194670637131,-2.69130283318969,0.851070219547013
-2.86662246963732,-1.17576131397224,-1.12898845213007
-2.65456123038501,-1.44611261757143,-1.54333542904256
-2.17434186798168,-2.23471501276908,1.51495012939497
-2.12979695315368,-2.4625879316401,0.523621612602199
-2.58333001355797,-1.46367136625863,1.27194998423016
-3.21330063013851,-1.36896696755532,-0.289859559770867
-1.72560153803089,-1.78921913302109,2.16692136495143
-2.30974825270177,-1.57799784379187,-2.0739687467519
-1.21040820999557,-2.37023623548917,2.08816681233749
-1.03629252751329,-1.52320316421356,2.73254036051734
-1.20978536565238,0.630261720661191,-3.00228971094211
-0.94080306528275,-0.777368288138785,3.06351793088551
-2.65454926714533,-1.40554760677086,-1.3774166521021
-1.67535145732819,-2.59305297821748,1.53583256417091
-0.0227290728585284,1.98409808312475,-2.63389296701555
1.22150205628436,0.831318716529383,-2.94811734738414
-0.757083695674023,0.161829956884373,-3.20549361545233
-2.77174240877794,-1.62179684653234,0.990175824893613
-2.60608575608394,-0.689919242291228,-2.3446472832839
-0.663902594789808,1.28685551512489,-3.01550455546719
-0.758023832341579,0.39247040792841,-3.18526620934719
0.263253332115627,0.52134047309259,-3.23142905127096
-0.558053690605686,0.991173321110472,-3.09527147465719
-2.77989076293008,-1.66726958883935,-0.236716830120257
-2.64208017008396,-1.95032188913894,1.06484302779603
-1.41487264861395,-2.67140822550086,1.1448136873671
-2.36163477006429,0.723319806424914,-2.20391700772417
-1.65196685558597,-2.78873854854709,0.607039365938628
-1.8686135747501,-0.909605950593955,-2.5603621421217
-2.37545644822225,-1.30542012006574,-2.19874678895055
-0.578676787829268,-2.27504491017493,2.43531152175726
-1.96761490413444,-2.59987719772581,1.30309370453089
-1.15210269848681,-2.47326426154224,1.68456512929779
-0.583475861285447,-2.75944846190763,1.94842434673765
-0.109026623294474,0.900793129280797,-3.28152901924173
-0.751709319264979,0.0664948089125268,-3.21015038831893
0.0829218101883742,1.85456786669826,-2.72548270534077
-0.934914941897826,-0.151341849169618,-3.34695523859458
-1.15517433082217,0.0080041083664539,-3.02045816042038
0.208078731794402,2.04117158121985,-2.58164207304219
-1.69466742705284,-1.97384139397797,2.01437327484306
0.259607078199693,0.771991271308693,-3.22840047542767
-2.24604405360099,-2.2093399015928,-0.973990392365274
-1.98093919047806,-1.32255342590901,2.35040832931291
-3.1209694435232,-1.18242795989456,-1.34221082374929
-0.868498757573407,1.1766408312467,-2.95563533580224
0.8281888925991,0.829880694727348,-3.08219972853815
-2.85532008084865,0.0169118431184228,-1.64967124039038
-1.17019531841667,1.32539209738591,-2.66275590263426
-1.5540321361899,0.412047627839445,-2.96614296519477
-0.520823220078609,-1.91180412855171,2.71170560188854
-1.33176312987741,0.633040027269659,-3.0279026136841
-2.03063363219846,-1.78815036872591,1.84897972736033
-1.89949342944644,-1.38958988087418,2.3098741633189
-1.02823397983027,-2.83259694510721,1.39704439864055
0.555037187640069,1.5914545610082,-2.68914640878971
-1.68401938362192,-2.40500892282011,1.20586047701505
-0.156412742194437,1.00774875904859,-3.16373698873821
-1.95757806300733,0.831220954849024,-2.52022098780219
-2.04680450487054,-2.50787818374606,0.629040785830736
-1.09788066491608,-0.430710285314774,-3.08625937514644
-1.4997409729969,0.575351213106997,-2.80292499865038
0.730236237781051,1.21366839870025,-3.04540136179407
-0.994302925026588,-1.55656362267328,2.7033724015627
-2.51800377100478,0.38896549024841,-2.0935416959086
-0.448644689142628,-1.47764702889944,2.80905165447092
-3.23994354773461,-0.976930846093584,-0.701453062238932
-1.65712153355652,-1.6901940070852,-2.4267858639259
-1.82116548042375,-0.985164769725747,-2.67621244728593
-1.56557920628253,-1.22496699451467,-2.6311540409318
-0.275076556980687,-1.98150545498477,2.62154973166094
-0.35677037603544,1.73423268404864,-2.78706416444274
-3.0521111221157,-1.33255624610587,-0.618764449865439
-2.9081254252879,-0.564308443162801,-1.44876377221256
-2.78159010444499,-0.878962455177103,-1.97822269578033
-1.97153248355025,-1.60191735833445,-2.10273022979155
0.458729041683684,1.0052663115469,-3.10701806964349
-1.78189899867088,-2.79061578980008,0.233179395540066
0.672772241695589,0.895559354925858,-3.12678287271186
-2.76876132631145,-1.19731570674595,-1.32004520032266
-0.792807170033663,-0.404876261516851,-3.19119028395498
-1.29131279690386,0.193353384757978,-3.16096809595655
-0.782697014662459,-2.07613628760329,2.28777529057888
-1.10897087409802,1.11730674861343,-2.91631615604642
-0.543695646056107,-1.28571270279815,2.98762311315022
-1.70066880828596,-2.4721199557625,0.742090154960841
-3.05994746381955,-0.536151601632661,-1.0633646093517
-2.6300044729818,-0.462850512084757,-1.93478677157586
-1.31254783178253,-0.00596954891914815,-3.08557088718507
-2.86345421588623,0.142799137631973,-1.62935334894591
-0.611487574367595,-1.81416889226067,2.68503783076776
-0.339910231063624,0.826117147856846,-3.28893469472186
-1.67580029550136,-0.903852773546918,-2.76285303879675
-2.95613550729049,-0.424410271590974,-1.42508141787033
-2.57186632266989,-0.238105718593981,-2.29882196415209
-0.540094910010125,0.424894324780381,-3.54378891790488
-0.0965177996269162,1.98497021548033,-2.6309907022141
-0.717052578025341,-0.114856278518461,-3.18529962097878
-0.93719654267248,-1.03377744393984,2.98789571650522
-2.73077189962793,-1.90900818344023,0.558273321724834
-2.16855857978561,-1.94596311014071,1.86433541274897
-3.06558141015246,-1.62311736413262,0.630933545373212
-1.14137645569762,1.46359107883971,-2.60536036807185
-2.64667791277909,-1.87911764714957,-0.581864993004993
-1.64914456607795,-0.282583780436733,-2.92733175688667
-0.610723055951228,-1.56211041672315,2.82083415405679
-2.31360174650455,-2.18276883996932,0.815127780108146
-2.26968997321501,-2.05437481025622,-1.2258081172754
-2.39345111485985,-0.796308108684336,-2.01807370960386
-2.80757397694055,-0.784124459111649,-1.54317506563177
-1.54145719495212,-0.578390378906604,-3.16677285878426
-2.12707464536156,0.211128636805314,-2.51108186399549
-2.27116158527496,-1.09071629298704,-2.16593412364196
-0.541565079653828,-2.41696810323979,2.1770453436544
-1.35996305664778,-2.30335514593866,1.92862892546426
-2.97663739436671,-1.1639661101463,0.812013973275664
-2.09156530394154,-2.54949018199424,0.00289260595721368
-1.93055188932615,-2.67002105159599,0.136054998290233
0.509472152736423,2.20347644859207,-2.48110036024285
-3.20154493915686,-0.730299891505474,-0.302201996903573
-1.87388832694466,-2.67349974693965,0.464215054861909
-0.831387786131184,-0.0219950786837847,-3.33522336856374
-1.46972690179786,-2.45802100182551,1.48521268365032
-1.01772865527525,0.601983457145108,-3.30961822345908
-0.0214740695615963,2.26013497288873,-2.40122525902257
-3.1832446015077,-0.0299568970968874,-1.21224034426339
-1.54873613421724,-2.3577678307962,1.70789379603614
-3.17942342233128,-1.10346109875201,-0.596410343380344
-1.6009315013839,-1.11453546224002,-2.7177874977003
-2.02701625912464,-2.46189592666585,0.820138118728034
-1.43901039284585,1.41445339588328,-2.60828001872157
-0.630056505245927,1.3591703162043,-3.07510001775981
-2.86311513477966,-1.63588555097849,0.0316885626334268
-2.31892506402396,-2.15361935801749,-0.926857154107434
-1.91653853134694,1.07243985117866,-2.45994040565472
-1.29452727356517,1.38052939554811,-2.58890153790695
-2.76074203067428,-0.540586166214175,-1.68976128921661
-2.13880970651942,0.39613760622624,-2.61094268895285
-2.74259285080746,-0.719560603503229,-1.73269389714553
-2.58535087757051,-1.98810040497319,-0.047693742148656
0.423135399936925,1.17480346503791,-3.04549546020292
0.469335078417672,1.21799256647117,-2.99041509282076
-1.7215101395132,-1.80582317883968,1.89242776607517
0.205325688914912,1.89330844452229,-2.69216984443376
-2.40757375941842,-2.25332958022859,0.0254631446023329
-3.05495944129097,-1.10363747859219,-0.511190966753902
0.00678501006402649,2.02966954168356,-2.59902856681238
-2.77738948853117,-1.42786640192996,0.927648855617525
-2.11787143915408,0.701908614208282,-2.3767556432951
-2.2859147073373,-2.29603436495122,-0.954288422484989
-0.5233067209731,1.09562628702187,-3.11327083879058
-2.29029681923927,-1.67294377242622,-1.99022179909545
-2.04573224360287,1.0174990703044,-2.37786231841113
-2.50275208483347,-1.5623094680662,-1.47308353590647
-2.33502780959835,-0.0252174340596716,-2.32842504395742
0.410375722285293,1.10071326369137,-3.08132699556523
-2.29598033304453,-0.0228343341152777,-2.52448389964434
-0.877829254200633,-0.754912296391901,3.08773010496905
-2.29670254254764,-1.91559326785434,1.72616355914398
-1.8425326282664,-0.269367839110727,-2.72159299986843
-0.989693714954205,1.27017297555649,-2.86838665019949
-2.5541898773419,-1.95258655734908,-1.45194872789246
-1.38121761931758,-1.21969531897988,2.63145713196312
0.586837369475805,1.70377877198612,-2.88110672697216
-1.95524104745838,-0.923278639108643,-2.48980781925149
-1.03081893542804,-1.82303452205644,2.54725566633185
0.227075196950257,1.1158369959873,-3.05825382747784
-0.897609830326031,1.94690171354526,-2.50715392077817
-2.92513225716521,-1.2458643802223,0.863260183670725
0.41553557859974,1.19688846375561,-3.02906645122823
-2.46602461729463,-1.68132586614653,-1.85672695669452
-2.22057774134679,-1.99558099942445,-1.40044455273231
-2.4943326974851,-0.34866716478004,-2.22580417005432
-1.77292496938451,-1.65347695639665,-2.35430082679895
-2.95078003537542,-0.743781095911463,-1.63326583552556
-2.41163888269399,-2.21562460275058,-0.386729227071272
-1.60032210928781,-1.38078300606763,-2.53119762416642
-0.266276093802764,1.71407878818962,-2.83800662433051
-1.53825995463341,-1.73635883193289,2.34379356911956
-2.88193860080865,-1.32637946105575,0.899834097133936
-1.6564323320876,-1.0664653841424,2.64451082235395
-3.32426268195838,-0.510696330886344,-0.163993986212759
-1.91083747549882,1.12659046211668,-2.44009181155204
-2.34499719041006,-1.58082151556701,-1.69603817433324
-2.65048161456137,-0.739161852146479,-1.82582338823121
0.175186433872681,2.13771335474114,-2.67867287881836
-2.55857360955105,-2.17277318469445,-0.494903001563877
-2.29631542486464,-2.5530339863537,0.00210078032270279
-1.86707996965058,-0.902894557291526,-2.72255704600262
-1.51330289706454,-1.45030765757233,2.47455212865612
-2.06235366184707,-2.60617271761961,-0.393587666192193
-0.364005103638618,1.64130811051452,-2.83692825901372
-0.0975123899319861,1.16891443855837,-3.25336533620312
-2.63540930427479,0.135594049692662,-1.97757073919901
-1.16026861288998,0.605881130150793,-3.08004304878842
-2.5695910909299,-2.06214618088596,0.778155641067608
-0.744164290243944,-0.482964561613356,-3.16848329615797
-3.00455350233876,-1.11814025638942,0.772641310396769
-2.41259209343913,-0.0517787716442533,-2.24696387422979
-0.892585922134383,-1.85554503206901,2.54451854079433
-2.26648142698358,-1.00266528932019,-1.96949047495765
-1.71490042568912,-2.65995465785547,0.481625891314261
-2.41032984375869,-0.844002345702649,-2.05671853380761
-1.82181614881988,-0.510616428038196,-2.86580534087345
-2.49898645730344,-2.21606093560798,-0.00128498326181568
-1.37219070071127,0.840560852996097,-3.14843872292286
-2.82232020302001,-0.550240171196665,-1.61440341969809
-2.50438583511522,-0.797426075812841,-1.99166192371956
-1.97994215231831,0.547458276405313,-2.63662635597314
-0.137659252631574,-2.31213867339491,2.41666685353727
-1.99981115545733,-2.62066473154905,0.0861724041076749
-2.05644485523553,-0.971661275018265,-2.5956153536071
-2.07636329961965,-2.45203475555735,0.742155631547527
-1.92371306381799,-1.72795645100521,2.04647221516242
-3.00845134985969,-1.1721339422686,0.670728315203371
-2.87411018533295,-0.334422446959681,-1.43265601246266
-2.7269148843965,-1.70859199647105,0.916976133406656
-0.567438853393919,-2.54446990393826,2.01946528356338
0.314222249251831,0.416019477011179,-3.25043049648199
-1.83523662115837,-2.33291681250627,1.40503262183066
-1.62401190623004,-2.28157753150707,1.7411327554358
-2.86748601213908,-1.34263712561025,-0.921630888710929
-0.552384257228807,-2.02538433760094,2.838432310833
-2.20627269197847,-2.41034325302411,0.932320457445905
-3.15981055585829,-0.735442037700478,-1.08374539130013
-2.83138328965237,-0.621391733228411,-1.57216250968499
-3.10019000283356,-0.502773220984168,-1.202807202306
-1.72396455960438,-1.95214106535879,2.0878654849924
-2.17377676234295,-2.43120425392327,0.391013766739989
-2.24420553151706,-2.06803521214231,-1.26542923824666
-2.73764426521383,-1.68900028503127,0.726041245531143
-3.27839815978353,-1.15132078095568,-0.263457649602294
-0.32008728414955,1.73262028068338,-2.81424373145569
-0.280000449165041,-2.27226419260545,2.3733876976543
-1.36373109170084,-2.34333202210077,1.98242191615889
-0.389846582148982,-1.96630859683439,2.78337613884441
-0.942111878441945,1.03118532387817,-2.98724555606384
-0.205118883666676,1.52313084643651,-2.9176279139231
-1.88732656754892,-2.8099134748996,0.280581774184451
-2.71365084035511,-0.0527546187645317,-1.87293086971872
-1.95118575891446,-2.58974871158966,0.718401791591502
-1.04474534717106,0.307963476886734,-3.2346112298282
-1.44491275624622,-0.20146215780523,-2.95739650735503
-2.75497741334753,-0.0190216730232704,-1.91578782617778
-2.1523331655321,-2.06414397494163,-1.80828442326857
-0.130165920805648,1.06606869467326,-3.11786919982298
-2.27701010546224,-0.976026651137044,-2.1764996971742
-0.69541550798122,1.5589761943076,-2.82144368590757
-2.81048843639735,-1.52781448963313,-0.774286360005647
-3.14182467008736,-1.26183670606588,0.690841468918569
-2.12160458601228,-1.36192915989133,-2.12567563846314
-1.92817072137143,-1.49235116108463,1.9786817061432
-1.49100987322573,-1.31675708952655,2.58921405491888
-1.45066968835935,-2.41677553472934,1.71152196769876
-2.54008302854992,-1.60819336813976,-1.3550816487025
0.957098863126674,0.982362424615859,-2.99891310457819
-2.30210169410178,-1.84743136117969,1.91781431530508
-0.528090729167331,1.72325140294773,-2.76153558005551
-2.86563416751572,-0.63624429149837,-1.10925613323042
-0.955190181042949,-2.52388270173325,1.89530520018205
-2.12372260097055,-1.58149780001353,-1.96550782206165
-2.63321421958832,-1.59608145397495,1.18036470717375
-2.04598750426371,-1.90416406336445,-1.85427583024335
-1.82339208280643,-2.62294125937806,1.00827852363017
-1.93659620907526,-1.35566094941159,2.29920257679529
-2.13850590700569,-2.29251280385294,1.24668365268372
-2.17628848560399,-0.95817564890181,-2.38676002117177
-0.737624346932022,1.83873376620787,-2.61745027960669
-2.82838929060234,-1.79814211792358,0.211491459533537
-0.992134954897837,0.414117467131338,-3.22888412578952
-3.35902406823498,-0.601520158759059,-0.569491559033756
-1.57891676761151,-2.06768234254722,2.19138765443822
-1.91502659103497,-1.36829282226656,-2.30976230033939
0.322980266326841,1.028540415979,-3.28751853255426
-1.28201724378915,0.531473031600868,-2.97056797432555
-1.69779073851713,0.830620559910701,-2.62565105232149
-2.5068373458362,-2.2093077111248,0.673930309868994
1.14805200374107,1.04994624818721,-2.90760097821727
-2.11490513461478,-2.23501953332682,-1.59690418759482
-2.87197246367525,-2.11342390853583,0.102704486239627
-3.15862207490281,-1.3869278294084,-0.0946543211290155
-2.33764128449633,0.327866890911586,-2.30271372575243
-2.00353354411316,0.244519961240831,-2.63312372238922
-2.91455687525366,-1.30796035338058,-0.818017060214813
-2.66634169837682,-1.39885229494704,1.42608322055475
-1.35044827274279,0.223121914573969,-3.11982382468289
0.79903165147905,0.737450344567796,-3.13534452628063
-2.10860860477904,-2.59468997508383,0.116199206575532
-1.97337030132043,-2.33451262412966,1.59408366266373
-1.93295240145849,-1.37109237317339,2.45617523964024
-0.618068380817698,-2.14674291269781,2.42570408733658
-2.35004506765828,-2.2225748916177,1.21713555713341
-3.09350679726173,-0.849574879416149,-0.763539256009023
-2.94784810021008,-1.33091559227456,-0.874645061682597
1.10450121132744,1.00887801176518,-3.0993527027136
-0.111268697273259,-1.83784178629809,2.73578340177911
-2.63909988609888,-1.73147808401286,-1.4579733465007
-1.22387472631626,-1.39161106574554,2.72765526998651
-1.99204644346264,-2.37867932409054,1.11722406711382
-2.29414654165463,-1.42426674259653,-2.14365513432385
-3.18732442136529,-1.03032958748932,-0.29776446499319
-2.47697489246766,-1.98976702672273,1.24422650018362
0.522272828287889,0.888421988420135,-3.13248965508748
-0.955116346983601,-0.852092396934348,2.97536866440023
0.505106227342763,1.88200392023466,-2.68160027494198
-2.00264929438325,-1.82800928595708,-1.78579519071408
-1.10475725416637,0.684156135671948,-3.27922023858803
-2.07725319107915,-2.19683629639443,1.30241871596309
-2.82450038624065,-0.442519055790768,-1.87041844369364
-2.65942598898737,-1.9450759426015,0.136700265243853
-1.09540496635089,0.37953462698871,-3.1588718941725
-0.125557079597526,1.13566332659902,-3.15701229292497
-0.990678690203371,1.18774838237053,-3.01084139283573
0.18381593210608,0.169534364373655,-3.28816419576436
-1.57481227188605,-1.64115775739907,2.38770213794608
-2.60334428333301,-2.0126007897735,0.215848510179542
-2.65823896913162,-1.67315980290999,-1.43763253179675
-1.74818336187691,-1.58614322654939,-2.36280981602541
-2.11863506420693,-2.26645362149313,1.09376927472174
-0.0318536314695053,0.269844842782593,-3.28644535674825
-0.631635504823981,0.362388104512879,-3.08297678287348
-0.646472981700537,-2.72908475444031,1.86498643432706
-0.953933470036356,-2.6269774508675,2.06350892098177
-0.467875759730813,1.02796288808904,-3.09821538148565
-2.21406431074952,-2.44383734980546,-0.0114983245473649
-1.7812850756206,-2.61053542235941,0.941638074784773
-0.610548547762138,-0.152557246113455,-3.23705278507937
-1.9752303018907,-2.67878073967644,0.731105537123755
-2.22764072971911,-1.28570576243096,-2.06376632583601
-2.5516480508938,-1.98716960386737,0.644052145203922
-2.98149768060038,-1.4285098950685,0.630786985978212
-0.924711811001459,-1.01064926894457,3.12648833457667
-0.783036112314253,-1.77557868472942,2.66621993786196
-3.00617020173346,-1.46982370394167,0.985200297604413
-2.30013608988561,0.52120234159044,-2.47984891833579
-0.817544031938294,-2.30812082424079,2.20879016487633
-2.38875776909007,-2.36066551867684,-0.527412484353199
-2.23301890702051,-0.280433521510789,-2.41029823399684
-2.81693792117031,-1.64356773063031,0.660677414569081
-1.40125938891795,-2.2843236771263,1.98845094289816
-0.797467730930296,-1.90829496952193,2.58113091065156
-2.67980413964759,-1.44160067775818,-1.27082305413503
-1.71976584368525,-0.612523675835052,-2.77701346141664
-2.27005649560331,0.454434625541039,-2.34837958043092
-1.34074983749962,-1.13648258027884,2.78485019000867
-1.75616560430632,-2.63666114945375,0.915671518132437
-2.23586310456993,-0.234134857405677,-2.34710841934394
-2.34588903948255,0.185013516245783,-2.31302286658056
-1.88951340030008,-1.33950792020856,2.40326469734264
0.0293973445432099,2.17390288979815,-2.47948301017921
-1.2565785937747,1.22744386567388,-2.8662265533388
-1.12378722943214,0.61031426285231,-3.03960075329484
-0.939288314276629,1.14565073966065,-2.94614592667856
-0.727738941774305,-1.91262574681219,2.58588722901109
-2.6192487794235,-2.13489201303107,-0.560526634478899
-0.0950802154216293,0.255298637209561,-3.45052969474716
-0.41887134121715,0.99861700336256,-3.19310817622587
-2.0380666370405,-1.43842933163298,2.15679378170158
-2.91577601507796,-1.87846804962546,0.498961795091942
-1.35644914642101,-1.08106945937496,2.94160939315123
-2.55239305322639,-2.04140586396562,0.821213882158621
-1.96746603459536,-0.970247369229175,-2.61941878280116
-2.0379673128509,-1.44670248807263,-1.99865658594882
-1.95529295426915,0.344130211977937,-2.92628386637587
-0.468008534364235,0.749433322308998,-3.17708540695422
-2.81522401812466,-1.33386816455735,0.46569697082338
-1.99265407139882,-2.62084792178277,-0.187189472276059
-1.60934026094239,-0.391698874603149,-2.85151712112181
-3.13660455066951,-1.18377925536233,-0.242047889393258
-0.423062340861523,0.454994488573605,-3.26687600309961
-2.48142948556769,-2.09427383934166,1.03076466778271
0.783514928211258,1.11237798329513,-3.01884511503343
-2.67302749248765,-1.43036573576391,1.35889912651767
-2.17741244727629,0.751743933783401,-2.54723331855873
-1.90175162241805,-0.423204004921343,-2.72260581542125
-0.500423319092305,1.33006023921153,-2.97574700498606
-1.06790458493315,-1.39215780959494,2.7921372470867
-2.52892659293381,-1.63379659394613,-1.50393641530754
-1.71586105284,-0.260903791785304,-2.74853897084181
-2.85128125866798,-2.02642707631214,-0.186856145939204
-2.15138094218825,-1.72894006455797,1.80468287260165
-1.85089476042445,-1.74149221259856,1.91238907795839
-2.35569972516685,-2.44891851253956,-0.741803165103544
-2.13934995448252,-2.50952506989072,0.0044352848786662
-3.19447822048487,-1.27165713960262,0.641288979497377
-1.69286374705744,-2.7807683225865,0.525446330184566
-0.61146937472941,1.09445616014458,-3.05005326071463
-2.29549486446846,-0.224187809534785,-2.35690414085114
-2.18443201358945,-2.23175948356442,-1.20476880854951
-1.71446524050066,-2.25841436780513,1.68366488895882
-2.58656927622769,-2.02800497834533,-0.267224929577748
1.2455662880292,1.31395633064029,-2.90334167228719
-1.12144987765922,-1.24437186330216,2.79794703219618
-2.32788396525501,-2.45222767780677,0.0481562527103236
-2.59136274712199,-2.21499291411294,0.735508209427165
-2.34746733512334,-2.35866264153581,-0.743016135062497
-1.53624234761436,-1.19811810915957,-2.80116878999712
-1.70169265555462,-1.64907841275562,2.29332432737307
-0.313720727423266,1.92522227728825,-2.47295386731604
-1.90762535647265,0.0698024008410797,-2.67686585509736
-2.20534896753416,-1.25844639374196,2.12853538503425
-1.20784704675773,-0.665989883309331,-2.99534922219006
-0.918651310035169,-1.22589064193209,2.92024414741307
-2.74057312441593,-1.69973700101121,0.688989878756469
-2.31768999567896,-2.33068755505653,-0.266012369149592
-1.13347189852736,-0.975351771047654,2.93912986338972
-2.72290087506102,-1.70810874700105,0.760220550560349
-1.37469187554411,0.162976555891673,-2.99302770876733
-2.50470580820494,0.344461181165389,-2.26693835067306
0.292132110127049,1.75510669526039,-2.7786901126396
-2.66783088108636,-1.94505005856923,0.610276169024484
-0.254509931874578,-2.00540425439935,2.6054044689684
-3.09783109111147,-0.240819679065909,-1.54843974058218
0.326152265507006,1.97302449051419,-2.62208944077851
-0.931104951814092,-2.65027618122502,1.82779348810428
-2.55410181697925,-1.89115103392997,0.640181890363383
-0.764494296287872,1.5471388001003,-2.80507313143256
-1.86007957394447,-2.77918707794598,0.681921717167621
-2.02673845893075,-2.40346838422139,0.706855670225775
0.419573641533811,1.62008488738419,-2.87798173225199
-2.49714116366343,-2.28977472575585,-0.121107806651805
0.117401440505897,0.950540499496425,-3.27270006782134
-0.905051952419998,1.07040515189661,-2.98490665685215
-1.77682837218395,-1.99741986428506,1.99375053915935
-2.80190291652201,-1.65759390520322,-0.470724294800042
-2.21112809426321,-2.24799580375615,1.69492867441204
-2.21706540180184,-2.57470931200384,-0.683374799934505
-2.71357452784062,0.234309822443387,-1.85907669687601
-1.36645657130694,-1.14615021665111,-3.00301501269291
-1.369829047334,-1.35773839439104,2.67482126681069
-0.669302884449265,-2.24504139668827,2.32085690035603
-2.6433675870113,-1.71905164757507,-0.965413491108247
-2.91068103342665,-0.00106512089385113,-1.54999637518097
-2.43002999146942,-1.30350869914905,-1.80841734334423
-0.37235932359307,0.539516033077305,-3.26340805187358
-1.09272737580891,1.12427954680662,-2.99238617726954
-0.472569139367909,1.74305738923737,-2.77967736097999
-2.36619800526631,-2.25378532874777,0.442846099340751
-1.39871245986659,-1.09681540903335,2.90033906127937
-2.63050371896348,-1.84443929820652,-0.547073092889925
-3.15016774830019,-0.99780710022959,-0.231324043082882
1.10314036821281,0.758058708347885,-3.01379864931676
-2.81615961187152,-1.70907525849898,-0.151197808041783
-2.74810260153071,-1.21107819513134,-1.36226857581165
-0.97355090625791,0.866624525534373,-3.02914419276683
-0.691117826877304,0.982178747363011,-3.07322014823509
-2.08497001753362,-1.31511446468802,2.14261386434381
0.0636391394920952,0.750591394770006,-3.23330256646735
-2.61299662646666,0.105987617955942,-2.25205467564121
-1.641515745492,-2.73232016376714,1.1574389475008
-1.8329143765787,1.26298862324412,-2.39893891598605
-2.78164683139742,-1.394834121669,-1.09152766997034
-1.73060963391484,-2.7887250973954,0.320244597244829
-2.8673179292671,-0.939303793130208,-1.37955287612663
-2.81157935583014,-1.62195606996147,0.582094501684426
-1.14158848139094,1.60520991862408,-2.73782632296264
-2.57204153821431,-1.78271808565542,1.03974637709566
-1.2905211268644,-2.76797619801962,0.911867821087086
-0.0580655897645097,1.93565604626267,-2.55522198594614
-2.59417918019018,-1.75742489812705,-1.4330856864899
-2.87170311612991,-1.2887638837536,0.303038409608371
-2.34709440532965,0.266560323833065,-2.30101008736046
-2.32875327927296,-1.44269600118771,-1.83578059373629
-1.23226162199883,-2.8097729350644,1.20882642436156
0.756371583102145,1.79515441544898,-2.66080375617517
0.0806396630138437,2.30268969728688,-2.26553263567654
-3.08884819058949,-0.588611843352056,-0.993532550681664
-2.82409147176798,-1.14054319695649,-1.55394445543566
-2.86456729190428,-1.59812476482125,0.33882951778657
-2.53096457211149,-1.44207833139411,1.60318728550414
-2.63501142586416,-0.415127728359914,-2.2256524162296
-0.798283126074175,1.75094073181449,-2.6779665009489
-2.51824550136618,0.498953711072795,-2.21539952336634
-2.09529116541381,-2.11242758206023,-1.42195591302836
-0.325165315781682,1.78050042890136,-2.7565630259439
-1.0497785650968,-1.04458613864844,3.07220370808666
-2.10182548325371,-0.431533898290282,-2.74210683329745
-2.0929755430771,-1.21500583523661,-2.5476947310086
-3.13548954479297,-1.14339768008028,-0.155918391943291
-2.65287737271153,-1.92344834848403,-0.370326979810426
-0.76097312525873,-1.85938932400695,2.55487492823937
-0.247249272830983,2.33666462640441,-2.45608600586057
-1.48803325128121,-0.949263005640054,-2.78553599242785
-1.99416285003009,-1.39482244550367,-2.20619294901544
-1.53746719621728,-2.69923149080631,1.1067510810935
-1.38234319777908,-1.35045851241402,-2.78717834902749
-0.179023412081742,-1.8681259655159,2.71156965073704
-2.13755449219874,-0.891752004380784,-2.34750861405846
-0.212547871818871,1.95527256019813,-2.67028980600831
-1.4166743296307,0.244579171510257,-3.13827281952939
-1.97422607086047,1.01845356831537,-2.6000008009619
-1.59221426561312,-2.88444682031138,0.815495311152797
-1.65394603289007,-0.172522772055341,-2.84767490934549
-2.90635408191661,-1.44448009224888,-0.584069507447219
-2.57344460180441,-1.59977731775683,1.30101859746154
-2.83041821115058,-1.38141231135972,-0.301281222451515
-2.6837735301261,-1.55995883861855,-1.11285310653142
-2.00164148575008,-2.60041065998866,0.325345566817609
-0.207889554225938,-0.33456261896281,-3.21576636327671
-0.123580068151169,1.7630752278672,-2.78403442571084
-0.11929704517122,1.04460261372947,-3.18006525579017
-0.274810134650898,0.530605232383816,-3.29255609116712
-0.645383683707925,0.886161305517976,-3.13892806723722
-2.1678760792134,-2.29510800677787,0.952547383758301
-1.11483859113559,-0.260073140667249,-3.09257996713498
-0.603810950215012,-2.33083336159288,2.31018101022297
-2.36376488914954,-1.33452849501779,-2.02321328864566
-2.29600986753926,0.205648007028502,-2.4099114424317
-3.02997489980063,-0.822689530460067,-0.933601862295165
-2.17528387028935,0.72305183634935,-2.3706307391741
-2.32800993458741,-0.151653001161707,-2.4821337400175
-2.67280227665717,-2.27429427835136,0.490724682404338
-2.39233632039074,-1.3696956001161,1.70891893228897
-1.61876307774267,-2.35071240671465,1.90273494504225
-1.31202485138544,-2.07213726303536,2.20440285074976
-2.53458161325227,-2.25911879346516,-0.473062441808972
-0.688066690785179,-1.1322911872565,3.01977397700548
-2.23109021065038,-2.516543092666,-0.0703835602086254
-1.90228570205521,0.158209959852112,-2.94659579163089
-3.30248475525073,-0.726326885535024,-1.35315784737175
-2.04205417382347,-2.09604105661868,1.52025675990778
-2.0416193484449,-2.57731649307126,0.25255515537124
-2.54171791476477,-1.75824048317675,1.16616283432613
-2.25380163069007,-2.39200292141808,0.167018244914461
-1.77268805071331,-1.74803468394221,-2.33023768406602
-1.92193678291011,-2.23922794580967,-1.46767078852035
-2.1950910057445,-2.50204882009472,0.434999356157667
-0.160866951128538,0.250366597662498,-3.28420346000607
-2.71183916413176,-1.67390062435301,-1.25026296490896
-0.725539002001064,-1.62155606220167,2.7307154646929
-1.02223466035826,0.984417431919326,-3.07945572077472
0.660115900408779,1.69677242934281,-2.79466643105912
-2.81502806533783,-1.61927319622172,0.572822209123027
-2.19934676656489,-1.48113781577792,-1.96052506920454
-1.91382401557005,-2.70882701941457,0.588580273629498
-2.46340746408804,-1.86208411709704,-1.11687345326705
-3.11287596295662,-0.66711333499274,-0.859951750639568
-1.91485804291789,-0.418442950498504,-2.64538604043269
-1.81286073586099,1.04510155284703,-2.45710409968519
0.768905494657114,1.11465810066014,-3.00680488805395
-0.772462505538244,0.941045525941245,-3.0388976331525
-2.12118862243721,-1.58200401061243,1.96783538802294
-1.95416512697105,-2.29734615702792,1.34043311576246
-2.71885269883025,-1.79547336707722,0.15130365591974
-1.44512348767338,0.248089314179366,-3.05344261089143
-1.85080601280989,-2.71263828753726,0.301105629040686
-3.20456083734882,-1.06584540853112,-1.14767112344148
-2.03729265611207,-2.58905895753832,0.14410525198176
-2.73163699254113,-1.55787038944603,-1.16441090370099
-3.26302174411193,-0.942510850509691,-0.28265447760355
-1.12799336973622,1.43538502411259,-2.74624375580369
-0.434558451370828,-1.89136579291826,2.66616735514243
-0.0838474754653178,-1.94420294602224,2.6498690706857
-0.752720120685173,-0.32881641368644,-3.19371980015661
-0.318604749706014,0.87648468648301,-3.16303961147056
-1.94576301593088,-0.487862859363774,-2.61735555326274
-2.82127595499434,-0.346875922529584,-1.77528501797563
-2.70532062934685,-0.376542958938995,-1.84770389089002
-2.95802062576843,0.0264937968494348,-1.81649880312896
-2.41379337122297,-2.06067151277195,0.427794281653919
-2.31512268166404,-2.33041120245835,0.594182909231916
-2.0252620691302,-1.34131889771092,-2.23018634689847
-1.16668709472711,0.0570729790674441,-3.08385114328884
-1.70728594561566,-2.60439960018343,0.936923768524013
-1.16303412959923,-2.64330841232335,1.74143292721714
-1.82609714097864,-2.74479816828219,0.0774998258753692
-3.01273123164377,-1.27770290802552,-0.64781254219178
-2.5538623329818,-2.07284735449691,0.193559542257196
-1.11536572235123,0.405111656094892,-3.07675118061345
-2.52794719250712,-1.57347351429108,1.4171161094371
-1.61521285950345,-0.552274199860788,-2.82145965815021
