-2.44870028198536,0.148825011057768,0.395845571532063
1.46857425277126,-2.00280881576032,0.0837984667113335
1.90168951284721,-1.14830647907695,-1.11352813087498
-2.3159796869135,0.765026420849437,-0.475340232485554
0.0205844662575394,-2.46260798555484,0.331834086018155
-2.33741919606373,0.739204280108588,-0.406231714117671
-2.17991858221539,-1.1536206918607,0.303463252529769
1.96342746947645,-1.37278148112778,0.659847898072741
-1.41074535023603,-1.73265155234832,-1.08751635681741
-2.37782769244149,-0.718778543289017,-0.0653340812957722
-1.19856770586846,-1.26304651726294,1.77288595828729
-0.287009646030043,-2.40084181487139,0.573201286167276
-2.3341146226966,0.0839127247450513,0.848435769020157
-1.97460309580805,-0.511087553397515,1.41940402923216
-1.04377618104181,-0.978997287784051,2.03151944755996
-2.0136432468634,-0.423436965562724,1.39316821739857
-0.45929042103182,-1.41069494222384,1.99348131682882
0.269694458015108,-1.09508881325729,2.21427664527442
-1.15754629093469,-0.810991007924892,2.0438580774656
1.37960908475567,-1.5342716693467,-1.38479777921283
1.53332142525379,-1.83496026362592,-0.675886017894036
-2.45503104617716,0.116705268513432,-0.366303308776405
-0.030440365024184,-2.07128319071578,-1.37252868802387
-2.1558379071597,0.557775501035175,-1.10282595177631
-2.38992447511774,0.634454724419658,-0.24638156852297
-1.18247761994841,-1.94207343281955,-1.00253335668731
1.54936849569995,-1.01094177842399,1.6590448024639
-2.14560881444928,0.722609022326546,-1.0242922862264
0.918236956366791,-1.58658637033158,1.67766511940058
-2.04411173208994,-0.56396665621611,1.29557883157365
-0.324820842159904,-1.66811518103769,1.81296961769998
-0.0661695149018586,-2.47139684486964,-0.25058910965783
1.41994740354942,-1.38227201295696,1.49934956723316
0.0327740182616343,-2.14006652441456,-1.26254378388247
-2.24032298035441,-0.741522998926942,-0.778506427186945
-1.64713310601545,0.751061380777368,-1.70230285342702
1.57765138490893,-1.89917479525174,0.281294998513167
1.79612351287041,-1.70431338645538,0.21031376245059
1.63222167469931,-0.953616492778957,1.61289914773206
-0.8276634585732,-1.97173546251242,-1.26578360576626
-0.871509955125262,-0.456850442167154,2.28182684334774
-1.75000863173627,0.671197726228534,-1.63154499556931
-1.67633545887146,1.11778366689581,-1.45445342818677
0.652558057439748,-2.02559035207548,-1.28301495652321
1.30326475946667,-1.27161843742075,1.69099473321385
-0.430886531252232,-2.14936002935458,-1.17028369757566
1.02548888996362,-0.811076289990794,2.11317378835462
-0.167775114305877,-0.490051847359389,2.43036548060829
-0.239027541245253,-0.52272636818535,2.41756047492986
-0.467322030994931,-0.667629183694476,2.34752147249802
1.73034923317585,-1.77116028931429,0.209424048802767
-0.389960738465996,-1.94897041883546,1.49144916117595
-2.27090045819639,-0.770320532553321,-0.651608055124608
-2.07621158651746,0.215319087920168,-1.3483170286698
-1.93909218954075,0.933216544789682,-1.24257958795641
1.03483185030924,-2.25805737257286,0.0726334300990542
-1.69345377731575,0.746666223123328,-1.65821576604338
1.63509215394059,-1.66090456169048,-0.861884769844983
-1.36060417803762,-0.361268316140028,2.04773463756244
1.51834277504867,-1.29052252192711,-1.48464221591246
-1.18575313477928,-2.17498927439354,0.195925575276062
-0.631482637247691,-2.1551348175085,1.06376654799366
1.00984712151804,-1.82930898747774,1.34492122107875
-1.48474717397112,-0.871064923281086,1.79213487222004
-0.724242538916793,-0.740995932188359,2.25862202342861
0.72529526668356,-0.788283362810387,2.24221582089143
-1.69430338002957,-1.43809359014367,1.11184466263104
-1.02654079533449,-0.450858401251536,2.21763756483065
1.12950984665205,-2.06057179278096,0.808224637414977
-0.59023751771872,-0.461173539620545,2.36937002396084
-1.94185962827032,0.154990352247392,1.54276856534515
-1.93012170435623,-1.11511278757227,1.09823920380712
0.325139228742673,-2.20034635141038,1.10803252983868
0.767422159480639,-1.81294320901397,1.51633631541333
-0.840094408146505,-2.31903297229717,0.302164078296179
0.212473752007281,-1.80984047073148,1.68946975309518
-0.791145843349381,-2.35467231295368,-0.0676921308088254
-1.9528805565061,-0.0838289464989857,-1.53434217538408
0.272778263851565,-1.88281239139401,-1.59861977624336
1.76568966292263,-1.71421594842425,-0.344643827493212
-0.232848022810456,-1.57663795954199,1.90655978511496
1.04307405525714,-1.99041501971654,-1.06076398692136
1.51503173103681,-1.88911546406578,-0.557581643162868
0.989618134069499,-1.4904344671888,1.72459755280747
-0.257318051562122,-1.85565206442056,1.63258032193368
0.0715768795731044,-1.87536232665486,1.62876289418912
0.963550669129014,-1.14868579094259,1.98168280335696
-2.08384341302724,-1.30055232038206,-0.375680666716971
-2.21671576591491,0.272699897024693,-1.08939508476955
-1.79553436483811,0.718184097738067,-1.56052671167611
-1.26065666554887,-0.564315154610474,2.06573687804067
-1.22033951652087,-1.64642374285725,1.40535973856753
-0.831478449658371,-0.93181416296809,2.14833461659464
0.874108360293355,-0.692725437952053,2.22059490080754
-1.12738241065438,-1.73848417248781,1.37173516159991
-1.10028362186856,-1.45780560257195,-1.68497906454968
-0.638695973175005,-1.44500741788843,1.9180710851036
-0.58392717622066,-2.4027848473356,0.246230992562783
0.0926156512996976,-1.4138276525541,2.04144296550767
1.1670162096048,-1.19059763096708,1.84269534081689
1.39736748013917,-1.65059137487803,-1.22388231053513
0.351870024258395,-1.86123556753875,-1.60840458827068
-2.06468361830389,-0.7586102712953,1.15610020500211
1.70120167638774,-1.42920061770752,-1.11277766063713
-0.259260687101118,-2.45049936724001,-0.32064375667278
-0.469922977715492,-0.820446843947563,2.29804591831507
-1.77909502859054,-0.096613401884381,-1.7321842861641
-1.99571579330479,0.758581872848487,-1.27147461081714
-0.227589471042812,-1.3895791645011,2.04749809515612
0.452153474401824,-1.99729208761064,1.40760691379637
1.3012404201684,-1.87543811278766,-0.982079897684756
1.30136097873197,-1.92989822835045,-0.870016150802178
-0.597417582076648,-2.41205628062473,-0.00723900114246807
-0.219679998899832,-1.64599026034041,1.84862987976527
0.599572176470048,-2.33114055490795,-0.617472744240191
-0.81747479302327,-1.7785354516822,1.53085671481502
-1.27570641792529,-1.80126382199325,-1.14148913716056
1.09937466277703,-1.87332247720038,1.20706831566105
-1.05394940220744,-0.300627547082821,2.23019940967946
1.86399398124686,-1.27002136581848,-1.04285561783648
-2.16680913425677,0.168808249315457,1.20474794960505
1.94661902345198,-1.50685632391117,-0.339166726016671
-1.42251955300835,-0.623670445224078,1.93970331970536
-1.35867350093284,-0.165942970279124,2.07399250719257
0.138024321855836,-1.15673858073626,2.19496715552319
-1.20222739430457,-1.59849154471484,-1.47460155475025
-1.54560077620785,-1.35229220807324,-1.39907101177287
1.72519780709626,-1.78615697832656,-0.0911671354089638
-0.448027489815602,-2.41512981777847,0.376025269177383
0.204048124921457,-2.07488218494075,-1.35211092471905
1.83172261084187,-1.61052698565823,0.475363836245825
0.797545117178293,-0.884691934787136,2.18087542927163
0.589034813906508,-2.27359064117109,0.811664497066628
1.66972061945801,-1.7981131999886,-0.392170427743578
-1.8241935789194,1.0803723148943,-1.29618251772358
-2.13228574056246,0.929669849075573,-0.874097914267534
-1.83754203616288,-0.301346906186792,-1.64548016666234
-0.635988583567808,-1.43799266348816,1.92423265036708
-2.15026208821692,-1.10400727808034,0.576642483117315
-1.1263744850744,-1.68360867128805,1.4393463908143
-1.77589458798241,-1.04053528468033,-1.3922860356705
-2.3148506983083,-0.362679592399247,-0.827590133587744
-1.654708975595,-0.70345022750829,1.71524682040718
-1.25443985556911,-0.622999485494015,2.05261490817129
-2.09280168260774,0.52782732365522,-1.23148491874251
0.813274558049482,-2.22715165828154,-0.743878790970865
1.96172509145523,-1.2689849762725,0.846337679039948
-1.81879036343673,-1.1189008936368,-1.27084148323129
-1.83911260582133,-1.25988900304649,1.09787075492732
0.309830943150081,-0.884724568670517,2.30135675106459
-0.634788125423322,-2.26878229350846,-0.790345881179328
-1.27804895815435,-1.01792867569087,1.8722680746036
-1.93699055947079,0.024968687419131,1.55641248021938
-2.11793455045221,-0.830212993387812,1.00003764780329
-2.21134760020478,-1.13102491239603,0.0754990729822337
-2.03607514574498,-0.367485317749656,1.3763459643313
-0.944014355089014,-2.24818926467383,0.479017326413438
1.51301251281618,-1.9659963935219,-0.143620987789572
-1.44024582269339,-1.41313002653367,-1.45042447915645
1.25139223479108,-1.75290067143936,-1.23948875839401
-1.48111471820365,-0.525120577810643,1.92497356908956
1.7503719115612,-1.74742561162742,-0.240161559078815
-2.04456579909567,-0.838356941216784,-1.13661075293832
-1.56344371261433,-0.376975853100702,1.89433593511784
-0.28236606352155,-2.0915115756142,1.3118019692988
-2.0697223724225,0.845502937881496,-1.08459658608194
0.950610959883647,-2.27886767467455,0.279421895501361
-0.913925571197572,-1.70317792495831,1.56169801103125
0.409012896423059,-2.0742649604438,1.30579822172025
0.925796894892677,-1.10575972635744,2.02365293674238
1.50738942818304,-1.03934385376332,-1.68003486179885
-2.32362756983726,-0.868432209268535,-0.146819910128852
-2.14563905020858,-0.985099695003646,-0.775104721013126
-0.634741311137737,-0.748769535241772,2.28285420525316
1.77611522370233,-1.59522765311631,-0.68966594687494
-2.46241265492397,-0.0588292513365375,0.328692420768294
-1.55122789007299,-1.1961081683575,1.52904968986009
-1.7248415042822,-1.52221248237959,-0.939556605536014
-0.582884514932046,-2.41118291800648,0.146349750868463
-2.34421031128615,-0.622226254435575,-0.540821760068709
-0.719247847206522,-0.915330165246284,2.19541087140701
0.263421687019162,-1.87961773134815,1.60393948458871
-0.579224890021883,-2.34515356415392,-0.582862727173694
-0.077590853122607,-1.79777588297245,-1.71375529336234
1.45747245007094,-1.66654715439709,-1.12843710984185
-0.952661669133124,-1.98018602541951,-1.16029079127211
-1.08694073727922,-0.702447689750777,2.12134456140906
0.980312160660698,-2.28279314107465,0.0530962723394942
0.854914383979442,-1.10530762334146,2.05484601010912
-2.22000498818575,-0.388286263366585,1.04679859644742
-2.12064345926032,-1.28041222042482,-0.195937581633199
-2.4044121063225,0.423924102444242,-0.462673156504366
0.520528498448695,-1.14671392855885,2.14221215563841
0.967244448996227,-1.92425638888041,-1.23961735916853
0.583205274226632,-2.41337727433037,-0.102261484797655
-0.533921555121271,-0.596044097448068,2.35258047222348
0.886263165256711,-2.31574536972653,-0.163818972992635
-1.48731618924171,-0.341108083256486,1.96125253350242
1.72571535103588,-1.16791679736999,1.35382884923952
-2.39899516630813,-0.230005822859926,-0.605718734144689
-0.780007779624277,-0.502546972420991,2.30521367244973
0.645794280888021,-1.79749918956626,-1.58962954228148
-2.38919203165331,0.677786474970252,0.085688982050089
-0.00498289811022828,-1.61716789643101,1.88672171686563
-2.3657742287998,0.452063760053025,0.611331601184271
0.0963391546319762,-2.40928948197933,-0.600848259314827
-1.76554843622795,-1.55979768804537,-0.790471734544904
-0.658535023235535,-0.897298465042811,2.2217476812674
-2.09411909958299,-0.839390049821667,-1.04166463530024
-2.15739939812772,0.565822839076417,-1.09564958958178
1.31586575890013,-1.39441622993695,-1.58084672048105
0.00500758921938994,-1.52868202076693,1.95910231352199
1.90931046282045,-1.58991789798764,-0.0408693728362047
-0.696315389856421,-1.9594333446232,-1.36041961072344
1.25031502861226,-2.14145828385854,0.160761995300609
-1.31922786934833,-1.7875163512707,1.11328289041358
1.03947735531603,-2.23666704182931,-0.302957163956912
-1.87405898521967,-1.62224118717924,0.176669527507683
1.65807470545916,-1.72267954028492,-0.676859766874444
-1.08893107351235,-2.1856063728642,-0.460792330066068
1.12697695431576,-2.21460847943106,0.0201965018334242
-0.354242198719112,-2.17557944469172,-1.1473195787986
-2.22148398221298,-0.724191875268112,0.845890486989816
-0.26502286405013,-2.46936094871166,-0.0836364628709767
-1.61609276104986,-0.863616519391884,1.67850718393719
-1.09748422472497,-2.02677197329365,0.928816136899147
1.64685157020382,-1.83021379273129,0.336412024200144
-2.39762657111239,0.564491384596945,0.328195023765968
-2.09898908034315,-1.21934528266266,0.531429763620365
-1.95237652269805,-0.129512634389454,1.53180549109997
-2.41507152198036,0.178514734379961,-0.557259100187487
0.215094261805789,-1.08937538529522,2.22305452021856
0.109531126672455,-0.635001162677223,2.39994835925724
-2.37608471324207,0.155202802874436,0.71071034668867
-1.63599738737692,0.646511572318173,-1.75513845800485
1.07274239723333,-1.31533560817887,1.81496326641832
-0.369731383584973,-2.28584383460078,-0.901771777792484
-2.42201869250929,0.554612167868565,0.034734245360576
0.389434563849799,-2.44974698883867,-0.148512903708998
-0.840039385441758,-0.825244639097045,2.18821406355989
0.439627106434148,-0.912158156455803,2.26928869391106
1.56385235965975,-0.822705386798713,1.74713975260484
-2.28434092203857,-0.626479219045888,-0.751189730638474
-1.58952139524287,-0.0202051524456035,1.90997098336411
1.07639457127347,-1.79728228274075,1.33646054730107
0.504121483357994,-1.02356173389585,2.20752317730395
2.01052203852859,-1.42588707538835,0.315630879738305
-2.32261541888313,-0.828702511557424,0.306080765024262
-0.976955977988131,-0.604834446823501,2.20334018717538
-0.0451712281310496,-2.35325661941046,0.796943231832136
0.246870823244523,-2.31401586255008,0.871413252085509
-0.711920759005294,-2.35367503325924,0.358271324728194
0.959672971419016,-1.55039811701235,-1.68827401155897
1.21156543017373,-1.40418899696387,1.65388577012641
1.41927970281556,-1.83485032163156,-0.891035966612686
0.665899103212737,-1.88619464597091,1.47438930180065
0.0459485996868925,-1.80140588401527,-1.71108189127086
-0.77446023491225,-2.24564737780555,0.729557996671811
-0.766640238663191,-0.41678814765545,2.32669853136358
-2.29696244659945,-0.923395167666827,0.215129158076051
-1.70110366513018,-0.323132406504014,1.78236007578734
-1.90500035098565,-0.22723184780972,-1.57934005885325
-2.32005511899514,-0.34900910064127,-0.81884831556711
-0.197694042910745,-1.05465118755085,2.24133969076717
0.352755777119344,-2.39795679641327,0.548034885438352
1.35398517605025,-1.94755771217399,0.740755541458089
-2.38355675204572,0.357497005877534,0.604837806340598
-1.51153210294162,0.968226044358246,-1.71836687008809
1.08300851063286,-1.264723917822,1.84459796405581
-0.807044682575856,-2.05990214369938,-1.13157311302531
-1.55241744972604,-0.992324238574697,1.66741366755114
-1.35237773851707,-1.18482095729417,-1.71529863957651
-2.4269483677087,0.198042336534649,0.495657668990425
0.302192878651862,-1.84578998702568,-1.63606676492768
-1.42117483974525,-1.00031461401863,-1.77612173548687
0.965732301667141,-2.0179138305684,1.08183204118316
1.61546728869663,-0.82154338863435,-1.70009045969778
0.627906129031868,-2.40385683350523,-0.0467106898633741
0.0548378878084938,-1.59315269586144,1.90626151541261
0.991815615552409,-0.771115802020125,2.14398178071418
0.0411079839975845,-2.07763222201499,1.36261885907607
-0.446717543821509,-2.02743702353564,1.36562008737865
-1.80154359637428,-1.61649954489772,-0.562446053521025
-0.683455021940745,-1.88747720414563,1.46468245986209
-0.371720732727938,-0.533048418011649,2.39847008576896
-1.16020667161671,-1.33871087478551,-1.74262713862724
1.47932604480935,-1.4068478930489,-1.41680948979941
0.473970127253328,-2.08474535237725,1.26655627811241
0.839981473770594,-2.02962964806715,-1.16189943059718
2.03461657455684,-1.42235918447145,0.110478125895473
0.599899418396974,-1.05146963398415,2.17014008027807
-0.150568730951667,-1.83104327506963,-1.67319611925649
-2.30644673575393,0.293004270964416,-0.877170236464797
-0.832013790651687,-0.528415837874429,2.28111933617291
-2.34908399457095,-0.179494043860883,0.790292316856324
1.01940279348237,-0.801389215857873,2.11980398640066
-2.01503230518095,-0.384314429646851,1.40247028476735
0.238895774829527,-1.81990368393537,-1.67506867363107
-1.73345096471229,0.46011555894447,-1.72000496998362
-1.00998317771878,-1.76685455791318,1.42588029768266
-0.791843674641249,-2.15785584513195,-0.944254953904722
-1.62846158011982,-1.86582915441078,-0.204377396102081
-1.86728142019476,-1.63836712467417,-0.0631580081652212
1.47892563175184,-1.18801576835728,-1.60510846402819
-1.76156081495201,1.12105546308573,-1.34726159869727
-1.44725387011644,-0.184280680227434,2.01158458378985
-1.60368668510557,-1.58705518688442,1.04135513693045
1.70410856769516,-1.34415595917751,1.21005554348907
-2.27374361443544,-0.921754987678039,-0.394250415241086
-1.0875397607067,-2.19313520339563,-0.42707249960857
0.262356144461204,-0.653290352909321,2.38314007974188
-1.95320145266706,-1.47474819019468,0.430229627326921
-1.42770768356857,-1.69619849100524,1.12229101431131
-0.930656735584547,-0.708643627928496,2.19241372019984
-2.06018243844583,-1.11734524431698,0.825931956479875
-1.68859478726987,1.09275387244232,-1.45928485570172
-1.5978354197331,-1.23546017623882,-1.44759655836402
-2.27577626012929,-0.849100011932256,0.524258767195781
-2.33098264754648,-0.686986093522683,0.519177884310099
-0.71022860385619,-1.93347304265127,1.39004783911145
-2.06037872702678,0.666785466909006,-1.2186928709677
-0.636602692774948,-2.26538006320239,0.798602436892022
-0.974785715049178,-2.18417056335652,-0.673919454620493
-2.37076391777335,-0.220391306280444,0.711253674656974
-1.33592707708293,-0.172410309346796,2.08819280751579
-2.24802485702789,-0.287391895531163,1.01919861262701
-1.95536519626964,0.476929707114799,-1.45741575231704
1.23961670766951,-2.02178315131806,-0.742104425620865
1.52010473664491,-1.49507143348173,1.27633015706347
0.218169595184923,-1.68944409424466,1.80918665470751
1.85750484808334,-1.01895218501354,1.29860997047461
-0.612913135498097,-1.82134606328294,-1.57544015357953
-1.83680951193172,-1.67225230362571,0.0684011791472741
-2.12329225864066,-0.23293756192309,-1.26978177182343
-1.17527943239072,-2.06591471253619,-0.725045052213254
-2.11834720045598,-0.836525485263101,-0.993884259981367
0.590420210923283,-2.41362306691245,0.0283431969709076
0.854766435999676,-2.31702975715233,-0.275178334488899
0.686923990478531,-1.04229734804571,2.14865710176729
0.299009689935422,-1.84616383292603,-1.63622980621112
1.47773566792661,-0.920769957745989,-1.77297931518194
-1.05518942754108,-1.97756822515645,-1.07274174817156
0.241346557797535,-1.79718388024539,-1.69907551657908
1.45116923231325,-1.76770506142612,0.971752204221278
1.66225929663339,-1.15189041819717,1.44395919839672
-0.634109313469323,-2.22203688912425,0.914020302485426
-1.13321540663033,-1.58548399498736,1.54176490270977
-0.248080087293068,-2.29173303185347,0.928111874944741
-1.77885975924289,-1.64541636713703,0.550671051642444
-1.34407362697886,-0.80517715862266,1.92876424165975
-1.3001991940663,-1.68363116787407,1.28446246255989
-2.26176897326213,0.659310948525133,-0.790370708058406
-0.272425753390853,-0.808048021575964,2.33405618508417
-0.263539121608695,-2.43950055756544,-0.392886538879454
-1.97167092109651,-1.01501569346074,-1.12126383708025
2.05729396483681,-1.37674947325799,-0.216974886894683
1.82897656344093,-1.63489595266095,0.396151013844126
-0.424114357576581,-0.890943911905323,2.28064061810477
-1.25349232104107,-1.66580463850947,1.35234151708231
-0.421883671741232,-2.37027719295076,0.615447696809936
-1.87518388614034,0.306093284587265,-1.60155173681753
-1.72934198845269,-1.1156591206285,-1.39271557934347
-2.45374253712948,0.0953848768767917,0.380821425549636
-0.997845087478745,-2.15354957365431,0.735870291981495
0.908880552575279,-2.10889536498536,0.949458873309843
2.04732406123343,-1.10283340763587,0.875898587000792
-2.15791571053804,-0.822134718369108,0.917861624907764
1.9420521689199,-1.54623996420651,0.112031324625044
-2.31783210951263,-0.775950123074855,0.447807313501501
0.621516218952105,-1.85643587958738,-1.53047021727742
-0.0666375286236101,-0.599818493456535,2.41055032847264
-1.36983882511717,-0.216934173572046,2.06190611545514
-1.65005534861669,-1.77638045411407,0.544761874726944
0.64248299698496,-0.908714981868242,2.22180745154176
1.30174830594687,-1.02448494261541,1.85225743937819
1.59987849574941,-1.01092281601095,1.61040353027437
0.751700433865035,-2.0556971037586,-1.176448701278
-0.0189725839602328,-2.23009389137712,-1.09603692826173
1.17694350606429,-2.05629589783462,-0.749284215431433
0.134946254388584,-1.64857266287221,1.85444691352166
1.68688483076386,-0.929965856720658,1.56989131613805
0.504433853539988,-1.59824885511549,1.83469963643587
-0.848228092926057,-0.335505967798479,2.31147583144529
2.10889207089409,-1.25386087332655,-0.394186269514685
-0.395475256902121,-1.8885177597452,-1.56591049032767
-2.29889199088535,-0.6373681442625,0.695581148634474
-1.2742414241583,-0.433782714796748,2.08880755952186
-1.43996605278804,-1.59087067915598,1.25323737593198
1.10869434715807,-1.89064673809161,-1.17099420482614
-1.64346662187269,-1.26971159437657,-1.36448730346205
2.09913074106814,-1.21051608176921,-0.550705564792967
-2.06286369419,-0.342849422018963,1.3423946232115
-0.984573778517572,-1.90203508852264,1.260100261129
-2.00472777365507,-1.03491191598125,1.04163311732542
1.56182293552794,-1.63325126587651,-1.0335255642628
0.666525733786385,-1.28137748220327,2.02207588030618
0.883830032816826,-1.75711579993962,1.51867185728407
1.15526506619856,-1.94671065590183,1.02501508302687
-1.98331004419807,-0.287870307342984,-1.46921326775467
0.946851872775141,-2.26041691835897,0.41105055362064
-1.78206893890606,-1.70997408368395,-0.274216340739438
1.33722980004352,-1.33586843689004,-1.61314836658306
1.06036049945165,-0.829214801972155,2.08878292189639
0.311436654115771,-0.699272706152689,2.36410671593229
-1.43105625335161,-1.08675083966243,-1.7163992203591
0.45416647124341,-2.41204403816965,-0.388268007620558
-1.51156924480012,-1.04446564385914,1.67308864331373
-0.54665849286563,-1.70980323865144,-1.71834602123321
0.976733458496707,-1.69056215382757,-1.5371945311222
0.16325111051645,-1.12752066600556,2.20839803795842
-0.239288946643021,-2.42747776540337,-0.474413500967043
-0.514118345175158,-1.0788176505753,2.17871762176162
0.445897433938252,-1.06223048670825,2.20177599744568
1.06506938897196,-1.38295609827175,-1.76862525661626
-1.39919907088244,-1.63205801323071,-1.24643663011972
-0.420211422322931,-1.88939455423016,-1.55839220044501
-2.18763837865051,0.630339249497499,-0.995934950793154
1.13594554849228,-0.793674621846343,2.06268853124041
-0.590463137756499,-0.646329709370256,2.32563687215979
-2.21398058722127,0.0661446106291987,1.12645040783211
-1.50419035805716,-1.97556630966682,0.0975950523867535
0.10944183736332,-2.123049995398,1.28672330851982
1.73017296502839,-1.38376488683079,-1.12546520180418
-0.76205354072464,-2.30409512153363,-0.534224431683027
0.848718502519361,-2.02063132366347,-1.17119666526352
0.476128387590779,-0.78687563964461,2.30848525177814
-1.36533047632095,-1.80429786580154,-1.02730597842429
-0.45960070631978,-0.953931930241538,2.2480562125154
-2.02416520930555,-1.41621042279529,0.2684751668517
-2.21157859880394,-0.597000190661229,-0.963061028739064
0.84257043175556,-1.42139981992804,1.85598310629511
-0.767722356094344,-2.34790550772833,-0.27003292789026
-1.50785313009653,-1.33315575072335,-1.45741221134737
-0.82357044406713,-2.32410421003831,0.308621152797933
-0.311401914930593,-2.43514941251672,-0.384775073919964
0.424300920630831,-2.16929160170335,-1.13539347670498
0.720119208791958,-1.50265888836391,1.84348047501536
0.444429206035083,-1.71032323018058,-1.7470697755215
-2.32916862144808,0.187316053907957,0.845495062210937
-1.92929065316699,-1.17256633592524,1.03822032096777
-1.37445342283147,-2.03121422933191,0.400027767085619
-0.130776310853986,-0.674401473979696,2.38810717511307
-2.21916027148637,0.953010982302004,-0.584870437346066
-0.228814640573107,-1.05469340350727,2.23835684292535
-0.832210587396654,-0.822799155855304,2.19212288860862
0.24292775558982,-2.45768393317939,-0.275229834082474
-1.88649475098146,-1.22693613440156,-1.05391695499798
-1.03406888291759,-1.66727734390454,-1.52507818661774
-1.02689331171915,-1.1698698802773,1.93697451221732
-1.01830646627761,-2.26642979580509,0.0363812154438739
-1.29712407365227,-2.07624961072284,0.426183485060182
-1.28058723323397,-2.10318601660161,0.334186458526807
-1.34740442662914,-1.76590345024453,-1.11402961671929
-0.0573096950952335,-0.913232764480149,2.31034568585333
-2.2233944339315,-0.297337041221282,1.06915085301058
-1.86318704252709,-1.05836754288284,1.25831945870052
1.52345886408305,-1.93034727728621,0.357502657239879
-2.08748672838503,-1.13714535852656,0.724068549110477
-2.09668589781005,0.962387956902887,-0.923413957954842
1.17267847238476,-1.07676640557905,1.90797667166944
-0.561652313407393,-1.91691696395021,-1.47815821331044
1.41137022501483,-1.95893114626611,0.587876282514607
-0.0677691165976777,-1.27908641292668,2.12939450701719
1.63561399008754,-0.925438982935413,-1.62582447875115
-2.14025482545362,0.351395389963121,1.21276800479243
-0.319575749375746,-0.932603652269059,2.28102990765102
-0.444419686444713,-0.601667399882507,2.3696968484665
-0.808896540426609,-0.730974968019689,2.23301089438174
-0.100171020494547,-1.55037586249,1.93940097016438
-0.338672183236916,-2.33130611243523,0.790751942037927
-0.419069423153223,-0.826993971431145,2.30552325106637
-0.662811461227307,-1.56165988855016,1.81572988926555
1.01495306864782,-2.13768684709155,-0.758380434628429
0.425886928805717,-2.28997802370645,-0.865792496056065
1.16294054093515,-2.18436774899639,0.226014395132193
0.307398761888725,-0.6150276260225,2.38793272347264
-1.90993968927217,-1.43320590305573,-0.687769506595206
-0.554431711834913,-1.91452945764652,-1.48396701584928
0.616720047598809,-1.9370332740349,-1.42917254017296
0.453905933509874,-1.93400718318212,-1.49283665896091
1.67395578229005,-1.82783177128462,0.178546145949234
-0.95580682847668,-1.60461911903781,1.63908708153922
-1.9587177939855,-1.32705191707825,-0.759824640503701
-0.999140934139076,-1.20888887340021,1.9275063571646
0.0254234131499482,-0.792658573428828,2.35499930094398
1.16516788381283,-1.85534400053653,1.17262871942371
0.946346385174028,-1.98009609262974,1.16560012638708
-1.24768686604055,-1.82061799437319,1.14175447198052
-0.886283001213883,-1.82119690322376,-1.43969439564811
-1.12953404107477,-0.347953005527867,2.18587676400352
-2.36313031277099,-0.7600546422185,0.113612222573428
-0.976984625883813,-1.95239040337112,-1.18686495652373
-1.53258645932577,-0.456176684510914,1.90211914679733
-0.722668103993915,-2.34409635991359,-0.397415070578291
-0.884314482076257,-1.60292788245956,-1.68035287122585
-2.291738879544,0.346883456098204,-0.895868543529033
-0.216151240512429,-2.29706656446589,-0.922897345890051
-1.67727805780842,-1.60889368910528,0.879303750341543
-0.0126442978265516,-1.12508978285397,2.21562378883762
-2.17058808919778,-0.767552826140309,-0.935085919865031
-1.68962434452265,-0.620358876898602,-1.71327175592857
1.81599871686196,-1.69106682557072,-0.131974706754515
-1.84065933113684,-1.44103834552461,0.842827019523973
1.20943494660115,-2.0766796038299,-0.632174504697732
0.180342509269233,-1.49457625564742,1.97704174635198
-0.251836201873403,-0.562993008662469,2.40719610149157
-1.1850354657164,-0.750188573253269,2.05131268239818
1.0753268681988,-1.75136323816665,-1.39691610554866
-2.05470491814697,0.696950212604256,-1.21137268084872
-2.34874506660829,0.539486035048677,-0.606075161579606
-1.19256913790396,-0.897630891796984,1.98670916462975
1.3395869385235,-0.940531445531971,1.8697280833094
0.973459137115773,-1.21545927557923,1.93649470156448
1.47851347653976,-0.746930331628114,1.85231440387352
2.08173835995672,-1.35597599832381,-0.051673630291558
0.0256889455013633,-1.43184858089668,2.03079427586259
-1.1423898643065,-1.95386736407029,-1.02582814982035
0.563215596418762,-2.36073619725878,0.533562058542271
0.836918258424373,-1.64986525401936,1.65906242911731
1.49371826030871,-1.81464298102629,-0.806754164318608
-1.73140742946755,-1.7824666871642,-0.00406124950253229
-0.595056018551757,-1.01012433325788,2.19101182962547
-1.6482563169486,-1.03762325432105,1.54323192266888
1.82447067878279,-1.61537262950199,0.486676156731318
-2.01331774717575,-0.440563211896462,1.38831962337342
-2.41004447940983,-0.440412177115212,-0.41556996153224
-1.87550059584482,-1.62852502796853,-0.0733445272594595
-2.21317441159144,0.217670254854413,1.10880762778832
-0.892913855908671,-2.29651801448524,0.322002370308295
-2.30781863267087,0.307139035717593,-0.86868546830755
0.848934325599906,-1.47661454486691,1.80939096607638
-1.15440407319385,-1.88483368525909,-1.13566231165745
-1.788278461286,-1.71396761405227,0.198370447127683
0.247205574559078,-2.3666698002955,0.716058050502377
-2.27710704093355,-0.372258676157573,-0.922595617575399
1.54123821893466,-1.19210986018713,1.5422173987972
0.0165830385563856,-1.14775324819329,2.20394263888765
1.4087325989419,-1.54040644267182,-1.34818252750383
0.448767467702277,-2.1364196892192,1.18713703626063
-2.18718225689135,-1.13082632200316,-0.33532264465371
-1.1507834377003,-0.288723701268369,2.1834174532722
-2.44497058674836,-0.280691025070157,0.343957918637625
-0.192593453900552,-2.25649859202037,-1.02278909709569
-2.37557619869696,0.5955154186981,0.420683707422085
-2.43567809610951,-0.356529189890729,-0.339609805955728
-0.490852708854019,-0.666505695727545,2.34303423943964
-2.43232475866211,-0.462266922043842,0.212323415092425
0.703348295465349,-2.35207366809925,0.384741869976763
-1.77936616296887,1.09646496195567,-1.34409684052083
1.08679589774148,-1.3864036249742,1.75263668132438
1.08211602398641,-1.67681592691273,1.48063801426842
-0.625055957893538,-2.15034766878923,-1.07716555099371
-1.87495587935539,-0.330748482062124,-1.59691000482098
-1.81855424222709,0.61744813625445,-1.57689376260001
-2.39355123964507,0.555135609472608,-0.371096469536013
-2.21189879390112,0.459350664543051,-1.03512142473031
-0.520379796784697,-2.37932131872748,0.492961053999515
-2.23443478258887,-0.106446911205039,1.08210255006863
0.764678407597919,-1.66647040888063,-1.67723551735939
1.48919183193408,-1.69790178837353,-1.03653889273479
-2.36449528725408,-0.0611162996285868,-0.761841522815626
-1.68174863230639,-0.932169214333834,-1.57408950348984
-1.78276735391483,-1.64522712661922,0.538464423211822
-0.320325987465846,-2.28145324380916,0.931309846119833
-0.478061814225702,-1.98534560042769,1.41592210945897
-2.03728772704845,-1.00219184889271,1.00997321085454
-2.35971540511395,-0.73706987803374,0.251886627625063
1.21941148791139,-1.5503413696627,1.51144068096475
1.09630163034756,-1.55931474014692,1.59425090493025
-0.282718518238605,-1.74157783565258,-1.74984357964412
1.88539320682307,-0.933414666093952,-1.32249959856296
-0.464461260144321,-0.606820539036758,2.36453383199339
-1.04171438346562,-1.52216066979776,-1.665182785767
-1.67517881198675,-0.390088602471662,1.79348334296849
-2.37712474918421,-0.469566915991568,0.551144726578366
-0.427226384892816,-1.11031116993148,2.18166505068717
0.660965117120809,-0.782208453295975,2.26412250573039
-2.29316824460972,-0.782924145189177,0.550803827334599
1.62738976665333,-1.14060113156593,1.49184693500225
-2.4077542749307,0.0650921637954164,0.611112128155262
-0.348132184284107,-2.0148665558582,-1.41212337129684
-0.952566009812974,-2.28351541504707,0.230545044632257
-1.05379653542809,-1.68554493411779,-1.49111596074977
1.26606581068464,-2.13737910844106,0.060527524550355
-1.09781668335275,-2.22356097956633,-0.159846086331435
-2.42387316970693,-0.438136700653199,-0.328406394774347
-0.571882391287449,-0.741915361802625,2.30162720653665
-1.96871658441773,1.03762000683157,-1.10565609620465
0.401350513617785,-1.52162204685819,1.92316400318509
-1.59836563019395,-1.57685334946721,-1.06477063159247
1.63716293905548,-1.29228831215477,1.35080128096788
1.95837521422243,-1.51627715717722,-0.201607971952659
-1.33911076270511,-1.59847604325132,-1.35152964294979
0.297137155267343,-2.01766253642814,1.41976162487478
-0.644066586387401,-0.555125673567001,2.3349495476903
-2.38452283327297,-0.380150271107058,-0.586951701922883
-0.829263828134242,-2.06674469181907,1.10266203054195
-2.28680748404999,0.076422466277094,0.969353809996204
-0.712148626033936,-0.730754392752223,2.26579302305493
-1.02724209133938,-0.779021241853805,2.1243529042827
2.00931657984967,-1.31049658367632,-0.648244751252956
1.49893342244077,-1.73068535423866,0.965868764960788
1.44067178569507,-1.10718258146561,1.69516583513661
-2.42742548479388,-0.146032801366047,0.511131693511042
0.741222269112429,-1.48867322467607,1.84646073592628
1.23568724313364,-1.79038039226312,1.20107899805533
-2.27186119309015,0.00805906806188922,-1.00675589999069
0.637112353394188,-2.34074491950573,0.538494886116593
-0.931133057310172,-1.92262039794465,1.2694477958563
-0.805997537957349,-2.3418360973857,0.202848054467104
-1.22451858866074,-0.213464565669256,2.15173482953663
-2.16884892908201,0.513960215180983,-1.09859678292084
-0.589414347933142,-2.27849149180944,-0.797522990023249
-2.20457845285519,-1.06964574552293,-0.413119226984637
0.458671342613387,-1.03300146479165,2.2130305566387
1.40624836170679,-1.75613672462516,-1.05518956639688
1.72640365092783,-1.63194238275637,-0.72888281969023
-1.05968436462259,-1.04341283592233,1.99081249057264
-2.20748645523085,0.538068075351367,-1.00621169128226
-0.697200699340787,-1.88520279221791,1.461128772034
-0.764363040942402,-2.01097638444039,-1.24366345700009
-0.490948149161231,-2.41364957501118,0.329000479173781
1.51642432549543,-1.96789164642969,0.0532485152005131
-0.392717117028909,-2.00338942621811,1.41674971124861
0.219769395499492,-1.96206106537134,-1.50897099374665
-1.55497659377375,-1.48135309652085,-1.25004658619467
0.17771224771036,-2.46297819807145,-0.277727247945699
-2.33935763421541,0.575351856860747,0.609386389295046
-0.531914232902739,-2.21021752766709,1.00348462900124
-1.17300628310454,-1.87252427871882,1.13696295314268
-1.78584168460104,-1.32468547497681,-1.10948345699242
-0.819592368966037,-2.34585716032896,0.0140784757367019
-0.0202625222097777,-2.23841932439869,-1.0789087217023
-2.27623806815307,0.71985113005406,-0.689587035162179
-2.2373341197318,0.013697556045351,-1.08126041500435
-0.527265855434731,-1.10655647171238,2.16159643875012
-2.44631815113779,-0.366472301553881,0.237067979745614
1.36378898360546,-1.20655963857438,-1.69093734897917
0.603610071663495,-1.9957895857466,1.35183374799746
-2.29737152853293,0.26979994650781,0.907891909956095
-0.963497382734975,-1.73949437065365,1.49023749762922
1.59753933275684,-1.78922480275223,0.649244450822762
-1.61389601510258,-1.8569040223919,0.349603740646282
0.836102562426136,-2.21823771438855,-0.745204414225901
-2.40828641284804,-0.610407657819371,-0.0503459668697146
-1.38817556198868,-0.847076765825059,1.87893726167476
-1.43568129777493,-1.86123715356489,-0.805972171245405
-1.21273544084649,-1.98914922664622,0.864600356269129
1.10877085794455,-1.98480165444182,-1.00307788755958
0.347517990976747,-1.90344929604235,1.55919456603608
1.04373893750588,-1.23793209347808,1.88496918640177
0.759239082940195,-2.14377541306736,1.00137838236956
-1.51147971752521,-1.36212469254519,-1.42654164218282
1.90834737541266,-1.46263328927263,0.62760642705458
1.96130352177628,-1.52586436308077,0.0014533964146238
-2.24581011895537,-0.988596511595322,0.392414982222003
1.82112849229751,-1.05245934440361,1.32317648646459
-0.536202423460494,-0.680716702985892,2.32896702483401
-0.25566075346069,-2.47176090212581,-0.00336054685544605
-0.437386841698382,-2.40473405926041,0.448243824670393
-2.28183038701126,-0.446138265692213,-0.877032726989282
-0.634474807111239,-1.05970994614102,2.15625421057074
-1.54787357702299,-1.88568188068297,0.472511275877154
-0.718267302595188,-1.94602953427841,-1.36822396015852
-0.762180003916136,-1.65534754952314,-1.68934360132308
1.29307494433097,-1.70994808130138,1.25658681316106
1.22340739044134,-0.99927574988217,1.91825389459373
-1.93173348766866,-1.56216952695197,0.0548431681727182
-0.608227912843037,-2.4001699741778,0.210282125980869
2.17261037335328,-1.18081516968354,0.245795386563694
-2.38354780641243,0.578849378119007,0.398257358263205
-1.30868097297036,-1.66294800855493,-1.3026640792014
1.94831163487618,-1.35192551108486,0.74253273146516
-1.67827179703907,1.15766692293491,-1.42062899527595
1.64340107520287,-1.70151833193827,-0.760949369874985
0.08348526940823,-0.68019820337642,2.38858457780511
0.177645632872277,-1.10176678039329,2.22025396343668
0.774808923527427,-1.9324223326154,1.3566100146485
0.624999709631723,-1.95679350987996,-1.39832406618244
0.826770340835433,-1.6935336778127,1.61968211604689
-2.29866611986648,-0.742053954775489,0.583494360720921
-0.210486059968465,-2.15782369878169,1.21427681150063
-1.78711040932125,-1.07889700865963,1.34803312311457
-2.29490578791481,-0.953091292965037,0.000288586893959687
0.251305375973777,-1.39878967645244,2.03843290801288
1.28089886352618,-2.10045045697631,0.34983088859967
0.874318024346669,-1.79832587357148,-1.47531953018964
-2.22076198346365,0.569481123518197,-0.958583921298561
-1.30480414736446,-2.01971783421715,0.627057954720909
0.570247333791303,-1.18192015299516,2.11017970838051
-0.166215713815063,-0.909719120922289,2.30646030291492
-1.96754608012335,-1.39778303761816,0.591557836353508
-0.180205547147492,-1.10859926658629,2.21664370125527
-1.13187984240152,-0.596990995051318,2.13012334046783
-1.99607222346123,-0.183365347448052,1.46868938155584
0.506598293907249,-2.2725839374746,-0.868156718084815
0.771022746686679,-2.27042666338609,0.652428050968304
-1.70066739103036,-0.749663901279778,1.64945752646651
1.41665306515861,-1.90596519629103,-0.731687388791868
-0.932334141315163,-0.645200403736272,2.21120898138772
-1.30698037117037,-1.45653864105942,1.53142847299155
-2.28105142734528,0.480791959742451,0.860592324312826
0.237955436730215,-1.81428341523578,1.68128777154418
-2.31318383066159,-0.903889061951572,0.0845032582989276
0.803934009299184,-2.13820038444086,-0.978143596862019
-2.45517527582704,-0.380260345053902,0.0499210011936341
-0.665993406351736,-2.35951560852095,0.405110537082304
-1.09444323952651,-2.21764676073505,-0.243336210764321
-1.14095656606553,-1.34898600722525,-1.74740680383118
-2.05283628237121,-1.03673179333972,-0.941289571742956
-0.790697785736509,-1.70528454350555,-1.62535451785926
0.979062964480493,-1.99317275918559,1.11520120831905
1.52219913420376,-1.18710898088548,1.56481875459858
-0.878669944233435,-2.30597188782469,-0.292247246481667
0.774974192492397,-2.36038029460948,-0.0547315010124421
1.01711726539358,-0.796867231676785,2.122604710004
-1.92666320624527,-1.55709460859062,-0.195961580448345
-2.4163098606459,0.56425152165955,-0.134322556048349
-2.33308123409675,-0.842147214210253,-0.149985653035766
-0.0153459840061759,-2.27500855124515,-0.99953802526438
-2.36473199024848,0.10045660057574,-0.756919254022053
0.589680282631618,-1.98143033150751,1.37883526103396
0.817812216067767,-2.29215527904167,0.502178282510124
-1.78009454321457,0.00913428276769902,1.73382688106659
-1.85560006912015,-1.34851306070289,0.95563412455191
-1.27696924018066,-1.863502468921,1.03522160882143
1.80671132211018,-1.56464813200028,-0.68018092666582
-0.783493765357966,-1.52354805238425,1.79997625626963
-2.0269351395512,-1.37913317063561,-0.40558760967046
-0.539797149948756,-2.22392551077031,-0.968374943327876
-1.60955520152849,-1.40731071248359,-1.26640604988076
-2.39778955051272,0.604041565824548,-0.24640359092618
1.61703831370977,-1.85481925403696,-0.34613335329252
-0.724203684677626,-2.33757026265581,-0.431590038879081
-2.3267396936426,-0.24632159393546,0.837008806287065
1.18745265964204,-2.16244570106013,-0.297926907963481
-0.034954670324091,-0.68210749714991,2.38924322846534
-0.0959008635755245,-0.988507512673085,2.27785679821349
1.83630520735008,-1.29255184766699,-1.06408109557717
-2.22102457598834,-0.700054620732789,-0.867149947967233
2.09919324666126,-1.20822768699078,-0.555472088384074
-2.40824415229829,0.583420389054724,-0.18696637122593
-2.15918864803081,-0.466963408478052,1.13790387501339
1.85626550505897,-1.55709369513183,-0.552008397329174
-2.05372107091618,-0.459364859220108,1.32143458423097
-0.924187985164867,-1.78918407215506,-1.45590954232624
-1.82008986100626,0.0708403796827715,-1.69033434854815
-1.48421768033311,-1.418808281626,1.39966303401538
0.355585046205132,-1.01154635904222,2.24172007838552
-2.47921666947633,-0.156709007704252,-0.0624713062781428
1.47427116830524,-1.6712144220571,1.09933732276555
-1.85147544246601,-0.490091439064612,1.58329553107243
0.0232859903580389,-2.4447784963656,-0.444400200016232
-0.456455270055317,-2.38976291943429,0.505625797155072
-2.29889614804819,-0.904345460621699,-0.268721900401165
-1.63503844016974,0.784939299785948,-1.69867456160147
-1.74743173856637,0.0186939292521325,-1.76666593544821
0.967803703903498,-2.24702744417678,-0.434970490079646
-1.81387141251739,0.84558405899711,-1.47303556285489
-0.482273077422834,-2.43247033330739,0.159613369695678
-1.66963382462503,-0.694970658979552,-1.70420490148297
-1.03203646321635,-1.69139452079791,1.4996869623424
-2.21854754938856,0.341044548615113,1.06616652469255
0.456767699454761,-2.44055143054177,0.100237991941258
-1.21433644344946,-1.30636238628071,-1.73025431345642
-2.20885171702523,-1.02974081925372,-0.485369558965551
0.601636335171642,-0.894960294214002,2.23876203813507
-1.1526744058358,-1.28231417072029,1.78940988963235
-0.94486364469488,-2.07291064443088,0.992597513875663
1.67095690410273,-1.40812665360184,-1.18324047575317
-2.00411724341676,0.475826488040977,-1.38999240981067
-1.89669550019434,-0.654503945019722,-1.46599673836923
-2.2758358594988,0.323256508822414,-0.943955529427299
-2.36215991214947,0.359984205690672,-0.682339792552309
0.892532336125234,-2.21688604833896,0.681012444132988
-2.09223660143437,-1.26428430792833,-0.446213921519279
-0.720504913635618,-2.36443648094636,-0.25551608248797
-1.69811934276657,-0.689795640950133,1.67795957724294
-0.213031085851682,-2.39290609599686,-0.635290361657561
-2.06758176589872,-0.823370222366334,-1.10550567147194
0.811700983149789,-1.76067698594348,1.55439175774182
-0.628890331679524,-1.49105456308013,1.88579662531542
-1.49246061753572,-0.710603026585059,1.85541917504539
-1.66339249002765,-1.73363601287358,0.634513412309369
-1.71573980655252,-0.52985796295381,1.71769121984093
0.727687909684952,-2.31633369278796,0.529192026741442
-0.74666713603949,-1.40167747522049,1.91122058246325
-2.34283601778588,-0.826618802358533,0.0528811948203074
-0.886062438741793,-2.12206193956625,-0.941659254034242
-0.613746509634502,-2.09054308339217,1.19495627945365
0.169699664225314,-2.0625086350778,-1.37558563005157
-2.42601577282085,0.0122031003022085,0.537842194124413
0.378966691956274,-1.81881856263946,-1.65022997003415
-2.17611851959912,0.745615769556028,-0.939968608124851
-0.0807263105426102,-2.47867056584005,0.157006879586183
-1.98284974735078,-1.47602382426061,0.254236545482905
-2.10296447464028,-0.439810712848564,-1.2486323024324
-1.86854523190131,-0.842931374860291,-1.40462845088233
1.76616906127828,-1.37646265428883,1.07748460766018
-1.2964248483274,-1.87746678092735,0.984569332534097
0.0600018616249924,-0.762703133777829,2.36424604847721
1.9323021451626,-1.29403469975056,-0.875590250662126
0.566683493876799,-2.41182834363964,-0.192170575263595
-1.91984155169206,-0.559564749360903,1.47515130718254
-0.339268953548353,-0.831747457449613,2.31690923766931
-1.15295632459509,-0.741276776250442,2.07272191236089
-1.29550665763824,-1.28518090831528,-1.68669742524555
-2.03657619999105,0.935432383295218,-1.07345205264404
1.49326608657459,-1.87820600769359,-0.646122479691727
-2.07843552305542,-1.15275364372914,0.725424348077458
-2.47849597339552,0.175843330605597,-0.0333542254715218
-0.877486717472513,-1.41904050990108,1.84155281307164
0.320923051443815,-0.619085246321832,2.38510325232508
-2.21867804386968,-0.986775031731971,-0.527937918522681
-2.20420956149109,-1.14344712897447,0.0946812742012212
-2.36449941994636,0.618769595509643,-0.448600437092119
0.360951995272667,-0.999890990613553,2.24608711661227
-2.41393067476633,-0.442811645700912,-0.38965653499832
-1.56631641529155,-0.660375175526759,1.81260397940347
-1.08533991712601,-2.13739205259241,0.654651166057742
-0.606445834272801,-1.64237269092433,1.76346564061005
-1.85365237599404,0.111081549065841,-1.6512448122074
-2.47433188830904,0.139302447719192,-0.182351874049922
0.722468064045171,-1.02581304745537,2.14492963975936
-2.39901379121259,-0.568615484094473,-0.310459227971856
0.527277683651365,-1.93968064437272,1.46102461087491
-1.67704183121658,-0.470889241188461,1.77222168204087
1.69220029641323,-1.50772793369179,-1.01891624101176
1.00833868906693,-1.80572531923796,-1.37752852275618
-0.445022712536438,-2.30588148018776,0.812306011344798
-1.73184567245062,-0.309185176288735,-1.7550187363645
0.926804855225168,-1.90639368967405,-1.29679278673004
1.32344765740483,-1.53425250779467,1.43858653262447
-2.31465044191578,0.432529240470377,0.793906454999746
0.992249985053569,-0.753786310809727,2.14993530977333
-1.85413026922073,-1.65414675083285,-0.0312272778455322
-2.37905320507691,0.476188214626161,-0.536960243479425
-0.531749298845142,-1.3090253968439,2.04417975359518
-0.865809672233264,-2.28111517952322,-0.471023163580238
-0.4016926330708,-1.712227796556,-1.75553258945846
-2.37119226801199,0.00366478075134551,0.743242537073366
1.83182306593477,-1.06282382782259,-1.29992516612878
-0.0741683945746101,-1.48715011092676,1.98943692240539
-0.367823965827677,-2.40525788265917,-0.504396391226011
-2.23627402104425,-1.00591187186078,-0.402735000049883
1.82073612484839,-1.53105007703237,-0.718179153626957
1.08484698174098,-1.18353628008413,1.89666142770532
-1.25030919518724,-0.247275586381202,2.13320354683352
0.786373879969632,-1.57715756535816,-1.75190348088818
2.2000784477662,-1.12438112850163,0.265325409558022
-2.00973268584168,-0.881322700940154,-1.16585612306159
-0.688020528593474,-1.97591605823064,-1.34065624023212
1.69229887688159,-1.77605748102935,0.39587877790817
-2.15588731607835,0.0571925125212927,-1.23444504466463
0.922216436599853,-1.49664912957862,-1.75628411665359
-1.68884696640805,-1.77769138442178,0.403218225307286
-2.48465189835833,-0.0383509800233738,0.00313332549817139
-2.12634024643202,0.43066570667327,-1.21168472669754
0.695139682919086,-2.37231256043246,-0.252763937812779
0.387268829709975,-1.98885735715971,1.43855654661881
-0.690683008615159,-1.46622611978722,1.88364370799711
-0.987279467236012,-2.27638744533766,0.135333379830489
0.054065994776024,-0.977961169004799,2.28377855571435
-1.43771475180596,-0.782514556287109,1.8696585070679
0.583746794057687,-2.36892201563981,0.47161831565095
0.366641910020838,-1.92714511764235,-1.52533965947805
-0.188308293640511,-2.04506200633372,-1.39901288350379
-1.01461209347865,-2.23596375008389,0.38210480171114
-1.28066388537278,-2.12473311057954,0.142775673424918
2.01028117403856,-1.45576112548318,0.120435950825237
1.79716709794895,-1.67239284084838,-0.385056202835286
1.25723219726431,-0.942236496599687,1.92523589672813
-1.86311334877725,-1.09519504186356,-1.22651218554834
-0.158658003449369,-1.1123886231242,2.21639230744433
-1.5576912764658,-0.284601270089072,1.91509155804602
0.97591443698734,-2.26078276480408,-0.333808288479449
-0.998141755562565,-1.27465971155235,1.88518734532164
-1.32840134852692,-1.21601980605711,1.7121978156515
-2.48050405273117,0.143499675867163,0.0385118010917094
-1.90758106337253,-0.942621981774679,1.28357857474748
-0.184702730237097,-0.595321270324656,2.40550476157398
-2.33291699580443,0.341030240637,-0.784966456016413
-1.34150194237484,-0.364504848888698,2.05972921160871
-0.687381129771885,-0.710167662621519,2.2799440222982
0.631398065618263,-2.40168426403791,0.0906909588617588
-1.96763485140962,0.427696099263006,-1.4561815853823
-1.44574745544052,-0.48601526976217,1.96177958090565
0.057422064821306,-0.710165582667904,2.38061824387672
-0.345505626208231,-2.248765883728,-0.999326540152199
-2.17037282659524,-1.10769863657664,-0.487299903053895
-2.07317532135128,0.014452106349025,-1.36993098182908
0.11031905431831,-2.46304642500812,-0.310173638341695
-1.49601628981432,-1.98394171052182,-0.0297694688397036
-1.80769128477283,-0.538538349348863,-1.61777759183703
-0.387513570267672,-1.79904584903024,-1.6698032630698
0.568618525753844,-0.879572816818617,2.25344187932513
-1.20809023563591,-1.39879701087245,1.66098181096258
-0.556860851033466,-1.59902890684948,1.81878756842549
-1.65409738955616,-1.76220445641449,0.577557746956505
-0.44299552697378,-2.27538251748053,0.895189942770949
-1.14991366653629,-0.280808537946932,2.18490750283444
0.145662142418879,-0.765327254511687,2.35966785908115
-1.33376189992237,-1.83709119897377,1.01052006035588
-0.754495772154479,-1.48532986274486,1.84377520323179
-0.206054801279034,-1.58976709338964,1.89872527740545
1.15006976913694,-1.87911920950119,1.14944603788695
1.98643550517791,-1.08500430500255,-1.02558047627068
-0.898397091069451,-0.734589579649435,2.19732484800074
-2.11665612671477,-0.911870577409949,0.92910417215076
0.417702249767072,-2.40135225380187,0.483743584053868
0.38546898135568,-2.0658868620457,-1.32608476691826
-1.41819280900262,-1.36717713500105,1.51477110793567
-2.47828498017949,0.179302704171913,0.030492108920771
0.594803239360928,-2.40316970872386,0.214383135836079
-0.535563023728702,-1.65374027527676,1.77575083301548
-2.13870724627263,-0.956814709160164,0.827896490201979
0.246779989156277,-1.64625424421166,1.844972160164
-1.79338864219444,-1.54963913494664,0.746559710206011
-1.52120413530519,-1.83142465625664,-0.711897028086732
-2.40292626347867,-0.334940488009975,-0.53734152379016
-1.49735658157449,-1.85092713066635,-0.71201664024928
-1.42713714124725,-0.79660293866648,1.8718116918092
-1.77716751974773,-1.7214700900627,-0.23063392462148
1.24221426346813,-1.81550925886549,-1.15577053346375
0.0504365092526964,-0.550943547814474,2.42257983089703
0.222086505361443,-0.624661872536076,2.39488012237547
-1.02031052325226,-1.69022566381895,1.50899944099446
-0.978840233264952,-1.99033157637652,-1.12045869412193
-2.19366224014378,-0.936884236467268,0.696469364035207
1.86039510791011,-1.18722764442156,1.14210167419474
0.488943659076245,-1.04001084591343,2.20324470044629
-2.26522641538244,0.5175352891437,-0.880841746829486
1.9878479170561,-1.45729533964098,0.315795223411425
0.790770946331214,-1.75820421548247,1.56792057149308
-1.9087631695223,-1.14151667396035,-1.10839456745276
-1.78626416936649,-0.483985121735222,-1.65831070387592
-1.79661561544172,0.305590699804014,-1.68930823888281
2.10191491492131,-1.14761117414282,0.66326311131176
-2.29512337505087,-0.640318161380543,-0.705249613196929
1.80172786382698,-1.69903440531213,0.20502308574454
-1.54075187192795,-0.838666701750132,1.76002769976474
1.97682370209084,-1.10985961807209,1.01752412769321
-1.64828710156098,-0.921429769850341,-1.61526854778836
-1.05485284083543,-1.8214798331675,-1.32078475648327
-1.99610363614491,-1.32308057810226,-0.663327768927785
-1.93419115519177,0.390814976403228,-1.51034562296514
-0.59950614159322,-2.00186985717919,-1.34465056149264
-0.990721594133825,-1.49427915188546,1.72063250305534
0.666052815195023,-1.15334060842042,2.09789293333866
-2.46497221218635,-0.271732296659731,0.158269464882596
-0.537501630061007,-2.25343400151827,0.898945420977385
-2.30096936094384,0.0906856273435962,-0.933965624851401
-1.57581222819908,0.761425976682652,-1.7640923940951
-1.62742205674599,-0.657709740053943,-1.75894599646149
-0.924707986424422,-1.84627803010299,-1.38244285480991
-1.36675100292744,-1.89068173066589,0.855739423385484
-1.03652461049542,-1.35052411698544,1.81015938875313
-1.92243186690177,0.279841121561846,-1.54949034692594
0.721106766452179,-1.74811759679135,-1.61216176935765
-0.247875530223502,-2.03029798233617,1.41117805249769
-0.294104116814316,-0.792888390076855,2.33662287089022
0.526563874765103,-1.38560195575627,1.99444563160038
-1.78778479180506,-0.935346919445457,1.45049210611003
-1.96969588687497,-0.557087109944231,-1.40887463479717
-0.303382076775061,-1.66671012901612,1.81796928817288
-1.87268828136973,-0.170321816419166,-1.62450138537499
-0.459501145342035,-1.44366798412983,1.96968452307493
-0.0661007554003969,-2.02863645251828,-1.43361100200251
1.65247804587162,-1.19923752997837,1.41637612448698
1.26844280023278,-1.94094484979752,-0.893734649655694
-0.357628191454065,-1.02103106643845,2.23709036685109
-0.00436598573077444,-2.38395947875286,0.701208822852403
-1.65689343683293,-1.01413891346535,1.54958125782043
-1.93106859421527,-0.26162685984471,1.54191476484802
-2.45236572089972,-0.307393751747758,-0.257656988563302
1.45597385255756,-1.40636913345809,-1.44126391495038
0.481089637690883,-1.53511159694888,1.89392735257522
0.547025413330331,-2.17971102912157,1.06047097938117
-1.51859620340561,-0.550459911045398,1.88834189932518
1.40083607386967,-1.25938411089312,1.62067443577926
-1.72348589852313,0.688405183248677,-1.65247400363254
-0.334124006578811,-2.32799257607954,0.802363624150138
-1.29128280806997,-1.15958000613388,1.77846523451277
1.29816601241126,-2.0316909082426,0.601641694863068
-0.930830038697348,-0.940586336247116,2.10328991214644
-2.47301994855703,-0.230306111171927,0.0781479405290681
-0.15033857887269,-2.11266660077547,-1.29962064352774
0.669268398342072,-2.3931116075542,-0.00850389222960133
-1.41080973139716,-0.857791223795783,1.8570906788811
0.717733479229997,-2.32456965103127,0.506172166075784
1.5339564240252,-1.62356549764651,-1.0890309616612
1.04179721802756,-0.816466762513322,2.10309682459799
-2.24308475326116,-1.06891077447183,-0.0312444766065175
-1.99747705163552,-0.1724374759423,-1.46810299927941
-2.04843848044146,-0.410397558525545,-1.34552937805758
1.40424909568054,-0.916715138124438,1.83376484430991
-1.85966916917051,-1.59905344191428,-0.399542666747675
-2.1029223635561,-0.257330688727247,-1.29864318459993
-1.93801745189307,-0.44673160454337,1.48979693283114
-1.2357349271686,-1.89779034775114,-1.02290109843097
-1.9042252184261,-0.801420380917631,1.38080677937682
0.451547505400259,-2.4272211724154,-0.282272743916696
-1.74189123560967,0.317744645959575,-1.74351052038217
0.672040280946527,-1.4338559485489,1.91504429479041
-0.222679700323913,-1.11146777442612,2.21134095265497
0.325860298189403,-0.876833130831121,2.30216298253488
0.299774501712139,-1.15197602844535,2.18129827154005
-0.766410351520577,-1.55733446631077,-1.77828574884233
-2.01664561728537,0.741912358883734,-1.24807138314776
-2.1743932773103,0.426208441867486,-1.12487150869854
-2.02677089955305,-0.655798724158591,1.27949342535629
0.63473440380898,-2.12619423937573,1.11865363919302
1.03809405904022,-2.11571145014275,-0.788099902127473
-0.660906835525392,-1.46101047971539,1.89832194433154
0.598002344178279,-1.69865210679329,-1.71229375045786
1.12650690224487,-1.53407853092224,1.59767359982294
1.74568657561639,-1.01428913361438,1.44871377592594
-2.10488612967447,-0.837244239432799,-1.02149504945139
1.21574549567151,-1.86812006473462,1.09866554733615
-0.431785076878808,-1.00627380925172,2.23068382780076
-2.23617417118876,-0.767810998646634,0.764831365647735
-0.942679080547577,-1.37915006624752,1.8396404315193
-2.22882775984521,0.753623177178752,-0.799596520237198
-1.92668412106156,-0.933336934346517,1.26164421928171
-0.647208976093362,-1.65852017744089,-1.73361098107352
1.80771793337393,-1.41615797979614,-0.949541005450049
0.426870083158369,-2.01301051698943,1.39303491054868
-1.27525811408479,-0.778098432691863,1.98576313867401
0.970570982760102,-2.16745000240376,-0.731524521746952
-2.21278910975022,-0.0102053797028664,1.13067938754052
-1.22458377837896,-0.277390090414646,2.14439384882627
0.928208901788689,-1.04477075702242,2.05471603179712
0.749851698754356,-2.17446419315516,0.940427335828968
-1.27438120790324,-0.835622995043016,1.96282001684095
-1.37094285123502,-2.07238618904652,0.026586716794099
0.553691470390474,-0.635801849711081,2.33755372878013
-1.7381742215385,0.0256123833213277,1.77568861369687
-2.09310414372513,-1.07495462128362,-0.798976393340102
-2.05656380188065,-1.30733899016548,0.486195192284314
-1.84586988200354,0.890856126244824,-1.40503217488333
-2.34388700457647,0.548217368307897,0.616949834489136
-1.32129105557796,-1.68783545979244,-1.25713049383507
1.06019439125321,-1.18867745917138,1.90735665836943
0.137701015033909,-2.04565085168378,-1.40403942069913
-0.38585060447374,-1.60296260951604,1.8591949480713
-0.899743977559017,-1.66589922146544,-1.60941487198925
-0.651618456519483,-1.29924611908403,2.01552191270185
0.835451912868059,-2.34027627255812,0.0101361136371557
0.0752837192592945,-1.13008677950616,2.21183451094628
1.30678935729218,-2.01994448446991,0.622174836151814
-2.18125633405956,0.477600951543974,-1.09040992641411
-0.716399870367766,-0.541758122040803,2.31694735252076
0.325825450271967,-1.82323250654195,1.65669450245267
-2.0451122374268,-1.04009486339239,0.954303035143971
1.56982005071096,-1.9109233322554,0.242925293126966
-2.15267481556254,-0.363827003181519,-1.18684317481788
1.03072969363196,-2.096871431618,-0.845991825813192
-1.79192917480059,-0.0173768632701104,-1.72152942133861
-0.687983176735623,-2.0706299461781,-1.18917889568068
0.141047293046013,-1.17112971673423,2.18712974446407
-1.34621959185842,-2.08851982666144,-0.0274484161959843
0.877903167495673,-0.827588327107069,2.17240863116271
0.997247077680051,-1.98582486830572,1.11219311717445
0.364800409041525,-1.5431615106224,1.91325609501441
-0.177832969709418,-2.28796930008932,-0.953177626754955
0.374237542831164,-0.893327831752438,2.28842463672397
0.524474538232815,-2.2069457867603,1.01454049917167
-1.43179989333868,-1.38134696271482,1.48889398730969
-1.65936487505217,-1.19931827584937,-1.40823277765782
1.00629904366519,-0.677128447121699,2.16883262891127
0.428814123268948,-1.3857488226996,2.01762095535431
-0.617216007380434,-0.842443221462996,2.25484134480843
0.25900009217773,-1.9090277518358,1.56955651901604
-2.00652773838127,-1.46283275457824,-0.094564468235456
-0.824418310991181,-1.6328057200047,-1.6820391198291
0.580210794051848,-0.850586755571684,2.26159971637884
0.0587183286644773,-1.37023077560496,2.0721958041838
-1.16601674032796,-2.04965004941318,-0.783782691585222
-1.29250736483516,-1.44264064918668,-1.55665935277252
0.156748269159699,-1.04262709644433,2.25018541220242
-1.08969630681493,-1.53235742687671,-1.62462867961351
0.515402161645361,-1.73705977072499,-1.70057626589142
-0.436967221158638,-0.922254184286983,2.26571898933012
-1.93544479701071,-0.25376604112691,1.53773596742355
-1.80949624732792,-0.805326690427233,1.50071580387652
2.03867405667136,-1.23823934108387,0.696812095374637
-1.63839106701098,-0.886200430161268,1.64477937138501
-1.76783032884563,-0.980599178837506,-1.44505254239762
0.735786417552658,-1.70430217668208,1.6519528170365
1.12671915481668,-2.20771592657759,-0.177397872360137
1.49113514645309,-1.58536794842579,1.19920811977303
-2.33529640301512,-0.827493462117926,0.191366014824451
-2.04612520317463,1.04641460955237,-0.945179236580034
-0.88971912502885,-1.6087845850695,1.67188148767002
1.40231389630741,-1.73645447684788,-1.09234484366027
-2.44231161445722,-0.216841651243025,-0.40381845869975
0.167346915658958,-2.34780475841415,-0.796733015256924
-1.57256618489608,-1.03226515204183,1.62371177288782
-0.592051705693348,-1.54996452260167,1.84988119290804
0.570232963169074,-0.88029769353802,2.25275076514916
-1.12408076841135,-0.733034278582473,2.09142985632411
-2.32934699407028,0.374800688799476,0.780155559042067
1.72434872434352,-1.16882450512077,1.35478648668237
1.16963261148808,-1.37105053071039,1.71089323681971
-1.23035831803017,-1.63426545848566,-1.4108049092159
1.31779660215965,-2.02881064033553,0.567728079639268
1.37437289592825,-1.6180629392264,1.29149027834238
-2.02273397672161,0.686296080395202,-1.26985062935104
-1.91718955421368,-1.57858157997531,0.0862558982891727
-0.931414500967009,-2.24447351671658,0.519404785845661
-2.05662326594423,0.14845716094323,-1.38680816436688
-1.70044228550212,-1.35920172994405,-1.19834984975444
-0.656874001841816,-1.70269381712525,1.68651296533434
-1.80902638777914,-1.5917523453185,-0.607226210653725
-2.34831963184311,0.489499484660415,-0.648660799363187
-0.495014515870826,-2.31070305920817,-0.768497021891598
-0.433076911536775,-0.695064261850447,2.34612568546639
-0.0985083674004219,-1.51550003841125,1.96685825786727
-1.50427478863854,-1.23820645105522,1.54239353481684
-1.5730072228258,-1.16747772619044,1.52892763308148
-2.24569188770711,-0.958895133191919,-0.46082940492158
-1.03319927819266,-1.72222765611563,1.46335464719449
1.34343884808894,-1.39217339413697,1.55948740729629
-0.499966601771382,-2.0863752351432,-1.25381316259937
1.56059589850334,-1.08518939308214,-1.60058742158297
-0.787120768037415,-0.727512700311934,2.24190584967837
-0.198997952662684,-0.819806617860333,2.33736873333275
-1.17532653559526,-1.5998145910903,-1.49471618719852
-1.79552933441856,0.963817525991494,-1.42200768536852
0.509626028990575,-1.7265331509272,1.71299161140321
-0.43851666357501,-2.22687194069493,-1.01179057463771
-1.8147194303397,-1.64149332788922,-0.432745554634382
0.577875738324243,-0.863535050500933,2.25728653897232
0.323361322303823,-2.26146834187274,0.97784153386852
-1.77496259529473,-0.973180690176467,1.44131981218094
-2.33650941794666,-0.639905395993978,0.553371932281918
0.329215546583099,-1.38821818632502,2.03456213039994
-1.0558040583746,-2.14471435953496,-0.678567445238385
-0.166027315754396,-1.51091409432537,1.96584567080059
-1.17050557802511,-1.99498497615208,-0.908255089802775
-1.98747266344256,0.445934732577032,-1.42340096169809
-2.01899010118294,-1.35627125984007,0.509100100638541
-1.99212848476212,-0.454787371716857,-1.414060896192
-0.940805939243988,-1.89534045978056,1.30289846020905
0.29885823507169,-2.4561001289058,-0.230719707723023
-0.149299428769867,-0.887481028213042,2.31626051568989
0.896431758462602,-0.795106448124255,2.17696842190785
-1.69363533540601,-1.71977765918997,0.590711287371686
-1.53113115822512,-1.02328953988279,-1.66837992234735
-1.80869049045238,-0.634471142986924,1.58147423307402
-1.06132076278725,-1.58513260798466,1.59245989745221
2.17712080346624,-1.19180506099092,-0.121331674034538
-1.32600996769984,-1.48312444911325,1.48896444061511
-1.09437100600094,-2.12489923468411,0.679802188196262
2.05345570424727,-1.16158577090818,-0.780393387293274
-0.656290258465415,-2.19148165370199,-0.970395243982605
-2.41632503374533,-0.411642585287041,0.408533211241042
-1.55516083108528,-1.8243176329714,0.654458275905223
1.28654495075044,-0.805164234682907,1.96760979777473
-2.39184085111316,-0.579515991208435,-0.343852047097355
-1.65608905466928,-0.737705461661059,1.6994514898205
1.4300646454725,-2.02267591600903,-0.196654315944765
0.699181025861859,-1.52176383808867,1.83585304029856
0.327760086424956,-1.05197189189734,2.22730872036584
-2.33949860594335,-0.771459499969483,-0.326453954041049
0.208167222688584,-1.96544086934837,-1.50621521301118
1.97254900351614,-1.11110136567301,1.02444124055024
-0.318339952352866,-1.02193116530397,2.24260831166067
0.691236975068314,-1.92286481014046,-1.41412801317101
-2.2769940838695,0.358798749142372,-0.928190212752889
-1.73141021364015,-1.05243020284627,1.43860523134478
-0.426400753245182,-2.2228863650269,1.0256384729633
-0.0902893088118446,-1.0136055790036,2.26703048994497
0.798240839242869,-1.3892433295382,1.8994183860623
-2.16521622160097,-0.360117536445065,1.1649591173401
0.339867135206971,-2.43758531948533,0.34299243730565
1.92360939053009,-1.31726400632289,-0.859952395033413
1.19532277438316,-1.22384533161482,1.80232675748284
-2.0680601971991,-0.213058835322272,1.36114239698314
-1.4344527535248,-1.99729293474187,0.357969135748333
0.401629741187941,-1.03840671016567,2.22157167939486
-1.34299503222361,-0.563831747778374,2.01331412726205
-0.788363786036427,-0.621903274750884,2.27303641174828
-2.40189101333833,-0.449416597065446,-0.451574970231718
-2.15403856542732,-0.918332354710538,0.831720636005064
-0.396388896013549,-2.45311716882278,-0.0082262115913132
1.28019924117514,-2.12776005073653,0.0932884815899402
-2.31343410203123,-0.906921264628699,0.0221843804578658
-1.61032147721666,-0.932787826081062,-1.64673837719985
-1.88431433325113,-1.46910410019283,-0.682691956678867
-0.648257083469106,-1.32679687669359,1.99858661887378
0.498444024492815,-1.51790184109948,1.90328747871868
-1.86775289115644,-1.33544805102798,0.950291172217972
-0.00404575356294229,-2.19482464611996,-1.16520559390846
0.388597679213843,-2.35659820786492,0.685866169023176
-1.63567846464849,-1.05868550700302,-1.54230886302322
-2.05988499809935,-1.1604684363515,0.764959132405245
-2.22118314481844,-0.905036475723038,-0.649792340827708
1.22930414509511,-1.87270746077647,1.07552487494115
0.562285615471881,-1.8880016993684,1.51468153128918
-1.71966697510077,-0.671891157617845,-1.66321479024081
-1.9415155066134,0.242803921933656,-1.53184185361492
-1.23566233654973,-0.364741378935744,2.12487128738133
0.534711619436833,-1.41587172644115,1.97087960304958
1.7465447876108,-0.920522825314033,-1.50903767493011
-1.95553398471157,-0.653067918793574,-1.38721476329147
0.11068954773572,-2.33400213454502,0.845669871388608
-0.659860182106099,-2.28902658909663,-0.707048432494298
-1.80048021964158,-0.592624211300631,-1.60687373314545
-0.758427068675109,-2.36092542328777,0.160608837202135
-1.936666572817,-0.795893307632434,1.33822722286323
0.718683308111131,-2.34359819081122,0.407452443951293
1.57726154618603,-1.89530313448228,0.308298093989503
0.172036660675504,-1.47596378565835,1.99171031081876
0.213693561195218,-2.47476194491895,-0.0697427365233363
0.584329248241704,-0.898273112734582,2.24201704186219
0.26838350326643,-1.7364648412092,1.75716698746358
0.0206139067327018,-0.997900497106792,2.27568568482915
-2.26950616673061,-0.965317933943349,0.304103135452703
-0.559045352054484,-2.15483096190513,-1.10415012175626
-0.764316963666771,-2.04049366901032,1.19464674159063
-1.93913563165052,0.314836049457749,-1.5217118437596
-0.568562797342253,-2.25804892422573,-0.867713704337108
2.087764740036,-1.29590264323899,-0.369932968146493
-2.11665275711547,-0.732460236208265,-1.07622431657266
1.98499702845391,-0.992388025509691,1.11800200145939
0.690528037037756,-2.21855500184068,0.880999662477546
0.791571946686228,-0.691278181879287,2.25178240509382
-1.51158487643583,-0.118364495310751,1.96877542624682
-1.09351331465622,-2.21500447530095,-0.270110119172559
-0.123105947138624,-2.43804198997607,-0.464512488858671
-0.170511810943718,-2.16176673052829,-1.21353450569928
-2.34460082219737,-0.49474382787233,-0.658066258629587
1.09126388544468,-1.36713747276441,-1.76495153879663
0.605310824547272,-2.40316921159414,-0.182625895055882
-0.487183937780725,-2.30635858488437,-0.786344428422881
0.864709686321012,-1.67974805618505,-1.61421785937903
-2.0251473062263,-0.292312799983701,-1.41007350392209
-1.37633414128521,-0.136622985972514,2.06446461889027
-2.13106766006814,0.472257208535868,-1.18764448746698
-0.310115890266495,-2.46268812718902,-0.118198960314885
0.138022825202946,-2.33589722403796,0.836366863205257
-1.82255079912733,-1.28813811628979,1.09269595468034
-0.0851581064006619,-0.628157563776647,2.40273632415159
-1.68659594482923,-0.463287165764556,1.76514441118468
-1.26496591062857,-2.13869594175303,0.028575952999705
-0.949482504069992,-1.68537296269696,-1.55980018671884
-0.986449607489202,-1.84463293830154,1.34135087364585
-0.364867301698622,-1.21205675676594,2.13840266132042
-0.0486139166504869,-1.93559519023665,-1.55758904016872
1.29867179752254,-1.50242564267326,1.49370158397536
0.488485569042637,-0.726719492804642,2.32556150188034
-1.30409306449278,-1.83266611986753,-1.0562442159106
-1.44181731620563,-0.093411627632266,2.02173508796918
-1.61992004596791,-1.73958900034816,-0.724337508315066
-2.04620770564506,0.0667657495908779,1.40838632180713
-0.108532488737536,-1.16621010165369,2.19160908218195
-0.191486644351958,-2.09238402278788,-1.32673947617078
-2.35806453874895,-0.732496036145363,0.279207556378948
-0.182239769149426,-2.06347146650402,1.37253409607091
-2.439114187276,0.053618568146056,-0.472040996092486
-0.387256092070314,-2.11483803099934,1.24598093613279
1.09467953005484,-2.20996768598321,-0.304458904947801
-1.78912973252515,0.875784049224062,-1.48559508976446
0.427408475041489,-2.41494739896776,0.400408200583644
0.650525540208612,-1.04503703808784,2.15863146043366
-1.80760591795329,-0.574161961529158,-1.60557608313225
-2.24037005203219,0.913941922486006,-0.566063480267835
1.49779867649343,-1.86976605884294,-0.65996187867676
-1.864400845485,-0.535307462181383,-1.55320027031314
-2.32888006216557,0.726297841495994,-0.473058952879034
-2.04365853446013,-0.619041849852252,1.27091410176804
0.284336474879953,-1.98259562234962,1.47086472481532
-1.3211439190642,-1.82683755349419,1.0450928043366
-0.368619962643788,-2.25010341111738,-0.987992729645055
-0.471311452868186,-2.3899828877637,0.490737182211646
-2.43248831061783,0.469839930607396,0.192942296367408
-1.8791022725434,-0.322887700810955,-1.59364169542602
0.893182302174683,-1.60393124482087,-1.67469567634911
-0.517249985632508,-2.36382538187865,-0.565471208606152
1.78965829591641,-1.71418584680394,-0.183482254966879
-1.93802657898253,-0.282994378271611,1.52936026901348
0.900400118092377,-1.83188554235943,-1.41719817190356
-1.9209867519987,-1.50390937971425,0.47227338233914
-1.83741666049046,-1.64226998431121,0.319100275455231
-1.02033624646463,-2.02139766301646,1.02364110093096
0.953829868407679,-1.49521364086142,-1.74055175784243
-0.17593681190581,-2.47259756302532,0.174020691156961
-1.10356096993328,-0.805317513647498,2.07571495135185
0.523811059134725,-1.02871890212224,2.20053063286055
0.28191712799512,-1.2348284565669,2.1379188682475
-0.0540985797841669,-1.18267645826321,2.18479413450064
-1.83013557968852,-1.13925007265298,-1.2359970482697
-1.15237527741907,-1.90813765938908,-1.09818831000314
-1.78603667437408,-1.09770011989222,-1.33420505020497
1.39962286781832,-1.56077800289751,1.33416772744822
0.780995178338378,-1.30413119760063,1.96577313601291
-2.1408590898258,-0.221732259157141,-1.24198745330716
0.642554447146496,-1.01918013705195,2.1733318435306
-0.429456505965388,-1.4196254129153,1.99379198210399
-2.17364075345181,-0.288950835986779,1.16908894474674
-2.38221587678083,-0.565621401759249,0.42437674028902
0.366651470580077,-1.3493702854072,2.0542011107471
0.682744908100604,-1.91172036342404,-1.43323421461589
0.158397530212691,-2.10098077284662,1.31748460558915
0.514176823374397,-1.41551595442666,1.97659111818334
0.128977847579903,-0.817476867311625,2.34309025811152
1.22909908598655,-1.61581167657367,-1.43298420580559
-0.148906533851008,-1.06975548827417,2.23795123067882
0.37698785649967,-1.68244899995216,1.7894751157881
