1.71503863921946,-2.3352511723438,-1.51866346848781
2.66952523174664,-1.38499141510955,-1.06788861575467
2.33731567363376,-1.97148230886137,-0.719971020439635
2.33393532946579,-1.85941379508881,-1.13275504322159
1.4886874414506,-2.45438467206365,-1.6374094893873
2.28894182322236,-1.94130290728482,-1.0295493267037
1.28282017642817,-2.59715729488546,-1.50017671015544
0.682074871696482,-2.77229145911523,-1.71659470783188
2.66727517490865,-1.35786519435674,-1.16216858503637
2.44454391071366,-1.56071839508245,-1.66002286786189
1.05209862444657,-2.55502033480484,-2.15588232373839
2.4337773464142,-1.77135348461639,-0.998592883406707
2.01218847685588,-1.97145608484211,-1.98903723476718
0.690640537239469,-2.72150301846701,-1.94992074166113
0.974504566892779,-2.75525896898113,-1.37283394766185
1.51315885650007,-2.56162143312557,-1.11693139358059
2.55056881265034,-1.60679542401469,-0.992776201457692
2.55204290404002,-1.55425599992486,-1.15557180656078
2.08201712834726,-1.90572506337245,-1.97875907801474
2.02568069839788,-1.93571929494916,-2.07576433575312
0.469961524780357,-2.82677070502293,-1.67872711965853
2.70231432481138,-1.1329694106496,-1.62185567105239
0.664497870988574,-2.7420108353259,-1.88426394552592
1.01416968199587,-2.88782562656379,-0.691575966900447
2.52113983207583,-1.44489117653087,-1.66325228837179
1.01620728877619,-2.78307129057484,-1.17402016085207
0.691533436960257,-2.86435408825363,-1.26084983134048
0.606595433801823,-2.7893797189244,-1.72331821061636
1.93766246844889,-2.33925078205367,-0.814098614596786
2.67488528718451,-1.24867111242384,-1.44506957369809
2.32622650320663,-1.79253515196209,-1.40194265661926
1.29687624561815,-2.61800600886811,-1.37739680187718
2.53604137754861,-1.75690768294483,-0.570025432879009
2.49606617502707,-1.55138351370565,-1.44218579378938
2.35223265812919,-1.59453686700646,-1.97494538063369
1.75260475097069,-2.1582103824502,-2.12641836755454
0.404671749025476,-2.84008713950189,-1.66829684435845
2.51373647777896,-1.77227725851805,-0.624740320618424
1.68838938709713,-2.22189791822726,-2.06185996421179
2.5693352491663,-1.46661763884686,-1.34806284844278
2.58249313678249,-1.50700878210692,-1.15219655986503
1.61285886011534,-2.35455715475883,-1.72979408996609
0.790279002337161,-2.82895982402998,-1.30418978501718
1.71543248795227,-2.39811623945152,-1.25886193584249
1.99621424135592,-2.03611036882894,-1.79881544551192
1.50431676103317,-2.45682557185858,-1.58722279185511
1.08908927831472,-2.8262663110521,-0.848476491681841
2.45476930969173,-1.85434667609937,-0.618772915363669
2.60012442763781,-1.65918115332054,-0.575732594929202
2.19235357631271,-2.09402374848584,-0.854914888302247
1.77038603879533,-2.47620270196932,-0.777758203498131
2.69078689612777,-1.34976478816268,-1.05565263199031
1.98888974997643,-2.22050693389484,-1.11029587876064
1.91169611256935,-2.36459768134377,-0.797135149211564
0.534308210560768,-2.83752453361187,-1.56441489484962
1.75432147697439,-2.19390133116907,-1.97689962415376
1.1233121828544,-2.5674362542534,-1.96274207655193
0.967841672477904,-2.7140632904381,-1.57502098161469
1.56353248370663,-2.60869887848482,-0.788365667751012
2.68388668040126,-1.26332980112892,-1.35072511282668
1.70674002218116,-2.25606421387536,-1.86768485017844
2.07521445935976,-2.20930942486985,-0.852412879074472
2.20921185563875,-2.06412811375532,-0.900699292621573
0.901692769332171,-2.76285637569848,-1.45426140614009
1.28031413138676,-2.72141259188442,-0.953489764039484
2.08676431506427,-1.91078509503407,-1.94182559073118
1.05482811602046,-2.69564761582211,-1.50887265151533
0.724846198940379,-2.70470423220248,-1.98538409721607
0.469443257907635,-2.91614992672291,-1.23504890123218
0.741058218858479,-2.81311005928983,-1.44546028812401
2.55623974920596,-1.41567893676245,-1.57695460540503
0.746817677817902,-2.78268501811149,-1.58350479760319
1.35292322255422,-2.43757730423749,-2.04177078318858
2.22226896765541,-2.02636171200381,-0.988912501940912
1.69529217593953,-2.23330702053273,-1.99472655286608
1.45687187835963,-2.53493776915903,-1.37087073153068
2.58177679554563,-1.24008213675213,-1.9876749432189
0.934048668620827,-2.6991549903331,-1.70010057182215
1.94115097206106,-2.22857230402962,-1.23988660053909
1.40281396037173,-2.44347238849813,-1.89705917140737
2.44214269928037,-1.65489211535095,-1.35565049608962
2.23361058634196,-2.03544620476366,-0.910719725600051
0.797548156421996,-2.66385710202265,-2.07718689980898
1.61099928448022,-2.52099169377422,-1.03663133410701
1.33317986268627,-2.64778032628482,-1.16634580037561
1.94035514591975,-2.15832062367105,-1.51831066010067
1.24250028798201,-2.47168945018258,-2.14289514369777
2.04578691969799,-2.22279780011239,-0.904470108362272
2.26307111672827,-1.78776467270752,-1.68786521760473
1.52927486056922,-2.34935874312561,-1.97822382393751
2.23181035495777,-2.02099652492388,-0.970909359478374
2.2045526701345,-1.84956933503824,-1.70636797485211
2.35327856123756,-1.74204940317845,-1.46059886822092
1.88057349040312,-2.16348726281889,-1.69723321889282
0.41387914483775,-3.03508539223811,-0.681730944151401
2.74490784282211,-1.36407955875886,-0.706512166295586
2.26223453835037,-1.75461084256452,-1.80959476025215
1.85057304474132,-2.42254064649679,-0.756137623473714
1.3467292400556,-2.7048049758758,-0.88487598514632
1.36744582461044,-2.69026123178656,-0.903183906937334
1.82385073476457,-2.16103047020072,-1.89090638599487
1.87827832782365,-2.14538627267893,-1.77636417048687
1.1560625547658,-2.84651382410061,-0.63444730217506
2.40346979313664,-1.77596161473825,-1.11972332147125
2.10004796341805,-2.07779775765298,-1.26357262285967
2.17455911631785,-1.99491998048482,-1.2916603691575
1.6526135840944,-2.508694960993,-0.975954456429714
2.4095600076764,-1.91527174935368,-0.608917881517682
2.0370229336627,-2.12334354590296,-1.31853093396388
2.23845091752999,-2.05046211580361,-0.83640456615927
2.36660694184515,-1.64707169881909,-1.72952500471643
0.6458005037289,-2.71794775246028,-2.02328849407037
2.61384712398282,-1.46582517819746,-1.1188765073717
2.50366471474632,-1.63928542930171,-1.11567982957518
1.72300034935648,-2.23317654962859,-1.91261248426363
1.5378333480061,-2.59611230153695,-0.907260414569208
1.0806028912578,-2.7815459336468,-1.06885686835056
0.485260273262474,-2.93381599776418,-1.13353080362795
1.5643786241973,-2.38545227735877,-1.73240240846626
1.73319642720825,-2.19569044823891,-2.03424811344877
2.37904847490473,-1.92388068854944,-0.711339624034889
2.6235971595202,-1.35800746086341,-1.40044664380357
0.758259827085817,-2.7581984063617,-1.68504710242619
1.35577313901335,-2.41086865780391,-2.15103871747089
0.352017895355281,-2.79452435791255,-1.93765066839734
1.21234202243198,-2.72034102970564,-1.09740273081506
2.09319922047059,-2.23054384976746,-0.70674421643903
2.30819734980588,-1.62584779344321,-2.06406213295538
1.49378145221195,-2.50465554170069,-1.40954047472004
2.15935854943808,-1.89271682542742,-1.72864084128477
0.358843853019342,-2.82003500457942,-1.80437612124035
1.19003167543113,-2.73093339113076,-1.0939163669043
0.700796144560369,-2.84000227213625,-1.36715158689012
1.15380778810698,-2.79056586039175,-0.89342403638337
1.91544452948669,-2.07777348217608,-1.91787959045196
2.13740476093855,-2.10315989351693,-1.02897518835248
0.538485064532452,-2.99060147636763,-0.80436016658005
2.38251763700878,-1.6586057964414,-1.61782801186989
1.93013850316535,-2.04836877609043,-1.98236930607518
2.68744604962793,-1.09412065659735,-1.82048375114805
1.49263504583422,-2.40954005251594,-1.8186364295766
1.81408888295172,-2.38223005268462,-1.03107227067439
2.25945947366354,-1.84956637974434,-1.48154527896427
2.5500696059165,-1.49008600068555,-1.37178639833655
1.51273783300865,-2.4903588843416,-1.42270616759516
2.58492250587571,-1.66214891955011,-0.642263346969637
0.931434833273866,-2.62774340782873,-2.03603125509608
1.29637017280541,-2.75970114712272,-0.749184468479916
2.23596383624071,-1.93319681878064,-1.27520048149109
2.20502518282113,-1.95510152575367,-1.31894658355127
2.66911411184148,-1.21641414006974,-1.5728665097969
0.697985553946629,-2.8799586046665,-1.1776709633596
2.52213321080353,-1.36576181756606,-1.91093431128304
2.0454476398465,-2.28580333375034,-0.661671840933047
1.35893684933581,-2.58956222485165,-1.36451951511969
2.52969613107438,-1.55131638440521,-1.27665556287077
2.50021999290585,-1.54839293963315,-1.43165152802464
2.25926972370782,-2.05130483949457,-0.750627304467627
2.31665851488734,-1.68417418744123,-1.82354524732114
2.5194566645616,-1.78090717200773,-0.568804741430255
1.05028468151663,-2.61645598993262,-1.87929515952794
0.517861578241542,-3.02801418952544,-0.63662034535919
2.66158159150436,-1.56664144613858,-0.552729791380752
2.1414666747716,-2.05957317234044,-1.17744889688047
0.631727100073164,-2.76946149525303,-1.79111618396249
2.54449374377442,-1.49338248557251,-1.38948588188844
2.64631455468628,-1.11178466157327,-2.00969234994645
2.19533841996118,-2.09141420030555,-0.853150652701814
1.26842872829101,-2.59537754606991,-1.53912080460374
0.688791447307216,-2.76281104090141,-1.75382335706475
1.22324934471331,-2.65291070178175,-1.37777182716778
2.26428157709448,-1.81581528403387,-1.58251735785993
2.49920653587568,-1.62140979837042,-1.19631549606233
2.33904197868662,-1.81049399631639,-1.28333729613165
2.32742101621643,-1.61646442675982,-2.01116039492824
1.37838568574427,-2.58913305243551,-1.32186956149292
0.426048685307536,-2.98197614016764,-0.940415993687998
1.41371986625052,-2.55290447096353,-1.39704805182492
2.33077461929637,-1.90792140953865,-0.974131134870191
1.15292839110207,-2.51240847888297,-2.15082980815854
2.24560805446177,-1.8084292159627,-1.6868011960301
1.3203595694754,-2.50445765761521,-1.82517576434675
0.644146211051594,-2.87123695264597,-1.28275633495764
2.62552982333762,-1.56934711226506,-0.732712676790868
1.81635611773426,-2.16013326280129,-1.91843018333647
1.25283135852456,-2.49958705036488,-1.99702595575039
2.5435040438525,-1.41109469842562,-1.65714670195854
2.4465735789879,-1.78843086913755,-0.881856340206571
2.45267336253219,-1.69217755156478,-1.18069456443699
2.66641014995078,-1.19445296535332,-1.65276513886286
0.612418011807797,-2.85611595233587,-1.39172133766979
2.40303354532423,-1.50211709730096,-2.05283808611726
2.33253635612977,-2.01852206901783,-0.571378249387099
1.36633144944778,-2.52749981394985,-1.61882449956035
0.408708428091781,-3.0320636217293,-0.700564038500556
2.66854285310411,-1.11410008157079,-1.87415128932146
1.22577208645003,-2.66208201953132,-1.33155049229741
0.817030712660224,-2.89472184455064,-0.954326390163747
2.6150721209132,-1.4207821863532,-1.25262030954109
1.0167736290819,-2.56988499700515,-2.15340789310352
0.820089715793778,-2.81204767151545,-1.34329011336928
1.20394764587623,-2.68523569565259,-1.27204241900582
1.97798213979185,-2.30018577583718,-0.835192104062732
2.18331864972351,-1.87287950223071,-1.7066115144334
1.76096727029889,-2.23489421056605,-1.79056512816553
2.45430904299661,-1.76159004763534,-0.937905226638946
1.9940504705143,-2.22621585568172,-1.07038746407815
2.64547654137648,-1.18220706412863,-1.80802973156688
2.72899326342799,-1.38453174880862,-0.737221256337245
0.903511625572485,-2.72522742037206,-1.62754000219019
2.00382781832779,-2.02519399468274,-1.81360122037501
2.41499775946891,-1.6793106502133,-1.39869675028055
1.61935727886826,-2.47444121596412,-1.21007579408371
0.52817368740058,-2.72033684634273,-2.14584136696689
2.64946653048381,-1.2032010990394,-1.7234144342131
1.10229696725283,-2.59674507230229,-1.87110718180632
2.66476191091137,-1.36771584993758,-1.14631338465202
1.39029907055277,-2.47329803531507,-1.79807845494196
1.79659864568305,-2.23698858206834,-1.67220551166129
1.588437402825,-2.62721387168371,-0.645704702234028
0.719422030657669,-2.87538926916982,-1.1736106821795
1.39088272744295,-2.62092336998446,-1.1541702305186
0.319542897743493,-2.77540305373132,-2.05772152624399
1.31325952140705,-2.76715990541685,-0.680459656233568
2.19433586210953,-2.03327077359177,-1.07278770574578
1.23034533616514,-2.77005314902415,-0.837816455657753
1.87180950903849,-2.36776156148887,-0.91097376642138
2.40944935413995,-1.53186082119797,-1.92286276982093
2.35837399714091,-1.65234390843672,-1.74852794402498
0.723203491688383,-2.93831890911657,-0.865278114988092
2.19711950881368,-2.09536508617134,-0.831602713838607
1.09689622155029,-2.74686606714363,-1.1981875532295
1.27799944076958,-2.69827723694175,-1.06144282909968
0.521835898418248,-2.77922536983656,-1.86359514305394
0.667315776832037,-2.94662642029374,-0.889854925246741
2.06388455452345,-2.09065204928835,-1.34712677825627
2.04122611945059,-2.16984534774811,-1.12477691232785
1.20082916830299,-2.77456501125215,-0.875782459531127
0.331803763402044,-2.85801750532734,-1.63237934569516
1.80477017225767,-2.3971958976963,-0.998546410284746
2.64859471813035,-1.19299922313127,-1.75849293113442
2.39034374734698,-1.87474163625454,-0.834744002169986
0.572008762980606,-2.71361462575469,-2.1308895055471
0.536788690450526,-3.00516738669323,-0.733641362915594
1.96985397350597,-2.27764192647651,-0.950997952538868
2.10849781123665,-2.10806546790881,-1.11781244056684
1.48147822230257,-2.61787189129305,-0.953163209029959
0.957420908541852,-2.8108097809769,-1.14216131802909
2.29212748225278,-1.72272395139125,-1.7949916641506
2.10765969393713,-2.17813197311559,-0.85482040623098
0.90201314750732,-2.69095584093786,-1.79002471722988
0.371717235131426,-2.89038258345459,-1.44107208857789
0.473756290279532,-2.74485624149136,-2.08029819058075
2.60141885809202,-1.55733943518834,-0.895099955884859
2.41462487525817,-1.63524471055,-1.55010727681266
1.60501439761132,-2.41754686768366,-1.48778160187296
1.65374991263193,-2.5337518035065,-0.867830513720889
1.98862622237174,-2.07598875533157,-1.67202007667846
2.73232185003526,-1.24646067355601,-1.12042062748807
0.672635684150784,-2.85177310344912,-1.34424371106806
2.06132785225238,-1.96277597850124,-1.84176808465701
2.46483281634696,-1.62720745881687,-1.3416669547446
1.49143139558941,-2.64416881114836,-0.81546784567486
2.05651243358314,-2.11945862953201,-1.26371471516613
0.729758452854948,-2.78770321238098,-1.58190458935286
1.96896562218288,-2.36754327212854,-0.599549308807157
2.61892250919774,-1.47638498964384,-1.05918236766609
1.63116683650722,-2.31241067455835,-1.85406662864674
2.4469018551976,-1.83538022014394,-0.719507498641237
2.02371105722783,-2.08708783742412,-1.50515993490808
1.56048947703459,-2.44921620721075,-1.47369036236909
1.73215141432768,-2.35014079516097,-1.40732008271492
0.911241492951104,-2.6825038641255,-1.81464909587635
2.10526541732557,-2.19032092512151,-0.81706883675206
2.04111623250167,-2.04124603902503,-1.61805353517261
1.91477607209047,-2.30955451280949,-1.00641522910949
1.98029028526796,-2.02406197499452,-1.90160420984316
2.30134669541686,-1.81681849745577,-1.42268384262749
2.04981746569342,-2.26803162240177,-0.715406854963425
1.4954629093131,-2.593438876346,-1.02426975591673
0.61090690100403,-2.83088864080679,-1.51638892374003
0.410575760751478,-2.79444038770865,-1.89137310472173
1.91426088326086,-2.36112260669187,-0.802776649698817
2.31644306183829,-1.69641471262518,-1.78172668533532
2.70827840293581,-1.25317150840503,-1.2407414704017
1.28165496005431,-2.56735223071158,-1.63455806615751
1.86913036195273,-2.28527321242542,-1.2499807027839
2.08718216813207,-1.91665122838572,-1.91828087867904
1.10769486081896,-2.6053336557572,-1.82182212388606
0.427040652700435,-2.84132051233933,-1.64379898529238
1.25845116006223,-2.62813635691092,-1.41489767666901
1.57600355255078,-2.34467104449663,-1.87234710696029
2.69415773969964,-1.20620282850055,-1.45884000839891
1.5636787711762,-2.36396873018835,-1.82468442647207
1.42977940139054,-2.56426412742068,-1.30955024190579
1.71844697097447,-2.42316159828558,-1.1468593537137
2.55260463390176,-1.71007319030995,-0.645011345705398
0.660858174228516,-2.95446375986011,-0.858855985186763
0.494942133075796,-2.95583196023178,-1.0156193245336
1.60639843314061,-2.3283831440188,-1.85690751943699
0.969457850167175,-2.6279301397237,-1.97063023040814
1.27544350203033,-2.67669759878399,-1.16290711764792
0.738898625295566,-2.97191912792074,-0.684005313181072
2.61020578088822,-1.48503612286148,-1.0778456304105
1.80273995928128,-2.42834558892654,-0.877823822739794
2.11180065313309,-1.88244510811295,-1.95179696486204
1.90167400789011,-2.30140506546516,-1.08121978846196
1.30857279461919,-2.48181083956558,-1.95121061029162
1.11154173564744,-2.66688354063244,-1.53530994782744
1.44041822722391,-2.6145381611358,-1.06618109029826
1.90470395299466,-2.39595611775811,-0.694072799105
2.35634828327068,-1.9265163761209,-0.799422489313319
2.10360907670019,-2.19624703669329,-0.800462113326266
1.62176440977334,-2.57001856107606,-0.801125235575787
0.743596840318849,-2.75798993634766,-1.70580178289598
0.324315122247293,-2.81228687675693,-1.86841112830672
0.7087302115693,-2.86045831667158,-1.25876018884881
0.958306717313772,-2.72730957445011,-1.52939677915475
1.807459504905,-2.39891427336313,-0.983427717384508
0.976331910728867,-2.78917401990346,-1.21227096648743
2.57363644790575,-1.4902050031208,-1.25107044877741
1.00814488386874,-2.85658421269396,-0.846699900661037
0.998680161954672,-2.58048941174054,-2.13751583229957
2.05764891475921,-2.11898131761258,-1.26145501799294
2.66734798631226,-1.56242531155617,-0.535384796294124
1.97829679065736,-2.08231431792494,-1.68375858680513
2.32405532258883,-2.01595456768092,-0.615739692369668
1.77762354597632,-2.45429519587633,-0.846424103454675
2.25108017321131,-1.81510147723229,-1.64011268119607
1.24563475755663,-2.55605811899583,-1.76244590902575
1.07636464337184,-2.73009002303524,-1.31226659920678
1.98610943554632,-2.17748403442002,-1.28743537920855
0.525913956019222,-2.84930540406786,-1.5146603528962
1.98144988552804,-2.25176309604819,-1.01345500801701
1.64967074900112,-2.576843510171,-0.697833593619691
1.82438203504486,-2.35744378143771,-1.09997534765053
1.91645175119425,-2.16915938249215,-1.55606364866593
0.408425557662263,-2.87181247062904,-1.50654827439215
2.61708205428204,-1.35302616147562,-1.45089983361293
1.74058187719411,-2.33061792545461,-1.46233487568276
2.27002574713447,-2.06197973710097,-0.668611158551412
2.62362798893217,-1.21208639266841,-1.84212158554919
2.62896759088882,-1.14742822037508,-2.0043056398891
2.2454035446872,-2.06352133694515,-0.760925075832184
1.63949569664065,-2.44409773382988,-1.28224371608914
1.09138940642462,-2.78340102337098,-1.04100903325286
0.809391239305936,-2.73612881697199,-1.7183193302575
0.788944346401161,-2.89166658915107,-1.00657562559668
0.894081703483482,-2.76256157655736,-1.46742355746827
0.461627158285204,-2.80927219255156,-1.77303792902783
1.80452369879921,-2.12020225824339,-2.11573958975401
1.51876218788273,-2.45023106919702,-1.57822928989884
2.69422209616826,-1.52315015473829,-0.512780645459197
1.63647896958362,-2.25142288588924,-2.09159683494795
2.68676492180467,-1.38362559144241,-0.976763173825602
1.99413318080333,-2.06602088208091,-1.69107300381324
1.39276844006965,-2.665428345035,-0.955132279739295
0.973329755244994,-2.89613328776637,-0.718358595104328
1.12392115974853,-2.62926642696206,-1.68217414831551
0.437313012250298,-3.02035189586067,-0.739143165028381
1.81167450843532,-2.16339036298944,-1.92031345259088
0.541641782903778,-2.83985514703997,-1.54562537964149
0.721384348839071,-2.82125472260905,-1.43167006862654
0.63420025228667,-2.88358872377833,-1.23377079789181
1.10357593777174,-2.8525067654119,-0.70226337178733
2.4410017107998,-1.73684933841424,-1.08330450580637
2.08561988448255,-2.15416545237,-1.02613457248826
1.24387603684538,-2.57660445641316,-1.67494448842532
2.42814274476067,-1.74386583600074,-1.11828694369594
0.757605551949825,-2.74119606458939,-1.76697086040555
1.98198420297131,-2.29686639654803,-0.8348210309444
1.94020851193922,-2.23571443223838,-1.21491711856088
2.06012517063545,-2.18512090630705,-0.999021293359112
1.89741242382053,-2.13686205689684,-1.74664596036604
0.380579299014317,-2.93476578573336,-1.21111914181056
0.582396369552864,-2.85455313615204,-1.43160212915884
0.50146020346023,-2.7857141212774,-1.85194148997573
1.52552603487486,-2.4034786109861,-1.7591652451962
2.47608420643696,-1.83003325751582,-0.604830972808783
2.117738579325,-2.0966327105533,-1.12685903593037
0.643717259968739,-2.93873764555675,-0.954370545372774
1.39888553991655,-2.46793282878014,-1.80076104695994
1.53868244999215,-2.64602509186968,-0.691279314825
2.63893040499978,-1.18363447729124,-1.84088393609768
2.11389049894133,-2.03919422591279,-1.35772185672973
2.16106097900138,-1.98604123061714,-1.3768740183761
2.25518961104948,-2.08481559535856,-0.643980414856895
2.54474663010001,-1.56448459564126,-1.15901577365967
0.508663168439498,-2.78757351800129,-1.8357020640082
1.67960136360133,-2.38070970924623,-1.43359988526839
1.43797946910568,-2.71064376638133,-0.653596183665448
0.901579171150603,-2.89502400091301,-0.833007412469806
1.1333359435746,-2.79309805357492,-0.920098491362136
1.86421558306425,-2.25329241155818,-1.39341753068501
2.36026537117025,-1.77823160359764,-1.30374130025661
1.24205634521681,-2.75686205114486,-0.873574282314067
1.7872659310489,-2.34769070272217,-1.25277695659362
1.62715612278551,-2.31248944548393,-1.8650413763508
2.45367921246154,-1.74680132964153,-0.991066893182421
1.12551940069078,-2.57055034753167,-1.94435114795401
2.20978918118009,-2.06789805425562,-0.884499751594239
1.00752293823033,-2.74088199455736,-1.38381886255328
0.611045897687085,-2.98569938167621,-0.75881394713408
2.5986118510755,-1.23200918591954,-1.92041391642188
2.17699584506843,-1.89176262658421,-1.66253472517614
2.0382471391276,-2.03529904745109,-1.65112988531351
2.68802406773044,-1.52262788746267,-0.547856422436904
2.49585276792015,-1.51558161747598,-1.56042595883423
2.60177883904396,-1.6290216779678,-0.664370518734993
2.48703264212112,-1.40654730867908,-1.95837723666202
0.550952902717457,-2.8823219322275,-1.32741830788958
2.33891123492081,-1.92299196988519,-0.886076783886983
1.75168799435862,-2.33283427558625,-1.42022442452829
0.911826638164172,-2.71963452994327,-1.64049765452316
2.13712481554898,-1.96703259022646,-1.53973153407448
0.900117936881938,-2.75812112857829,-1.47889467872909
2.49524193910318,-1.79127028997573,-0.647652846382133
0.59332171491128,-2.85635363373414,-1.41120809556956
1.13210831524913,-2.71884516068446,-1.26034391123161
2.61141394326082,-1.46599249168189,-1.13114834791484
2.43018336677398,-1.78423841200143,-0.970770226161947
1.03040667504534,-2.72203886753138,-1.43107904480214
2.46335930793446,-1.70874101888887,-1.07493315972679
1.82112044980227,-2.14632511659027,-1.95834069526174
1.23870402694154,-2.62573954498159,-1.46711243379585
2.39385186272496,-1.51122211061512,-2.06557921594895
2.46521610606092,-1.53264911501142,-1.65389663043729
2.30491973917459,-1.85246540441918,-1.28083474745173
1.99085706636433,-1.98840735925467,-2.00101967284247
0.533367597718985,-2.87057412920845,-1.40255750926313
0.963719998882234,-2.67707907862613,-1.75326968554406
2.37004394983349,-1.73453401737258,-1.41236482769691
2.30135192999971,-2.01807678839764,-0.701474490815443
1.9679497114085,-2.35868619653817,-0.637911942703476
2.59001361726187,-1.2417748591892,-1.93772701973435
2.6562427723512,-1.47300706053793,-0.871364846070713
1.23862655995659,-2.57657020303991,-1.68623883416481
1.42807307025461,-2.39713367076767,-2.03469500150794
1.20430771486576,-2.78326822366642,-0.829674848132023
1.55248674738871,-2.43018064671582,-1.57529839437535
2.60573241808867,-1.29628734249871,-1.6859965639203
2.16522440340489,-1.82046675501432,-1.97060139296019
0.662515551790763,-2.86843338545307,-1.27534575490144
2.5854469544849,-1.30889327253504,-1.75672658505962
0.409267131441828,-2.81277746759599,-1.800992534621
2.68023033020953,-1.49986261306554,-0.659743273729565
2.43954339105154,-1.74139650346988,-1.07452174180832
2.50764899713264,-1.80595373405396,-0.540175860573959
0.925591692523933,-2.63830256899238,-1.99677569444876
1.21169051530164,-2.52340299226331,-1.97975259413739
2.72544224590381,-1.17756943580836,-1.35799498881248
0.960014039494832,-2.70647145574379,-1.6232840786554
2.46403066460626,-1.67879195495881,-1.17262198251539
2.41798832313582,-1.70776740476963,-1.28797652511041
2.52926844755801,-1.70851937228519,-0.763105488953239
2.26778257354398,-1.99289763296074,-0.929412339243203
2.02985462884188,-2.21846207361208,-0.976918027047458
0.707666502165177,-2.68678657962102,-2.09392796227773
2.07740200944209,-2.21666626167921,-0.816372938168958
0.660265581651683,-2.72102882248073,-1.99059324187301
1.9886851800195,-1.97540383314004,-2.05862724902416
2.72839381065173,-1.08944387171081,-1.58876553604261
1.82160558297846,-2.42700818455249,-0.826407879144789
2.06337676934096,-2.17524370515264,-1.02537320209311
2.07380701879256,-1.93750930082584,-1.89042793192607
2.59990494288003,-1.22945928416266,-1.92104679122247
2.37747047524414,-1.96188407092273,-0.583952333593157
1.15100894979555,-2.68240892330472,-1.38929732101786
1.11815124736841,-2.59219857060703,-1.86102070713464
2.32861588995303,-1.83457792514319,-1.24335623192806
2.40758391435924,-1.72595881189034,-1.27315431087778
2.2683635567629,-1.82434545840152,-1.53492055445326
2.39810675087462,-1.60409824434806,-1.73216827345446
0.863811558602591,-2.92270979678412,-0.756456524862785
2.48194390963844,-1.82893140125919,-0.58165165696918
0.995182218034433,-2.84671225488632,-0.91384097263973
1.93887771959349,-2.11296000347869,-1.70068037523427
2.44762551512116,-1.86830287576673,-0.602978672764894
1.72820437088245,-2.21319577458621,-1.97826820107484
2.34997451177149,-1.9834217973229,-0.624149135835705
0.384364670065438,-2.91282596519013,-1.31891431042284
2.33901047585923,-1.93876410872645,-0.829538237104923
2.21725121306301,-1.94109716579237,-1.32156415769984
1.64419563489243,-2.23399643519601,-2.14134239046326
2.4688980359911,-1.7708268600984,-0.839202712497119
1.11111189687392,-2.83828784089899,-0.754030079183388
2.39485148878195,-1.85022950491908,-0.900512719209895
1.3953684801766,-2.68379306753844,-0.868750447884409
2.70476287765151,-1.35553004802071,-0.95999689579316
2.47906970720701,-1.43592569244786,-1.90290958870974
0.510568255480476,-2.88670259661946,-1.34459302673353
2.21825126960293,-2.08276939334545,-0.796530645971089
1.1678615920325,-2.69025191542454,-1.32102057007562
2.57260712296737,-1.60028790548052,-0.903853604621906
2.73103668865483,-1.27688590794541,-1.04016115070562
1.38964066667279,-2.46557567682361,-1.83311869872367
1.68401067677717,-2.33598956336055,-1.6057798505903
0.3855233278631,-2.88880723912505,-1.43886308721642
1.90548344643349,-2.3727946985406,-0.78424949287947
2.33544554503913,-1.79364083818193,-1.3581632881605
0.789708310562392,-2.72890503091768,-1.78068631908357
2.53681755672976,-1.69377850625342,-0.775363517141375
1.64529041290364,-2.428570614489,-1.33108734478619
0.83409331219686,-2.92762043818489,-0.774291255492218
1.98415140076187,-2.08203765798371,-1.66435285276259
2.07986882612654,-2.16250582713338,-1.01504190852508
2.37714225911717,-1.95673752501849,-0.603559875244284
1.66145288056069,-2.41954014857194,-1.3236994555373
2.41091153513522,-1.61034098698126,-1.65165626265854
2.11810991823483,-2.22826068158512,-0.625829663404693
0.414725056993343,-2.85903856756556,-1.56543490814378
2.70321210242769,-1.0259011621656,-1.91852305413885
1.060573824541,-2.59172655016908,-1.97296031392418
2.63303217269542,-1.30192272776492,-1.51976552504988
1.8558469274007,-2.27355276403911,-1.33913227724382
2.55025713888863,-1.6820190049358,-0.748643430584609
2.04180042637244,-2.15480195590781,-1.18064394281849
1.00868502190515,-2.76225399511549,-1.28306328766789
2.43010488545028,-1.83031956775613,-0.812655761826073
0.987820530854424,-2.75909382031856,-1.33287591411421
1.73065225941201,-2.4919553108193,-0.827595177630075
0.872259362092227,-2.8817076828097,-0.938728980627428
0.854045361727694,-2.83141765085787,-1.20297420806631
1.84770773505814,-2.3248626486062,-1.15897012794497
1.05122178414916,-2.78615067199495,-1.09955423294815
1.95144449629797,-2.05810142347718,-1.87099707501511
1.27537785883933,-2.6872008583712,-1.11628832101989
2.36447909341746,-1.92048570866827,-0.785978930840297
0.707618260963394,-2.91575241828416,-0.993063521203371
2.25434912558278,-1.84587960415013,-1.5159686910902
2.48856189798304,-1.53050385323535,-1.5473754254303
1.73981089580298,-2.21961146784956,-1.91702985041316
1.85670884734076,-2.42640649276854,-0.72162244107363
1.26420264837359,-2.60189220761759,-1.51927770903495
1.12985910849505,-2.69354693182385,-1.37947470141744
0.82462691553164,-2.93343893754111,-0.759377964432654
2.51479463905652,-1.51273108253389,-1.47599559165238
0.921301445257826,-2.85583455904427,-0.98788340905291
2.19932926932173,-1.82969983187373,-1.79974051938952
1.78297517125196,-2.22064515631569,-1.78040626616177
2.70570982223594,-1.31126350586453,-1.08545555750779
1.47883909882771,-2.36520531163426,-2.0428442751025
0.536813138943288,-3.01286819227645,-0.695396972767215
1.3151168329823,-2.53501396690724,-1.70294226269743
2.64501063979653,-1.5485710046426,-0.696390639237933
2.62640430671519,-1.50958284666965,-0.916062526424252
0.368181621414509,-2.79622388714253,-1.91675006439232
2.59331559356296,-1.39716432961599,-1.44131190527796
0.312934416801632,-2.81120052626274,-1.88178420172394
1.46009988888635,-2.3939292637432,-1.96814334429177
0.914844055089042,-2.63656915173055,-2.02256616639884
2.15832247806008,-2.06878809417927,-1.07907833060027
1.50990000207723,-2.63765323188571,-0.798465515362897
2.74711905498387,-1.32255587051294,-0.814578774687461
1.46466523727995,-2.56526765614755,-1.22106511089348
1.33157087295498,-2.47137799931068,-1.94424767248533
0.855930751403484,-2.64437816837339,-2.08046414441941
0.487863684045717,-2.86614452633265,-1.46728591939411
2.16255429478288,-1.85645980707009,-1.84935694985055
0.736821539979711,-2.77386873345176,-1.63889408983443
2.41917966505593,-1.84641918182148,-0.805932067562836
1.63986245738173,-2.23642490674681,-2.14381876479084
1.57685825953762,-2.37348824405128,-1.74909346529237
1.27902063856328,-2.75923195061102,-0.78738038877365
2.7033621068263,-1.36400447401652,-0.942707844194917
0.669711561623231,-2.88589485723435,-1.18229045277506
1.90705256984965,-2.35020212260651,-0.869457503925226
2.13077174051551,-2.21554041130116,-0.628258095892298
0.646905820234905,-2.78625255330023,-1.69189354678936
2.31534273306769,-1.74342730862603,-1.62176704264347
1.00854458344661,-2.69221681690192,-1.60656104110918
1.83091260339482,-2.21640558611717,-1.64703890686879
1.09524952197306,-2.63710680863347,-1.70140596361328
2.64602813962207,-1.17399979664277,-1.82909259159774
0.596313428568672,-2.93869354011914,-1.00465036987313
1.44558625307311,-2.59617905100455,-1.13347883695811
2.21729018338358,-1.7545699649445,-1.99776890706088
2.33208130724615,-1.94500076974548,-0.836517005637841
1.8717981661622,-2.34461013531137,-1.00394093166553
1.77710438465571,-2.27319598096604,-1.58602264153803
1.58113563240259,-2.39371065291653,-1.65257120882084
1.48254630889102,-2.4366890791832,-1.7285749154465
2.61925834139312,-1.40131930042119,-1.29055069818391
2.63702350770754,-1.4196462457377,-1.13884183001368
0.644153484210271,-2.93679100464397,-0.963394775893453
1.16052308922432,-2.78699706752494,-0.896976746573609
1.68561617792828,-2.29755670492431,-1.75948253874248
2.04646496900507,-2.15125266327471,-1.17772622479673
1.46596383893281,-2.53857509972224,-1.33294089506629
2.62261179218119,-1.25109382316958,-1.73064607816202
2.12761577494592,-1.98790407971426,-1.4982160386283
0.613818522672056,-2.86650760859453,-1.33948562756392
1.2273791309922,-2.7984543269263,-0.715816446972745
1.20052809061895,-2.54334587296122,-1.91433045032666
2.15448913804227,-1.88768749592717,-1.76630557587643
1.7709081910083,-2.37897827810977,-1.17446222131449
2.44336530327025,-1.56387704086847,-1.65510454550805
0.391452113902642,-2.808965717801,-1.83456440213042
2.00394101105928,-2.04600107566713,-1.73333766575786
2.63917089511335,-1.55722338771069,-0.699883737624329
1.8256313767984,-2.29343186091297,-1.35442467212309
2.28374694331179,-1.83710996199779,-1.42481330711868
0.528599066768991,-2.9590842191974,-0.969570076019791
1.25179381402743,-2.7535848834059,-0.868529449609434
2.36004718106727,-1.78313339214693,-1.28759822917505
0.87989251224252,-2.72876270967263,-1.64782896412092
2.23578591035255,-1.91436172467033,-1.34441266492299
1.55256564085696,-2.40230876761136,-1.69285373768136
2.3718959585363,-1.84668449406596,-1.01354355407755
1.12497931031235,-2.80980592639455,-0.859224242767796
2.55055448561921,-1.51537938721251,-1.28822274794865
0.960017145560071,-2.62902893288729,-1.98176176978785
2.30190755156682,-1.63376074704484,-2.06425948477151
1.10842865369243,-2.78047533382097,-1.02351406012375
2.67571835572392,-1.22105771762988,-1.52153847324767
0.896809494241145,-2.76115179184369,-1.46981989735424
1.28491372236033,-2.7056429854476,-1.01408581735531
2.63138908842645,-1.14008699296763,-2.012213260195
0.439405316762062,-3.03851742206727,-0.646232860901212
1.40809324527378,-2.47492525883246,-1.74835550698916
0.760438476261979,-2.67218966927428,-2.0911445205396
1.561854700752,-2.36956898918218,-1.8060334468128
2.56079954235339,-1.34138226992047,-1.78675204402001
0.600365427389766,-2.8036144188379,-1.66097609314573
1.55436779474447,-2.60696267342671,-0.819075982172485
2.57293273568735,-1.61337072640338,-0.859986904461129
0.901602892297132,-2.88870612201493,-0.862774888272864
2.54839761594585,-1.54560828522201,-1.2017664515641
2.20361419158047,-1.74466810954445,-2.08992762160153
2.52349375997212,-1.53402756144509,-1.36361575536838
1.98278359179838,-2.1182883522311,-1.52881618169875
2.64193374300816,-1.52968105433521,-0.771607663918426
2.46209025679048,-1.84040073838124,-0.633376678065056
2.62805940498932,-1.32476081467366,-1.47770713314416
2.67654877923183,-1.54391679728003,-0.543858169850394
1.99241213798835,-1.9660294495303,-2.08114267288761
2.09800572743585,-1.94274490680871,-1.77957303209848
2.15000349994314,-1.88763213061823,-1.78410368267065
1.92170809045904,-2.10695834995517,-1.78247728746254
0.877529165924059,-2.80556717448915,-1.29043663094246
0.61694193320238,-2.84973214994683,-1.41787457608543
1.50455798275311,-2.636932868808,-0.814671169414751
1.40262058190308,-2.69885098549789,-0.786276511146948
0.395196888589128,-2.79046059155569,-1.92400563103601
1.59346603898746,-2.33927322672145,-1.84716304220916
2.70544631285716,-1.50811270507103,-0.497699912922964
2.31425094678474,-1.83819097280396,-1.29195202305524
0.611794775309637,-2.92408582509213,-1.06020131974983
1.98302271417544,-1.99909720216536,-1.98793956776696
0.861342074038265,-2.64160396470126,-2.08499295857715
1.47328251026422,-2.44550927723739,-1.71427443469388
2.48344256965709,-1.4025665028617,-1.98921855902415
2.06902022403299,-1.96410051956633,-1.80817296842778
2.58123126208758,-1.69928503042387,-0.539941654668384
2.2517006848962,-1.8613682665687,-1.4711432110916
2.5589250974058,-1.57522542144948,-1.05337185403649
0.964877192880148,-2.65727649534835,-1.8429248877285
1.4804471299982,-2.35033209634334,-2.101965351114
2.29003590401049,-1.71424474054526,-1.83389215546667
1.7972941151295,-2.39273785513072,-1.03924681916297
2.70122783180655,-1.06568948195245,-1.81897066203783
1.10734595208683,-2.60747151119391,-1.81280942893454
2.68011927842294,-1.05751877515594,-1.96801178916869
0.760984458744813,-2.78640909097144,-1.54678495610117
2.62106338654079,-1.39575544471861,-1.29806166294569
1.44288039450473,-2.69604755170037,-0.705880652419197
1.30377007477357,-2.52872836662618,-1.75600533474444
2.50216019636797,-1.54988588680604,-1.41724832278781
2.6210628412536,-1.35708582043529,-1.41696411847414
0.927844715284011,-2.62537697830263,-2.05299753653923
1.29801293179048,-2.77496641916833,-0.677671925566963
2.54855382720335,-1.3463133321509,-1.8354950257599
1.05410667228953,-2.86282465599639,-0.740829221371328
2.61298136060778,-1.37087780343436,-1.41806810096807
2.72627864822489,-1.42416557961644,-0.635043167098903
0.767778905238051,-2.81162996939671,-1.41725147555964
1.92386248967781,-2.29039989094622,-1.05284245667108
2.59015596840221,-1.50004167430196,-1.13479984693124
2.4796668034167,-1.57314013300326,-1.45025903900682
2.62544617452908,-1.59686459897521,-0.646077593987362
1.01118892102804,-2.61253461163989,-1.96817058163485
1.43194915191805,-2.70998051113034,-0.670426019061718
2.6690733406757,-1.35147365789638,-1.17146298141582
0.578460398468943,-2.79450173279162,-1.72944290670856
2.54511640465495,-1.29274818888883,-2.02118204557963
2.69254909010267,-1.45778966590291,-0.72106162458467
0.514921922735385,-2.74219628520515,-2.05248102029061
2.7141332817546,-1.25032075555696,-1.2151729102341
0.675855566262534,-2.94016206383399,-0.911682433125596
0.582190263366392,-2.93179955370569,-1.05284023254834
2.43207414953309,-1.4851708565738,-1.97083057225841
2.48245508343064,-1.49676444693232,-1.68782159814104
1.67807605199361,-2.32812673049386,-1.65532284990874
1.50446204039553,-2.44302870437699,-1.64565443407592
2.10346865856492,-2.002026945218,-1.53657062453279
2.39854828515954,-1.94211158007173,-0.562858708938526
0.973766167532792,-2.7005852841455,-1.62750660324367
2.23395749149076,-1.85057383676393,-1.58301994581444
1.06923948179848,-2.68890518827295,-1.51361033825231
0.31751393529794,-2.81080874166773,-1.88060913306514
2.28762069211997,-1.82543540581906,-1.45015274490861
0.711719245650056,-2.85465584838498,-1.28304877903886
2.42325875872034,-1.88306336047434,-0.660738903625916
2.6151166597492,-1.26431982014202,-1.73198293701406
1.73985212746678,-2.19812820960387,-2.00408604866432
1.79242669229639,-2.42851196557613,-0.908001796517463
2.22881041025686,-1.96602996185441,-1.18419306739265
1.49246563006165,-2.48467733704247,-1.49835479204872
2.01849786615407,-2.02179430371425,-1.77401498320816
0.45905066012868,-2.8270709036352,-1.68705365185713
2.01984408636241,-2.02716320035602,-1.74863814633456
2.54367560349809,-1.45486971929288,-1.51691121649605
2.40090931062197,-1.85739836351771,-0.848835160899557
1.65922506450989,-2.28774810555289,-1.87624633705838
0.612404830761726,-2.93392387127304,-1.01138188030788
0.362143397557953,-2.77289656441185,-2.03835690943496
1.44063914599079,-2.67640367217147,-0.796696164391614
1.18668436270986,-2.77937105851835,-0.881535489132402
0.628194437105449,-2.89811065440085,-1.16957264839658
2.74185356464886,-1.41239790516042,-0.582040961168378
0.395903503194953,-2.84781251234897,-1.63660096992488
0.949057943635223,-2.64775650132983,-1.9137416281472
1.7891138472736,-2.40264577567402,-1.02345612424924
0.601981290185763,-2.86769445227221,-1.34649564034761
0.766908506789921,-2.81789920993734,-1.38847047815732
2.30211756592196,-1.9355591751587,-0.995610957600637
0.661306966782517,-2.80695207525612,-1.57460496725759
1.72857884644335,-2.54315005578427,-0.621306004775893
2.34597993006784,-1.96891354116844,-0.692711194107759
1.49710478222684,-2.33120505833589,-2.13980951826393
1.67487266098323,-2.25941189478066,-1.94766888489941
2.44393939944612,-1.86999665839527,-0.613698314400509
2.70962887945623,-1.49548558781631,-0.513167974693421
2.49667021896315,-1.4823673173135,-1.66463024343474
1.17755855710112,-2.79842976064277,-0.812705940741162
1.95825092038369,-2.24590161639153,-1.11457363071755
2.1844661140561,-1.83015437625439,-1.85808270353684
2.63991315817755,-1.60046594779249,-0.559918884171275
0.419955025881804,-2.76058665570591,-2.05185814464505
1.71995399088187,-2.19523267689301,-2.07625849411253
2.70330525132427,-1.42944908641546,-0.747363635426312
2.12046668511238,-2.14322367343985,-0.940533512258974
0.829122121607008,-2.75704900824365,-1.59078958880826
0.50615356085226,-3.01672730241002,-0.702790632054218
0.707856281246999,-2.9804952608037,-0.679119931070951
2.29590117427229,-1.65742686536506,-2.00794944935409
1.94172804722411,-2.08537711158782,-1.79848114138379
2.21628753820183,-1.74026294908568,-2.05334121598627
1.99984975541909,-2.1897710409223,-1.19229215283005
0.74711184922542,-2.70923751766132,-1.93355949540246
2.57464664685417,-1.6587526259401,-0.704427022672247
1.57915672089447,-2.41610741216604,-1.56370062391996
2.35347365220011,-1.7956169477249,-1.27276881443313
1.87916679446369,-2.30511270987529,-1.13867897858362
2.72086099134722,-1.27323384572979,-1.10973039121229
0.810632290526389,-2.90859797293442,-0.896771964901766
2.46582191823433,-1.71385308004849,-1.04618887499932
0.57938364155958,-2.80945501998649,-1.65540012453227
2.65221774682181,-1.44577675102997,-0.976775301981
2.69281040770175,-1.15571258232556,-1.61257720286466
2.43529204991571,-1.84260107367466,-0.747007440592979
0.689372981648029,-2.68221317042981,-2.13991734316082
1.66325829087074,-2.23866624978353,-2.06683150287431
0.6664623631042,-2.90795192450641,-1.07892677823737
1.36946857871933,-2.65066482937853,-1.07268870625861
0.669575418472709,-2.78472588612509,-1.67202716144119
2.65544857812482,-1.3270916952177,-1.32023203197723
1.75295757796461,-2.21453531610757,-1.89755066492946
1.56434168023486,-2.44002321221845,-1.50236027864524
1.13022737546596,-2.7095149806357,-1.30628485462961
1.83471326199364,-2.35869365293201,-1.06307040444137
1.80266124181338,-2.30769499930087,-1.36798835864569
2.68801052556997,-1.06872303748857,-1.88932604998861
2.5468303271002,-1.44286906208949,-1.53906288841132
2.48469900680969,-1.46988138449792,-1.76453593510977
2.41938820855146,-1.53795083844489,-1.85551463240003
0.528605101985741,-2.73666223659901,-2.06544668725418
2.30190925503603,-1.92016262059857,-1.05169704650339
1.46363400658408,-2.471678006363,-1.62628794763137
2.64475746409504,-1.13022633717581,-1.96482360144672
2.24644786674783,-1.8053420351144,-1.69439687591413
1.50489686375026,-2.59928590103607,-0.975849440340008
2.17648555956517,-2.01200590263057,-1.22085641797067
2.42498985606909,-1.65516457121178,-1.43458044018182
1.35904145752544,-2.43361844683792,-2.04452744842518
2.58345082849313,-1.50063315005001,-1.16750404374431
1.82518705625724,-2.09995559771228,-2.12989846591009
2.66967127169687,-1.21995289218931,-1.55928812784764
0.658235306994723,-2.90447840033158,-1.1051573874416
1.47717420647967,-2.67111472804715,-0.733273111890526
2.66963782350234,-1.49888717997625,-0.719771678220301
2.61790160239951,-1.42185052262794,-1.23426376803091
1.75970900573057,-2.16982260604642,-2.05755843702161
1.51077305959613,-2.67332721127526,-0.642596857910435
2.50751912577982,-1.37076477760457,-1.96977487716757
2.67854616144202,-1.21704053265685,-1.51713350353457
1.79991895583443,-2.15981689415758,-1.97190909990023
2.08708621051138,-1.95760842722047,-1.76502596571446
0.503984159271146,-2.81456283012275,-1.70725058048291
2.52838975749221,-1.52088012689921,-1.38183940279095
1.91274862161862,-2.26239095217546,-1.20017413817602
2.74701781041533,-1.3562587463375,-0.717209867933135
1.92818590990401,-2.28102522934128,-1.07580581992301
1.40091377594106,-2.61670539139241,-1.14941954348847
1.36654162455237,-2.74245134819616,-0.675165687858069
0.853806219638081,-2.6494580051454,-2.05997255113387
0.57161609191324,-2.90235244245827,-1.20823632916617
0.421320811608741,-2.99608847055073,-0.872945112554986
0.638743473519618,-2.90673906175257,-1.11591317808629
1.50440711749267,-2.65576937258346,-0.733844151236744
1.54558869193789,-2.52662187781621,-1.18408650892609
0.598399111590413,-2.91618161645697,-1.11293677078649
2.53806723015522,-1.46821090391977,-1.50275301257068
2.46921041028943,-1.84718705128785,-0.577723220246225
1.01938412094529,-2.88763544154647,-0.683916516315284
1.31986288344237,-2.56111912113311,-1.577563239714
2.12622532656469,-1.82659901215904,-2.10246117165907
0.616419276898685,-2.90133350741035,-1.16658416707427
2.67110823622626,-1.48085440979231,-0.767272386390129
2.62343979851443,-1.54788755149822,-0.811249017777902
1.90565983291808,-2.1592828750153,-1.63090006407041
0.817679978446097,-2.96253325134526,-0.629638034877942
2.73808996161135,-1.34893047864528,-0.789921037756193
2.71666183395266,-1.32312629741858,-0.988162416658483
2.56488738264736,-1.61045836518204,-0.909632318380758
0.620538930879426,-2.94789629936918,-0.934412524661834
2.53630234189272,-1.36033986656749,-1.85503265412477
0.722355987650708,-2.9234599524889,-0.938092157409958
2.01161196641293,-2.21027091300324,-1.07201038188961
0.50917923628736,-2.94678173631406,-1.04809779334853
1.61366788401355,-2.57214339176703,-0.81357448754717
1.47887657072947,-2.41914010606736,-1.81283542964255
2.43212370633719,-1.54202163909351,-1.78150213355702
1.96562865456416,-2.35765626030621,-0.64962375070572
1.27433925565961,-2.63269547225962,-1.36085881164993
1.79342662085735,-2.18617665438882,-1.88658939067157
2.40244641609092,-1.7452865017831,-1.23001536011338
1.98467077792014,-2.30511095391839,-0.793432226800043
0.432489028577865,-2.91942804840002,-1.24912093563246
2.40817320008652,-1.80504385635883,-0.998215940350978
1.42962083352385,-2.55186142193812,-1.36366385231461
1.32252010587699,-2.72057401716238,-0.867672396604995
1.69227058500867,-2.42170289135658,-1.22778279360183
2.51003030225912,-1.72597038027589,-0.79715825478273
2.10441312488264,-2.18416581430079,-0.843626104499815
1.42482217650624,-2.58150573639708,-1.24656188328742
2.40594601080032,-1.52652691082288,-1.95727022012621
1.95454183106203,-1.9977534613969,-2.09377080128963
1.64656735568066,-2.52912820829897,-0.906738898977292
0.499459285516978,-2.75321377506616,-2.01394913046581
1.80192662023891,-2.46499641533548,-0.730662086819272
2.46634652306978,-1.66122483339992,-1.22067681110572
1.77826961733843,-2.16961116732848,-2.00066237468435
1.14503142656295,-2.81533583727418,-0.797037382680267
1.25197422223046,-2.77310482885549,-0.780619450375859
2.45899243349715,-1.77173665479404,-0.881834971652359
2.17549111783418,-2.08424963729492,-0.955919129654466
0.487723339322954,-2.93826975092635,-1.10924154719629
2.72832821545339,-1.46232998389248,-0.509677565416956
2.06835465994539,-2.24498354020725,-0.739498146028253
2.50237971411282,-1.77669593589066,-0.66336495761399
1.31444178527076,-2.69402995578292,-1.00273512492285
1.68303483765517,-2.28122907481739,-1.83416196963451
1.09918072264872,-2.54083159291469,-2.13011903039138
0.434697505442063,-3.00019142148379,-0.842422591681714
0.660318102845724,-2.77519510492078,-1.72928676164425
1.36921363312312,-2.61590174695309,-1.2257305887419
2.33659023160592,-1.58547247350943,-2.07686333094002
1.26902655134738,-2.5089676274753,-1.92010896270587
2.4566752113792,-1.83696483065495,-0.66976580618201
1.22933777428309,-2.80519482231245,-0.681563100543642
2.09800858758856,-1.99354371959907,-1.58895304058267
1.3587089633144,-2.59136727762482,-1.35712923786491
2.05894292311074,-2.24515475490023,-0.771963351334989
2.15129275129275,-1.95728744927647,-1.52135977583922
1.21686890573078,-2.48192751120459,-2.15302576035524
1.05538284069567,-2.72610062826649,-1.36825497631595
1.01344305288982,-2.77307536431458,-1.22493954324801
2.63756472976495,-1.59791813492057,-0.580133989177633
0.828613805420185,-2.75314271882458,-1.60999128384449
1.27664999645288,-2.51050435109588,-1.89652692786896
1.53394029819672,-2.52099596189257,-1.23792672542122
2.15537395868336,-1.85805358071094,-1.87191374772299
0.735254781057241,-2.6829563818704,-2.07497291040142
1.40711926870813,-2.68868744040748,-0.820541136471875
2.63808568003033,-1.56706576431929,-0.674636418966444
2.12628486250529,-1.94169453038093,-1.67568048341189
2.42432640242441,-1.70171405450341,-1.27955459890384
2.41218208050929,-1.75476139274378,-1.15347248941818
0.975148809741836,-2.60651461316775,-2.05948674846649
1.9079448702051,-2.2739087588465,-1.17017380701309
2.11210773879918,-2.16680017001651,-0.881720261352002
2.66871679050194,-1.17056358565153,-1.7093655839163
0.681034271763879,-2.75052357500632,-1.82267852768998
0.770031223480519,-2.85579067572944,-1.20316067738119
0.457842486965413,-2.99890839081854,-0.831135095197495
2.21644701327566,-1.78241411301244,-1.90099578083725
1.63254255394831,-2.45702786296554,-1.24722720876721
0.741972235833706,-2.69096419321747,-2.02762425052359
1.9666539984057,-2.03057321323077,-1.92452147346868
2.72560697742445,-1.29731396971785,-1.01230282120973
1.74944500884083,-2.41099871420577,-1.10684746763119
0.738958412516434,-2.76426489318815,-1.6819970070919
1.51297620044291,-2.35611730441367,-1.99267562078016
1.81961603719077,-2.47088486457881,-0.653790288700957
2.70933781811401,-1.14633609910557,-1.5422384364711
1.8678538240475,-2.22766922460202,-1.48387850737391
0.579465650017637,-2.80507082893151,-1.67673284931575
2.4167095001072,-1.83164949269568,-0.868068959727695
1.66264684938599,-2.53807272803176,-0.825473741184398
0.907785187328211,-2.6617105850202,-1.91711279710772
2.3068093710799,-1.88030118459478,-1.17368705725139
1.10524962219313,-2.79134420596371,-0.97959177002526
1.69360301488301,-2.29266499385823,-1.75630600422171
1.5952629892916,-2.62845926998455,-0.622820188871454
2.26520852862381,-1.89503923595121,-1.29411741557709
2.12366703251462,-1.88759656760745,-1.8868223549206
1.08625835847757,-2.59193238457225,-1.92360002951568
2.46175630836993,-1.64096204224289,-1.31024672582252
1.97025748026551,-2.29466839567363,-0.882707532241329
1.45999340501246,-2.67568234530798,-0.754320010826485
0.482051552348436,-2.97357942542384,-0.938161422811762
2.20909714150221,-2.03130421376429,-1.02245576815306
2.09510993250853,-1.86510375401439,-2.08051254575049
1.92760048921869,-2.34660814513944,-0.817568425649583
0.908740024106072,-2.69293389573648,-1.77003907766047
1.39639497751571,-2.70441071423192,-0.776010008577739
2.42265965107148,-1.70687100544096,-1.26963613621551
2.13463192137173,-2.12020701172262,-0.97508464331381
2.51476182627891,-1.56404296784889,-1.30903228894184
0.920340976271734,-2.66266193701323,-1.89224559597983
1.44761580463486,-2.68021102386524,-0.763783208794547
1.32156834837511,-2.62444815787378,-1.29487108588183
2.14586055753831,-1.84361727286126,-1.96255295674512
0.789082783534693,-2.84909820260388,-1.20976177038381
2.34064334645363,-1.62698896517447,-1.91560797115491
1.57916030244315,-2.49377625342421,-1.23600295092285
2.25384960289732,-1.85997922958695,-1.46728469449864
1.28775142722951,-2.46641589240572,-2.06580916964946
1.53863781161576,-2.40781064650215,-1.70641601246081
1.21792032568884,-2.56545713647928,-1.77936241645867
1.72168242430957,-2.25997896201084,-1.80723404069023
1.56305415366135,-2.61180121383837,-0.776345751081533
2.34606245380917,-1.97977156119447,-0.65363243523443
2.22593551863445,-2.02328349054298,-0.985759947455731
2.17302275850788,-2.18034614292532,-0.60517026836357
1.264384113587,-2.78411062947128,-0.706071282271847
1.82336220197701,-2.36380515154433,-1.07737449757036
0.495844159044852,-2.99906890715249,-0.799497238697482
1.54029591614065,-2.35068386587999,-1.94330811049987
1.35024265044849,-2.42723305744369,-2.09305635136985
2.12102318183355,-1.94334431935371,-1.68969678042454
0.990881866032285,-2.89812770825566,-0.681209756721083
2.04480902301779,-2.01738064804279,-1.6955434603811
2.65885216644901,-1.08716550529785,-2.00834445420661
0.38341231394943,-2.78764245065459,-1.9476664120065
1.22502293758934,-2.4920482825378,-2.09063104387777
2.73342747666947,-1.36124400056663,-0.780548126326084
2.31140704289618,-1.90439200504178,-1.06837483069486
2.20398908259251,-2.07271241425329,-0.889188283662439
2.42837035195848,-1.50529477725687,-1.92176472943854
2.52033684781616,-1.33294264786803,-2.02423095898517
2.06004905475266,-1.90667529844644,-2.05797195372204
0.81628453567295,-2.95253490665327,-0.679302080349664
0.795753976260031,-2.78434207647578,-1.50900428892985
1.28012549901211,-2.61820860744496,-1.41273368474416
1.07812122296325,-2.77631798317645,-1.09727254867737
2.07492066683443,-2.25457062380177,-0.679381352965045
2.24829503214311,-1.78768654888148,-1.75001512227625
1.48914579461133,-2.47392394981902,-1.55272546059619
1.56705089556201,-2.33027594061588,-1.95707588361898
1.26803494179529,-2.59712307589547,-1.53222510357743
1.90792876838076,-2.23933139168152,-1.30729129678205
1.08740273193726,-2.67435314276462,-1.54660207883685
1.19280437524193,-2.70955151848523,-1.18486037121751
2.33715601466338,-1.69733336611137,-1.68741022306184
1.59760325768682,-2.53997170882944,-0.992000165745185
1.35497045482632,-2.69702159657296,-0.901086892215532
2.26195109716972,-2.0856738626767,-0.61403251803874
1.07875869665525,-2.68136583499776,-1.53060286617102
2.54597607335662,-1.29301575082861,-2.01581424864688
1.10406869364137,-2.70026786427788,-1.39752053131812
0.529732085823541,-2.75869370667629,-1.95629425962897
0.893764139783056,-2.89417332728976,-0.848519480806372
1.12310007457802,-2.78312916928226,-0.984483524648171
2.19933348468575,-1.75396227747164,-2.07403057693724
2.29248002935079,-1.7834405262062,-1.57882926756836
2.43464384679172,-1.67395784058078,-1.32615883273546
2.68451225318658,-1.40263407083239,-0.932037511289841
2.63518251213177,-1.26565150259945,-1.61726463781002
1.75459800325747,-2.42367801794859,-1.03969081519791
0.418953514815423,-3.00938949993599,-0.80769898977509
1.87989412473114,-2.26746483413589,-1.28657714460593
1.96764612302226,-2.060795877946,-1.80420777218931
1.1050251918476,-2.62579471741093,-1.73419805473815
1.72842221863634,-2.18797786755282,-2.08007157680634
1.31748231188569,-2.71563369643902,-0.900406280271951
2.50851434502927,-1.35578817579046,-2.01246799398663
1.64515183938829,-2.42817751118575,-1.33311165852098
0.902054031708677,-2.81185117668312,-1.22384478356511
2.70871958564438,-1.05491156006843,-1.80416928030766
2.07515724872068,-2.11513350276664,-1.21290993934584
2.23266223524225,-2.11876956085652,-0.607217415052483
2.50754998679528,-1.70925046437629,-0.864723444046815
1.20951998745892,-2.77813298815982,-0.842649836900825
0.582772165012606,-2.87286070798215,-1.341531011542
0.875944176543646,-2.94612148091642,-0.628242138117337
1.32739834693758,-2.49740355133137,-1.84002972967915
2.24082511517363,-1.95633672214199,-1.17133552772109
2.48785254828335,-1.7399172444874,-0.855242766530826
1.73384701001841,-2.248476099478,-1.81767811024
1.85233630860538,-2.10875647579947,-2.00650418845524
2.33108343173727,-1.60665398889975,-2.02866059364936
1.88154108102441,-2.07136717708156,-2.05728629229788
0.74113041506446,-2.76634953857016,-1.66914688622085
1.52423913793226,-2.34233612326762,-2.02123400870871
1.37941071457252,-2.55642288529207,-1.46229650613021
2.64295524603714,-1.37287484949817,-1.25002493584057
2.2820966851222,-1.76284469092873,-1.69608844998898
0.362559617109559,-2.91747815114244,-1.31095041331141
0.439087527472776,-2.85437945384829,-1.56856486591657
2.35436379403144,-1.61208305197211,-1.90508404485172
2.28295881921141,-1.98257168296544,-0.905131847625336
1.53957131385557,-2.34125193968147,-1.98499946495834
2.7435257687371,-1.38790919442833,-0.644617825175325
2.12131585388832,-1.97278118858426,-1.57870682342278
1.9340459608879,-2.37894574505693,-0.668086220425904
0.570295646613229,-2.78688598841134,-1.77546211994589
1.82242687703144,-2.30234404111221,-1.32849481475454
2.26916616788993,-1.6781236779237,-2.05113783415326
2.71663942902925,-1.21360743397786,-1.3066564377512
1.09935426627271,-2.72442793822405,-1.29613033779908
0.863597418227208,-2.71026075323948,-1.75969135527211
1.21032835494538,-2.79856804509855,-0.74880433906973
1.97947893872927,-2.15344091174137,-1.40378407267871
0.942541305437183,-2.74489731232705,-1.47337199760854
1.30962902569056,-2.74273229782225,-0.796810855746365
1.22075072487831,-2.64192027974583,-1.43207906098501
1.19121545019524,-2.83372413517132,-0.626547812404874
2.38667892632515,-1.9519554422678,-0.579494727784383
0.555245595832463,-2.98921935353628,-0.79579167449931
2.49086116554298,-1.61272365795773,-1.2653135653426
2.02247626154246,-1.98722242658584,-1.89161871371583
2.08079269164482,-2.20387029768647,-0.853371293495518
2.23835443392632,-1.83241785050939,-1.63048876522876
2.00037773711384,-2.21835540799303,-1.07931588139942
2.00277322721415,-1.98598113091213,-1.96756087699077
0.432725197380222,-2.84179057875077,-1.63668069825317
2.59655162552201,-1.25733406056137,-1.85472207840879
2.58024885874727,-1.47287196567487,-1.27194987935459
1.48718422406884,-2.61242993036722,-0.962754699383948
0.822727953209209,-2.93861271067691,-0.737234790783134
1.6955780528824,-2.19943185739994,-2.13234744742257
1.82905665696576,-2.29863712878067,-1.32278358664592
0.456487756442553,-2.99810122213904,-0.83623929197242
0.514766404515848,-2.88702758686064,-1.33906863202741
2.03855482509434,-2.13921855678149,-1.25208498829894
2.48065393341446,-1.48900159405848,-1.72206128867968
1.51210760450474,-2.39646306453191,-1.82392275459798
2.21436059470467,-2.0167663051322,-1.05538512356799
2.37328102999169,-1.74095593942952,-1.37570070417719
1.03658583967961,-2.58085250702095,-2.0670223650535
2.53693364323009,-1.50051300212664,-1.40473287421714
1.12474359368069,-2.77501158835154,-1.01847990294066
2.27949481739901,-1.90998266309095,-1.18132676403552
0.523691942651196,-2.81763081878148,-1.67286188789021
0.546989567686466,-2.99065621138459,-0.796322871289245
1.43735184593105,-2.67647351252596,-0.804070322961078
2.34454816705389,-1.9199520802181,-0.872955874310034
1.55491531425822,-2.45142918482958,-1.47900773970626
2.20079221834587,-1.997735309385,-1.17883864245849
2.21836224771507,-1.87817518371023,-1.54648680304616
0.994000788998646,-2.87921725330659,-0.764401132720642
1.07020400681126,-2.63769716153285,-1.7456024738292
2.53210824040511,-1.54570388538864,-1.28287420863907
2.57360653335916,-1.48913003222339,-1.25463938434337
1.29878114014506,-2.55612559865461,-1.64647121390137
1.79553211505358,-2.477629172526,-0.697964773177894
0.611204018917493,-3.00371015484337,-0.670141216470597
1.53072533296232,-2.57460483168199,-1.01718938999584
2.05527913149529,-2.08654514789456,-1.39395007435321
2.26933125117961,-1.6834833907069,-2.03151205197931
2.11726822283842,-2.14412263475439,-0.948897693666186
