-0.0961932766959899,0.851046162313007,1.54666231419282
-0.697441056077691,1.04714107064244,0.917493863941163
-0.5892736803212,0.463258677805185,1.21357218883991
-0.828119812195205,0.887179041204037,0.602782741624613
-0.373334740536469,1.45092856884103,1.43845947372248
-0.228753773500337,0.823546268249755,1.54293144307878
-0.938847467137238,1.06178419291228,0.491276568988542
-0.404980460484984,1.55389300850451,1.12376310173855
0.0825539478858096,1.27015649305734,1.52933990499444
-0.163639500951477,0.92423712271991,1.49357335259835
-0.289104151570539,0.655749807123334,1.57133609594411
0.0847567329976371,1.50186422811954,1.2984097176301
-0.883845630146697,0.321496692836333,0.385296835452232
-0.59701319842979,0.00923870491060589,0.43357025112985
-0.735041095153754,0.107703948664098,0.715666367642695
-0.869941354592178,0.219218919325888,0.679662486789889
-0.420319968578311,1.28238916181301,1.45443443918982
0.217420488726332,1.45907472376526,1.38073555047568
-0.607011170364808,0.703951720533117,1.33623312959306
-0.872331037108348,0.627280615356102,0.791358280160282
-0.567957090603734,0.836296514818137,1.48577663213316
-0.330414879222037,1.08040116649709,1.22097732556515
0.149403922244891,1.26221539440239,1.43251196479199
0.0233131944343959,0.812589730334029,1.57104306445069
0.414302615536476,1.43456019410603,1.41994705906751
0.412521431656599,1.28008915663209,1.46249782575479
-0.819188540634574,0.735023670978755,0.893628780966891
-0.245990783849558,1.22456181120216,1.30452937111826
-0.69648404332509,0.907516596110791,1.22104941557016
-0.94413843258516,0.831000021660118,0.910238660332251
-0.323937103938839,1.22163500652417,1.38543926406296
0.30358916875819,1.05677981950547,1.61133296222878
-0.423086354606971,0.650372854241216,1.42091490496259
0.307525096202148,1.24107393705637,1.59641211861837
-0.501864989268413,1.47104367717076,0.886183773553968
-0.660727720670604,0.84889351790596,1.18988029085268
-0.549951501551786,0.828255808947144,1.22569811230282
-0.109656725676261,1.02301224588424,1.59085082418529
-0.802129794781207,0.967925158897358,0.270030832868121
0.269768759588606,1.11830624796842,1.58510698837757
-0.71568719537696,1.30336709255383,0.820034294229271
-0.680847051784971,-0.0308070455330993,0.498383315046108
0.210972048985959,1.54973132692874,1.31511109461215
-0.830068151931952,0.270543379792795,1.13736662267164
-0.113606335786135,1.47070406059996,1.27515637239729
-0.66637110802929,1.34235026883234,0.746521039801899
0.340382570098745,1.17772736078061,1.45727910401249
-0.313985691711812,1.01649015059559,1.35652030178842
0.455571199965324,1.2096934531313,1.54016594622992
-0.810707468481025,1.04758137666197,0.810155141749839
-0.0234519811079448,0.948544180756762,1.50420798851117
-0.872477942701769,0.850893176793849,0.377734971796249
-0.143890512731643,0.893643777182516,1.57253075856004
0.18486532120846,1.34958183873064,1.50527996258179
-0.00621487025379405,1.14131865689853,1.47660745352687
-0.88223431105112,0.739651620237769,0.466210538593542
-0.290560572197467,0.473659622816291,1.46693543771563
-0.727487789354545,0.24908885972165,0.534315435081303
-0.256393273439589,1.0284153190454,1.4603662524193
0.153655518075083,0.933877386594108,1.50714077939749
-0.838345261071727,1.07138993263949,0.407747860683536
-0.0200506120957299,0.909882260580122,1.60852919454748
-0.806720050450973,1.11966207000869,1.01569765177813
-0.693997468493885,0.378790851338725,0.379109844706626
0.0302346339281963,0.799284794514084,1.58884538512901
-0.485219199702238,1.29286868017564,1.26195148215806
0.30709393649954,1.17265773229291,1.42010653034066
-0.808480590434749,0.382613727500808,0.628794882642447
-0.0138862848642218,0.952922858786682,1.61556496845217
-0.438316473607345,0.942779275015451,1.40809896118559
-0.725493111060913,1.30189378939706,0.750618055349967
-0.224780137173274,1.0478818950064,1.61240781189128
-0.659702074284044,0.108373853544223,0.668869434263253
0.319394788760339,1.38407107814266,1.44249318962572
0.141411155964845,1.00565458280721,1.58404516502398
0.222164765958593,0.948145565529086,1.63506071345142
-0.0709584767737621,0.98680415395086,1.47934301261964
-0.870372992013914,0.598917066088467,0.525227282623198
-0.180200075763572,0.624502367455033,1.55836280494948
-0.634102544682854,1.34988190232786,0.930998223440001
-0.456750496364594,0.433276391248096,1.39338621646688
-0.8277794707052,0.361739397978382,1.06447831703325
-0.0271531530297462,1.52121367737084,1.25519277645192
-0.703655996730012,1.21864320745823,1.01818771026683
0.302986054468246,1.23959296373305,1.67520054070056
-0.675781396422311,1.36315089261589,0.800543222717874
-0.689330924908951,0.919896067244519,1.32133226814518
0.22343620063642,1.111439091049,1.61882128667249
-0.193717005967464,0.516861659172518,1.4580259860297
-0.245222406725945,1.42491883630913,1.23265783059894
-0.864028415801082,0.779737275448214,0.689691914517851
-0.73549916335698,1.15977311109567,0.947420295263419
-0.672154573734654,1.01931926056028,1.15468924041192
-0.758815494031844,0.102993440118492,0.359914908395721
-0.181145340907763,0.667909690368182,1.55294073583346
-0.541738442826708,0.313063350899606,1.197626268116
-0.562951860746441,0.189246088437941,0.84356408037448
-0.661618482949385,-0.103975402065724,0.299132182938444
-0.746597336018925,0.256758068875113,0.361331250751172
-0.889628250269718,0.643269696106377,0.339029079591764
-0.110567991862336,0.988132195295463,1.56933129027975
-0.747690085005637,0.825165745155475,1.41951872842382
-0.143758396621278,0.891139090920089,1.47327186554568
-0.978337433367919,0.997644718355323,0.651710179345597
-0.911773609244646,0.512996015922872,0.691093340554445
-0.0767778531608941,0.939378364705198,1.50210964616965
-0.782894074678222,0.231617304434491,0.802320972993706
-0.352863648547538,1.28047307326076,1.10892254235724
-0.272541015837491,0.688005778102466,1.58178538297533
-0.2020921810285,1.5415732014367,1.18839907816713
0.18368072160947,1.35241820158697,1.38350152098182
-0.839132038909122,1.08788415216397,0.539713803396707
0.1654364536263,0.855384293947938,1.65233219046281
-0.784749754340987,0.67680376952186,1.08207937525466
0.463318420986159,1.17463741006106,1.44862926276375
-0.655683334235456,1.27397721922668,0.980478284816762
0.341006950233056,1.11932430091685,1.59053502748761
0.00929092751505411,0.730143193330391,1.50018195140583
-0.274764497268637,0.586166048223552,1.42070130692408
-0.220072727980566,1.08678137895823,1.53592268158124
0.382650947772774,1.00119568001919,1.58021687662007
-0.222144520833068,0.877930491679925,1.54634596098088
0.104710706469054,0.708112387567881,1.70833603181055
0.20141331983246,1.40723075824618,1.54466508108569
-0.432363741132751,1.12692014636852,1.35040084443524
0.0675430259267213,1.02464711949284,1.45630329882212
-0.930221035747071,0.580696150700801,0.375913375219092
-0.721889895993362,0.70352419274111,1.14085167871496
-0.755199608953823,0.784187311859645,1.01819632265541
0.354442816719335,1.56469415901409,1.39303808642647
-0.879750198978959,0.59657180858644,0.250602949162973
0.461155615717904,1.16110470430441,1.55157194092753
-0.857663470796917,0.777173989522906,0.760799208176896
-0.830100012328895,1.24709549794147,0.611307467145622
-0.661127617635609,0.4540496350808,1.12061415820269
-0.621730789410629,1.28291871587682,1.04324094259037
-0.891251682321235,0.467287918952305,0.506961955214995
-0.679266721786535,0.332936539849541,0.945581813278328
-0.680742307594296,0.258440496691135,0.785472259650336
-1.0673846026974,0.656105757986788,0.28385877466248
-0.0697865570183695,1.23862499772059,1.4990167884638
-0.2997696257438,0.966211445319399,1.4528647606151
-0.52787093656782,0.887046065412547,1.32082453475538
-0.609842457652693,0.68280962336013,1.36389302665908
0.259917406302225,0.959100494196723,1.63347604332077
-0.860668390549482,0.379524715654091,0.915458739494506
0.27770735824355,0.941151562977925,1.53734338381957
-0.374239759600198,0.655896230005203,1.57123964036639
-0.545791710458633,0.91450126487086,1.37678063462555
-0.862592898757197,0.828803239293922,0.976182251909523
-0.506599141930147,1.072326758071,1.1249484601351
-0.675954747250811,1.41398633186527,0.647723206706865
-0.822144407639008,0.475677986769511,0.421631723184393
-0.807011290996516,0.461832330947978,0.414597329950311
0.457826360655312,0.951352700845699,1.53133819665554
-0.266306248091889,0.99607747192437,1.45001657563254
0.253998613121831,1.34167987868996,1.36641572954702
-0.107777076343015,1.3121404157837,1.44701683247949
-0.851731634366278,0.510763141109185,0.465610858724548
-0.20832901619868,0.61205308850223,1.4930334093118
-0.785894679626579,0.905546916770701,0.965595583123136
-0.987691754905214,0.636826469683324,0.396545492248712
-0.903806311661866,0.358165011052519,0.109186243700964
-0.642418424422595,1.03531965222087,1.08335639861273
-0.827185123884031,1.12863995280917,0.607808500654671
-0.325121249252717,0.544972890173225,1.46659663845279
-1.06919139699399,0.576166219090783,0.445958055550819
-0.801629300646694,0.427395022174777,0.762559839323501
-0.942255504922118,0.474281576676981,0.458756365921257
-0.0179614174033875,0.843449667975948,1.61797654987801
-0.111779860974093,0.899486006145397,1.75910859100792
-0.843570841500595,0.528552372369697,0.346185792917933
-0.82522409252067,0.394999873333795,0.293564547468804
-0.507032506252518,1.46826295885386,0.735453302773678
-0.380499726697323,1.28194506600355,1.30980453671333
0.0789340967552391,1.45918874481723,1.29564063451519
-0.692269595848942,1.07146962547546,1.13276341189133
-0.656020529135488,0.379416078191342,1.24990488807289
-0.829454365762333,0.598384336222412,0.219161331850353
-0.0852452232933982,0.866885940974821,1.50955278447112
0.581845732080261,1.33472877583698,1.44063529713476
-0.638930001778365,0.147182688483597,0.958540386297559
-0.371933766147295,1.4658424865874,1.16348183572269
-0.406152992407978,0.701240266827332,1.42633578560832
0.441778529412579,1.30962738833774,1.48122715333027
0.289419208480198,0.784635248805792,1.66048481384947
-0.432942091940908,1.25468113363286,1.21269367308915
-0.409076424389357,1.36470723931103,1.20458091321948
-0.0801022076113317,1.4112020087848,1.40689473986474
-0.141535979087743,0.755321960593421,1.5026200670738
-0.867607465228129,0.947756771191356,0.597830428452245
-0.768185914395357,1.25235782292855,0.656225664684416
-0.519192102460718,0.978831565592971,1.2554443103809
-0.923868153579851,0.798296454273801,0.602147662722868
-0.507120845230535,0.758669440670066,1.36093149907928
-0.238136254524713,1.6154346588335,0.920844985104579
0.431823386096668,1.15785144751356,1.48903953114403
-0.909392395249883,1.16489177337822,0.701298099365129
-0.575780292715893,0.109877402435167,0.920248105147171
-0.585603046394466,0.106602008197503,-0.0195058535863692
0.0574559191687149,0.966870955535397,1.4380821622458
0.289517173776061,0.960091667663626,1.55852957489645
-0.209952472656903,0.658933136239105,1.54629866141582
-0.674215774466728,0.476067663126343,1.095493957364
0.291218012197118,1.64479536357936,1.19224600980121
-0.975279496220193,0.728105556579055,0.426790187914074
0.424214164443649,1.31688878709915,1.30252215660784
-1.02693906563103,0.607809461612168,0.75398472656672
0.176828716677872,0.854763102360527,1.74819445111823
-0.709929207378037,1.07153847032695,1.04220631968518
-0.832965436372582,1.21451447409164,0.624219586826412
-0.316119765284924,0.518193346093071,1.39335578355578
-0.603988288592324,0.317279712737264,1.32113582381817
-0.180945333506474,1.48035647558125,1.47096196679559
0.156155781329207,0.832139944753965,1.60265149877605
-0.258936600740004,0.8301422427163,1.65145551434342
-0.525153002726623,0.0926900037280532,1.08153102253389
-0.889757703158422,0.558880259847146,0.872980025293782
-0.486416946719183,1.22928752589947,1.21465934837131
-0.604268954018751,1.3703569794004,0.710870024834332
-0.635704943088694,1.08738154038289,1.30353659322058
0.40486565793654,1.34732096115434,1.48587259870038
-0.949037873011846,0.821590075942183,0.731696863771727
-0.559194753788788,1.39602437833876,0.757769335688313
0.1825504894938,0.991678865918835,1.62579731430749
-0.0577295972418831,1.35920578678391,1.43620221709852
-0.461037221365912,0.924638339314411,1.27461151327337
-0.592238542799659,0.948015299073315,1.04676874465596
-0.729593141360396,0.639044075679866,1.07262380302337
-0.504102545680284,1.42940646105067,1.19537044939864
-0.0805509374217918,1.25178808785885,1.38298655415353
-0.65286447486249,1.33341299702056,0.506745073864189
-0.293353450159474,0.813259090808667,1.51087729706765
-0.656332331182291,0.26234025715493,0.857018698939373
-0.321899874266673,0.720260219415565,1.56554534761588
-0.574983947812688,0.371400717208147,1.04171723729814
-0.746761147339959,0.260727446774469,0.585590804326886
-0.842964255747834,0.286866701207502,0.564241961853133
-0.137099139994741,1.54584811400399,1.13384339753597
-0.776397137637393,1.19062916840697,0.545875354062278
0.134556112308022,0.86614123358154,1.6395248948605
-0.095430944086388,1.42222393772118,1.40164904792151
-0.10095167102061,0.787805117050356,1.45034089340534
-0.352645550922687,0.707395493766108,1.21980105492502
0.457217370838528,1.41402109141055,1.42574654032891
-0.727491780890347,0.0331817357258194,0.584531041512397
0.109570953314298,1.12021050325216,1.31544210454648
-0.664853289284767,1.25535990035254,1.02046181630099
0.293471509190112,1.11636721449254,1.59461441457642
-0.509820212393078,0.992893656853492,1.32947618299665
0.194946852611763,1.06551985252262,1.51016911760791
-0.573671845810811,1.20647442684534,1.10960064750712
-0.698681710652328,0.906997158904743,1.23652188015188
-0.731615123379641,0.896086673437886,1.12601551675829
-0.800053865508093,0.312783600812649,0.844840513563121
0.130952249141476,1.58273481469855,1.25946418378492
-0.627212264055922,0.795786936079446,1.11266667274216
-0.240272423843884,1.06632320698605,1.49580200912959
0.127772443008185,1.15685771528111,1.59235258614613
0.204003125455355,1.6213351453783,1.20535987075016
0.159933308065687,1.02670279647017,1.46577628115189
-0.561353452416156,1.28586656193422,0.95093904789529
-0.238257664494352,1.06099108780696,1.48091081496306
-0.0188712831429668,0.868966383883258,1.61089651414284
0.197600047382075,1.40746844246501,1.42995008803547
-0.791595204459141,1.24221276153129,0.44048128105793
0.328262629346507,1.52659018187175,1.49411479330318
-0.187070276124777,0.588307384328694,1.5910634224525
-1.03752558439214,0.635048538273934,0.210933292567876
-0.607478358667588,1.06308405688249,1.24546512574841
0.352387875445737,1.47510656636619,1.3984434703094
-0.797698704878416,1.03844088776951,0.978492361140778
-0.444908697611262,0.735807806683288,1.3820628028475
-0.795506790399102,0.415043856379463,0.327173133846413
-0.891256704321368,0.833343393718245,0.241042285097742
-0.83285013368467,0.276156591931771,0.450594361099944
-0.707979169282659,0.763087330326375,1.26261868362748
0.146706313845151,1.12769504739942,1.50680722586815
0.406632972810165,1.25293247466814,1.36390234701167
0.117763012538873,1.23511518271818,1.48036940510188
0.276790623454463,0.861205132403107,1.69011206862994
-0.447897826795359,0.721798520945477,1.4702360123737
-0.567951594955588,1.34731387438836,0.914574968312253
0.0469367239102275,1.20683645429779,1.24696898028961
0.140064373261131,1.51942972402791,1.48309717785266
-0.157399634948822,1.44624353080824,1.38203696049481
-0.277278645677194,0.548343395600556,1.53580730867237
-0.727624435226254,0.697704631698783,1.29437399675853
-0.846768252672819,1.02827139713812,0.803413530877651
0.179455116742721,1.02119082457632,1.61938645032726
-0.404495439630592,1.55000613057133,1.12860455404876
-0.92960663530599,1.03738787236212,0.445387221193286
0.371614682170868,1.38017310845241,1.27763351532521
0.539028518312366,1.42359498353588,1.23145385968659
-0.964636549471808,0.693635919807719,0.631012872510613
0.244708512588279,1.20740266814822,1.56229449306454
-0.0718882055753786,0.716141841461474,1.65938036615771
-0.0956569432300922,0.964507332718265,1.60452131065061
-0.874621385613421,0.907480329273957,0.463344467982978
0.1012255757867,1.29954315499554,1.47784456043533
-0.534679692422385,0.493477846784601,1.24665593343696
-0.685282683346722,0.429127008538303,1.05803315533082
-0.210196135617618,0.810047379066088,1.57897709279332
-0.688387867410284,0.43151947818988,1.19318353502658
-0.309289816649681,0.942191322944606,1.39310753211276
-0.605117100523847,0.2253117895193,1.06308929311338
-0.931385419081414,0.498878198208282,0.851686274987964
-0.747261402953716,1.43746099780332,0.704378304111831
-1.01296239535641,0.772638264122208,0.697320178045798
-0.7217438863277,0.811445118358877,1.22285184892458
-0.486425227921436,0.783828087349775,1.43246732036396
-0.648123453323889,0.085936668511738,0.58829231014703
-0.751637261608118,1.35463485636499,0.788223553374396
-0.546976234442256,0.958430670154261,1.33163655108647
-0.937044723773281,1.24983214101515,0.422214517244159
-0.305717571028711,1.32306097680836,1.33754758307347
-0.684421503029123,1.31613418895424,0.712850037038114
-0.522717258549972,0.797914103294914,1.26883403339846
0.0461232218676474,1.65869474607712,1.19233127843367
0.180576773354318,0.935441540899198,1.63529562679279
-0.64430953477891,1.3250054888284,1.02706261546794
-0.265619851024795,1.27611403691231,1.36970876147108
-0.691526014646672,1.05743502819779,0.458669021474163
0.000936424790334858,1.07534518649285,1.43535074501103
-0.647798476005067,0.155687601106131,0.146055125327004
-0.486450046860338,1.6041492502103,0.902166768985861
-0.200890058702531,0.653381280684946,1.43113568334258
-0.725622820039317,0.775734197299025,1.38091184405535
-0.049673092939402,1.48970697733674,1.34136520050274
-0.101063401223781,1.08411527795633,1.54831609174655
-0.522375344660995,0.677694152686406,1.25277510683492
-0.313530335660783,0.908947594083798,1.50772463162769
-0.102614953370723,1.33610836187914,1.4346759031209
0.041275340830888,1.03661155255105,1.59866454537882
-0.101461644376582,0.826736446568407,1.60157140037273
0.0578516038610497,1.74840684877504,1.07748438060746
0.0583056287445758,0.865664894426191,1.6762286612674
-0.221292937084732,0.833796173415247,1.54580881441213
-0.324180443197495,1.11039291542462,1.45929254477143
-0.862775559484074,0.72198674034574,0.880989418140488
0.50938202100473,1.39808518678925,1.42323854785036
-0.765788049844233,1.33295082511564,0.534284776022533
-0.884217536310601,0.901841326225766,1.19848212114187
-0.709973477901801,0.730068768984943,1.19061641519754
-0.526909123429736,0.631917167215452,1.31029101172113
-0.636072773079913,-0.136838725774253,0.271901976119505
-0.434260845428841,1.15886413703568,1.27004828907787
-0.480528350232789,1.52070129925569,0.989987218417376
-0.843743322253255,0.696634034898699,0.832591027597807
-0.819522021486634,0.397396707496064,0.527959148862627
-0.0983174292364125,0.815219062225453,1.52586885021656
-0.202750427818371,1.05282118325333,1.51748178701119
-0.794403916308501,0.499494682746712,0.984754084873183
-0.817725837822476,0.534845782402102,1.0578236914577
-0.0264404345272389,0.646079070914476,1.64818707644018
-0.494395985001741,0.595699833397341,1.35356288252588
-0.626428932467682,1.06183786879089,1.19202280747855
-0.535826126929145,0.130157818225882,0.635490926909862
-0.353120666214545,0.927951408641757,1.464242726996
-0.4997211716067,0.597841979545148,1.34926363544398
-0.811120442197621,0.872558986714817,0.692996333762601
-0.871028471654635,0.627632124490116,0.548325362880391
-0.861585861937683,0.375114583513287,0.980043751030477
0.322505613572323,0.921156015884123,1.61656619375519
0.153441981940866,1.41804165125729,1.16936215009953
0.274000512286196,1.16317050123746,1.57924709574908
0.189635515788066,0.928821054339831,1.63673318419091
-0.726395640874467,0.637812384214527,1.09545425504328
0.473516848640212,1.30799756372789,1.39026589610127
0.00934322883446231,1.13799684404235,1.5619046705652
-0.587249081344593,0.410520288258888,1.19007049044526
-0.0419646078333154,0.803178442147074,1.5337221366586
-0.499792780394945,1.47835941428149,1.11591269156545
-0.14554994340478,1.46279312572553,1.12719484239383
0.179834410363291,1.54040352226755,1.34625685794173
0.0997430067661854,1.40617172958191,1.54819408198746
0.118187797842111,1.40455542891634,1.31434322443694
0.324186640836705,1.26026746335812,1.39209726595564
-0.603155561698522,0.655057123723231,1.16240692871817
-0.766659451719174,0.785224499558748,1.01974947704812
-0.801536377048485,0.289349718847016,1.09236934643942
0.265000845961564,1.54395557975483,1.34543407084834
-0.613710376221027,0.140326062848788,0.882269993238474
-0.675014397960604,1.22294814757715,1.01391760396658
0.0462427956895142,0.967834400656521,1.62776571133409
-0.749984756355726,0.185792795506235,0.825712439082755
-0.359921839410218,1.35054026959319,1.27815793512022
-0.811808618635913,0.955060376792096,0.87190379988813
-0.280830686240467,1.12895271625728,1.45305116270566
0.384934954644688,1.49463072015841,1.35681212855187
-0.559429239114714,0.115986418322444,0.631960341307434
-0.267681010317955,1.20446673800092,1.49454101326404
-0.167156176770549,0.468680253934046,1.56996702136109
0.171672316462256,1.60542839142174,1.34727858643702
-0.296668240256984,1.119381587399,1.29663071347704
-0.774556298323755,1.25290808285351,0.592503702962493
-0.573330736602467,0.00138101789611805,0.246310893998606
-0.368371066549986,0.541657361889986,1.32321435955225
0.362735395906781,1.21743531962649,1.55154832127022
-0.263464941622284,1.17561878095657,1.45238963731039
-0.863780340512072,0.626020649917961,0.671620149302137
0.13987612232273,1.31926588379863,1.29891070678052
-0.683331985142572,1.32898450604474,1.07842871350002
0.0796659309446023,1.07662803159332,1.59463934895646
-0.656566524267699,1.1445187013121,1.13485582148045
-0.690571428453111,1.32990629142637,1.21577442562453
-0.441383442782114,1.513646045591,0.844517873357736
0.200203744607971,0.773490257061721,1.46557876231203
-0.477796159241859,1.44123299861939,1.2385165570172
-0.135926834156391,1.43468890339845,1.15170385567577
0.122330725330783,1.01659157036183,1.61544461484681
-0.443385359137824,1.08759698833025,1.29571330820518
-0.618069732313471,0.00747492954329283,0.364884807119477
0.236922175310577,1.11191583889987,1.59700420980254
-0.799038427824858,0.0939217200497304,0.418747566494379
-0.0731224272661841,0.794172446331165,1.60258456324127
0.109021249066438,0.997425988649052,1.56311559054384
-0.67115896981246,0.261114069595058,1.14694927846699
-0.930782393530967,0.382221988955419,0.760471033735781
-0.746359011346401,0.225932391782552,0.458453462463737
-0.920018906273695,1.28093256319235,0.742140590380278
-0.0922018169664551,0.968645972263275,1.57916521004208
-0.806312918828537,1.27007063355104,0.877778916988971
0.198093405361207,1.24239680853933,1.47825782219315
0.179743207440451,1.14239788991847,1.6158587227028
-0.731554328455502,0.981952283492967,1.1907603333409
-0.674972141306227,1.24949121599969,0.968123263659119
-0.439387463139885,1.51628750032416,0.871460997095127
-0.562482924458586,0.592433676794523,1.26122040532743
-0.828873041299127,0.921856580877483,1.10116801998788
-0.475644127258112,0.0664179274661809,0.316920320354557
-0.375261101074774,0.919903587497248,1.38735970260138
-0.0427194572736625,1.40514607897159,1.47819873449106
-0.395359590474472,1.20740479788917,1.40852910426231
-1.07623059891765,0.670546307680626,0.682179024367551
-0.480125766671347,1.58082184413709,0.831643917199509
-0.563347116677449,1.19757220881074,1.18343504312467
-0.215578589681682,1.53252667806898,0.777307614377136
0.0149226510234965,1.38010089855451,1.39645068231214
-0.533300444954649,1.39883489655003,0.931730534096229
-0.966980946527436,0.761478307455357,0.62583425706733
0.183263999355333,1.05393485200648,1.6117299240983
0.42551952919345,1.19504548537397,1.38755164285691
-0.402799231481819,1.20884734111858,1.33501501054995
-0.660282933732386,0.157570628011822,0.794765715063894
-0.751191964586981,0.242010056425063,0.527839558966851
-0.186256506897301,1.33025308360043,1.40198195899094
0.0651224739444492,0.99436367086729,1.4380736601571
-0.340620471413993,0.815984940839149,1.47816076711085
-0.0176455233906368,1.03797641849228,1.58530937859262
0.105939802060949,1.03334617458223,1.35927028388062
0.28403317758904,1.10907363258144,1.57012338421136
-0.343949259458644,0.985812595146102,1.41683281610511
0.431391921871669,1.25337531165118,1.60127359665033
0.0158815699257968,1.28195040932639,1.62915563606358
-0.137024947158462,1.11677166161558,1.27907447458146
-0.739215895304349,0.607246924083676,0.82773608555653
-0.497936606222261,1.13342012954853,1.31510515148564
0.319711178740871,1.33734131630422,1.2114732375488
-0.790437834450299,0.329254264597494,0.591665630809496
-0.614091832199625,0.844869158298122,1.24798296930806
-0.528644213291987,0.839929559449055,1.39662541632834
-0.0827296554243518,0.946433503115049,1.43691181828867
0.147777298310965,1.29260950830673,1.37369156269571
-0.869328048479178,0.6704540949569,0.369362628928653
-0.497549155468949,1.41056674395293,1.08272527863523
-0.916868827071137,0.56132752944376,0.952681976998781
0.130532209943855,1.10641443479096,1.57277633577425
0.525604752302596,1.32723397478716,1.56770429664398
-0.888232126304875,0.154305896462161,0.81682816452139
-0.73464023994783,0.770511225663556,1.07995549621053
-0.229722502188334,1.16777294468825,1.46484323152729
-0.778637903409102,0.931929334398162,0.967792063174752
-0.826278909531607,0.986196160785277,0.605471738758116
-0.323757135796911,1.11030780920175,1.46864801672147
-0.726756551205145,0.366679024124482,1.11700187778283
0.108449544760656,1.19517638383562,1.55817205924552
0.0157750770849074,0.813147607641118,1.5603021783966
-0.253111751288658,1.5077054037159,1.21787126348919
-0.934720264864686,0.687869076337152,0.784756733046444
-0.360513579299282,1.78287986454831,0.960598513759388
-0.581007653034028,0.206901667405499,0.950235615016059
0.113611413235572,0.977310110057146,1.48419421452526
-0.280012285265639,1.54003668158218,1.16114861575662
0.0870822424438502,1.34711634695303,1.42205958118998
-0.134709435276302,1.38697114872795,1.47154236670464
-0.67882336895456,0.226373291558753,0.682472711060628
0.235120953074666,1.04500480667697,1.54305510182451
0.24736605307138,1.36591112383842,1.48121523188679
-0.150650933871541,0.617727489172248,1.7153661042472
0.289940327024217,1.38990256937561,1.26918053792167
-0.516828857035957,0.503672850724061,1.30742569622541
-0.886332554633539,0.771573215754425,0.652906102533925
-0.766705861584852,0.972894750856518,0.750942715247644
-0.130294718254997,0.964559815182269,1.52675560624735
-0.600202767435022,1.43848288103133,1.18419400306289
-0.846159909874429,0.744003007373767,0.479630904262327
-0.992125776462916,0.582448598746589,0.333799468844874
-0.33265884707844,0.625010241105044,1.569926533704
-0.432579140235643,1.33210751301203,1.10565828968597
0.0768346449065828,0.895436885004368,1.62942544382589
-0.0748819177316178,0.907699785610958,1.48841454642972
-0.322661949866053,0.877986665955789,1.52581098101011
-0.695323457642136,0.98931649562778,1.10647843192741
-0.857216550439194,0.572340054210261,0.657310251613414
0.111645121251619,1.65350509175407,1.21504262227766
-0.0983710447158402,0.906420769139595,1.4293568983099
0.169386977683636,0.825181741702609,1.44600664938703
-0.993557527979121,0.470094893803751,0.623072715652458
0.155455516207435,1.19653017844791,1.5341837812518
-0.644919179062723,0.534827477618428,1.17141474338204
-0.541640760411832,0.0886517189515259,0.305625538310338
0.470616281908013,1.36609852330355,1.29655860778784
-1.01969049312184,0.596686098581873,0.325895079470291
-0.905348854308212,0.868519890344306,0.988730574571862
-0.775208902360934,0.286095450724161,0.485084505800419
-0.734664427933126,0.46110020025461,0.98501195247378
0.0200023130735519,1.03793014070183,1.56846263438005
-0.218821427652211,0.686729653951804,1.66811249891466
-0.00863487040600606,0.824682635914133,1.63751506074714
-0.412213021544547,0.804953011752502,1.23047685914369
-0.854272347371687,0.396555673561375,0.340150691460532
-0.574536033628548,1.29821028054221,0.912538885627553
0.304371446397333,1.2556398549655,1.69864868761988
-0.690648203043344,0.184961562937264,0.611303888496788
-0.737933082109497,0.555231696743205,0.203106510487056
0.394547361487218,1.24529632378471,1.53303242412194
-0.648453349258078,0.276235323706293,1.03446702222527
-0.695305188493816,1.37436917037792,0.691140825916967
-0.860387501895791,0.593386248244771,0.376029065530352
0.145071261030054,1.61647818750688,1.26473440810986
-0.60734345598647,0.119594791451157,0.866787139225389
-0.867446154172093,0.222138968160609,0.500860187206758
-0.380718650521846,1.45123164796976,1.16936076624207
-0.783175110103594,1.21182100995175,0.678209946031975
-0.777894618803537,1.05372058130948,0.481503498527489
0.425820401830199,1.11467615729908,1.53634804869439
-0.397196356653526,0.110975338892571,1.30493924032612
0.372198125477915,1.10544655381541,1.54894591757877
0.559913134443768,1.40671575310702,1.40086874408201
-0.888729892346875,0.241497358559298,0.33390774650697
-0.349103299208756,1.29783902511495,1.33468483898741
-0.525329159225016,1.24081163165731,1.31976243122279
-0.440477314397094,0.984506572895757,1.39106501036687
-0.54452238918847,1.40880552152515,1.15649287926715
-0.356159955217072,1.04358897101047,1.51843660614044
-0.181808046227944,1.53212113349067,1.23879880991292
-0.411005079918072,1.03635885663348,1.3996456258234
-0.546012331923672,-0.199828444238275,0.358862305692168
0.433028110547423,1.37328581119238,1.42736491917545
-0.937912884200604,0.383304426711556,0.76394714635988
-0.0489115833900826,1.47888598601029,1.35093080944711
-0.265224294945239,1.25993636189315,1.35633488503721
-0.142745711099568,1.44862655191481,1.23055492975782
0.308804490085281,1.12720759051366,1.56813826279566
