-1.25589128955122,-7.45751049598126,4.83107028359652
8.08738248471284,-8.36186144923064,4.91258409016058
-6.21782146294714,-6.16297025651167,-2.86444599632673
-9.77817198258688,-5.49518311880712,-5.93260523359018
-9.47709651539929,-6.46283831613697,2.88988118491431
7.87861188201613,-8.39687532511876,5.4297137435342
-8.05442575913037,-6.56840115834653,2.60025299341625
5.20073973990944,-7.07807401240237,-4.55149393507193
-6.09588762265624,-7.25971576419756,7.33257866969209
-1.48965038091645,-6.76202425541294,-1.49430159689858
1.15368799470852,-8.19085245341155,9.55201587157104
0.822637893588207,-6.22556100491639,-8.61894262666294
-2.98997365862285,-7.13580868562748,3.3700402374315
-10.4102119855466,-6.3682639810572,2.84173871340914
-9.65666703389198,-6.90851840029817,7.24001831102625
-0.523405265721807,-7.18753141225618,1.63399859663345
1.30797976073333,-7.31735779271636,1.20418352413982
3.61033401501598,-8.2458784255729,7.85595611005264
1.74999271844388,-6.77991903229869,-4.24470590409485
-0.311916902007774,-5.90027206182996,-10.65379401256
-3.30101960771158,-7.18821571452103,4.14276455692864
6.28879923670544,-8.24031072620109,5.39062031056322
7.60120976198782,-7.86433660125819,0.674989808244359
-1.00132677171011,-7.67896895523252,6.68293263505986
4.3190330613754,-7.90408553284725,4.00543005841265
3.48083518719546,-7.29506887830219,-0.962792417935434
-3.85442623839292,-5.92489448634402,-7.23097596756814
-3.42821546398955,-7.48558060552575,7.05189750269726
5.70774933226948,-8.64906159611212,9.75539836211387
-8.78584595909849,-5.0075653415885,-11.4090660573508
-10.2077468273579,-5.67613351999705,-3.84508824497048
4.13873995595278,-6.58136647997016,-8.26264840086148
5.78591055268946,-7.48010153910467,-1.30054060650909
4.5448688581537,-6.64868499541156,-7.99588881963796
-4.29648568519307,-6.64878966718886,-0.0297850543808158
7.12190652210521,-7.30467254606008,-4.15275814195583
2.24857672517401,-7.74605931477588,4.38560962706713
3.18594893540028,-7.74242055308339,3.5069410092446
3.74660805524395,-7.29174534247955,-1.23345906365494
-0.826601843533766,-6.20509002362107,-7.32553296623132
-11.3349731320727,-6.63766562001126,6.2066031890286
5.85649413892335,-7.5688724831355,-0.52988711395303
-4.39446895910442,-7.3155818163147,6.32479324277813
5.4895190323718,-6.62365570808361,-9.08213563385167
-2.89924299756864,-7.18148219207098,3.7175270081067
-9.74129244496538,-6.29091261868712,1.51218924213477
-5.5964369227487,-5.67495313351866,-8.01048092405502
-10.1059001254887,-5.71489852687553,-3.57253978078735
-7.88630643349498,-6.75216415833306,4.1757430352841
0.420920106822257,-6.16744486915637,-8.80319504392743
-3.27891987697215,-6.53760941618144,-1.9913411335907
-8.90517497425439,-6.21495137455208,0.0450761186758055
2.35608945571443,-6.77907536669331,-4.79866310864091
-3.74351089295514,-6.47297027994655,-2.18025259354587
5.86393477993208,-8.5166638121165,8.37045857917331
-4.91198848046606,-6.13878830594036,-4.26811709799793
7.15896780351209,-8.02926428804416,2.62334201909368
-0.967684277963228,-6.81333414332164,-1.48234312922779
5.85767403273106,-8.2591701053363,5.95625286083228
-6.02803147772176,-6.12686329942298,-3.37474857017017
-6.83523926742812,-7.26169334685951,8.01724057390891
4.71678832015322,-8.43477489867151,8.63434892305862
-5.78261472810102,-7.02676750007493,4.86117758164735
-5.2774224834353,-7.06793573228559,4.79293937713388
2.08622056451659,-6.90232729990718,-3.39725650299276
4.55225138821824,-7.3963861344532,-0.975876314846384
-2.74210310223236,-6.04620218446018,-7.09304868939007
-1.2272277535847,-7.25963909943018,2.94571347820697
-2.49261266396258,-6.30208687604615,-4.91308807891551
-2.3176322079548,-6.96553221354126,1.1641266319615
1.64734513423192,-8.23829368237507,9.55312124763207
-3.60472127409984,-7.30157274391045,5.48166165773442
-1.31271483744225,-6.60399583344468,-3.13880379465365
-3.23539368488192,-6.36447685848393,-3.65759967744709
3.94929277748172,-7.74374868715079,2.83173078745982
4.33742819581413,-6.97383089822617,-4.7533865065649
-5.56683711392701,-6.91832744790089,3.64769892713484
-5.5879223274224,-6.11988834646267,-3.83678854973765
0.606386257626681,-6.54951495321745,-5.37970418226869
-4.21252302995474,-7.22829849772408,5.34061775791283
-3.55605269794402,-6.5664641182319,-1.47050639768272
-7.64391380747179,-7.18477465752079,8.02291234186411
4.33992174748446,-7.21670236493427,-2.47320222232414
-0.481147618986055,-6.24330980971814,-7.27757278609065
1.38337321698443,-6.33043429143188,-8.13853889762935
-5.12244960189483,-5.79339049331719,-7.32445551775373
-6.95046431884165,-7.03676663562365,6.00725462674697
2.61231218299608,-6.4360302368228,-8.25332425765385
3.89860919277138,-8.24335491441775,7.5725356602636
2.28153179397958,-6.23286300693241,-9.86462891550435
-2.31353854702587,-6.78529035775551,-0.533418373531593
8.09479976928868,-8.41808488020768,5.43427227031599
-8.07153031551283,-6.49302290133866,1.90728090133525
-11.0490236447075,-6.30513759770076,2.82399790546941
-0.064355959804395,-7.76704241188077,6.66650861466242
-0.956289670079576,-6.55034625406675,-3.96408706739231
-7.26823393554347,-6.66482175274256,2.79810861629978
-4.14199851596277,-6.64025442250914,-0.249173144865817
2.78397342968566,-6.82685108677434,-4.73515966216938
-8.8582792176103,-6.29433271934708,0.748829285188198
-5.47251093157441,-7.28920257226621,7.04809044816471
-0.0362940203974902,-7.30842265933448,2.33126161432151
3.85614098482878,-7.01419850210781,-3.94043569848081
-7.50080330352555,-5.8228120098495,-4.90531750391157
-9.04056977488174,-7.01919554723488,7.72508970424071
-7.12672419666145,-7.11858863959647,6.93498384336127
3.96394260536949,-7.02128872491393,-3.9709217783412
6.47101970212887,-7.29118903751358,-3.69309217529539
-7.50067053282889,-7.15786567060788,7.6409830742692
-2.34506243528076,-6.82056507806635,-0.173517823240939
-0.59394663864504,-5.91758716461419,-10.2369932509609
2.33450410900829,-6.43949304995939,-7.97050628643193
4.95188620039755,-6.81461802478964,-6.80318101514641
-9.35744367438401,-5.49442285874662,-6.31878137957249
6.97956467006145,-8.34792148199638,5.77960662747104
-9.24807922167883,-6.59262286582031,3.90323590188555
-8.65613410742476,-5.28179593053745,-8.94878862699792
-3.07449513285516,-6.82266529838464,0.503360675167003
6.28066446845277,-6.6958091495736,-9.1167978646767
-4.62429695864618,-6.36834771699289,-2.36996842155232
-9.51679053623725,-6.9732946026579,7.72275112084547
-4.68666156459983,-6.79868941347736,1.73043323352904
3.17958601001593,-8.29264266631336,8.68349007786636
-6.29856799332135,-5.62892359926399,-7.81050679218021
4.84049863222813,-7.59004334097819,0.584373933179882
3.70749597774283,-7.70360697935315,2.67232466840001
-7.84480424358354,-7.17890667974232,8.14874782343656
-3.17147302511153,-7.48002720980776,6.76841078157165
7.13063169877945,-7.03185025315558,-6.72451788153333
5.18854213820535,-7.3472869558077,-2.0105254568916
-4.75533571226353,-6.98460821621472,3.53950857544971
5.69222905820197,-7.31630868930914,-2.75541794010407
-2.92643572657338,-7.06638709925612,2.66039678324233
-1.08304627989559,-6.67179405925961,-2.70856404162252
-7.84485589499509,-6.80037524894665,4.59147338394251
2.89161660901307,-8.0789747667473,6.93493523665439
-4.19446182357564,-7.36229093288557,6.58356587515523
-10.3093175598678,-6.84170692061508,7.2001134579917
-4.17410188829834,-6.48727337086651,-1.65791989179152
-9.43221287226557,-6.02875768036397,-1.22990937358278
-6.63369644648139,-7.26002960221872,7.82003657191628
-9.99064883729461,-6.85873195331865,7.07302280844989
1.43341865329395,-6.67083352555357,-4.98465809739014
-9.66063308168899,-6.45226547732184,2.95586785085852
-1.60994315449972,-7.26207490540256,3.31339029846101
2.74186466628004,-8.25108929580615,8.68732476648364
-7.66659175491751,-6.89804720231136,5.34876707496501
-5.25645750393058,-5.79422983793351,-7.19584075051623
-8.49620037612664,-5.33801154325901,-8.56457501749344
-1.12622768277669,-7.08450770445742,1.20889262974432
2.94738122774921,-6.80677598675474,-5.07103227144689
2.23822958855669,-7.21954364737712,-0.553099628401805
3.10509446143103,-8.03646175279444,6.34309027852299
4.796795512919,-6.65393181590993,-8.17353994953802
-2.843315000032,-7.10286995003516,2.92836836440111
5.02807124281086,-8.44800513241619,8.47824975017307
-5.61479589111918,-5.93230379342108,-5.57543977068084
-0.783265687749497,-7.93448309740036,8.88772544250232
3.79102280299182,-7.5037926186009,0.719282499646929
5.15501363667207,-7.24045097803163,-2.98433122328693
7.52834048376887,-7.67782346843807,-1.01215529103595
8.08762393175622,-8.51868207520604,6.38611817159703
-2.16443201771417,-5.71738400476231,-10.7036001548423
-9.37709859396476,-6.27064839791739,0.993652456271276
0.819158388656783,-6.09729020116005,-9.82125718884257
-8.08364596996207,-5.75862952101694,-4.98340537320731
6.69139828709636,-8.8261258484792,10.5332301941248
-2.32552109448165,-7.08966414108076,2.33778703085323
-8.33265687672965,-6.18227140044817,-0.777818054955583
5.5772729067785,-7.70828501153391,1.03181721696286
-0.796041297337397,-6.51347878726714,-4.45492282474789
2.80918340764399,-8.11932097271411,7.38835991253145
0.907368129513779,-6.13237610717954,-9.57099832186261
-3.63749451222414,-6.45389511835937,-2.45502452863652
-2.4262048108844,-5.82160562774562,-9.48832822506387
-11.4750623732141,-6.4769401428468,4.8223605158555
-2.90347575887461,-7.47193814419961,6.45095521893818
5.35980239846681,-6.86321713952894,-6.71395071873139
-8.03885818353195,-6.74950757983011,4.2882102361864
-2.04703924244872,-7.70892333162079,7.90651028892849
7.95503503232196,-8.53133473224762,6.62447241427591
-6.78890181980709,-5.99678578640377,-3.91171343609371
-8.93966273350262,-6.70749504753933,4.70491858087452
-5.87570074698618,-6.18963220784917,-2.92209962550141
1.22522526074414,-6.63518370769439,-5.13212392400132
-4.45668427741087,-5.79439503666899,-7.91479887863803
-5.20642053106968,-5.57350547427846,-9.3152178455059
-5.55681121038099,-5.73799275786266,-7.45375264072424
2.51738812453002,-7.47834296712136,1.62752395284745
7.4127686010286,-8.23225671067209,4.30235431703933
0.644380673832225,-6.45380769968896,-6.31336019197499
-4.05034313571822,-7.36978151961426,6.52412447622042
7.82737824137993,-7.5593398151809,-2.39502912698715
1.09628382651918,-6.09538548536488,-10.088817662003
-10.4880292431398,-6.79742405148801,6.94495700897057
4.60261431270939,-7.83528327371838,3.10337122229441
-2.20283028296237,-5.7182449177135,-10.6609168089537
0.75427731678018,-7.09655450384384,-0.372030283694096
5.00069127825072,-8.02526599657367,4.53014491476149
3.64805996378728,-7.79749220933404,3.60817446505152
3.93915078362309,-8.35228918699184,8.55974250273569
-7.98179156571591,-5.68146307755931,-5.80035165813178
4.44810796402775,-6.77068517509399,-6.76219769929761
-6.24422926270055,-7.15413948933637,6.47404562702142
3.73182742114627,-8.45806898034412,9.74060448841355
-0.537990907434026,-7.51542718527876,4.72860147509455
1.7867245318423,-6.48474291538805,-7.05177094881664
-10.0023482249874,-6.13691945514857,0.30019274989588
5.77134735456603,-7.18763385844839,-4.03594125769571
3.42613449079938,-7.22343778067441,-1.58667974498252
6.93842066393562,-7.91227608409024,1.72261268204285
7.26991015071312,-8.77554017107116,9.53666402915571
5.66478715751859,-6.89379479307907,-6.70135024564416
-0.0157695799745659,-6.00299272587333,-9.95525431370327
-6.79683653835207,-5.89112307329513,-4.89755050143536
2.05499099909696,-7.36072760076232,0.938781852559608
6.02967514088821,-6.67615814782543,-9.07535719431957
7.31138911973646,-7.68541309840924,-0.745380198333786
5.44673114064211,-7.19147115620405,-3.70743484053364
6.89631093016227,-6.92162300297385,-7.54930129735192
-4.36638243847384,-6.6347340271677,-0.0989060588457537
-5.25572922623062,-6.43466336051188,-1.17790125881681
-6.98646417098487,-5.42857968597483,-9.07355545300961
0.507809612989987,-6.02759046847429,-10.1957815244679
1.22155736567498,-6.19559167844421,-9.25996907678334
1.43061785893542,-6.23523658942424,-9.0757397697566
5.06500669944286,-8.60560265743855,9.92602748794261
-7.39515755616564,-6.21308997102132,-1.33278186518146
5.78316973027067,-6.61935715556153,-9.38708014373451
-1.14850124368222,-7.16627415708104,1.99737449818895
2.7760994610952,-7.50361789700259,1.63197850581771
4.44332638235325,-6.66428645264489,-7.75779219308006
-4.58873823858919,-7.03016001204175,3.8175036183965
1.48188606672964,-7.31894893621581,1.06246551187072
7.02949983102154,-6.85993411302106,-8.24902338410514
5.53083808612801,-8.47790638989649,8.3063130406415
-8.05233204791626,-5.91012489537292,-3.5879093498405
7.88689999123466,-7.80992463845462,-0.093733451452091
4.00689507139042,-6.85059941869598,-5.61370253648438
-8.2429361393702,-7.07019677853696,7.48580038555054
-1.79699839844795,-7.71776321775893,7.76432459032383
0.884339627773702,-7.73919387541761,5.55012288439008
3.55179748360158,-6.42087080840411,-9.24216419752062
-0.0582724890612973,-6.79453365836851,-2.47830755352665
-3.54246230908856,-6.10765868692009,-5.79446102158954
-6.9928006988588,-6.60746155073711,2.01091917846546
7.72069214816843,-7.41551542195314,-3.65053333936626
-1.24599162896249,-5.93968120683878,-9.44193710947273
-6.15330637855752,-6.04502282114495,-4.03100063772381
-2.22700260122585,-5.76721206135879,-10.1789620940094
4.23087389683293,-6.98925126363727,-4.51247660514348
0.819850552749091,-7.9071919676655,7.18701464253201
-1.35387385583063,-7.0010915830691,0.630058785217632
-4.54770618659282,-6.16888249770539,-4.31348082089537
6.81617592899405,-7.96011799267853,2.28234560356641
-5.66780395531925,-6.50090267567245,-0.184169218013749
-1.60644529079933,-6.41738000095514,-4.62794160518484
2.37651083583071,-6.89190285456709,-3.75674286647673
-8.0909295202034,-5.15263693755165,-10.6717739988254
1.432843921773,-7.200365467409,-0.007763388618249
-9.47555214189904,-6.27237956125355,1.09861756766349
-9.12262947741523,-5.44425177625158,-7.00181626759037
1.28394061935251,-7.93696599808055,7.04872595472908
0.408536434190758,-7.86415088484317,7.1530781710194
3.39048626607404,-7.69294230873395,2.8576934355478
5.56767887202264,-7.74777418738533,1.41156744758259
7.36292850427075,-7.92228698155635,1.43425557697966
-3.07152203251691,-6.31496449701729,-4.27053242220387
-0.529321508213625,-6.05291490710339,-9.02344547275731
6.45626582388792,-7.70649379808195,0.223104818400998
7.34732783671409,-7.7539769457116,-0.133415390466315
0.970269689909943,-6.39724921967314,-7.13847058607633
-9.17653535969164,-6.07555630602558,-1.02044865124781
7.62231627885035,-8.47130000907745,6.36002891726724
0.0662757056784917,-6.47349066451349,-5.60757470384965
-5.68569247014917,-7.03693085120431,4.86937295711354
6.32900043130586,-8.04910851800697,3.5575442653678
-8.15934273575355,-5.26653383532626,-9.53977325172658
2.53667228327414,-8.15379504175482,7.95784005928873
8.01995845053328,-8.47658023821863,6.05141756873727
-7.25740220775459,-5.22736052261089,-10.7204643805503
-4.01580917979841,-7.29148596243788,5.75721569465653
-0.656876113658377,-6.91223266940792,-0.832930556907545
5.13217929226931,-7.85541050369561,2.81543896349248
-4.64702519137231,-6.44368340342888,-1.64151128806091
-5.38038120083205,-5.31975025835524,-11.5432105924424
4.12014312556841,-7.51750279797281,0.551624106722359
-9.19458784084942,-6.37830300951658,1.84093432622794
-9.81418182526939,-6.68926040460232,5.32140375200375
-6.91010293412012,-6.70598191730496,2.86228113351196
-1.40491629464106,-6.42129480023676,-4.77270772711018
5.62465415208925,-7.63450250853177,0.295746677322008
-1.45095568491026,-6.39065539191105,-5.01917078871394
5.57486808661976,-7.80856343107485,1.97636918615786
2.35658129727895,-8.3288010839757,9.76473538408231
3.18587210885825,-7.1487334324557,-2.07227718515164
0.490673285387519,-6.58988692977943,-4.89605578835684
4.08747619205125,-8.40270680612843,8.89992623124281
-6.50298126073405,-6.88938233019404,4.21904799886044
3.37821596528852,-8.22680590424283,7.88583214572852
-0.991169402823048,-6.91433193778727,-0.512039585158865
-0.193011622868746,-7.74391115856533,6.56503333979404
-3.05188921972844,-7.61455339888859,7.92491388865128
3.1344367706598,-6.59570977247543,-7.22308423297092
4.615946783645,-7.46635664884505,-0.375697901128979
-8.05043167278341,-7.01788686961287,6.82078203726827
-3.76847098269836,-7.54104414167305,7.87966064483146
2.45296100036906,-8.31304436123245,9.52983072953152
-6.08673935468285,-6.43533383788125,-0.422948579537387
-2.88219754501768,-6.32381226696647,-4.3579450516766
3.66289220101938,-7.40196255257038,-0.122252830141714
1.0540497503561,-7.8509494177535,6.44747603602117
1.18468038988326,-7.03461365877043,-1.34187852452416
0.135893727438493,-6.767754543878,-2.90489247491716
3.53968982676613,-6.55301628104902,-7.98939432406117
-2.38190603830295,-7.555909961182,6.77021746317695
5.0627128818938,-8.27810922711439,6.8504122988849
-1.37423005096596,-6.05983241149235,-8.1972641782075
-5.22163997410919,-6.22717282616015,-3.15854373073231
0.972956386587679,-6.3342873920246,-7.73258674046978
-3.78525437331299,-6.47410594180853,-2.13197355959406
0.172448128862499,-7.50104517559849,3.95341379856544
5.56535301647415,-7.48593309723287,-1.04703855006933
-7.84394877221801,-5.9931018500312,-2.99584883627091
-0.851460607048738,-7.00940084612589,0.255525760670864
-4.49078356510232,-5.63489021133943,-9.38305591964447
6.13740334767621,-8.13394072915431,4.52737966648379
-8.83102893662346,-6.73211090010146,4.83838323090501
-3.54806029541099,-7.45032795972853,6.82857151895134
2.28459719789469,-7.12889275088885,-1.44678091950331
-9.37542896713289,-5.2667280883109,-8.44238336878899
-3.10729842740524,-6.6680149908054,-0.920442665800389
-5.59918751473756,-6.80995695455473,2.65841091594484
-6.602842576676,-6.39614478716214,-0.326281011179
3.45241669170655,-7.01048537876337,-3.61161783123258
-7.66708445811405,-5.79865817489467,-4.98250611775668
-10.4596151061607,-5.86127201968288,-1.8783075211448
1.50034918786936,-6.6020581666141,-5.69128488066883
-5.83836704493241,-5.8038259819855,-6.58142055974435
-0.73213986282932,-6.90779682220244,-0.806812639931571
-8.32821004769017,-6.97336207808896,6.65260062920299
-5.53923325887297,-6.66326800174781,1.22586123024567
-11.5407434545018,-6.7256751270928,7.21906641250239
4.04358676515533,-7.77689019942657,3.05823558588602
3.26395775316134,-8.09014223484484,6.70444386853941
-7.1949006592855,-6.39118903113589,0.160527693042838
-8.46635424901043,-6.14492347671459,-1.00835514484216
-9.23287686543276,-6.08902158907638,-0.843148393574995
2.68467283640232,-6.62068793816045,-6.58315771105928
7.33683846192433,-7.84563924982518,0.737448322393575
-5.88531002094414,-5.72601293753546,-7.27039278644966
-6.05895276457067,-6.50058800209899,0.16525705257384
-11.7271475370882,-6.71142419562173,7.25307083175382
-5.79539404740011,-6.24374921254648,-2.4858725966735
-4.18571429112504,-6.85238235604027,1.78372263948642
4.38867381383383,-8.20024938520388,6.7259471662406
4.64365777910921,-7.45712634657665,-0.4874060783676
2.79012017786305,-6.76608546447518,-5.31175369831487
-10.5839217231252,-6.3083511179463,2.43519020804301
1.51542542803875,-7.05217460744185,-1.47481227795672
7.59489470755392,-8.3887669373578,5.60911262897731
4.39352187513509,-7.21100537635413,-2.5750287680773
5.53710446642403,-8.4143846953422,7.70371051651892
-7.35952228719489,-7.15958571740781,7.5299879835299
3.16701249772819,-7.03847748573443,-3.09143786896703
-4.36992459060492,-6.16644019963914,-4.49659509000005
2.94269957730058,-7.13243705001208,-2.00635294494356
-3.22587341382952,-6.53080260998414,-2.10309860822639
-1.70823473529501,-6.10367920006759,-7.48430296336534
-4.53407624109633,-6.73439076337034,0.988711316521752
5.25985879821969,-7.40209430958442,-1.55971167206205
2.94494388632913,-8.10638115946944,7.144449809346
2.72972686602642,-6.49868575974268,-7.770285229431
3.42714369499453,-7.24532456362676,-1.38190373338627
4.8592604134567,-6.89610152864445,-5.95397833834803
5.53269995957702,-7.9929218049367,3.74690099608291
3.21582820064066,-7.33201654111211,-0.376826634250551
0.461824734398897,-6.78428017748409,-3.04321886810004
1.47042765849545,-6.57506987981136,-5.91795631312101
-0.967098279582685,-7.19236700724375,2.07916223346481
-8.5516479010822,-6.58958557494878,3.24728183577083
-9.99668740569391,-6.87516579439776,7.23290305725971
1.20114550037808,-6.51697852707328,-6.2212862430203
-3.79242834327349,-5.74212824947212,-9.00440987989564
-8.74558474468902,-6.49759330760954,2.55748351122167
5.18896158761643,-7.70050726124275,1.3085515307105
-5.16859063478183,-6.94010853885469,3.49361314285301
-7.72577336336987,-6.64500691875024,3.02408931406876
6.45018496084787,-7.07677082723721,-5.68935812025637
-3.68450476576843,-6.37967752902843,-3.11014717348668
-9.75259647312776,-6.78051979322496,6.12354932683631
-0.789772126799968,-6.23506841834489,-7.07698496909126
0.0482358645909855,-6.40923688414127,-6.1951598231084
7.11423634166764,-7.43629087062381,-2.90893993692222
0.749243422770924,-6.88274983544816,-2.37676523521275
8.57572666209766,-8.29282986135339,3.82390047545855
1.5826356508685,-7.98912601603211,7.26981716948478
-3.07455819141465,-7.70468228442698,8.79233953078755
-10.8308431437955,-6.27751037323857,2.36780839349824
-7.64582776711947,-5.1710918924066,-10.8993293968202
-6.66725706873297,-5.71049705051112,-6.71175515639138
-1.05848858065792,-7.56356973746229,5.64994329176909
-8.51283561649392,-6.75422121682933,4.7595107902844
1.18461781872495,-7.35889346340639,1.70565886273759
-9.70415352010693,-6.74571428787775,5.7528160353589
-7.84402216991832,-6.02182717842864,-2.72583098663043
-8.92196834297937,-6.350691720855,1.3358508277463
-11.3638599220252,-6.77795997255162,7.55106992242571
-2.20070170430696,-6.30232599139399,-5.1738216745509
6.97566994182275,-8.20753321079754,4.46378993695843
-7.14558596898946,-5.48958630697806,-8.35688233606505
1.85600440860868,-6.81278852928914,-4.03131382461518
-8.06148509681305,-5.17860695109997,-10.4542421608184
-1.57482544807869,-7.75243917669667,7.89004429811387
-10.1899145279307,-6.7202466496882,5.95109807467539
4.51722150101992,-6.7529285859129,-6.99133256263109
-9.31218478864617,-6.41652165013906,2.3060435985134
5.85563009580556,-7.27774863433517,-3.26500033183538
-8.08951668905592,-5.11055568548773,-11.0685133633551
4.50744758293306,-6.83445316030704,-6.21638463949929
7.20065959517734,-7.71162266695173,-0.39931527835438
-5.60215342717859,-7.00452689003323,4.48959078859564
-3.31918228027235,-6.70759244796574,-0.357621183900366
3.82909039286553,-7.23992686138358,-1.79474088920797
-5.90896108021981,-5.41727654205282,-10.1504945769375
1.04586212885033,-7.96184037049267,7.49697098933152
-7.54929824474199,-6.22492447457512,-1.08270050539594
4.89756976129566,-8.19150282467956,6.18528858011375
-6.18290403003927,-6.73892782472545,2.51676768317236
-7.30429143296027,-6.3411149484367,-0.21150355147757
-3.7927157307278,-7.20913741134399,4.782346084966
-2.90850171278467,-6.82408979077558,0.367205196090998
4.10758195513082,-7.27971637771851,-1.67170263451496
-6.87749092193303,-6.90001796935539,4.65639180922499
6.3419315101397,-8.63563054952132,9.05784686061974
2.27064367309342,-7.08999907499601,-1.79972097954408
-2.56779220185704,-7.25318985903834,4.09281150523561
-4.99027031177547,-6.56878663737488,-0.156602554032515
-4.9993988241923,-7.37164814239875,7.39666465354291
-10.8191748893187,-6.26636079133553,2.25251622493594
4.08303113823946,-7.10722656370252,-3.27059072808247
4.91101003260645,-8.27525748830763,6.96028067449998
-2.46578673480519,-6.37476114597721,-4.25428514156852
5.0769568742054,-7.55366693157592,0.0294959942951599
-8.21946957930579,-6.07033275026699,-1.93175248426425
-1.18748621201135,-7.03769526206889,0.824151236174039
1.11973201493187,-7.93906771551262,7.21641173087432
2.13067649133451,-8.09891246056256,7.80782961251289
-2.73651407904687,-6.09369778928345,-6.65173484312682
-4.62928630299527,-6.22050672731323,-3.75483731593375
4.586708930314,-6.46317047843252,-9.77699016140269
1.28142240081986,-7.39244849980994,1.93378805409658
-4.26904476045632,-7.42386641267218,7.2294244280292
4.93187816427056,-7.16792121660385,-3.46492209522534
3.89634953760624,-6.87331344121653,-5.30065342987313
-7.11986193749371,-6.7753060812525,3.70273867542363
0.310430449525841,-6.29471358057294,-7.507623741119
-4.83879068408626,-5.38137840188944,-11.4519638685775
-1.38767254677713,-6.44609888912731,-4.55514137637821
3.15277895825069,-6.90844906863047,-4.30058169485719
-8.00759996482274,-5.62461760547543,-6.3113171495163
4.98159556628382,-8.41502341600339,8.21016745123082
6.10578573736338,-8.71707848126671,10.0360114844677
-10.1370127367916,-5.9168368563038,-1.64675684531996
-0.386579192617559,-6.19774614201751,-7.79096209600773
-9.88923398938146,-6.14276908872069,0.253261896093011
-2.73656439408385,-7.43634144227056,5.96605906849269
1.51781209795374,-7.61023304001935,3.7674976344131
4.40560914813772,-7.00684361507825,-4.50456702006728
-4.61563902758407,-6.30502471815706,-2.97285819782429
-5.93684350828508,-6.77976352108231,2.67885453139332
3.42751509024551,-7.68036665447443,2.70615230533693
0.907469167500271,-7.3520037225309,1.89059267278432
0.153852774029432,-7.76623367120188,6.462325459741
-5.94713728404763,-7.39750451924194,8.49346641536462
-3.06152221026396,-7.61520974409969,7.93976031728123
2.02930103693243,-7.48593694164446,2.13860432370611
2.35067644611331,-6.86709719815431,-3.96658469367217
3.11756111729899,-7.62828025079041,2.49589600338084
2.02530486007429,-8.1420023143215,8.3077033249426
4.71967648230113,-6.80723344256366,-6.66338276974055
0.122277783935357,-7.80776851579165,6.88110275353159
-6.85385203282711,-5.69587137225794,-6.6811005272209
4.71141615088069,-7.95760709749595,4.15491369094862
-5.21374547605022,-5.62251486286354,-8.84804381719164
-5.424301226256,-5.41936628961253,-10.5674827584159
-1.62158842002566,-7.00848573375388,0.940729068481235
-7.98718334426586,-6.37131825366142,0.687550723300729
-8.92088141440119,-6.12087031917245,-0.824918625206351
-10.4982845375285,-5.89384098560627,-1.53739743694649
-6.42332077569848,-5.9085090747361,-5.07066022842615
-4.17091939645692,-5.76504291899923,-8.4480847401982
-7.12746534822679,-7.04059354717426,6.20267785640215
-7.37349684823085,-5.51834917200787,-7.88125439032923
-1.29058292737678,-7.6421631676802,6.59763229170971
-0.0428594164215794,-7.25251094313863,1.81173537201078
2.88952087799669,-6.42091672544509,-8.64509190035777
2.11133931464758,-7.84759023242503,5.46340200833709
-1.43298586687587,-5.84045288956946,-10.2059921360784
-8.50347818940553,-6.6710392650473,3.96936256264699
-8.1186589791438,-5.35390093208428,-8.75537611399123
-7.24991274771293,-6.91104308653278,5.09551489552012
3.44491278906511,-8.38231100317374,9.28713408569977
-2.3892061889608,-7.45088873419812,5.78983720728183
-0.774451647573214,-7.66614310157303,6.35800888395169
2.92735626873581,-7.96700949594021,5.85052271933255
-6.57202286940431,-6.03274583015796,-3.76915696659321
-8.76579812776393,-5.05087929021638,-11.0200759672541
-8.09980882671543,-5.75716874158951,-4.9825723102735
-1.57585231071543,-7.88216392262122,9.11008231568901
4.17581421106991,-6.6956428964111,-7.2221140466635
-4.44649930844985,-6.07694080221394,-5.26869698922592
5.51050242916474,-8.23693610571218,6.06006931925475
-3.66671603640266,-5.51189199616925,-11.2813521905972
-0.255292167886065,-7.72303192203491,6.42492489831237
2.82201121212942,-6.98734577738635,-3.26114833915984
-2.1798315577262,-6.46377166912996,-3.67540705553974
-7.90046784720078,-7.1612445937137,8.03291200402459
-7.71948743666075,-5.78550472878692,-5.058908614098
-3.82591353286193,-7.30306834909367,5.69498759085048
-0.0605766609679232,-7.09785433662163,0.374281909053011
-1.16096383293964,-7.56372994928922,5.7437682160383
-1.18903130605111,-7.73601018021818,7.38809019566557
-7.85764852911164,-5.57699204755718,-6.89397766510798
-9.1356004272057,-5.13422218474917,-9.90369275587041
-7.44129017960555,-6.43764255498658,0.819054253259423
-3.26119513595503,-7.59299152843892,7.91084448743428
-8.73818236165765,-5.88003574057774,-3.25279970658067
1.08006052778154,-7.88550229642323,6.74876032798255
-10.4252139307713,-6.00846740205504,-0.52600277555746
-7.31626601117917,-6.60913510203645,2.31805453765539
-4.68093598002535,-5.78455571304879,-7.80523885698004
-3.32587260132617,-6.32395327116011,-3.95691590078064
5.79631790623399,-7.04846714072088,-5.36628271472672
-5.37548993163906,-5.5578819262896,-9.3097295553345
-7.86794222553769,-6.07974831575442,-2.15995667828171
-6.71354301426626,-6.20110670869561,-2.05945905439892
-4.36933278411652,-6.19017112239887,-4.27411239357811
3.62935334379397,-6.61023063792755,-7.53248883752587
5.18581234032622,-7.93260760251248,3.49259568082592
-3.11632460641212,-6.2489307455846,-4.85073478154719
2.50002942983837,-6.31990031161154,-9.24352245465644
7.7358928771197,-8.14353050357418,3.17743233843546
2.32277538122934,-7.30083952683195,0.134727062915075
-6.65225078737492,-5.73044618933098,-6.53779840114334
4.1288571761551,-8.03602910666,5.41672308401899
-5.4992441372141,-6.7974147372655,2.4505046949221
-10.2471509003219,-6.4450949231359,3.41687138038233
7.68139891904772,-7.42163670599063,-3.55760839043333
-4.69737304984001,-6.89557132162501,2.65054926395192
6.09721628177402,-7.09393647056846,-5.21005349004427
-1.10818656131902,-5.90318044233839,-9.90910768150302
0.159471175252933,-6.2955491379329,-7.363773181875
-4.80108856463641,-5.70842203141216,-8.41247488197718
-0.0114719894434474,-7.72274413913368,6.20256435538863
6.5921569209298,-7.65796414447106,-0.355385238365852
-3.0482281986115,-6.92811666768669,1.47069622040815
3.30563006836479,-7.14803941948171,-2.18668848807466
5.28409371397182,-8.00181393895138,4.05443429930768
-8.9339064880661,-6.83680415827972,5.91493972897831
7.52662882352458,-8.59954400265061,7.65143040962663
3.30554737478168,-7.66565418516661,2.67776902172374
-2.43899999010312,-7.49896312592047,6.28648434758952
1.07058862284166,-7.98102169991692,7.65495523228481
-3.22761953407002,-6.90743914774604,1.43798781535394
-6.8538918798309,-5.90868634172482,-4.68109555822709
2.83421960642069,-7.44767738274491,1.05390683534117
-10.3344821673725,-5.89438858417788,-1.67981978920079
7.70046907874449,-8.73276895742873,8.74682562967184
-2.2449189427009,-6.47946074317229,-3.46932919292178
7.85172871400066,-8.61802008789923,7.53218250353611
3.43543990096483,-8.45804464458142,10.0073894208832
-8.5749391723965,-7.07368882012422,7.81771693069717
0.313469845862474,-6.04558475613119,-9.85159733008291
2.52443852410658,-6.4558366052014,-7.98802533069718
-10.5263293107002,-6.14496904446084,0.847891521896656
-0.171985235318883,-7.97636057754156,8.73057833820441
2.30485923100602,-7.49688108351187,1.99320534930275
-0.276073106076033,-7.69514452331352,6.18156919046032
6.71359311335658,-6.80728042018522,-8.45924810367786
-0.572331943176098,-6.84681178485329,-1.52390104302068
-9.34604520301964,-5.76575005001435,-3.77920140798597
-0.0508477685357671,-6.41031410859548,-6.09577258674322
-8.7204405511371,-6.20651210365106,-0.200659598713052
1.52473907037822,-6.21604619012704,-9.34087839072209
6.51943437059811,-7.81829403440746,1.21686061856598
2.87989970561301,-7.07181267511441,-2.51950601036769
3.26362846651778,-8.32626593072207,8.9237577726562
-8.39397350741734,-5.57343264246026,-6.44425608728012
5.03542204527012,-7.23377417267667,-2.93933846467119
8.13381666936296,-7.891666288579,0.452003556037291
4.17085202539806,-6.41505826877172,-9.85449094261148
-8.99848016115562,-5.77240732212,-4.02975756602384
-2.78617988938361,-5.64789406053961,-10.7965163915782
-9.63963956481256,-6.20176329376927,0.582813105929193
6.73285217423484,-8.1126637844488,3.79098947810529
-2.74627198555375,-6.9253529208751,1.17269295272115
4.60062949968118,-8.30435389330976,7.51333951207594
-1.37276786506082,-7.68120323411674,7.03855861425045
0.873603765104316,-6.5663395075024,-5.46232679326458
-0.791212433053365,-6.70058155316257,-2.70093936042659
5.2044912180917,-7.95399329024134,3.67674405837302
-4.36567350440277,-5.98264719594929,-6.22765450541146
-2.15728019933746,-7.60532351182359,7.0322266946826
-6.22226681533674,-7.32039357973608,8.0166641699197
-6.00358604140306,-6.25309279687375,-2.2105056457478
-2.04938673575692,-6.26564857602216,-5.65482334050362
-0.122814736406644,-7.63775742624529,5.50419356204151
-9.17244886243163,-5.8241280336735,-3.38697506498333
-3.15482799568517,-6.32860979672948,-4.06724831553693
7.69890753206743,-8.60072320006471,7.50730734802398
-7.16520287797505,-7.06352920354735,6.45221754130924
7.48408347698946,-8.28126684885144,4.69868927513532
-3.27067780506435,-6.28991019646798,-4.32656679810174
-5.06847760006392,-6.41395627064789,-1.54119386575089
-8.03528507428205,-5.55228952069764,-6.96609271610316
-11.4681257035587,-6.56718428620993,5.6641977812334
0.677048079353362,-7.80948666321263,6.39746033828924
-0.942048283901366,-6.24532897803207,-6.84337479010135
2.93024693941494,-6.8892636344459,-4.28040277344384
-7.24409279420439,-5.81080994935316,-5.24937801121151
-1.91965530473586,-7.2435842422254,3.41863848835826
6.9075230906672,-7.835868459805,1.03239295679602
2.76748541229138,-6.2904801633633,-9.76095327624454
-8.32648577748967,-6.90613094656684,6.01922992517276
5.10958159679405,-6.99675836355405,-5.23354938854599
7.44384828460699,-8.16384803601726,3.63147132264146
-4.28081254057557,-6.96082044727108,2.88846359329559
6.36897263745219,-7.18968839807185,-4.55503014908924
-0.201586556772585,-6.4156997503032,-5.9093603806339
-6.21871732135324,-6.63051465896899,1.53019834594311
0.363824461834539,-5.97669095587827,-10.5444040484112
-7.62500473347805,-5.94282853721301,-3.66554712851388
4.56999417261475,-8.25341533954647,7.06223395553993
-8.77997142252331,-5.47224529987281,-7.04744027870241
8.00734410111892,-8.55182239806609,6.76988423519153
5.54268170809548,-8.09650482412457,4.71134958675905
1.5861372632168,-6.93963948243739,-2.59608631877046
2.69340601667573,-6.99700156012702,-3.05454668516267
2.4344644317993,-8.13381543434787,7.862156309777
-1.50772433002359,-6.59060274582162,-3.08898506585994
2.26469944273683,-8.01347947820406,6.88421651955611
-6.27861062437788,-5.46343965854532,-9.38365300323837
-9.36687284405848,-6.54455339669415,3.5585143605361
-4.27240240060577,-7.18803980568837,5.01622400208564
1.34376363577769,-7.52293020674405,3.10385184023045
-1.24237875857455,-7.49009960879435,5.12515930392603
-3.46318564189504,-6.1856143214843,-5.13327799401991
-9.99049510374892,-6.65859133186429,5.19202483102619
-10.143241846747,-5.74338703288904,-3.271172718721
5.36690803717203,-7.83146880663632,2.37897668706611
4.25194228538453,-6.67514576695442,-7.48332300950638
6.65103680482739,-7.52924508272531,-1.61809156698521
4.21179700286394,-8.50231234404325,9.72398835244695
-0.506274195304403,-7.07268200130381,0.539246184629328
3.35839110583612,-7.86596249311512,4.51259778591969
2.40293459137472,-7.669644782687,3.52842953691119
3.23045713474325,-8.22022842497727,7.95713402677219
-0.0481554505631929,-6.87861408621106,-1.69726014878891
3.60831820055856,-6.7560090852568,-6.14355778099014
-4.07256941321197,-5.50976082818998,-10.9357495195692
-2.41975899192093,-6.56786173696255,-2.48105178526358
-2.57022384643393,-6.12142753144231,-6.54094914090475
3.50413215713078,-7.46683724630768,0.630445332557356
-7.00380230546056,-6.91881686826778,4.94685115236876
6.40226251290416,-7.52121529119494,-1.46943387924942
-6.68806194070577,-6.09625586472067,-3.06777050009266
-0.984851880295021,-5.98131709290954,-9.28591510617558
-7.37847961873323,-5.92845761796214,-4.02269347839264
-8.0255970683142,-6.66751852070369,3.50575563589418
3.155025649139,-6.44541002233548,-8.65410305380073
-3.61861547090079,-6.55017308083679,-1.5672421095242
7.4715284775225,-8.86501689078645,10.1959018180434
-9.95942099558478,-6.39318632234534,2.66983640969893
-3.7390167903975,-7.63115636232075,8.69997224847151
-7.90439338129734,-6.20430701408721,-0.95655405310737
-2.55671190827788,-5.81239219883659,-9.45734015784328
3.48444969164698,-6.31820349887966,-10.1463265290364
-5.1666490716839,-6.07370560779065,-4.65032200011864
5.74203301685733,-7.72379549416619,1.02914858604474
-0.139104416970369,-6.02245128951841,-9.66127719786435
3.14877757513707,-6.60125740019585,-7.18386888801498
8.28352300056624,-8.05083174317592,1.81292164572731
-2.20750940939541,-6.40940548819904,-4.1613887597802
-6.82087280449254,-7.19498772075128,7.37741913570212
-3.27800185057966,-7.09353160730689,3.23221613585383
-5.53133284534951,-7.23245624135403,6.56779832021544
7.71401909621619,-8.46024259110792,6.17350024793915
-9.37354394785514,-5.31879373787042,-7.95478474608341
-9.68363009811483,-6.89019010462533,7.09206552657146
-8.94430646103198,-5.46688942324687,-6.94972475461598
3.82688995923163,-6.5526257066276,-8.251801594565
-2.97090553334249,-7.49342426776365,6.7136221986054
-3.52041334802992,-6.7022200082068,-0.226821916844802
-4.14932443073247,-5.70533619299572,-9.02864479837494
-11.8238878175677,-6.73004761900541,7.51524069159379
-11.3962697802922,-6.31897566935963,3.2668756462228
3.23339664341395,-6.52568198621308,-7.97033596686013
-10.2015716295453,-5.79059343592909,-2.7749926552129
2.7917254681193,-8.3367424678801,9.44734742997424
-6.46739910142131,-5.33129134391384,-10.4554635351468
6.3104459558759,-7.56092163099568,-1.01356906167298
-7.27177813702053,-5.68137133546477,-6.44086040533219
4.59135699133616,-7.06362508580197,-4.1382914218569
8.13453979255703,-8.56093159431894,6.74089984636983
-3.1641877770607,-6.85654662452752,0.902570401659962
-9.86712433752218,-6.71171065433575,5.58007980793794
2.97826926852667,-7.95761449763274,5.71636424163171
0.19918399287464,-7.15054679933159,0.635452607782522
0.648468155979893,-6.02539531977754,-10.3431292380526
6.66979488074934,-6.95054195164783,-7.07346311926672
-8.56954894396866,-5.58940808120783,-6.13594907483612
0.137800858801001,-6.02009072400509,-9.93292326265033
3.1983621719964,-8.19466813171367,7.74584046696545
-8.85159952441498,-6.22254676752169,0.0681894837157588
-3.41725623460967,-5.86382273216366,-8.19875304658788
-4.00030364230969,-5.92007999569094,-7.14480103168362
-1.07108299716597,-7.777634814059,7.67300671164572
-0.260966341961562,-7.50308177152636,4.3630134363727
6.50678682937017,-7.66531509486538,-0.20939391403325
4.3656845947505,-6.98634023801957,-4.66128362153355
5.86186115119156,-6.80224624287447,-7.73923783134827
-1.68533605913178,-7.82376528415554,8.65990323857925
-9.96017927730056,-5.9467176391018,-1.52525465644911
2.67338702572419,-7.26536184800167,-0.514544959336312
-6.24821690423533,-5.38285751675283,-10.1683204856737
-6.66897786970193,-6.85443780210759,4.0401954527329
-9.77014590070652,-6.1034304223141,-0.223716390432592
-4.40173400264878,-5.51459225993232,-10.5938029369858
-8.72423368856923,-6.58432004891087,3.35327949395232
-4.98700927108614,-6.57555553975325,-0.0959283599135757
-5.8073251838789,-7.05249000146829,5.12517116350774
2.88369376784969,-8.18092184876822,7.90013992828049
-7.55055777757456,-6.15386919019186,-1.74932132264035
-6.66268538971851,-5.49713011532581,-8.72103002663935
-5.4888745811394,-5.75711887692465,-7.33521498373515
-4.2733789466361,-6.1019315318316,-5.18980489723523
7.36234318689258,-8.15646441934854,3.63550980777386
3.05941478241439,-8.35248550217154,9.35413598178847
3.50425183002448,-8.07684795811635,6.36302897353678
-4.63524963968384,-6.86469019328831,2.30437141348794
-0.496062182441631,-6.13419273030312,-8.28958481658755
5.87042779109567,-7.86457124846924,2.23644542274358
-2.42541694680452,-5.72382791692907,-10.4079226038984
-11.4735239265819,-6.39000268720864,4.00396329765609
7.21490169704634,-7.31741177620093,-4.11681757042345
-1.51011770350457,-7.8196587305966,8.46345801952429
-8.15956488849635,-6.74502189798658,4.35479909262756
3.17171832137484,-6.87488072582621,-4.63310891995892
5.78288855426236,-7.69609678210791,0.732038187962933
2.43517173483457,-8.17926570533106,8.28864665368672
-1.5781958566181,-7.08589277538176,1.62908435074037
-3.53273610757054,-6.60872199325045,-1.09438576402304
2.97966464540462,-8.2168036373981,8.1508862944585
1.40130391004097,-6.47795068632547,-6.76837922312895
-6.38434498257889,-6.87907941756718,4.01534575313187
2.36420459737543,-7.10906917014972,-1.70479458234291
-10.388712772917,-6.03842851856794,-0.277321157078865
-10.5479797136145,-6.5306661351412,4.49205785306286
-9.69592541861511,-5.72240736142505,-3.87131768950883
6.53276958474807,-8.71626374925455,9.6436878525056
-8.93487652587901,-6.21169422082534,0.0412243372796128
-3.99043039935675,-7.15267189200588,4.42982053681633
-6.56642694340791,-6.18585321024542,-2.33534263426277
-0.900259891011224,-6.88125240948122,-0.904810532576127
4.4039146208807,-8.09176796477535,5.69274208017745
-4.48326758217116,-6.62834718807099,-0.0536265088069518
-3.83612730149956,-6.37742375523062,-2.99473166216932
2.83646773046403,-7.28627123569641,-0.464963389544017
-9.94097131289157,-6.30910375085664,1.86303328215334
4.33887911806832,-6.65263607782113,-7.77318292561447
-4.53225106112221,-6.88045600099169,2.35974281943728
6.8189347149395,-8.55006723736807,7.82402023915425
-2.36279497829015,-6.2058004367629,-5.93491009631592
0.729955322608183,-8.11355917008125,9.20737564012189
6.67572926533918,-8.61654162107094,8.57773875685622
6.65341645176132,-8.06685694994552,3.43207419332955
-1.31948586222151,-7.08057509029486,1.34604020675548
0.00017922110045232,-6.71962842530146,-3.23490247345904
-6.09340335585542,-5.45564891337972,-9.62372006034754
-4.10936207518994,-7.23539570708344,5.31437808180349
-9.67907536976674,-6.47105109186862,3.14902376942521
-6.67339451663384,-6.69881717301782,2.5816999808394
-7.85930319739948,-6.63119878977368,3.01462097947695
2.61217633033934,-6.52073452596092,-7.45717723352191
-7.39998550271022,-6.12562175155937,-2.1504315940282
-10.8514344752445,-6.13702546531527,1.06612540469491
6.68575489510293,-7.54095279017083,-1.53934347074722
-4.59926804444985,-6.63586032969149,0.121483744584578
4.09479411181803,-8.10650618352296,6.10973198953824
4.11915519722205,-6.83161043644613,-5.8932895351561
-8.23899633116918,-6.67793404579024,3.79588754897543
-9.95902298144865,-5.81559156154135,-2.75857855962731
-6.57885771429876,-5.19779730485304,-11.6095867507616
-3.01215059739305,-5.96157837314875,-7.64503294772031
-2.04319601545472,-6.53985538179854,-3.08349001515783
6.65026861154899,-7.69461914070454,-0.0632654061749969
-5.17594528257765,-6.25289424128968,-2.95798790679848
7.36738751003755,-8.2084590534142,4.11959485212971
3.5992350256092,-6.93519123586902,-4.45147653455709
-4.88207020859483,-6.09836593182719,-4.67494721240783
0.626049418081987,-8.12083391959583,9.3693496482688
-7.33892575713576,-6.84613312053093,4.56570242333952
-5.22485058589777,-5.78449968163846,-7.3157562127209
5.03075345731591,-6.64205399139519,-8.49593528454588
-4.09559947024344,-6.88773231309699,2.0347467017285
0.554721356792441,-6.18876286661211,-8.72339581171046
-0.596409631623834,-7.79298663856725,7.38964817955732
-1.83759237967412,-5.86199831592246,-9.63900746749506
-7.35766535100042,-6.12846473194051,-2.16184010184788
6.46081496242004,-8.63907813959997,8.98314489652284
4.05434258915803,-8.35045208871187,8.4387024577549
-6.35045714136776,-5.70025609173808,-7.09339955061384
0.235542939072637,-7.25295264457183,1.56507543316418
-3.33189022166213,-6.27961853845953,-4.36813873084159
-2.34965685844473,-5.92569649782294,-8.57907607912296
-11.2061465261509,-6.39650688179709,3.82420910090605
4.36184853907558,-7.70260767202352,2.07343142613312
-10.5979115431018,-5.92564524300468,-1.14875755524809
3.87080854034124,-7.81725995554679,3.59327283598324
-6.56281920512102,-5.89164448745534,-5.10347514045433
-8.28401887984079,-6.2206158802905,-0.461286189415678
-8.56363133432334,-6.90677942698939,6.23896706735058
6.7496703361691,-7.85278136414715,1.33354372853428
-1.96588764456253,-6.83752608149147,-0.355719732158637
-0.965767127740771,-6.81728992056519,-1.44689511016048
3.11980082152833,-7.98455832040788,5.84206905430527
7.57026193289481,-7.97678899555697,1.75966323129623
1.59262447515543,-7.72431461566593,4.77220290102571
0.909997385485732,-7.97003559486487,7.69638684937957
-3.4945205804228,-7.15742297495726,4.02770773793171
3.03886378154561,-7.38067002931491,0.239829876281783
-0.333699181410946,-7.75019940763612,6.75087288100294
3.53243693043167,-7.49334097501714,0.854019563617834
6.84674523919701,-8.33155958995782,5.74549882206655
1.05999642526513,-7.24388430382986,0.737109076121471
-9.14482347742704,-5.56974506815686,-5.80247480288079
-9.61329723144234,-6.22686310836215,0.794961737250645
0.82409765633287,-6.09633342715905,-9.83469840897142
6.84767304783854,-6.80666874439759,-8.58578820345558
-8.20827664505599,-6.6356230826845,3.37058707202999
6.29391036257923,-8.55129816575243,8.30857922308878
2.52100715797672,-6.2945694360499,-9.50047286782988
-9.67954724481011,-6.26744992676175,1.23606828296338
7.75916042573092,-8.12753505961468,3.00615053104517
-7.89446179595303,-6.59541172418658,2.70997939558208
-9.02366782034223,-5.05825782369537,-10.7184216318894
2.09242828101143,-6.20583484217624,-9.9482690716956
2.49669554452819,-6.9221765305678,-3.58051388975462
-5.4844786762116,-5.6826268778052,-8.03922792797321
-10.9040234486144,-6.63255777335304,5.7703614007789
-0.147733571199542,-7.30084623639693,2.36045592440013
4.21068788135364,-6.46272744275455,-9.44239870111712
5.17760594110077,-8.31347515442023,7.07926388721404
-10.7581793506548,-6.40223776679356,3.47449540036228
-11.9276479864822,-6.63799583730935,6.74364347671715
-8.78891553980898,-5.18420169794278,-9.74632700450088
-10.9635891344286,-6.41298496494597,3.7605466031317
-2.5403075049491,-5.73026787486165,-10.2438977034981
-8.25999571691673,-6.84175991098636,5.35439042689585
6.84505397750481,-7.53597922328593,-1.72959504007558
-8.12183815929787,-5.30193921362449,-9.24083212315457
3.84938531202019,-7.09286296744175,-3.19508531111478
5.73694913409038,-7.35770673395995,-2.40665998954533
-0.225512173731824,-7.16955933040541,1.19673255357805
-8.4574725067261,-5.6399236362343,-5.7621885075539
3.50442124336373,-7.64930117922679,2.34492434064378
-2.55619727884356,-7.25002396138659,4.05261358869854
-0.712988500820357,-7.27025422006156,2.58219621610941
-8.64591245437357,-5.35952289972161,-8.22754330257122
-6.73745164768823,-5.58703134412944,-7.80880971791666
-8.36174364724405,-5.98923926051068,-2.56567014383799
-1.1995216704931,-6.75150767340574,-1.85450828302143
-0.777247376783488,-5.90246779091565,-10.2139459656669
-2.80638243375289,-6.65108150679107,-1.35067160143333
0.202016322505823,-6.61123217692239,-4.43541055417797
-6.68766449983389,-5.54941923978265,-8.20712953280659
5.77614901273351,-7.88568140222412,2.5197672516594
0.898207734434908,-8.15410659739146,9.43685025676758
-3.61024723566442,-7.2705800991785,5.19538069962878
4.42433712198737,-7.46172375030549,-0.246616518668122
-8.22098153039024,-5.93884554822296,-3.16606631662424
-2.02645719126995,-5.94854885190896,-8.65548526904168
-2.13528590022951,-7.1967551035568,3.17281300127985
0.835304931025482,-6.75801818984955,-3.62648681627223
-2.58775298199882,-6.38307931080926,-4.066234992043
6.76018030874325,-7.74386207688217,0.300485684458336
5.09512787231846,-7.34152193293905,-1.98054703540455
-11.2204665191766,-6.70792499011644,6.76372067639474
-4.26150686209158,-6.82029794232238,1.55048431673707
1.20055275322291,-6.45403686346612,-6.81225847190998
-8.20637821335813,-5.40737015922075,-8.17386320234319
-1.74942591884298,-7.38699852935122,4.61304290244893
-5.78041133378035,-5.59802265386885,-8.5677083319996
-2.48183869848312,-7.33772517649598,4.8098132324583
3.09100910217472,-7.61319998360107,2.37809687160562
-12.1195686675894,-6.67687700987864,7.28193679750027
-1.35919652666527,-6.68578651588661,-2.32828527301292
-4.66923283511326,-7.47920202101212,8.10997820289719
-5.07414182680098,-5.84630504234514,-6.87070116670583
-4.359846301233,-6.43656998434711,-1.96707863028181
2.63622621572401,-7.11493258436574,-1.89475458066549
-4.27987944051509,-6.25472820791402,-3.74801287701501
3.92990741040473,-8.09543132898002,6.15419932270398
-8.39398989671059,-6.0113866015026,-2.32848586185047
2.3180111875354,-6.77415272691107,-4.81062008069591
4.34508185308582,-6.81547178026259,-6.24849150776768
1.86008369449358,-7.22922487868209,-0.121449187961646
-7.2813017451888,-6.64823235504449,2.65397930913303
2.65381615354779,-8.16009612656337,7.91152153192187
1.86122243180142,-8.27975240541319,9.75005676938838
-7.553333039798,-7.12411289086066,7.37122823748994
-5.10023659643768,-7.0195927414129,4.17900130517313
0.218928711708617,-6.87229782695796,-1.99723281763876
6.17426108350987,-8.55442370771727,8.44574337172972
-6.83275110179711,-5.91219798218773,-4.66713984292596
5.17710787603232,-6.68465893575099,-8.22739699815648
-6.46312957899944,-5.61324790965646,-7.80956957454113
4.48802082425528,-8.088207558209,5.58351173980089
-3.9284627242814,-6.92968377702423,2.27842111527411
-7.33877628905839,-6.94053345999137,5.45271287719793
5.82957736653964,-7.16036579769983,-4.34465708201746
-6.73180770508963,-6.63928404642024,2.07485019341902
4.17672087048931,-8.38510460620109,8.65410625289755
6.38678707138371,-8.08062500674968,3.80166683401311
1.97698244464251,-6.46906114945037,-7.37054546478359
2.16770392108691,-6.57091137658532,-6.5852083880312
-3.00167916825156,-6.90400660379435,1.20218159304338
-0.808913378339062,-7.95603928938317,9.11340968973087
0.0302584099047802,-6.01663414436482,-9.86852281750464
-0.392686525032582,-6.69769745874714,-3.08707264174026
2.62266948888369,-7.71520337242591,3.75861725966402
-0.376474970658394,-7.5816395721072,5.2053362679536
-6.94594258713433,-6.30654625967114,-0.85920356253969
1.08991687089859,-7.28267872430195,1.07473186704993
-5.09824118470323,-7.40216290183606,7.77247935163783
2.50118232491888,-6.45370264220177,-7.98712829106593
-0.157335873315882,-7.37323964674441,3.04943739243297
-9.35799063485519,-5.7307776303082,-4.09709979688307
-8.1989766233689,-5.22211005537774,-9.92154823875197
6.93153148707355,-8.35783930668048,5.91608405663947
3.04305357011583,-6.47745418491767,-8.25208701942241
-9.00592413468372,-6.15343703506893,-0.442252284933681
-7.94616537041999,-7.01942258866645,6.74128139973146
-4.37816447856178,-6.22298565824131,-3.95777514692961
1.96622631414599,-6.44606394360676,-7.57697594234427
-5.66106437428159,-7.04501851752386,4.92319104153862
-0.970686919664751,-7.65501236920721,6.43019282267169
-10.2570236320335,-6.31619330328127,2.21438822153697
-3.65664582231773,-6.60780748160608,-0.991350586625169
-3.96650483590717,-6.31484977967207,-3.46532618320067
5.51826254019527,-7.35181644848467,-2.26500170339377
1.9391208886057,-8.28901744477616,9.76694851101188
5.18745500735916,-6.75214562062942,-7.60249973183513
-6.95227018127685,-5.56438114787618,-7.82814058552303
1.22834739756377,-7.86029472142641,6.37827665903053
4.86778286456921,-7.82739100098423,2.79031342884524
-7.16994143628534,-5.96710118756402,-3.84740392054681
-0.573424712942058,-6.1667396816028,-7.91402325200684
-8.58987499608496,-6.41498041344986,1.64083523470046
3.20012335113384,-6.30561250729947,-10.0085049700289
-5.62493851037652,-5.85754296777404,-6.26888139924073
-3.46044847720051,-6.14884060959802,-5.48133182595041
-7.34261628282153,-7.0547349824975,6.52940278809988
6.40723830266781,-8.48927212091257,7.62358127256412
0.127367852147833,-7.60563737279845,4.97695135960067
-6.49181825835999,-6.54809804061313,1.00170742871615
-9.24524914823406,-5.61534766209431,-5.28344292199174
4.41981971936777,-6.52553034293702,-9.04060206885695
-6.38093860663306,-7.30161056609812,7.98309364185584
-3.30029623503748,-7.34858381187269,5.64920251025101
1.94547445445978,-7.27141909154467,0.198150943801676
-1.99706482855419,-7.78522989413124,8.57859406253936
-5.36153905304038,-6.61311994039915,0.594501724650795
4.44350950139546,-7.22509088451619,-2.48769106614381
-0.631972790711875,-6.15056546554184,-8.01327792655363
-3.09631282201082,-5.79067753055068,-9.17528484258182
-9.96515000196509,-5.66656048788833,-4.15360656881893
-6.43031001279555,-5.20079931309426,-11.7152004882654
6.13644260260496,-7.61550274127951,-0.343874202855067
-4.70806776100762,-5.81333515733891,-7.51033571751194
6.60306635716492,-8.38398215780844,6.45767860948905
-6.29648589381825,-7.17402603462899,6.70801087788954
-2.51521002985696,-6.2875094960197,-5.02972395146841
-8.63761603529013,-5.07834440259172,-10.877445792504
0.0496365728985859,-7.07526442512393,0.062698526220226
-8.16317633928062,-5.05712910060279,-11.5042403254499
-4.82136635592136,-5.95604693179525,-6.0671047444197
-8.16676887203127,-7.11165709344926,7.80681295788353
-7.79128537206267,-5.87390209371741,-4.16349529450723
5.407655600736,-6.92365598808843,-6.1890758128419
-4.94342086095353,-6.79982320079356,1.97240103258263
-6.25513897729062,-5.25583724956432,-11.3557815053523
-5.10425252151949,-6.34361583468958,-2.17000206508055
-7.16118916772063,-6.38929824023115,0.112388158210766
4.44867448777524,-7.17907684977838,-2.92476979514484
-4.24010961463415,-5.69464166686973,-9.04736084268745
-2.74092084210388,-6.82746224122784,0.247925898486988
1.56963203539829,-7.0714412231766,-1.34258498740268
-8.03909320443661,-6.18871628721796,-0.981720654010067
-0.639846317120256,-7.64964854035778,6.08173302766517
1.98940571469248,-6.42702277707127,-7.77680109373583
5.63937743227264,-7.28087185953483,-3.04082858060249
-9.74817444991004,-6.43598915516636,2.88177348592755
6.01419266549322,-7.5695341576612,-0.665738501898578
-10.264599452647,-6.51602334806165,4.09915400676245
-10.4330985107618,-6.64518287380939,5.46475489651106
4.80730853332223,-6.64469136454864,-8.26984995842053
-6.98510308471565,-5.90615508634034,-4.58667617096941
-4.86159644287016,-5.68240005837619,-8.6025101501735
-2.59414722872704,-5.88199173588816,-8.76954005518227
1.03651452314234,-6.64339345758668,-4.88496293742194
-1.48818391078605,-6.57777941645437,-3.22709857709931
-10.8812810071279,-6.22184959936803,1.89016485616728
5.27052309243618,-7.84122835237364,2.55752645451349
-5.81012374878046,-5.60282747109918,-8.49578642429622
-3.51137247224952,-5.89970739354656,-7.77673140971478
-5.62388965624987,-5.32313920753559,-11.2919870800531
-1.38013843486271,-7.37933660264525,4.20834974559195
5.39309484773076,-7.84110013328434,2.44589737628355
-7.79416986176842,-7.0495433049281,6.88741476085472
5.2705376228634,-8.55194914633611,9.23664693101742
7.10108979780243,-8.74584973722056,9.40973172388043
-5.15418206096497,-7.42093227647912,7.99926489229559
-9.62374797197381,-6.06231681849976,-0.741978249422284
-5.02933864787385,-5.45960036161692,-10.545194705301
5.99093181234639,-6.66145630030769,-9.17861697865898
8.43458101202872,-8.16462369274812,2.74621588921541
7.82000001294486,-8.17865972073719,3.43179424089548
2.8736428375322,-7.17719352702368,-1.52353267899151
-3.2840087662807,-7.19739848805233,4.21373645533353
-10.4327277500583,-6.57508884155735,4.80569890754926
3.10997142478977,-6.41713564955874,-8.87922777462667
-5.86762551696683,-6.548872732411,0.446656470001182
-1.43589474261504,-5.92986690941751,-9.36308632475813
-4.42628942026835,-5.6044954783565,-9.72679855724351
1.54433865232657,-6.65533716172267,-5.2302152398054
-5.64382668855641,-5.45240459672309,-10.0592299029877
6.35218809537875,-7.90211523571426,2.15525737433272
-0.0105187232301267,-7.21143079349998,1.39654134327947
7.3623527170686,-7.77315941412227,0.0333196783679221
-2.06940855467971,-6.00022686941726,-8.13113668003466
-5.56702990421753,-6.91545821403144,3.62090844076948
-4.0899903035548,-7.48880659983572,7.67840314178769
-1.41124954787136,-7.67072341112141,6.97474039178917
-9.56998099663319,-6.09550635413497,-0.478511614631257
-2.49297596728742,-7.1009983835848,2.59516175638348
-3.07728134458861,-5.72771192589675,-9.7841614011484
0.583947878640231,-7.5948489355223,4.46423492968177
3.4425206638185,-7.07626942361168,-2.98448451435611
3.67796386572204,-7.52336646872495,1.00508554932892
2.2548221010774,-7.00510628840686,-2.58326350182565
6.78304022968954,-7.4575022511662,-2.41122949058656
1.86845373987569,-7.70533583974043,4.34535342101671
-5.80862454710074,-7.18844283865458,6.40398434494599
4.45850240764663,-8.0604682665406,5.34941943484441
-9.20601887127519,-5.4684468138277,-6.69931383466686
0.970866091593429,-8.05286929565289,8.41999604531799
-4.36127342085076,-7.37014639422087,6.80766857149127
4.63876359396542,-8.05409184785196,5.12709967327185
2.80356627552341,-7.15342816391169,-1.68374066071585
-8.4315152778734,-5.77195234290663,-4.54480837797526
-7.57666500429934,-6.5207302904355,1.72184533727255
-4.37658363073121,-6.07094670560592,-5.38801423938422
4.30795409600517,-8.27341676534461,7.48627138994809
-0.124514507774413,-8.04965663045416,9.37662583154266
3.81342456704763,-8.20917274354988,7.32804450892456
-5.85137426797634,-6.42351786823488,-0.746030307238391
-0.664645737664675,-6.03256349728779,-9.09278897162221
-0.420455888177116,-7.16065448329245,1.28867111539724
4.69834376281242,-7.54845314976805,0.32158863482935
-3.22826337478852,-6.93822738193119,1.72790612219337
-9.83506408874017,-6.56154180928331,4.13995670794802
-1.1095050555658,-6.56851132519494,-3.6553465968591
-8.64361639019012,-5.03101793870453,-11.3167995385886
6.17508363289781,-6.73011094856687,-8.69932309419477
2.5665191079442,-6.64671728100317,-6.23209807821552
-1.48104612257017,-6.52891214457003,-3.69276842840315
3.60470654468401,-7.0208795735925,-3.65113337259668
-2.63121163492468,-5.96397239624911,-7.96572015038675
7.530254006258,-7.37234544082377,-3.8846669201586
-11.0904084732444,-6.68588737352854,6.43944952479948
-1.61336067402135,-7.47786683253268,5.34441471586205
-2.90228336833439,-6.02971519759939,-7.10368289463348
-4.21367164350676,-6.59804951728047,-0.581231887997765
0.311619134454791,-6.36386022643487,-6.85887589024147
-6.23977419539765,-6.18713323402687,-2.61759275154389
-8.25084946843945,-6.91835390966869,6.06595727111957
-11.6142549531092,-6.66524590498986,6.7173973690944
-7.53378195437512,-7.00642979868995,6.24766559222943
-2.8449650839622,-7.31339094009781,4.90826587872024
4.22847156669295,-8.04775801914503,5.43720579436286
6.33214236126437,-7.08414256848696,-5.5137369551755
-0.249723615929708,-5.91326666849731,-10.5877042658156
4.69360854131996,-8.10092577654797,5.51782094363158
-0.85353360136327,-6.7767081927706,-1.92938007044112
-7.57636142419994,-5.49219043799405,-7.94432665192712
-2.5923567587439,-5.76902930075095,-9.83273900439512
-1.69433075659363,-6.97869927558083,0.726338282375954
4.96761521268142,-8.36444009933004,7.74739594297999
-1.79242876190287,-7.71186338035728,7.70476299195453
-5.23978715130733,-6.27619657587429,-2.68148506078764
-9.85824160830937,-6.41457913473745,2.77972755816448
-9.56543559634039,-5.53787477987547,-5.72305510290774
4.49529022199209,-7.990205590727,4.65597069392525
1.71843141860474,-8.18667988289843,9.004029588361
8.43553054222843,-8.31196183783574,4.12999864897654
-9.60307752428306,-5.50062928364788,-6.039165349922
-1.56138310911845,-5.9995784568969,-8.59490715351532
-7.77220924893466,-6.37271182152331,0.506978246183126
-4.117084567276,-7.56835631487737,8.45039573855058
-9.40138022341125,-5.44043389687022,-6.78657073907365
-4.20791740327823,-6.33133049500931,-3.09295848555088
8.20261554674409,-8.02887687403749,1.67948560634779
-0.0831370029608012,-6.82649656296589,-2.15552980805087
-1.21140008859202,-7.76427164351812,7.67383455544643
-8.95266217981222,-5.76953072723166,-4.09806804057748
-4.92838477433832,-7.07405425917929,4.53599354215818
-7.07701788582795,-6.78375423917126,3.74353390932238
-7.30607875711668,-6.35200470305218,-0.107554826469483
-6.91087517831075,-5.64773963965838,-7.08205583126224
1.60683817478676,-8.12447397463112,8.51997140160735
-2.82582168220367,-6.48243273974874,-2.91806770648419
-0.214308454681662,-7.43193069333217,3.65232387949954
-7.87647711872985,-5.25746039517793,-9.87987446363744
-9.946016959069,-6.92637623646436,7.66851422391314
7.79230075149381,-8.38824024446754,5.42632108274272
-4.17175882975679,-6.13482100662893,-4.97226873207321
2.15190634921476,-7.73429526516319,4.36214446488162
2.12317857418524,-6.26577888097463,-9.41263633239949
6.89254871600492,-7.05782753826923,-6.26590396840903
0.182894411562469,-6.03440604031916,-9.83901685528993
-0.258261675316896,-7.80780947868516,7.22431328936564
3.95439873382561,-7.59764007214017,1.45404742065607
-5.17595314801872,-6.38477540352769,-1.71860256569144
-4.96430225715758,-6.10273319304673,-4.55982271642825
5.97003933199574,-7.68788860402948,0.486297330729417
-4.73141610626836,-5.99700447703789,-5.76323404662146
7.85716334075127,-8.45006573390862,5.94890356093496
0.803824626326825,-6.47888853072885,-6.22130036456897
1.86983824448324,-7.25853775447814,0.145236314297643
5.60161229860511,-7.40113193314597,-1.87663934285152
6.6301893497293,-7.54433915369304,-1.45746083023779
-2.68262969634357,-5.9105691117443,-8.42126544867367
-1.70283914904471,-6.37872310231276,-4.90438653384879
-4.96098667177083,-5.709812948649,-8.25535228518505
6.37243686710208,-8.6970913134851,9.60795397403067
6.49242008013793,-7.06037739745748,-5.88146783875961
-9.75414320913286,-5.88215882370116,-2.31757496220008
0.123435838556503,-7.11084831828616,0.330619627380678
0.930257424979094,-6.90044010313843,-2.37359195036476
-10.1808362680539,-6.31446496534913,2.12950912596555
-5.66750853809572,-5.92519743308374,-5.59473465234639
7.07831128726331,-8.36318892292882,5.83412510204679
-4.76999261742755,-5.70272796774113,-8.49400006726948
-7.02953929199421,-6.02934257942869,-3.38896602521297
-5.33159031857521,-6.83211660251046,2.62558380128001
7.6281802799384,-7.59825573730256,-1.84985318510737
-7.73424009859039,-5.61595529190198,-6.63899105095385
-5.43500770515405,-6.1201446227448,-3.97213995565998
7.99286548705597,-7.70346976818484,-1.18962694299301
-8.73576671822343,-5.93016928351276,-2.78383645855079
5.97227409154311,-7.90296298425848,2.50548636265138
0.239749033738337,-7.07185781272605,-0.140586867599423
-9.81798256737327,-5.63153896746825,-4.61531016067675
2.05627592054768,-6.66735900243791,-5.57843873965967
7.56997748504654,-8.37478271160734,5.50014098039512
2.06869911215764,-7.38721675918709,1.17536919500493
6.67092340103117,-8.17345706371088,4.4180970974784
-1.50874125485066,-6.35208287102108,-5.32960472288539
3.56151893748504,-6.3695517988614,-9.73320232681831
3.94650746546263,-6.78466486282159,-6.17893223047552
-8.72933572038469,-6.9893578468505,7.16429547044384
7.69556776728394,-7.38635653506314,-3.90192511872384
1.49252818772065,-6.54433292509264,-6.22672290568925
6.89336940517445,-8.39347267341636,6.28533536123268
1.64505989181894,-6.6274189247576,-5.58332129523606
4.93885420787747,-8.40158542447731,8.12238679315647
6.29635705978773,-7.41182217798991,-2.4020668757327
-0.531856935698649,-6.13058116396351,-8.29127793117772
1.98569091132788,-7.42280573187909,1.58460488154481
3.55908419295152,-6.46542679108645,-8.83000544298289
1.90054861663781,-6.42151213413346,-7.74853761208785
2.68795334256307,-7.14016960810916,-1.70418549934008
-4.96986207673534,-5.39483572866845,-11.2074147015166
-0.108981578110257,-7.26940024863614,2.03002486131324
-4.73422450610355,-6.16197223725899,-4.210388137
-8.68641712730725,-6.94282102205623,6.68829173842756
-6.14208932344482,-6.94774062235764,4.44235587510426
-1.92009137101031,-7.17636602517114,2.78733538388539
-4.51307846718056,-5.94344238543866,-6.46329296012848
3.93552909647602,-6.63916860986197,-7.5363705422476
-8.07017275323733,-6.09102130519382,-1.87182842367239
3.79523329989766,-7.08224933268802,-3.24604375493429
-7.18426988295334,-5.34945441573224,-9.63894829108372
-7.6872612739192,-6.62428800767805,2.79468411798783
6.45304334554555,-7.02981201961656,-6.1332375289668
2.07625853400842,-7.55624283331713,2.75701357527985
0.574786567908682,-8.03193719183613,8.58010815097459
-8.78561765961265,-5.87613123624964,-3.24675886881709
1.46258724148186,-6.60325959856441,-5.64597469846601
0.619960708082598,-5.99592570168597,-10.5943933892971
6.99989975026322,-8.25231350849227,4.86279280416162
2.78876864491815,-7.94900903155131,5.80621264759557
0.87648787802774,-8.05338280176034,8.50984654895298
-0.843135365123914,-7.29852684166025,2.96514202669834
-6.02320842846839,-7.23132766991445,7.00031994124496
-7.66012416856921,-6.02211010970137,-2.88884462643214
-1.25159635835769,-7.28895242620331,3.24314455177024
-9.52325739931918,-6.2971298424436,1.37419039621342
-3.60409135419885,-6.42879132817847,-2.72103485462119
-11.3272377688313,-6.59649428714863,5.81271903394654
1.40606644882118,-8.08711906245965,8.34979549530686
-3.14256888762197,-7.00924281093407,2.31808547743641
-7.49377589047939,-6.73381335977051,3.64965965214535
-8.22692223239419,-6.25051389592278,-0.231751919062033
-2.59946009771023,-6.14985524213562,-6.24745558076994
0.386488451073614,-7.4873097963136,3.63150539919856
3.6444300495108,-8.2196326471816,7.57858952508817
5.44541229332045,-7.46882035264897,-1.09980498068228
0.280702158430839,-7.17154046515258,0.759305370217289
-5.29291801474615,-7.21658847494145,6.20389156842579
0.834040033531053,-6.44738129565012,-6.54461645500605
-6.21963289381821,-6.5491877533142,0.766738146381458
-1.72291625897905,-7.37263893437987,4.45421349902046
-3.39280345256464,-7.52805867831044,7.4191907987419
-11.4629547398586,-6.7331683906827,7.21940642100369
1.08786544928805,-7.7309392380784,5.28919324460952
-1.67098325463317,-7.68702818135703,7.36196000993575
-5.64567507286007,-7.17863446797056,6.16500817439881
0.421530861342982,-6.17983385735113,-8.68731740061328
-2.9244201624591,-6.9686696656234,1.74026284352945
5.54071065041379,-8.42229885691573,7.77483656390703
1.20107785780037,-7.95170476045348,7.26188680678814
-3.5235732429198,-6.97652023504078,2.35381326039527
-1.39381328672089,-6.05787753116048,-8.1979931246162
-1.30260984783075,-7.74741803054003,7.59761982057447
3.91476095316103,-7.86576676845783,4.00952836839728
-9.73262878477682,-6.03758617364558,-0.876299146731385
5.35303019082321,-8.55320981439597,9.17417726843914
-8.29755228493224,-6.18289395273001,-0.803593005262869
7.51510919579601,-7.60292329916488,-1.7041238657649
-3.8813401833744,-7.10507359549636,3.88422782853457
0.640644241982909,-6.60481590825527,-4.89086576062368
2.74955513633479,-6.96534615045996,-3.40261879107629
3.28428205994415,-7.8169171717359,4.11844943694949
-2.43496762655856,-6.79925062810871,-0.292829397344051
-0.700480626802327,-6.98108986453913,-0.146548966877564
-4.17916808924762,-6.37130056700491,-2.74323222125918
3.2128228530313,-7.97363138104844,5.65557811085405
-5.20789012669919,-5.70953370036102,-8.03554282131132
-6.01660204851731,-6.43067569216336,-0.529910641280627
-3.90614413938978,-6.37140874679921,-2.98818112157436
4.51255064844775,-6.54027677843008,-8.98556034661291
5.7524219224732,-8.3504165781969,6.90857986641718
-8.36859181956516,-5.24006846677761,-9.59997540704853
5.16112860641234,-6.86098352634372,-6.55595756657338
4.51227003085758,-8.20743856216038,6.68216177524611
6.90633643687477,-8.42037826354878,6.52650383518123
-7.45061462320391,-5.19214431416371,-10.8773515474233
4.24969334049699,-7.63736919688977,1.56138037809553
-7.44358078046023,-6.13569189237296,-2.01652082573236
-6.26301854405434,-6.29889777483845,-1.54632357874727
-9.12636130509332,-6.8265568448386,5.99201997679921
5.84194307642687,-7.0558406955544,-5.3380917592954
-4.00699198422604,-6.15038245923644,-4.97446443089999
-9.3966772876257,-6.37832197209752,2.02317362834282
-8.03200086391736,-5.88855224104207,-3.80895869812587
3.94797017920841,-8.14847390356407,6.63640435207729
-4.0199215758774,-6.51693238384594,-1.51809375072539
-5.37679658273487,-7.27376593449853,6.81679326634282
-9.63835902232674,-6.37225085496271,2.18384869079197
0.487182570912474,-7.80420306542676,6.51885535452716
-4.07940123647341,-6.95665710703969,2.66788764996806
-6.71340449555807,-6.25252419323528,-1.57637827424061
-4.07924758991454,-6.31793606729343,-3.33475297921855
7.04990959191427,-8.56954069861967,7.79894198955977
-1.1936645514798,-7.13050735364942,1.7019365106915
5.17343182556854,-8.33161099248163,7.25345930199664
-0.20287161253145,-7.960336979964,8.6078188792937
4.81451869417979,-8.50472099711788,9.20363598747699
5.44139852952703,-7.10800066813429,-4.48706048068943
-1.590474860399,-6.76126060348456,-1.41064602835193
3.08730448993061,-7.1670714164752,-1.81114355832808
6.22448796191563,-7.4543499302933,-1.93765783773801
1.06275140920039,-7.28788510448571,1.14813300479539
-0.609335360998806,-7.77104589934516,7.19510062544048
-0.287367914916387,-6.87817587856925,-1.48587330012349
-2.30881078866845,-7.73565760684937,8.39357903653547
-3.38839857320235,-7.27231983327568,5.01186813159715
-5.93296573799181,-5.78996254344758,-6.62648149380288
2.68546166839018,-6.41976716217667,-8.47205949490687
-5.51531908506086,-6.40299766429111,-1.24162279640488
-0.180039153836605,-6.10220166726565,-8.87493004098208
-3.74007182310012,-7.40032119126217,6.53160538467742
-7.10001071105481,-7.14451297190773,7.15454666775733
7.61877246241124,-7.66433569329957,-1.22037881265256
-4.25899698582151,-6.783671916039,1.20402315098921
-1.82147625939708,-6.26412819530056,-5.87443450596198
-1.99732154148328,-6.54344646816168,-3.0910701213359
5.00751927858255,-8.41384408506087,8.17572995726361
-7.02381220400578,-5.17623252372227,-11.411389204126
5.1619687373256,-7.23428142679161,-3.04857655809596
-2.06400648983826,-6.18466318278142,-6.40272810224677
3.40279634935056,-6.47216011912213,-8.62592899010014
-5.62568082248109,-5.52212078385746,-9.42040629657125
4.19358512739209,-8.45678709876701,9.31256318139642
-4.40423295971125,-5.66039486489012,-9.22134398681542
-4.55062051368779,-6.54182022504276,-0.806102240242641
-3.96227959432929,-5.68160221419125,-9.42019687309354
-10.5366159542155,-6.55820756785145,4.74064615615145
1.86936569093107,-7.36447390245923,1.14121709373175
-0.363890174881073,-7.87139728112881,7.91705177640398
-5.56595254763056,-6.05263969698448,-4.48856293294955
-2.41309114381338,-6.09598124559929,-6.92164529490477
-0.102603682395039,-6.36632234037097,-6.46256700522177
2.02033698786544,-6.79116888639154,-4.38253469826335
6.97029409840446,-8.82627064075461,10.2833354439047
3.71352647051957,-7.38936356340506,-0.286270313748699
-3.76266894695504,-7.36372228009864,6.20801777519069
-1.2612467907323,-5.83044679001483,-10.4547449976867
-4.60570367310978,-6.05392199604967,-5.34159438961656
-4.14063531048589,-6.66109199289216,-0.0545762250502761
6.07790197696129,-7.47897066542263,-1.57422142415853
2.79214843938043,-7.58419835297233,2.37479021369551
-7.52786478330469,-6.61940310065791,2.60517799212805
4.34342258405263,-7.4699469140583,-0.0964423836707952
-5.19880119963874,-6.58909869063361,0.222147972982803
5.10644202280612,-7.45833302197425,-0.892985499911607
-7.92047692880698,-6.97303677197705,6.28221932894458
5.87166496822575,-7.83150293621921,1.92456511649535
-1.48088059392393,-7.63657348891254,6.71654018231255
1.26049608166904,-6.73135965741139,-4.26006743918823
-1.15818601861321,-6.77819086979663,-1.64098690601695
-8.42665016008893,-7.00773054931487,7.0642689325578
