0.3706654825687,2.7650895927066,1.14782434694013
-0.234826641677807,2.92880216241452,0.683804379106398
0.337337718334303,2.65392751797596,-1.39408969589827
1.01739073741326,1.85988938856322,-2.1462389514745
0.0474772493133841,3.0097806975143,-0.198947608074882
-0.0215501280299481,3.01432862466128,-0.118205844273031
-0.9801841507682,1.62677440812206,2.34381273628093
0.289204138976793,3.00195406029494,-0.0724353019470736
-0.79016370558327,2.57677827245152,1.35516387942249
0.999114241900964,2.02802895423277,-1.9973691144891
0.614656451621875,2.82315589036741,-0.867526571497469
-0.851869162947003,2.67040443681383,1.11529061690474
-0.0666685532278222,2.99588908465207,-0.347588813922219
1.47633019987572,2.15984098664753,-1.50204864782173
-0.290382377658558,2.74455475364632,-1.21807691303689
1.85168537904109,2.37983468071854,-0.090896845850032
0.791818129004327,2.91057449039971,-0.0468430731840363
1.49329261241675,2.0447566898305,-1.64001870116951
0.930540459592437,2.8359720946095,-0.438144746343527
-0.873262761553376,2.88388744740743,-0.14566889530978
-0.0332734106181488,3.01225613423695,-0.160685870531477
1.23610194722735,1.2927786372167,-2.42927755892727
1.0378540555907,2.40570182457328,1.49535005187061
-0.863428924885798,2.32615115605968,1.7158453828721
1.35336290212701,2.62830293940719,0.600871534473575
-0.194100678737947,2.56603371172304,1.57429666959728
-0.0211764694841909,2.95773835461647,-0.593253293173826
0.269270919886095,2.94672003323351,-0.587322998472519
0.00224290249446302,3.01519005786912,-0.0961143662849692
0.523342290679325,2.67315723561459,1.29651738420996
0.631878614727515,2.77801050133496,-0.991968325005121
-0.0209131411749103,3.01664031607954,0.00761124303246319
0.0386408616977622,3.01232535284802,-0.158167441298899
-0.995213064867197,1.52779130200243,2.40333492882996
-0.140956302652748,2.4789358616014,1.71336581088212
1.5508673295482,2.55494099420548,-0.409513283495304
1.07319110555087,2.80758441120793,-0.257574672666881
1.6102454441499,2.44163840847307,0.739003098068139
-0.101214468934335,3.00122450468565,-0.288133980716348
1.76649626987896,1.56499189989668,-1.87907034696742
2.35324049280939,1.87043801735201,0.253643240275149
-0.26553435736963,2.99425398431649,-0.25406430200225
1.36491080464599,1.30205301069993,-2.3542069874543
1.34628295890693,2.52179264433221,0.963689857080335
-0.42850030303724,2.86992350754409,0.8249488700723
2.14341385751791,2.12035633210648,0.102372590994332
1.56128746882404,2.47136629576075,-0.745214169860974
-0.0355042171408329,2.98181668658462,0.456204762427477
1.08833085975394,2.36623448845094,-1.52219721864918
1.31881694094836,2.71277228282075,0.0469308525159275
-0.0847829831593521,2.9758803044879,-0.487403678913429
1.29953098865227,2.71851162133598,0.146723758418375
1.24600823680407,2.70871369542865,0.45929040606616
-0.825012151605184,2.41061358582675,1.61521242461233
1.83322586598148,2.39521437142078,0.0533397255950466
0.478967694712178,2.93722582579833,-0.493870917119235
1.78594726343803,2.15144656535657,1.13237985487397
1.52835418009363,2.25096024946805,1.30304472010588
-0.0925059460310626,2.80982048645113,1.09405921730004
0.139592475286041,3.0134905666137,-0.00162261039249107
1.11938035253888,2.79431687379452,0.198481541378284
0.0340523348581793,2.99763524961485,0.337101521574676
0.551448322680935,2.96184370396919,-0.154921618120981
1.15587806988461,2.40419159984667,1.40869539854337
-0.0136508582110616,2.97012283950391,-0.528013313675007
2.23690313054751,1.93946221259905,-0.579106896468944
-0.0456753102466011,3.01556825730483,0.0698279217799763
0.171249944828718,2.99463164868444,0.32166571496579
1.85255909960257,2.35959503124726,0.317726546079674
1.08576894384537,2.69587170679839,-0.808699961763073
-0.0882422361162825,3.00991492425129,-0.182317151209855
-0.0167984451234027,3.00715296467352,0.239505629135179
0.875362768499524,2.69322049359051,1.03967181529543
-0.0637975479419148,3.01527269067706,0.0683707600109796
-0.203314811818021,2.98936448107108,0.350681014166432
0.713121708493318,2.92903373043269,0.113282487410421
-0.89452206157357,2.40127593416805,1.59195422560897
1.02197773731653,1.59298285708611,2.34916606661809
-0.0628074559505451,2.67756588267985,1.3882760008286
-0.00101806489009362,3.01668365452454,-0.0152571019226426
-0.598907986272894,2.67866018686478,1.25168003674055
0.65490358376537,2.17496875020568,1.98525220531064
0.513195809442271,2.30761284044047,-1.87407767365601
-0.882123803070327,2.14778957887065,1.92599885982368
-0.234842321473389,2.25910664951098,1.98542194942814
0.875321017510105,2.82283690784798,-0.604995037241681
-0.780419301885562,2.91402252297224,-0.00570402890221626
-0.312239418909763,2.91014756338059,-0.730863729924826
-0.349083769486839,2.50211979162399,1.64868164220238
0.249490961688786,2.25790769760721,-1.9849990368291
0.257216557744209,2.77975431729046,1.14342453402838
1.97465784261977,2.05974015718494,-0.97918893812723
0.918477586317021,2.25575845242836,-1.78004685747933
1.32436661497974,1.77326211091592,-2.04992893589214
1.1546684989892,1.93431662157973,2.00643314167533
-0.590515185131035,2.7966277350084,0.964768995667963
-0.375328412068974,2.25050751433708,1.97356494651098
-0.0382055720350959,3.01608748595487,-0.0486898184701543
1.2259303439136,1.65165094367914,2.20675282693971
0.863110332968773,2.88238692164631,0.217945576086265
1.3091085194437,1.87983555943754,1.96292313677455
0.413288661518507,2.95062896898768,0.47285860119244
-0.154830929354051,3.00961270703847,-0.137378397277969
1.40546568826316,1.89821822941981,1.87671197569154
-0.0253543576520012,2.99405526246648,0.368244930631207
0.61674549821077,2.86721886576868,0.706608132777738
0.203331995707631,3.00323989177743,-0.199550342142042
-0.819747114968886,2.90190938627364,-0.0868945823851261
0.23437785101227,2.99066899510707,0.318716287238156
0.112901786078904,2.81593164671693,1.07628817461171
-0.999083237262209,2.83312707505129,-0.275386544195152
0.113614385066781,2.95318366870788,-0.605319814208739
0.866804615322233,1.90330430354785,2.174096726009
-0.463445892831046,2.71896602162859,1.22190661048133
-0.290031703741275,2.7431716321703,-1.2212719166393
0.710077301880584,2.55438169907688,-1.43928400528382
0.0368341378090637,3.0162190824751,0.0409851179783459
0.510137377921133,2.5786995709084,-1.48009542453699
0.139105263733017,3.01251265971816,-0.0776613657511655
1.62412119767297,2.51139949230768,0.39460994969308
-0.5454556151802,2.80513221150693,-0.966605159786227
-0.735552847185254,1.93594857189983,2.19355401644168
0.41576508085005,2.96798650215679,-0.34468769582277
0.0752969278438609,3.01113370318054,-0.167386622279859
-0.614206519345951,2.78306760553721,0.988887830693172
1.67516868404593,2.48356068292275,-0.355457875595519
0.389628923685345,2.99071192716368,0.0666750151065013
-0.133793957712616,2.9824564812459,-0.433205033955847
0.481890149593035,2.81027689592698,0.985261254203651
0.181039768665626,2.95837905920291,0.561989351609021
0.601918996256016,2.85195536216577,-0.777597724566392
-1.00976523152501,2.8357900887,-0.198198983662415
0.585965291338265,2.68684635729764,-1.24020781190654
-0.0266006871253588,3.01330692456327,-0.141024355748438
-0.37417646547692,2.82328054652729,0.994833159567228
-1.03164155908037,2.39526303830986,1.51626012213458
1.11934407137887,1.76287196506655,2.17714615305039
1.7532200540633,1.53097443124375,-1.91910156583722
0.466166279377951,2.97089787058211,-0.238891041339712
-1.08467732472278,2.81129406974233,-0.143926515120002
1.27465078061848,1.92109001189888,1.94558285373351
1.5853024594997,2.5389582721637,0.375660872605162
0.837199262568954,2.74158437402928,0.939907762455026
1.89974129490562,2.25452400099769,-0.63931105766006
-0.353455889941475,2.96011453247194,-0.461957763875507
0.473248288710579,2.16204903675012,-2.04992539059623
-0.0202553190764994,3.0127848783506,-0.152745166606983
2.027935624658,2.11723021574234,0.710934176194505
0.00235638651345982,3.01409726456004,0.125802282590713
-0.100178277652839,3.00953164635064,-0.182476489968647
1.4083590519483,2.61152219214061,0.545060279091321
1.49430297821456,2.23619893866287,-1.3664139208574
1.4646457687435,2.50569165683985,-0.82276131413411
2.24580690707323,1.92769724157379,0.583908184616143
2.50935513751863,1.55469153119022,-0.621840111077606
-0.0825936364144471,2.99910523385579,0.314897085685821
-0.0449931652249574,2.99462314888703,0.361693099635187
1.8406768428189,2.38559930525515,0.146419951397164
-0.97336337245012,2.835526249382,-0.33610819884221
-0.064956573464812,3.01364220160565,0.11981406994126
-0.674426086595536,2.93885366394294,-0.0943540287392232
0.138293859250945,3.00191543096452,0.264561223389409
1.37144915812208,2.26509113021042,1.44537312332113
0.517326159107783,2.96876872245686,-0.139283899842801
2.26653989928155,1.95672163373354,0.366948797701601
0.240428611496031,3.00549553023812,0.0990191273618623
-0.916952229310527,2.85192856987729,-0.355409803706778
2.36456003270927,1.86557429613901,0.170594502813337
-0.066645133130451,3.01139790609866,-0.166298419912526
-0.156537972222569,2.92995360134495,-0.701057661186987
0.0045379520014121,2.97154025952499,-0.520136501415275
0.124838592334081,2.36187659240551,1.8725833426584
1.20560773546038,2.58700123873631,0.977010064464857
1.53398887456274,2.45786411304508,0.840473807809398
1.63508625402472,2.10875452667707,1.40721760051853
0.811337008213077,2.84868823127557,0.57212036075171
0.877203895019887,2.8863056148243,-0.0191653720662355
0.601779424836633,2.31619964743119,-1.83676204342687
2.24413640552018,2.01191356748335,0.129111105200655
0.355221591434445,2.52806732745531,1.60726702695056
-0.0356577650422286,3.01362156466143,-0.132013923093408
0.218241051544922,2.30133873153114,-1.93825307255424
-1.31347117793413,2.13226232654508,1.68192298355889
2.32117905810479,1.92485379174051,-0.0876341698695316
-0.592615564482017,2.52660648464345,1.53807690041236
1.192934025304,2.72954146643702,-0.476577256448081
0.306768272082135,2.92008784904109,0.692527449432225
1.44851810416066,2.61822127525484,-0.383831659471287
1.55394123169528,2.41161771649992,-0.932727572762714
1.4993085578036,2.31140003605888,1.22886850756892
0.398645760467852,2.98898902311354,0.0874086063183574
-0.0469317160970145,3.01302112044335,-0.141828166727336
2.29105330082965,1.96183039859206,0.0539476320930222
0.289279995377532,2.78472763560115,1.12348705683882
0.85261332833408,1.70695767955983,-2.33665574692327
0.676875883581066,2.38727401647832,1.71562696865157
2.1515020829579,1.86729511910205,-0.992402041662663
1.48687306222501,2.31818319289419,1.23119830575878
1.62149124719528,2.02751080847109,-1.53641795872502
0.443000788353004,2.97149169191003,-0.273132776354334
-0.0778078110417518,3.01571641500937,0.00381259421936188
0.0758847914546365,2.99948047692329,-0.31300551763938
0.525104887290718,2.96936211253128,-0.0881339270539098
-0.688869979978163,2.37118971052028,1.73306999122897
-0.0748452278444948,3.01222154499925,-0.146743459145404
1.36772359733816,2.33360127316775,-1.33575871557889
0.222088399112833,2.66165461963261,-1.40245695686486
0.157831539798976,2.96110104639101,-0.554602456898188
1.40393374629581,2.62735236574933,0.476029063497161
0.869127207686648,2.88687856691508,-0.105660417545567
-0.94735688266238,2.80009919863985,-0.602140765717963
0.118064018814498,2.96857791443345,-0.523660329307126
-0.361928612097546,2.84044646380783,0.949465983107086
0.238702047478137,3.00656368773188,-0.0648861405276038
-0.0141065023152903,3.01574084879196,-0.0756454004598481
1.00866832283875,1.6148762996779,-2.33995231539684
-0.6166356429243,2.9363454772363,-0.313448256144447
1.72311837778733,1.48698775128907,-1.97998600266228
-0.528459939672325,2.90842517872162,-0.602002623773685
0.0467365560330131,2.95513872137153,0.604636187199843
0.115639257542593,3.01449184831976,0.00897472113655646
1.43740615558308,2.08930425991106,1.63379476694599
0.064054426346012,2.64428753762835,1.45060488621115
0.216922470982949,3.00629883883713,0.125403430096336
-0.0245550846567433,3.01271528295105,-0.153485369926288
0.164278707309083,3.00363235910316,-0.22763840792801
1.96459025399936,1.68248501053396,-1.55249586482864
-0.196902185824347,2.99529971633386,-0.300038706900675
-0.66185262160188,2.90435971199204,-0.476717796738257
0.197003494439168,2.9673737188749,-0.506455252515037
0.0759956172810303,2.57117447431423,-1.57603952230894
1.02417412068265,2.83725616657311,0.0407296311981682
0.119846589775649,2.99120843146019,-0.37272376040624
1.85087827536658,1.92363321898326,-1.40516865026618
-0.184138641682235,3.00529958118074,0.186765829543403
-0.0856699312108526,2.83624512793442,1.0242013104099
0.685133892399996,2.93397666639373,0.151613184231201
-0.205097871753114,2.99786241649908,-0.267151421174184
1.34420881142042,1.65452382429679,2.13454156043511
-0.231806420602744,2.91664422726011,-0.734892047887545
0.500263072042719,2.09296256858279,-2.11420401862083
1.13672141969357,2.01051866089478,1.94069400351897
-0.989679615752856,2.46314539549565,1.43320030208711
0.479173567117685,2.97300803364659,0.179527188858158
-0.569817869201195,2.81622292040871,-0.919135542558561
1.24096992666338,2.40101146220941,-1.34005659826249
-1.28609671459618,1.37355437882609,2.35794777215343
-0.0415072389001075,3.01425012254533,-0.114836557529031
1.24583714313678,2.34494386207421,-1.43169207010168
0.77423663512332,2.90187952391883,0.283314222347356
2.35614253082075,1.80006704760497,-0.555846278817307
-0.220129945892407,2.96277665861282,-0.5235564584562
-0.721706332662176,2.85643191191591,-0.648498873610791
1.00085739409819,1.9179816273451,-2.10243788039894
0.973035135682217,2.65496555669553,1.0511777226421
0.655489768655357,2.85273190143075,0.729978046819347
-0.374924976975302,2.99229528264867,-0.0788307691788402
0.0667748156927408,3.0018693662247,-0.291436990105351
-1.1894897002587,1.50995370685736,2.32503078328373
-0.706782698912542,2.93101087562717,-0.101230186031037
-0.948748195420472,2.5949110252435,1.21116791562808
0.0444328462002843,3.00586329169233,-0.251844557070077
1.41585629880029,2.54273176674883,0.794027827349078
2.10937061026342,2.15504060579675,0.0834847471989013
1.53732556271264,2.53975111515336,-0.535638380251331
-1.5129473152641,1.65433287123383,2.01861022970784
1.33270077841519,2.70628633480327,0.0231731818998201
1.70759183562806,2.48529823938993,-0.0896485988314771
2.32697257344536,1.63565376870556,-1.00521116112145
-0.105161563196086,3.01053571431929,-0.161956307456546
0.5484801054361,2.92918432619192,-0.468682028909916
-0.0611004651623529,3.01072294332855,-0.18007825732931
1.47641176040548,2.63058724993354,-0.0288638409477121
1.41002227662552,1.9897346266597,-1.77578359660796
-0.607901549929126,2.9443408220031,-0.248851193629116
0.177838702506996,2.96776725268356,-0.511219147607414
1.5631691355034,1.88890579249726,1.75759814746448
0.452251391442352,2.94597570685732,-0.466165100190577
0.0228860463970112,2.53117496022539,-1.64111048887608
-0.0353706856318678,3.01450775614222,-0.110027223208925
0.00273722972423715,3.01533576200742,-0.0914157372847709
-0.971436722706025,2.83846341314627,-0.316307181548139
0.453570908086576,2.98196397415512,0.0527102956669175
0.943439635504638,2.25261368173616,-1.77095097111826
0.866228049811819,2.6839115473033,1.07092570193359
0.877448199912906,2.82402488017733,0.59630715214542
-0.267293298995737,2.98692985867066,0.327747461903841
0.654627764061748,2.93659462376551,-0.220201256312921
0.42944546743803,2.96323325824939,0.368020834725964
0.235988530898028,2.94515414994014,0.60908992231502
-0.571922206180414,2.80135637982901,-0.962248154251181
1.73670506464745,1.92199881129332,-1.54608866980704
-0.130924049897215,3.01347993330031,0.0491087756478669
0.310656611526956,2.90155120498902,0.764922977581475
0.637872198203047,2.81786629960196,0.867964667148346
0.825908565123733,2.35816459226659,-1.69042860982833
-0.0338173475667846,3.0138695420275,-0.126731439403423
-0.148593483000489,3.00333981578889,-0.241834684852476
-0.307126028081177,2.16195565949522,2.08140227162901
0.188325033321757,2.44319757432016,-1.75952646520341
0.461640359068822,2.71748576977948,1.22587656679438
0.054527922353203,3.00824886279963,0.219270545763304
0.119800806148631,3.01388465411532,-0.0525466043154301
0.112118210271214,3.0136182920216,0.0784116318485675
-0.497663831718155,2.91822852132782,-0.580419757588589
1.74712569671867,2.35422382724129,-0.711193404219552
-0.469462732732879,2.97739650786099,-0.123809792193057
0.707241771044857,2.70982617810263,1.12127839935038
0.724622327481064,2.049487714971,2.09168273784282
-0.115056555360412,3.00755668782341,-0.204887397582219
2.05487121227215,2.16066020145464,0.457892871658768
0.176535775172544,2.98487786732182,-0.39994165117844
-0.177954532022875,3.00432138298816,-0.207362724093261
-0.214813296779792,3.00471548185889,-0.161722625797566
1.17825688302074,1.84982283504635,2.07134745604065
-0.898478740592537,1.91222388482344,2.15331136952015
-0.180288592461852,2.18852937220837,2.068441272432
0.232050799561253,3.00764549128199,-0.0288983093770309
-0.316625746033046,2.03668658025171,2.20278687073043
0.0800144206547867,3.01500136148501,-0.0630759052377941
-0.3693648410557,1.82911154877562,2.37034483639371
0.026949721803082,3.01605162254283,0.0576229966438876
0.689833322440712,2.93326528703193,-0.143870880426428
-0.22356169041234,2.89014722583342,-0.835274368503024
0.748613306473241,2.49894489668443,1.51507973644848
-0.981919134005923,2.81595907865119,-0.454778373194874
-0.339601456501446,2.98924835908245,-0.22288828043604
-1.41290694431543,1.77459935680085,1.98874462328324
0.768153182918613,2.71817333857947,1.05928677708093
-0.271782834496149,2.60134804487833,-1.50324200559048
2.18757297035845,2.07274557533179,-0.137347611520442
-0.0392114821401798,2.63595209337966,1.4665718898733
0.716831609694159,2.89888608173773,-0.428049080762134
0.0634335691491694,2.69840544368519,1.34729296401557
0.355208493022382,2.32581579066793,1.88812656393983
0.686100851838545,2.34418088249385,1.77050718675399
0.244721304227549,2.98348129990113,0.373583864062911
1.3043772854389,2.70740546653623,0.263001186483141
0.249039590612726,2.94570116724877,0.601197141266839
0.502033632511773,2.9650306960659,0.239101004399259
1.37636422184679,2.34314519331684,1.30992603567798
0.946129091536552,2.86450846691091,0.00671358582874646
-0.417463318551823,2.91377035668021,-0.660515535991501
-0.119770614373022,2.96921548960506,-0.519642630384448
0.30111016422776,2.97198582723788,-0.421007124389418
1.94517127413054,2.30327537287686,-0.108836382184905
-0.291871764213231,2.76347723996781,-1.17414586169084
1.67520635688365,2.49612042670788,0.252350082859189
-0.414251628132982,2.95398341976493,-0.450545925998446
-1.18939089315761,2.03162215912325,1.88639200404473
1.48195599907083,2.19495175060307,1.44450936875925
1.66083068194467,2.23840628650194,1.15403328788668
-0.155621005080119,3.00264155336639,-0.246048555911432
1.83500974077041,2.37529476111848,-0.302205453576782
0.821576432532264,2.88810774047704,-0.290619909839124
0.615305811450975,2.9513932941859,-0.10625661635825
0.342879179767544,2.99714739168568,-0.0124686681100131
0.133859845111561,2.9532472508109,-0.600854645097548
0.615582716069176,2.94889714827867,0.16024236531437
-0.402918412318236,2.74150153471532,-1.19266096408796
0.781440154342431,2.9061457077458,-0.210434069538865
0.0332619379852191,2.98984701813342,0.400402970432192
0.352758202427841,2.24190202690274,-1.98747353176842
-0.932051390227666,1.47449706434681,2.46125023114231
1.62632573109065,2.11170218575057,1.41293757193284
0.0865715255323059,2.85307843885418,0.976249394265191
1.44061932386666,2.45705346098924,-0.994041417966831
-0.107213498152152,2.97121983539286,-0.510854228398646
-0.487293159300838,2.97214512458562,-0.171792963742028
-0.580769333450776,2.87562680525437,-0.702916456854188
0.415626940237807,2.96951685961396,0.331418095625113
1.72453719726632,2.21076307442122,-1.11315415424425
1.49416598857011,2.1840108778243,1.44850908565884
0.410912397072083,2.98856472322866,0.0156838801449991
0.00167718054777441,3.01229033398522,-0.163457082854743
0.0579455825363795,2.92096693167686,0.751803551870798
1.78234700946525,2.43331368806596,-0.0532702582299558
1.50782755216566,1.42623521888557,-2.18927459685424
-0.0810464613742753,3.01535930048834,0.0406675195690409
-0.0255521253793129,3.01145511761454,-0.176349796065996
-0.807510234594895,2.90421944401578,-0.118535771461402
0.996173649714711,1.74168853756521,-2.25272572338906
-0.622319676399866,2.80539394025945,-0.918203216838129
1.70170323284215,2.22977871902737,1.11036348039639
-0.26717203142244,2.99257942060746,0.27148039353345
-0.0180616086877316,2.81891136296501,1.07425629769114
0.30218344494377,2.95713242318158,-0.514458049272123
1.09203352265813,2.61981114791719,-1.02208924352546
-0.881960509680599,2.88403779665793,-0.0713143316814101
-0.0548090050965493,3.01552868309311,-0.0647828796348602
-1.10052223899062,2.80852077125817,-0.0409385635952448
-0.602854547881975,2.87496609273362,-0.686840918132229
1.99052441094273,2.0004491242183,1.06612849035474
1.71675447432131,1.56508689669931,-1.92454440524729
0.589113814671191,2.92931062915401,0.415569775584859
0.068242459266975,3.0159229327604,-0.0128808964697659
-0.0149129265570877,2.69488010063813,1.35573335685778
2.31148133440309,1.85417459002451,-0.565424369393717
-0.0910919760550037,2.97697418188951,-0.479521698520952
0.583426579069007,2.78914350707036,-0.990406992550972
-0.0273272050787694,2.72522303439124,1.2934553427841
0.058023025616759,2.97904522613743,-0.471738228487821
-0.820750582576703,2.88627232409193,-0.310507068312047
0.256241260774137,3.00319060726082,-0.125700755081262
1.8771970654104,2.3194743437843,-0.44360346395369
0.541066183990082,2.95155134411909,-0.310171137699747
0.0215003637386364,3.01591175188348,-0.0665441680461865
0.809956726349131,2.81787206689712,-0.710057183002555
1.56761945995054,2.41542772843105,0.899384347540901
0.489166702618277,2.0993295353881,2.11048466613417
-0.333144457368611,2.99576103004165,-0.122656873020172
1.31973752135938,2.6792181708776,-0.425084644095997
1.17426761833306,2.73740491819824,-0.477832566333906
1.94117728541774,2.30678849609505,-0.105696111340549
1.520650590369,2.54133790317227,-0.574314836131822
-0.313559644005924,2.99825494520423,-0.112967784345949
-1.29525192476729,1.37911361021753,2.34967703920989
0.266953359590643,2.98259481760561,0.365346609244086
-1.06766894616026,2.82146044352864,0.00762063638735842
1.51622465492406,1.83932572482329,-1.8489342229767
1.91369163158609,2.31255906986841,0.300780608845499
-0.335530644289042,2.79063268463281,-1.09562881182123
1.26764005622756,2.51533064509914,1.08019189071352
-0.954671051636673,2.81464136271081,-0.516731332101229
-0.127447602892096,2.97022412757805,0.511995925336327
0.0147439284632137,3.00082611425496,-0.308932574633531
2.20887208793782,1.99513959549579,0.490832130880653
0.0673965913239833,3.01325185197209,0.128004152883543
-1.20541055994844,2.7647483263809,0.0613690543313236
-0.402251956048125,2.93277255780987,0.58107880283451
-0.236545007601047,2.93893820225544,-0.638202781091811
-1.29713595194088,2.04550389141388,1.79832317437214
0.583100931925859,2.9063196776472,-0.560279681586447
0.440922878463179,2.98051964274102,-0.150677674436003
-0.182887690187625,3.00166628147263,0.239093526760736
0.475777001289271,2.95963396335265,-0.33884677230931
0.910083588832782,2.86410342816636,-0.263198596488795
-1.45522835455068,1.89634849636463,1.8403224998728
1.69822349964012,1.45242801673804,-2.02659909418593
0.433890078766099,2.95231495998185,-0.442933249718814
-0.0496335698760507,2.94348547697257,0.658820038161922
-0.610235117350988,2.89866743005576,-0.570924091781311
0.574903050619021,2.9512772491357,-0.245077881934965
0.909123297704276,2.11944173217309,1.94475593856535
0.0756983923086734,3.0156600419254,-0.026045192015163
-0.201667324009837,2.4912841222851,1.68921514306723
0.350935792202549,2.95906318482372,0.470535041269876
0.409704852952719,2.88846902320909,0.767790806482627
-0.415470066968884,2.98721118466227,-0.0675873418051451
-0.0369690789164984,3.01232309429219,-0.158609425598587
-0.10408374523277,2.44586174089112,1.76282188706464
0.0103580823922705,3.00995176947373,-0.201735328244425
0.0229995451089236,3.01248726317672,-0.158131581961341
0.445352744364771,2.9695243741561,0.290172382335684
0.68954738955764,2.51942155289205,1.50918969101569
-0.831475970372808,2.89982911833858,-0.015902270877188
1.90263414307879,2.0572478935876,-1.11728622519521
1.81924582535846,2.19161782254433,0.993866205237217
-0.0242604664148801,3.01419620874952,-0.12102368371563
-0.0123807898223778,3.01477053157609,-0.107793529836053
-0.502302008144144,2.31977702763754,1.86197242776316
1.31954584786577,1.69126289373953,2.12109468594185
1.18555277790219,2.54985381904187,-1.09239379319765
2.65290014952798,1.40811037817277,-0.282772075366854
1.56980912004844,2.07277884317852,-1.52967358641477
0.3281344945223,2.99071341137929,-0.220397666937297
-0.102843392072349,3.01405737947462,0.0741312149662941
1.19549004221507,2.64167131446325,-0.832460396894274
0.521144690095609,2.73735652785391,-1.15581206884661
-0.47145636531148,2.06381851988682,2.14918498498157
0.367167909992555,2.82137107133773,1.00282954223588
0.425610615610061,2.90158717425206,-0.707291708693597
1.27484036979058,2.63839886788382,-0.717110544192691
-0.297120951592838,2.83299015818986,-0.993227059042756
0.000131250295002272,3.01619101027687,-0.0566203089811058
1.45710817592885,2.29226279758874,-1.31262375322202
0.483056079632298,2.6571049110462,1.34427095584008
0.699120690938905,2.84572714611858,-0.716715673357061
-0.0655605999138442,3.0154553644127,-0.0578345922812623
0.564634625506329,2.19333019402461,-1.99276302824748
1.06279537353027,1.89378447020954,-2.09395808494023
-0.191794043153292,2.94494527100037,-0.625401057653596
-0.334795323433543,2.92241286316152,-0.66934986048096
0.464059902077288,2.97675984416752,0.155445567728752
0.697822152100217,2.55279016534524,-1.44807482639731
-0.428224781921632,2.0149077495119,2.20394745495346
-0.364718040553826,2.94135756534586,0.562148121733035
0.118532583454583,2.94513373852234,0.642457295053752
0.337466389514759,2.99740001208001,-0.0482046742689145
0.745379899660709,2.21162235161292,1.91147834571012
0.912921327834314,2.57248420312573,1.28433397562495
1.39067228101824,1.28603678024546,-2.34792548726619
0.825443805966952,2.72446747150959,0.998265298889874
0.214948330286521,3.00879581013116,-0.0394851280229929
1.79864996084442,2.19447772500276,1.02456816264798
0.60823435919783,2.57976768348443,-1.4406469902899
-0.0904121702408426,3.01523843734086,0.0278727922053018
0.671453862559943,2.92641696936691,-0.292997472592286
-0.258947069346781,2.94382515384921,-0.606179813200791
0.90356217420074,2.87818745020341,-0.0150494496905719
0.582177553582167,2.71274276367785,1.18436062130978
-0.319264852155761,2.56895080235452,1.54892731151297
-0.0553731819172678,2.96684780325029,-0.543472179751692
-0.108172498412358,3.01410958324472,0.0636884437737112
1.30478771668921,2.13926980437705,1.67978207084975
-0.302784109415435,2.58325477622355,1.52830973015762
-0.801773003249714,2.82638097010905,-0.685087403296901
-0.0497174764660085,3.01477830860781,-0.0961977628243425
0.0356978349685592,3.00756452462725,-0.232153789271126
1.86422684345137,2.22124303088771,0.831475652667523
1.84743180733486,2.363386679012,0.319395068538684
0.0672094979641803,2.989189064864,0.401055737986191
1.0512871655479,2.8104051937553,0.311499646160701
-0.695113862711128,2.87616106565946,-0.587476237257476
1.29487397015541,2.61453923410083,0.766876836168706
1.92114448850879,2.22432397947501,-0.679853495758845
0.219437868815847,2.88935032451144,0.839116089147359
0.0115912335943253,3.01004464755442,0.200277183232406
0.736265519328978,2.44496594944543,1.60644597736444
-1.12525903585635,1.8619369089643,2.08987969422904
-0.0576595122311958,2.96493687542814,0.55356913973454
1.38069235673836,1.68836671462821,2.08415943249804
1.29545813862528,1.72807697986859,-2.10621752195934
-0.386320102549543,2.38503965027314,1.80636561417722
-1.03763771073461,2.82789527218287,-0.164104838191862
2.4492008664133,1.61570612817439,-0.701086949265801
1.68831256184568,2.44851688025476,-0.504955312589433
1.69013161562491,2.00410151573077,1.49253017510585
0.701549708634075,2.84755899469354,0.707000611842826
0.625896393165129,2.95099036905375,0.022883047560392
0.513549590334118,2.97211423256868,0.0584627567010071
-0.70548906718723,2.93296052926122,-0.0253337120411298
-0.286856094993566,2.87273897043139,0.875041985061624
1.21401987154518,2.40257527579553,-1.36176425372389
1.04314850370443,2.73594271585985,-0.725997756087027
1.85909081967183,1.91033205836493,1.41245418973002
1.35661221058129,1.28479981779299,-2.36843974493581
-1.15235518796993,1.70653283171483,2.20463994841083
1.94060438738651,2.25577313960966,0.496141352199724
0.429516189223111,2.86005476677229,0.858030687883095
-0.0224068444878624,3.01656472301208,-0.0211965159856324
-0.168648465581317,3.00399350152627,-0.219533197798836
-0.406621257931864,2.19084179415622,2.03358930776768
2.51332112511798,1.5983804330788,-0.478550938017346
-0.779237676422684,2.84881527175234,-0.614535823337238
1.59303231359627,1.57817130961099,-2.0179785559935
1.87805860835963,2.36046675883609,0.0413113917329317
-0.0303954909579771,3.01390720997941,-0.126702528997172
0.136358803346088,2.95614599068832,0.585850873156435
0.457187353448042,2.79781793804888,1.03141097360355
0.121721585007301,2.96955996665232,-0.517215184705483
2.41555995540045,1.66218142561228,-0.709110074181773
-0.119525348343913,3.01406697104448,0.0415700884386379
0.589128966360196,2.92176796308415,-0.465631955498358
-0.0691270374300774,3.00996467702633,0.18960006023379
-0.263285512428697,2.98000382620789,0.388422478523359
0.00547881738290235,2.98147741456436,-0.459756996785722
1.62556955600607,2.34008027942169,-0.991040862698751
2.34070825557498,1.86727539916081,0.367398330239441
1.00048137426693,2.25513538536386,-1.73609201959904
0.726209827751127,2.11521810381818,2.02461990172187
-0.612836566270061,2.87656264834386,-0.671142876208962
1.09632541144205,2.37662122705386,1.50011873611197
0.842486890927717,2.89667076683594,-0.0113311192633741
-0.0889466166336159,2.98296409569386,-0.441166397498152
-0.26856209193003,3.00287493400978,-0.105974622267219
1.11423509123039,2.69558793298899,-0.769999963692009
-0.216647436269096,2.99085117357344,-0.329374001680682
2.19644567207259,2.03940860589825,-0.342130143238669
1.06653677198475,2.77346706282439,0.520570698871292
1.72715382819648,2.32923189478524,0.832005120868952
-0.530849710205221,2.8231484554453,-0.921219556231096
-0.0525013484647107,2.96999015852783,-0.526323240744656
2.02011384387023,1.77208151014592,-1.37094174431066
0.186216036325393,2.71819398945417,1.29512899380766
1.69181477847795,2.49366766852147,0.141415704166982
1.47798366765741,2.0313532196466,-1.6702641893605
0.761813166310164,2.38507797108135,-1.68275305930184
-0.714618866524326,2.34009438379777,1.76462240652678
1.4045713895697,1.81224506225159,-1.96050022520726
-1.23838745446849,1.38346599713588,2.37761065662034
0.474423488591069,2.49804285266508,-1.62336636247421
2.35388334762465,1.86305808144459,-0.298097061424844
0.541098005662455,2.57741877983574,-1.47130536215598
0.169624375054881,3.01187504849863,-0.021221468124954
0.643786350046653,2.28566286845165,-1.86061776686287
1.96025631941521,1.94591352602124,-1.2130250609658
2.14353727994937,1.77641013307672,-1.16199356954347
-0.569789261794574,2.90479687817112,-0.581471736889826
0.196318458791699,3.01031790406539,-0.00769846034825433
0.928037633938029,2.78731835942753,-0.685723413836566
1.14524794885082,2.32127000398226,-1.54942789162838
1.37793335702552,2.61078302143963,0.62106824556538
0.547864857757103,2.85199883025299,0.816431783409448
1.54546963844183,2.46272726240929,-0.804432790686242
-0.00731557564616653,2.99137090233458,0.390205963703455
0.305890709687746,2.98391317169742,-0.321414288089522
0.217091930519399,2.99963439909354,-0.235963244105634
-0.348994681401311,2.70478073573536,-1.28956503172164
0.516216954770746,2.21950195217136,1.97685235336519
1.70417774275698,2.42600379703332,0.557582177766112
-0.156174380226091,3.00913629165538,-0.146022013046875
1.12258317152962,2.10534773428668,-1.84605851148418
0.817447010938138,2.75982623152581,0.903190812165999
1.36085759693231,2.69193349515802,0.0466341678243643
-0.128617280978245,3.01369355506358,0.0415070872594028
1.08846514478307,2.31621549251566,-1.59718612187609
1.29286649762949,2.37536293574111,-1.33669788280873
2.41875761158534,1.76895024425261,-0.347909092792004
0.305923014567499,2.98481770987873,-0.312871275515953
-0.705934623938186,2.7470654815936,1.02757074386775
-0.317566748599544,2.89420418057191,0.789523659198848
0.31947750840288,2.79873401090812,1.07964630546377
1.41213239850002,2.48636888758252,0.961491513773763
0.580642895158978,2.94299590481635,0.319754624089058
0.0954351761827496,3.0117875819681,-0.143672458531442
0.776840239710155,2.02933672847574,-2.092588294796
2.43047789982655,1.73176255103298,-0.440896509835639
-0.0581733975052573,3.01473133551297,-0.0928704344213897
-0.0708241907257254,2.71068198916552,1.3220443164707
-0.268911296623012,2.97926385006009,-0.390240583953525
2.4929636530913,1.62122654034942,-0.507317273826816
2.24168737296021,1.96969257590437,-0.442451088176659
-0.282716341256287,2.99735460353606,-0.191182996468269
-0.113438077040651,3.0005157788348,-0.290948364373225
-0.501096729451482,2.87052277512997,-0.780778555215169
1.76364117286795,1.44556249660439,-1.97497670084146
1.81865925481977,2.12725059114307,-1.12600955787711
1.14793879729896,2.5075320541129,1.22275655890407
-0.251892023935562,2.98537167939006,-0.353157799381722
1.74707850820201,1.95531444735499,1.49166892614757
-0.50928598119168,2.94619132686751,-0.401495382218844
0.622543869553489,2.45915790634248,1.63266518589863
-0.391941476093795,2.95807455835743,-0.443611173897442
-0.923855012341795,1.44457818156398,2.48199514113364
0.765207503375261,2.77659876198334,-0.897536004192341
0.649135459052214,2.36227657925782,1.76036547511641
0.781766743611942,2.91149571522464,-0.112461308465126
1.63333276147556,2.31636600346406,1.03309569516928
0.257185088900249,2.98085406634165,-0.385977916871666
0.497978971105516,2.95583026144733,0.340144817599272
0.0221075423339653,3.01466917962661,-0.109064572947102
-1.17533470873193,2.37049485707416,1.44912268015021
1.62010758740962,2.19415183581352,1.28901637449053
-0.1718967802316,2.99739805839749,0.294398477495564
1.08639879314774,2.41830266151645,-1.43950129789464
-0.0531946753366433,3.01341668063083,-0.130783494763094
-0.548245492014026,2.8429771451637,-0.84706665596864
0.601712344027234,2.57318515796214,1.45508573114418
-0.0987772977304992,3.01057832939897,0.165152217959994
0.00572701305816312,2.91596153740508,0.773142678156109
1.21246415169871,1.81232436188191,-2.08471225239015
0.698666417949342,2.59372110068761,1.3729858613141
-1.16767066513129,1.92485758016821,2.00800463170571
0.619681774445407,2.93342184323846,-0.334133020101932
-0.144819545217221,3.00987767743189,-0.142399976513411
1.26566466972179,1.53688026969945,-2.26643024766202
-0.186770497706433,2.62540779564548,-1.47409795293297
0.139721922505889,3.00671149926522,0.20193521646389
0.505417720311485,2.96417043105968,0.242612181716777
-0.443578154017295,2.89762051595369,0.71249410797117
-0.816312079447762,2.90112125476814,-0.133207136336462
2.13562002507835,2.0864275812228,0.431927243743515
-0.247699805105121,2.95209548520941,-0.569553456532274
0.275463254169316,3.00039460374078,0.149553684462864
1.51502168616603,1.71119713880034,1.969042338219
-0.175051781317708,1.850916598934,2.37572698446998
-0.0132310456012585,2.98809462632842,-0.414402618995404
1.34376373340212,2.22872094941365,-1.52568543465836
-0.417492266649808,2.84646634363115,-0.907713417854694
0.682371150905003,2.26513151799092,-1.8719409461058
2.36045877272924,1.43632038396447,-1.21071558342349
0.237756353457394,2.81189466375914,1.06645881467793
0.959034591211761,2.76776275851563,0.721357090853053
0.051861897384983,2.97651900712621,-0.488117845306601
-0.318157484804148,2.99784859684859,-0.110876924230317
-1.1922804761453,2.77104509853669,-0.019758926319281
-0.749191439674972,2.90052085066274,-0.355394244015296
0.706011949084973,2.87310935675812,0.589409737745251
1.96702468716711,2.26581891785774,0.312238048040079
-0.462171007612191,2.840468061466,0.904849843125955
-0.000885747932735187,3.00504233864512,-0.265205289335708
0.00102680461704341,3.00203303212725,-0.297339379800104
2.17042965713643,1.92317229890901,-0.831418967321779
0.183980042675912,2.85385606136532,0.960349421823182
-0.15117796304257,2.9617995773301,-0.552722872973679
-0.426315444119523,2.48626633292982,1.6544935632802
-1.00645181184915,2.31515681317259,1.65158038494554
0.339059899479235,2.99656041190764,-0.0792349004149604
-0.0786604409170746,3.0153666525924,-0.044615833055276
0.184398686883649,2.74075447223567,1.24694672471862
0.539752941571174,2.92134475799555,-0.524428883727756
0.964274792319149,2.84673903452805,-0.258582832537111
1.19845894992219,2.73884653668924,-0.403769588883954
2.06561777732411,1.57199375895616,-1.53709886048237
-0.357461166238419,2.13731053818623,2.09874707029702
0.242811049792681,3.00638095245642,0.0577100502214317
0.520172326692605,2.82609364113052,0.918275323198653
1.42734171168546,2.42606358194101,-1.08513834212655
0.786644864484927,2.83011433419989,0.68720942923286
0.583667233173685,2.95879800678356,0.0738985998767718
-0.14163514456709,2.98817097683948,-0.389085833831556
1.63682561407373,1.30514681168266,-2.1720975567772
-0.446740998763237,2.92499705651453,0.587731900185896
1.12718387099823,2.14396392349735,1.79819056353715
-0.326473989821858,2.82263993846804,1.01327814484755
2.22262091123744,1.68521938305056,-1.14917622800487
1.30404293020835,2.65239992190507,-0.604037066364598
0.479881071216633,2.71175099070797,-1.23155787885633
2.15554268389434,2.09996289194341,0.21072654664521
0.0955348899338826,2.53718998801977,-1.62915749287425
1.02357296348522,2.79520231026094,0.489649384993764
2.0703845751619,1.77944671897197,-1.28362423331842
-0.144555170672134,2.91962946732417,-0.745306422389531
0.77123239750444,2.32340934403451,-1.76283399563982
0.887934791341531,2.46747516717088,1.49122506443898
0.129445735477336,3.0051585785223,-0.22995609709534
-0.0329998198574467,2.58103650836683,-1.56133777301956
-0.0527931566729539,2.33300341412365,1.91178504005723
-1.15575010685352,2.78616793963962,0.0460867629923013
-1.45910700716517,1.53465550513286,2.14859333269413
-1.21288600099384,2.76152429301942,0.0592048540872629
2.2336570597325,1.88619449902484,-0.744083690485385
-0.52613907866456,2.59109117142475,1.45259708741189
-0.142336384775319,3.00784136661842,-0.182331439743354
1.02719540041109,2.25839256440464,1.71614297816554
-0.207339803710697,2.9526881096892,-0.582457912460592
0.679583293574717,2.80043806686103,0.892371709468963
1.24288426664019,1.59233607479231,-2.24060675080301
-0.89110789500599,2.03116610918985,2.04472615365171
1.39497151528918,2.50719183984275,0.932018045344862
0.25989593198995,2.90305758924879,0.778026236788211
0.0773948217092073,2.6545275362903,1.43112112965322
1.08653085713497,1.89935700264816,-2.07665783413534
1.73811946234789,2.46293638089914,0.116186080670887
2.2148924522347,1.59817128812483,-1.28090360524824
1.47305592903461,2.61866354400024,-0.270779541972484
-0.319993226800074,2.99676901709099,-0.132641924354045
-0.405264038255329,2.95243002842813,-0.468542499271526
-0.0470669057577637,3.01242603086133,0.153909720492942
2.64675177333404,1.43734775396405,-0.171320085274251
0.136927448502222,2.99549432077187,0.329967778973787
1.05952763746985,2.69513482227588,-0.845141149326116
0.955358887881389,2.50989526511726,-1.37416492481024
1.7576485076601,2.36093760429497,-0.661255955917884
0.68374606289176,2.6263768180983,-1.31728896523375
0.0159090734477745,3.01154550228485,0.175939410424887
-0.674143363236617,2.88724354613315,-0.556749062152081
-0.514843037594199,2.96382833731162,-0.22643392122246
2.02787329637809,2.1665202028366,0.54271004378791
0.338594023642762,2.99566950286119,0.109235543078061
0.463451529799541,2.98051940638486,0.0482787197476893
0.718129843532516,2.8986060808968,0.427769099756884
-0.937012118275233,2.86545268850984,-0.108642842414228
0.571580858966013,1.99072316867466,-2.19338338519657
2.19927158937241,1.95433779759014,-0.666620083841308
0.022893284702174,3.01657768109897,0.0186836426277911
1.28044899311985,1.87796113418003,1.98351366055753
0.0778661255355492,2.98300443121858,-0.442984781809855
1.17260618958002,1.78141808254704,2.13357878373961
0.0467770168946956,3.0076611928093,0.228910784040746
1.94989200567107,2.29894303704073,-0.115741806417344
-0.275791963489234,2.99397347266567,-0.246324430253676
0.722238776092684,2.92001126713979,0.229171196217133
1.70419182972002,1.98050623335223,-1.50795867127029
0.263695090467119,2.29060437915217,1.94530474850682
1.55057830605141,1.81936220010917,-1.84017449952645
0.111291622286041,3.01404676788197,0.0612400434349582
-0.837796137481077,2.87333172274188,-0.377725469352732
0.562306604399056,2.8348471599074,-0.864908636622898
-0.72908578452336,2.90484123684947,-0.361863779059905
0.241343577988244,2.99372486738295,-0.282805203041836
1.22453385659871,2.75261949286456,0.155617636006602
-0.411310528084373,2.78102788933544,-1.09422192233394
-0.249184909687828,3.0022710547832,-0.157764005671638
0.215259151371237,2.97364253704991,-0.460138725482943
-0.136214043007056,2.95969065834162,0.567706815622096
0.175565432226709,3.01041258962678,-0.0848934998359776
-0.630167990115892,2.94896127635211,-0.0844380358592826
-0.545215425461491,2.7403183705741,-1.1375453638531
0.134050877112519,3.01355851531239,0.03330952152636
-0.128357919701721,3.00979036100263,-0.159060725373241
-0.34931319817944,2.81000787209527,1.04040863867568
-0.481289587180123,2.39610904746264,1.76851232764445
-0.106669943489337,2.9382839975794,0.675072410794247
0.175336336763681,3.00864043747658,-0.133992440390494
2.64970012370443,1.42443118412081,-0.22516470246395
0.813010768647746,2.43162999450293,1.58959213227394
1.14804381894082,2.34318693426123,1.51396316599512
0.0070234440560652,3.01186228730421,0.171027251159012
0.0992165780007108,3.01153204346535,-0.146440803473503
1.48683156768248,2.4011207633086,1.060455117599
0.74182300345445,2.86361424911241,-0.591630079455873
0.624976804220131,2.24964109978959,-1.91027040060172
0.734176304810694,2.18987126038818,-1.94063471665101
1.43732163515393,2.29491018821734,-1.32970215921665
1.10307830063054,2.65146321883847,0.923891307955402
1.74646650449193,2.45268667273469,-0.186539328743533
2.59165327130113,1.44004913625015,-0.556961303530254
0.189191272501285,2.98142723659387,-0.419419101134323
1.81737655582751,2.06631083942538,1.23616991400554
0.179400193066494,2.96331916150482,0.535881707913974
-0.0216491972887889,3.01201620842682,-0.16704418433946
-0.282044364113513,2.91365582074397,0.729160354111019
1.0329820483635,2.82794812504361,0.190450982963585
0.387154165943838,2.36674951979075,1.83008809882294
-0.337913766247283,2.76933070158527,1.1477089521863
2.0680021496668,2.19075422428049,-0.156770931174884
1.20220378306448,2.75527692080856,-0.252525722919236
-0.172956214690251,2.98487000015745,0.401561100021946
1.40237785556938,2.61805354835279,0.528910252553991
-0.850947936703621,2.6375430355142,1.19158232276295
-0.698875769720554,2.60881406812936,1.34397764249208
1.373575234937,1.6888918067505,2.08843233698139
-0.437419051862083,2.9400806470837,-0.514980046994759
-0.351969761347909,2.97465134671793,-0.358023378645359
0.932003284622193,2.44091244335931,-1.50795570505166
0.329844616174361,2.52074424550709,1.62408899541079
-0.464591838754199,2.86754000749348,-0.813623264095863
0.39026544543222,2.97517997236887,0.310823263620233
-0.0054677753203079,3.00668408787643,-0.245835282729012
1.77559053087382,2.42275299660596,0.279571585106295
0.897641929725371,2.88001523317846,0.0191130779751963
-0.0115612609946778,3.01552044000852,-0.0843617225156702
0.370689031255537,2.95486565296452,0.48163544525725
1.72209157720787,2.32090842585582,0.865100436707733
1.84264364953705,2.38243858294676,0.171069770556212
-0.0228425999136622,3.01333578224725,-0.141066530928789
0.298288557388667,2.4514476121104,-1.73264036334721
1.87926741209086,2.359797630778,-0.0179783958846251
2.38661032348478,1.55364586805595,-0.995434461729808
2.05261694415687,1.66803988536027,-1.45086894945689
1.19033914301505,2.12037427864162,1.78541864283197
1.12701110270417,2.78786857577102,-0.241348017809812
1.31254509517425,2.70791612204607,0.212202111647761
0.213958081174302,2.99024936250172,0.336518612633854
0.140849353810786,2.58752709134306,1.54449962712445
0.377581108522644,2.98416765225316,0.229760781734859
0.0291955651972882,2.95739358155912,-0.594630061312481
0.936161447708166,1.63675143149955,2.35483769767682
1.87361683006993,2.24401695069621,-0.744689187619596
0.188866448750365,2.99724327269048,-0.285440564634404
0.110152506859445,3.01471025758451,-0.00160472367411542
0.0787906160492682,3.00880864409655,-0.20365821643922
1.22720529921395,1.94510274571277,-1.95221836619078
0.602234926264763,2.91426106944873,0.494984443970885
-0.104617979810033,2.93738572861292,-0.679289516136081
-1.2821288902552,2.17013197471309,1.6574941351907
0.487511510473618,2.94407037896337,-0.442036444150222
0.247225091242087,2.63110494811057,-1.45491600904629
-1.08192349589927,2.81188427179144,-0.152847892245161
-0.244805809233215,2.97105249616121,0.462094436139064
1.65812536003313,2.50988643979703,-0.227386096383964
0.245506246984292,3.00641138974143,-0.042793988075868
-0.185444925906197,1.84151109311768,2.38223868671276
1.39823325166197,1.58869444637351,-2.149792505592
-0.235972744377943,2.98809508196903,0.340908685888168
-0.119161330370288,2.9633763290709,-0.552100893621301
-0.718422128167729,2.24488538233831,1.88280996200187
2.56906000506969,1.38880620232687,-0.756149528744458
0.982111054697562,2.47513633825268,-1.41766430102218
-1.32312464034791,1.70733747809335,2.10593304952765
-0.0965760875231748,2.7054672620055,-1.33106500240444
0.333378944385751,2.35849821075945,1.8512046770618
-0.320680905987942,2.98229493551173,0.322016709576661
0.00545449276601004,2.99944141413155,0.322390351580145
1.70222483770734,1.468202725401,-2.01182142500472
1.6938477439688,2.4948495552957,0.0849682516201899
-0.0109593267738841,3.01616071810456,-0.057170821320163
-0.686216898304278,1.88880134068667,2.24992220998697
0.615983990535501,2.85465343641303,-0.756393791929826
1.54700336551695,2.49612943656913,-0.69045818849737
1.14377822871608,2.74499199341385,0.507350378633659
-1.0611971458965,1.7145220164166,2.243855824213
-0.184249160414706,2.69893632939682,-1.33506892100717
0.384343020460488,2.97237330587005,-0.343353258707687
1.31767188015772,2.45948953878354,1.14685051857105
0.801928428359693,2.87307330731497,-0.450527084284062
-0.427098436668376,2.95076499570349,-0.4595508161424
-0.936603742213618,2.47698402463802,1.44496977783282
0.223288690705488,2.73152749303224,1.26075921670348
1.81864832227893,2.37527873570009,0.388822960605127
-0.276620981275663,2.13947804708734,2.10872677363384
1.07294856190953,2.68178580475751,-0.870299010678584
1.39364937606239,1.67891647586329,2.08316945320501
0.499605529516911,2.96768776285476,-0.209374650254057
-0.740174485930484,2.60868877998947,1.32192990231152
-0.397238404225408,2.93013176973213,0.59761488377185
0.310281702440322,2.95040449832878,-0.547222668081983
0.565231792485101,2.92018885265061,0.503611132432528
1.2623897031216,2.67859203067876,-0.576308127417587
-0.320278449825529,2.7032276121455,-1.30022931769833
-1.14625844936182,2.1031158057396,1.83401460245159
2.13022742625629,2.13376375906627,0.0989819175993056
1.61365471710968,2.1656741009468,-1.34409383211467
0.252249735093053,2.98615391968379,-0.346220921079877
0.532606673348031,2.96834728313177,0.0765416574167497
-0.440345311985975,2.91153885868186,-0.655478121441332
2.38001219783603,1.74275250052985,-0.631640520501509
0.977879055349618,2.5664561251704,-1.24806634349887
1.26126744553797,2.31283717625485,1.469898878852
-0.574037814790115,2.85872821118727,-0.773800806954702
0.644150942181952,2.9463381741464,0.0691014785984679
-0.541959090809587,2.84542967603462,0.842866768665791
0.0281225736733608,2.99711940610439,-0.342196542199397
0.309823400675084,2.93585311927981,0.620797881359049
0.548532080862876,2.91568568047908,-0.546354881010746
0.968325636851468,2.42566020342029,-1.50967947778658
0.864817056840741,1.73617573076084,-2.31049764708929
0.579221064960688,2.81902932530338,0.904538947793931
1.68192157900136,2.50389610052786,-0.0475205949214121
0.821391412053745,2.85684490328054,0.514166737445237
0.195891998539569,2.9846716406514,-0.392397259789396
1.69784947359963,2.39390891349798,-0.69794080405369
-0.0561968265754383,3.01097756370498,-0.17739818104704
1.02832156681517,2.27796147559325,1.68939644785544
1.57729897408903,2.54105488904145,0.394692392005427
-1.12717827848414,2.79067766284025,-0.205429787832116
-0.0609528710675029,2.9902071892122,-0.394410699884119
-0.393971356007621,2.98982231134193,-0.0797696956136078
0.551820001886397,2.96577088192941,-0.0176592329538321
1.23479247488648,2.36239151588869,-1.41244750582512
0.790559979867787,2.86961700883328,0.490843384326336
-0.390386156664328,2.87580673847749,-0.823376182982647
1.00732020412703,2.65600190402181,1.01566430442382
-1.00396659016509,2.29496316657812,1.68101434764036
-0.571012422566441,2.896888193109,0.618544822135979
0.35450682848223,2.52311090265929,1.61519360094449
1.06153973865532,2.78430441684429,0.470527772493508
0.195787231802972,2.41548550421031,-1.79658320873361
-0.290244858544924,2.10363569258609,2.14268263680294
0.520814705687611,2.49574326761986,1.61264741080015
-0.701489484377157,1.77534264584865,2.33595485406506
0.0708112347263865,2.49376483277721,-1.69609457723646
-0.41187568594876,2.70630647153659,-1.2676268333126
-0.196279677014873,2.77727840091819,-1.16138411357957
1.67890527155149,2.5049092139879,0.0855628770314929
-0.570484869692024,2.77383506083152,-1.03971157339188
1.76490096606746,2.29062935995384,0.859509047295238
-0.444091186980863,2.07664313846766,2.14265031682537
-0.560301603968429,2.86780896215009,-0.74989863067802
2.36429767852897,1.86097906701452,-0.21787034338573
1.1198915602611,1.46610306577715,-2.38683865832309
2.16081306948588,2.02096979592057,0.589221562577705
-0.0371543202454718,3.01527862053409,-0.08560656591572
1.74914358924956,2.15605390143654,1.18006032277092
1.69504267230922,2.47209331150078,-0.340879869418389
0.0910842599424057,2.94379430036904,0.652987642912363
0.231019604023548,2.95896063499464,-0.540181441924512
0.936601862361542,2.79670437631369,-0.633905095435823
-0.621936738408821,2.84945993324759,-0.770964895001559
0.826304873332992,2.8866539996962,0.291655669299964
-0.699950326856395,2.78261181331776,-0.931533747863619
-0.0276832333248858,3.01406874348963,-0.123439601434314
-0.372518720912662,2.47148663064627,1.68925951949282
0.825459516403212,2.00796607543689,2.09458896057549
-0.844324845256524,2.594778459123,1.28641143917666
0.183218814056334,3.00249796939068,-0.22814665693674
-0.286586611929871,2.98593072525871,-0.320468258817116
-0.213502042565838,3.00687815758416,-0.117109821766758
1.81626741383668,2.40455364064633,-0.141097688784175
-0.319637939667843,2.96654281791178,-0.44504986699436
1.212780474536,2.29533654641745,-1.53662218725209
1.95346755016401,2.28480930704576,-0.253426612620057
0.0188207925806864,3.00495241369413,-0.265557632711208
0.026546398221886,3.01562716580766,-0.0768255990867455
-0.256775080825253,2.99110784769184,0.296571219834698
1.32733250582405,2.58208483056876,-0.819536719018934
2.13739293457168,1.72332566188791,-1.24992567515528
2.25404004134732,1.78135846360579,-0.920151945731658
1.52283823125643,2.58809421107657,0.288697355558557
-0.107580658221744,2.99151371814427,-0.374013586948354
-1.31849262161158,2.07043238636517,1.75371064527099
-0.727547321734919,2.20299854745141,1.92823400593758
2.45487258529464,1.5149122848462,-0.882754465455511
1.28138849960362,2.66833711457436,0.581923227891191
2.33264948653379,1.83473597719546,0.541391128528195
-0.0572142927489147,3.00539186246259,-0.25487323288185
-0.314915783395845,2.24027404468176,1.99564885217419
-0.516482078525666,2.11650345894404,2.08668959309488
0.988887404687643,1.57275834102217,-2.37679342574951
0.0652754030558424,3.01286882146696,0.137748587938169
-0.218930909628838,2.99311470283011,-0.30650892254888
0.259703842615247,2.96337276641179,-0.501587328897529
0.200664437368888,3.0071641809796,0.131573018888536
1.83178467114297,2.353839788399,-0.45234638962432
0.096459026696047,2.19039673665034,2.07206946778605
-0.403029725733008,2.88603264164955,0.78038241817693
0.978708925822874,2.37090928414018,1.58793327693051
0.500762809664799,2.9528017708157,0.361679966012837
-0.0418768643426678,2.58957384026972,1.54692202166571
0.51701922627789,2.82972424183421,0.90882667320317
0.389847458506252,2.23040695793073,1.99346879790007
-0.144349239402154,2.99767353208345,-0.3061548288385
1.57910885235969,2.45833783832853,-0.750735900388543
0.0248562375113555,3.01431606189617,-0.117876772700604
-0.720604156569074,2.90468099866354,-0.379699924452304
0.662888839783935,2.59571566260634,-1.38688596217598
1.05935282909658,2.7720390361429,-0.54238847026439
0.86547848971626,2.87969018333674,0.242786982606576
0.54502292292593,2.80830617482884,-0.957591002983116
1.55327970943098,1.86234169323226,-1.79432986070275
0.576575677573735,2.82299480578588,0.89379802059923
-0.884282058438475,2.88177754315051,-0.118395608060346
1.61399416002315,2.31020425245786,1.07637969621669
-0.853520349616156,2.19726364286236,1.88259118866447
1.29477027849763,1.60422581141721,-2.20241766225045
-0.108777630653482,3.00481014590878,-0.244739660054979
-0.291263996307496,2.99201802082533,-0.252205342136516
0.465256929049565,2.96692922829844,-0.285448824363564
1.30264848824139,2.40977726975584,-1.26360378020218
-1.03873450704333,1.62595611703696,2.31903243108808
-0.204772826679427,2.88938992068267,-0.842679098353496
1.62970123877637,2.48856379213932,0.501735200952315
-0.402445298329373,2.74211682225997,1.19140555732387
-0.201401549764859,3.00666959013384,-0.141384152603662
-0.109317275644525,3.01049822800137,0.159888209499706
-0.38160738273659,2.40006492719851,1.78736628528215
0.0254323241690867,2.80658034341204,1.1059267877899
1.98775064346619,1.82472732639831,-1.34901136051027
-0.803303288496205,2.74396157853701,0.962285180855773
-0.0140095569211752,2.99792421809651,-0.335958631316508
1.28336708197849,2.53873743021786,-1.00418886689486
0.472754489951393,2.95152166010444,0.406985465656779
-1.22378162836265,2.75721736765783,0.0269258362696398
-1.21728272193576,2.75958680962939,-0.0593085330022944
-0.119874418455894,2.86520264848132,0.936406959620789
-1.23780677985413,1.93980258684615,1.95079839729863
-0.0326378538800949,3.01370438914624,-0.130899627293443
1.1733697609391,2.43090748325067,1.34703611647215
-0.638191746455014,2.81056800688368,-0.891085215077285
1.91258519607079,2.32986460385691,-0.119845244195594
1.36008420036833,2.62113204554094,0.616807794079775
1.74700242442933,2.29544254118916,-0.882915712980481
1.36885494670205,2.315504805397,-1.36575536541633
0.0117402532216416,2.58067959105768,-1.56223208962158
1.08981549226191,1.60512109034047,-2.31008713369451
0.512193853294214,2.19139166627413,2.0089982848979
-0.283643556371062,2.98527889802881,-0.329044557778789
1.35439454559242,2.50263310477203,-1.00152735602146
1.85022066284035,1.96897168685848,-1.34180776649974
0.313097748742356,3.00027029221795,-0.031017099439406
1.87240970921282,2.22957419976608,0.789743537912005
1.60687022622803,2.53952988499552,-0.263382091963904
1.85721576267838,2.0568302735998,1.19197857512334
1.19284646007558,2.4873635621386,-1.22096433998748
0.640408235216948,2.78251920144435,-0.973693110251161
-1.2206981472232,1.92176703492364,1.97922246954136
1.17500568979403,2.77479881165769,0.143063869881436
0.755193865755383,2.79191217989592,-0.857626195941456
0.0254491349839315,3.00471582818023,-0.267673720231377
0.879750217110576,2.86907185582998,0.308350982921965
-0.529795953228723,2.80999472244916,-0.961176359905445
2.21110189803603,1.47939344079397,-1.42233523858759
1.05356648451013,2.37677791395265,1.53020864510517
0.967818874246053,2.14098638643119,1.89211997686726
0.743211761864062,2.28180068138977,-1.82801422711281
-0.187783558990702,2.39251543626827,1.82790079306334
1.28522123859078,2.51931238269413,-1.04970737511459
-0.131858570244815,2.98407063486817,-0.422551595265295
-0.429103136528393,2.96234375997571,-0.375505037310017
1.35549961245148,1.49834997549302,2.24012996021987
-1.05955021810251,2.04697742873874,1.94624017753303
1.07511499233547,2.80428790174367,-0.284097174361744
1.24580733606328,2.09385536186409,-1.77886140328432
-0.441695798292559,2.89172473485818,-0.737188555710724
0.716785447720689,2.47360222870443,-1.57102664623331
0.0815246229544848,2.48972768410335,1.70153574219064
1.33680682232301,2.67464206018278,0.399814277862406
1.10344994639995,2.73838838017598,0.619872069218999
1.74609932119421,2.40102614027319,-0.535560193947119
1.32233924940902,2.61436434827432,-0.719118940812529
-1.06734110676653,1.77946213086321,2.18972865298898
-1.14371222013988,2.22200774983743,1.68973903436473
1.53783236560912,2.5227428741593,0.609470338289139
1.37030734832861,2.32695126487637,-1.34468199552817
2.31679621830688,1.57400550629594,-1.12052489311026
-0.0959397236896664,2.96329900365085,0.557017658132084
-0.919079129272447,2.86839724451309,-0.167943112083409
2.61056695426044,1.5044672486631,-0.148770165403502
-0.58026951866138,2.82259629514249,0.892665406213951
-0.0155945869766803,2.98534333754198,-0.433700418424368
0.0307853247419646,2.94801780243291,-0.639419570712312
0.0323430543909584,2.98918967138856,0.405355550581656
1.13945875369485,2.50687274123032,-1.23200523334738
0.772616777323075,2.79820980407237,0.820791870624302
-0.0507849636864997,2.99847869616979,0.327353758447984
-0.487637713067477,2.97037629334937,-0.199219034715948
-1.2524155116003,2.22652786760548,1.6045694525853
-0.289369223396744,2.99708040230706,-0.185441639737301
0.377942309999542,2.38887520322816,1.80306654364296
0.371921285385564,2.9178270103543,0.669756808263123
1.13802608216288,2.77388437431353,-0.33328096457345
-0.203457670168586,3.00768429072651,-0.114255288093226
0.213260223754082,2.85317764883965,0.956300929737568
-0.851136201238494,2.4365664241464,1.56183395876594
0.286319436789269,2.71582790610021,1.28176208855418
-1.01409949751255,2.8411551844664,0.00731532741842178
0.285711359941456,2.99710321126134,0.190671043785101
-0.357950919572815,2.90755773838302,0.720134170996433
1.21668092259493,2.75285575732926,0.20515067395317
1.18256471529267,1.89975309569686,2.02313938141338
-0.00966568822765998,2.95555796722586,0.604315947108438
0.369037444900003,2.99381507655995,0.0386877075412004
-0.239786240737569,2.99815207512569,-0.232810610289142
-0.0554286574296064,2.96820710408872,0.535992852810168
-0.3111051941109,2.97144367317936,-0.417552562452088
-0.295471148310807,2.98500646832375,0.321009768810851
-0.414007384115216,2.70045746525855,-1.27935196537864
-0.823910594230651,2.88676680412504,-0.297258874395621
-0.0774026622053965,3.00740661492744,-0.22389365213179
0.496299163371679,2.97548603406224,-0.0280015825957598
2.24588392287363,2.00283252542124,-0.212794189730948
1.00865692164691,2.80975781241411,0.434150131961762
0.623141369871501,2.69352561084909,-1.20715728219047
0.0591634364009013,3.00835888086489,-0.216542418027794
-0.621437568633009,2.77142977996379,1.0166643546973
0.319398460573648,2.97374030847599,-0.394293403722481
-0.390789287340137,2.05458900272488,2.17406574184704
0.0606339505005537,3.01604187052985,-0.0207134340040605
0.372824288692084,2.98634342027443,0.208252522279065
0.997338820372733,2.28336236676134,1.70064272159861
-0.210472657234172,2.96226642395357,0.530370607372685
-0.384780991288194,2.95975937806514,-0.438613839030959
0.760544595545101,2.91166066083494,-0.210756260699668
-0.195668001568209,3.00674023228269,0.147788009749431
1.4267297332091,1.83644462680888,1.92159503749689
0.0857436833019712,2.95990711520179,-0.576378328220616
0.969335563023313,2.27460507097834,1.72834441718907
0.507785171726339,2.80251810421376,0.994314126430724
0.539692156814964,2.95510858282887,0.276911044659293
0.527690144894463,2.96398291967201,-0.192256209170433
0.68831139469728,2.42702426254074,1.65420516867141
1.56851765025638,2.04845089026501,-1.56339867535361
0.243491210152188,2.87583309069653,0.87801489288293
-0.800328988191273,2.0763517589436,2.0368728411178
0.04729567603755,3.01323142989908,-0.13716251669912
-0.183412663407658,3.01033338135942,0.0697625620633733
-0.168874600143654,3.00261396688648,-0.237496994455256
0.859715415797212,2.87973237950229,-0.262001743080975
-0.420429397372073,2.65877927278982,1.36189059307249
0.929519497194959,1.92740759438959,-2.12643070813853
-0.122137974684755,3.01367878983458,0.0586221283460894
0.0609788335899627,3.01323824222181,0.131495112292443
2.07091799910576,1.65528525930395,-1.43942469007642
1.10587154131903,2.51015296698928,1.25570470394369
2.32070566214535,1.89990531415021,0.324498249673368
0.379068198579389,2.95818725614965,0.453926806291844
1.74281187068394,2.41594397191252,0.475852492978052
1.29486818857035,2.72053777414097,-0.150348531058242
-0.235907789419501,2.95593811133398,-0.554428971055155
-0.593074926564666,2.11435621532091,2.06842307406026
-0.666276397197962,2.85914336628394,-0.694254319872903
0.549491307369932,2.9122837126975,-0.563273438901993
1.01587076424464,2.04343314103456,-1.97306910055512
0.18829854224554,2.99224969728715,-0.334065106175327
0.100343054008241,3.01485375233663,0.0346729090904177
2.30120312985471,1.89606878006285,0.458259122668214
1.1282166606441,2.39891678986047,1.43977063765773
-0.103349356241177,3.01187486240629,-0.136171989999333
2.11253283826872,1.82422013036861,-1.14456979266665
-0.37080154080487,2.84259458629009,0.939561771477413
-0.115458731850548,2.98633241214187,-0.411220248189626
-0.152301208991013,2.88877884682463,0.855789228121731
0.548587688079199,2.88076324436152,0.70772082455892
-0.142265180194432,3.00860958151171,-0.169242700377158
0.733425942599978,2.86098642990934,-0.614375391504825
-1.39058868788001,1.66237510434537,2.0984246950233
-1.17219556552202,1.65852168254007,2.23066749467636
1.11031202892364,2.27809831952088,-1.63648688724181
-0.0821909200488496,2.48110330431166,1.71405517212429
-0.64052219906899,2.55519973847919,1.47013594475696
-0.551027668847386,2.85322947627172,0.809977870678931
-1.04903485944053,2.29499417470535,1.65322160911291
-0.0158101733803617,3.01108720716414,-0.183624498259135
-0.139135871497265,3.01169395749286,0.104665193614822
0.0285694771526028,3.01521484781079,-0.0909796329257507
0.228076511069348,2.94016930332254,-0.63560967581452
1.51738643638021,1.9355588873415,-1.74692995950423
-0.538497972105139,1.81336032820882,2.34996985963816
-0.564040407694553,2.95479229738474,-0.227321325208067
-0.305447725043549,2.83711522134174,-0.978822249025584
0.346362466432225,2.42430881869569,1.76163954330392
1.69493723593131,1.33871171250554,-2.10609895402489
2.41302016728654,1.71480597849008,-0.580851285178831
-0.0710674837552431,3.00351775597731,-0.272845357982245
0.778830728530906,2.7727084736059,0.897844365010347
-0.829121744676537,2.73597811673454,0.963117315982343
-0.778973793305257,2.3176511208693,1.7670051495023
0.203612301668251,2.99976317585912,-0.246123965634576
-1.07057573402082,1.70526319201799,2.24645479161392
-0.00625824911536169,3.01476873136853,-0.1083716649836
0.525160634100748,2.64842474423659,-1.34561018485927
-0.713498564344989,2.92851901385064,-0.123734681006063
-0.68500416900636,2.87317294825186,-0.613400835480659
1.65547215610239,2.39747487704241,0.782393917033447
-0.298054561564897,2.98335132456117,-0.333755059377674
-0.0164376009007464,3.00243108322274,-0.292833541223191
-0.549844493336662,2.87625730659207,-0.724864833271593
-1.1444050307969,2.31469214117154,1.55985624471494
1.98302347566279,2.21094260929465,0.529116962935746
1.17055749257324,2.71585698899871,0.595424268046111
-0.19420338456554,3.00381891470636,-0.199927637324984
-0.350637851054019,2.76040774770064,1.16525372813531
-0.592811662902311,2.91534689277729,-0.499940910699974
-0.603338548570295,2.85773852677896,0.754935226004875
1.76949344065326,1.97278406814479,-1.44139865098104
-0.472426537427928,2.7292523563177,-1.19524425510391
0.981016643725424,2.62371157960572,1.11998124040865
-0.0465127647284254,2.98417821973074,-0.439466725353313
1.48805235844065,2.4784969006509,-0.86218755447631
-0.617877090350323,2.30978966456968,1.83948734536503
0.928496532126354,1.72953382391338,2.29068134598849
-0.150465999141888,2.19596818755449,2.06293426687368
-0.745886043077645,2.87564896526736,-0.524319679574875
0.111241652974907,3.01004668400008,-0.166908183964404
2.53054911800303,1.36863715160552,-0.907616436447662
0.559585548310838,2.43502630260195,1.69059900829531
-0.0129166356434747,3.01002532922262,-0.200486321360557
1.17891229272609,1.91741732816698,2.00855437636004
1.49510042615018,1.97780607791601,1.71859591555863
0.748783776339974,2.78404152450556,0.88828471404701
0.676336850161572,2.93527026642926,-0.165441878678148
1.37116311562784,2.64769814969846,0.458497879510761
1.21094324195286,2.7323817724369,-0.410268694289542
1.10161025480691,2.63350146915259,0.975571086885083
-0.146792243223549,3.00940555715236,0.150147650666474
-0.663597074284521,2.85252484517352,-0.723432801136057
0.667622223624228,2.66839112693974,1.23878305093468
0.347858129918283,2.97691792527873,0.342882596080225
0.221803246777673,2.99599192205778,-0.274681287630117
1.37731801661419,2.68286651050638,-0.0763966949812024
1.0828343271773,2.80678612140613,0.223686333197077
-0.0970432102374688,2.71247381874494,-1.31669377041922
-1.05428986541431,2.20620958223348,1.76684075287972
-0.030552726696683,3.00849685906811,0.220515910898719
-0.376383083332639,2.97863182687637,-0.294452545567044
1.24471691471468,2.42776243511268,1.2873474464843
-0.614774793205442,2.89420878799837,-0.588405924683753
0.342066614136794,2.99631090915313,0.0756667316177557
1.78062219433875,2.42365757763306,-0.23639508138042
0.892117181334787,2.86594388766278,0.301838789134858
1.16797379356026,1.47307150214319,-2.35934559872453
-1.29591436239039,1.64713943356319,2.16982758274527
1.78402471165491,2.05085104685363,-1.30838828293237
-0.0735538829671638,3.01562686330628,-0.0346198598604716
-0.146444536374771,3.01139202898833,0.103373751998622
1.38684170273812,2.59622691544899,0.660976536751045
0.0835152855958342,2.81621865930577,1.0782169295372
0.882534404948587,2.78174789076642,0.763954045338692
-0.738151440605686,2.8327604342736,-0.728844880503771
0.359596000158365,2.96833155648988,-0.400390527494402
0.547689474632879,2.01960707943447,-2.17297896243045
-0.698408589387145,2.93441858045295,-0.0450235944089316
-0.0137165867377453,2.96078569985858,0.578077833731726
1.05368950637843,2.80347521682116,0.361772331595799
-0.547468717575557,2.84198667695746,0.850884139212407
2.05747243847334,2.12876891520759,0.579451600790996
1.38315487863343,2.22640626941547,-1.49352328147598
0.16599524846657,3.01187275340059,0.0410144108870766
2.02551417236628,2.04448201201223,0.904433373550823
1.49440084209033,2.56859579362175,-0.519322500224194
1.23449529884503,2.16726130380574,-1.69694251088436
0.0447393613253468,2.99214360830994,-0.381692420528487
0.0919330883292358,2.99654207168181,-0.336002986596696
2.16814537905093,2.09715381321083,-0.0412987424280237
1.474422009932,2.62752070307867,0.151091954159769
-0.881087095638209,2.87741633729804,-0.211600658885826
-0.17169186326751,3.00211633164518,0.241730267959558
-0.168127783348766,3.00332733614653,-0.228849399195171
0.331136723608222,2.92948129100879,0.639610758976305
0.096051736417764,2.98273965005506,-0.441194210083591
1.35488106816622,2.69371820335951,-0.0937742987450053
0.0497622771367746,2.61273925623027,1.50722638704947
-0.391180043545416,2.78555791420105,1.09007310179384
-0.0599333645089249,3.01496796269333,-0.0836077917552919
-0.951592927350695,1.86606646220815,2.17091707495447
-0.536589140105616,2.90998557423692,0.587086143205979
0.102945209330733,2.96009678811276,-0.572576087495038
0.0191145451244492,2.77744503353722,1.17730531593756
0.42351726330907,2.70239107406567,-1.27213588015594
-0.685703460510208,2.88382149416317,-0.560355638088485
0.0363009102236352,2.71207214223525,1.32059116547066
-0.108176645528627,3.01067930344813,-0.157232414730539
0.897362157518355,2.69825183734014,-1.00736898286344
0.0818593015765471,3.01331292800781,0.117721449775091
0.283299550285205,2.91693711436105,0.715425274058716
-0.314490059527161,2.92450222785967,0.670072241473402
1.84519777081074,2.1324251466403,-1.07173796595154
1.00730320129295,2.32785663143216,-1.63310680950545
1.12025716065242,1.91079523528099,2.04804774112451
-0.137603519172242,3.010360591841,-0.139314269523573
0.147248662329531,2.37552354852161,-1.85359644716757
0.72885733501271,2.91018884057275,-0.31651537797515
1.0567233865922,2.74582183686291,0.666642491540004
1.69217545159142,2.36412640649182,0.805023392362107
1.27891499742162,2.48040227758489,-1.14568540961841
0.593014377929403,2.95489923958208,-0.132357540687985
-0.851013254178901,2.88124185855976,-0.273561475331743
1.185481964273,2.18411349307329,1.71023239615245
0.43040422411587,2.66364815263635,1.34920154532631
-0.857759284469733,2.84337919221376,-0.529204937885644
0.897013915576773,2.6385852926431,1.15492327701882
0.116984863867924,3.01350144641423,-0.0757473509497809
0.0422892234804228,2.91854214988448,0.762192513749535
-1.12389465721154,2.7993099632603,-0.0365871039263489
2.16570344491843,1.7551880059724,-1.1531078611517
0.955039040587937,1.59571869394203,-2.37533079124731
-0.255733286320822,2.96789499220127,-0.47624981745394
0.159551358509401,3.01041376278641,-0.112100079905151
1.99455039637429,2.20074451737656,0.528305188930521
0.28885694353866,3.00219222485685,-0.0633845270500092
0.178561932914412,3.01105787984807,0.0475412180053974
0.708372098341302,2.93235944744844,0.00954611660091439
2.57477964256464,1.49104426681474,-0.497906490944153
1.39869554284592,2.660797097355,0.253818187332805
-0.104528008150722,2.99206942004773,-0.370416749375663
1.11663943850076,2.77093400943016,-0.419112355888883
-0.189289662078081,2.99815205766821,-0.275441010056634
2.30642623461383,1.87800801838633,0.504081336941238
0.56120141092572,2.93091014804476,-0.442077784506257
0.891985687010466,2.78433870738702,0.743258759656136
-0.460915663409539,2.37790186554711,1.79826403960655
1.03715318706831,2.77714756421532,0.55890854369719
0.267561565111202,2.25520790050224,1.98571453675453
-0.00317326434638321,2.99259255858976,-0.380780508636355
0.983846857818314,2.65721266662406,1.03531651768163
2.07387730574351,2.15580448407454,-0.390069268536872
-1.43206590764072,1.821251497095,1.93205701458138
-0.671748799793301,2.93823325675938,-0.127094319071141
1.28815625744829,1.60136217920755,2.20837196017591
0.445751873368229,2.85858404140818,0.854644155591042
1.71413159673152,1.78997001522611,-1.71999252927704
2.22641990591242,1.50613678053041,-1.36938690222347
1.59139295503628,2.42008943575945,-0.843356195611989
0.264321788956358,2.96582792058714,-0.484368480022636
0.702952592758747,2.1148810557077,-2.03316252661541
1.23836359684001,2.7495780418051,-0.0830077173246482
1.54626951719923,2.4851722684391,-0.73046797565156
1.85792590807837,2.14700130931243,-1.0193678359614
-0.812953256625209,2.65408539054423,1.1813347659884
0.421787464930151,2.97726340583021,-0.242099223094243
-0.0911600560718887,2.66645127291054,1.40795651227638
1.34402621681268,2.58679986693371,-0.776320851222424
2.29641593022766,1.95604756364326,-0.0310787910418687
-0.0219793334817451,3.01365115785911,-0.13430448512575
-0.535727437081925,2.77827159783403,-1.04633509399098
0.253739523039076,3.00521614410741,-0.0700447623653711
0.265276040828867,2.76153864629052,1.18496709418314
1.40524416277989,2.42744186210267,-1.11059845856876
-0.301522012261191,2.98560541453867,-0.309610839426014
-1.16123258178482,2.32419515731016,1.53305898413209
1.61281430543735,2.0048781045886,-1.5747723292618
-0.352922846721092,2.95358469331055,-0.502391292514762
-0.108900041902123,2.99657937304524,0.330555485515268
-0.121506538265058,2.98787070366822,-0.398094092408783
0.648028743777916,2.94301862010085,-0.138975667179804
1.98599804854009,2.2676015816661,0.120037098895028
0.482353510919113,2.21338393474815,-1.99220499321569
0.342986912058836,2.97744808718417,-0.343186470261343
1.47401810128773,1.51605867952135,2.15161585893367
0.79500920813782,2.85793883281794,-0.548415967982366
1.18055172639725,2.60169433217474,-0.968554753393464
0.665840009613517,2.54304741149645,-1.47992602233011
1.13219143089972,2.30887575751874,1.57729178886795
-0.223817966269888,3.00470556447702,-0.149211513853333
-0.20639120718079,3.00734440417328,-0.117882956261016
-0.160494300589372,2.92651360887601,-0.714404481811677
0.228008341110369,3.00547759441564,-0.125422138956449
-0.0602772837162269,3.0120197305521,-0.157219206598356
1.98917362385979,1.51398158030718,-1.68868651789544
-0.0257974060401736,3.01616648948504,-0.051848709143181
-0.085923528465578,3.01252477382805,-0.13388697255151
-0.634649065831795,1.89017813542765,2.26385981604004
1.66245421798399,2.20443487688786,1.2154533860903
0.454536343434542,2.46574764928572,-1.67752774332642
0.578559606890416,2.36006458579929,-1.78772985073853
0.482635856231067,2.97785757071546,0.00640358520677769
1.67255996299431,2.42426130193554,-0.652774384620788
-0.469912521678846,2.89761920264557,-0.695413017939572
1.32644410075514,1.9388644342557,-1.89260794678691
-0.142397769956704,1.98743241891334,2.26504952317921
1.4068735650915,2.66061997865882,-0.20596647324023
-0.331427700808597,2.95288596947249,0.520801514513904
1.74635297426005,2.44633239781793,0.257532863476072
-0.673428835838179,2.79135002435884,0.924917689129305
-0.00476272017435669,3.01077457737149,-0.189282455184806
0.22041196432245,2.93207178742418,0.674527750700777
1.39451763538281,2.35276186483083,-1.27296750119351
1.61217683477785,2.4966372645524,0.517979063037046
1.25380392584585,2.03382549116193,1.84177731393462
-0.127914482454854,2.97643202820601,-0.474451634772739
0.489954524245986,2.7081807063254,1.23544158629557
0.567865428263111,2.91754608647286,0.515817579945848
0.714730096300265,2.17376669407347,1.96583654871667
-0.474653285588824,2.89243687434142,-0.713531550473102
-0.249221550428634,3.00171278604961,0.167997190330701
1.69053435034631,2.29019870958367,0.998848120592527
-0.194657845070099,3.00756073358155,-0.131532673742433
2.08634261920642,2.12370800602284,-0.487496530785738
0.350458346777146,2.70756038467466,1.28331983449387
0.184180197882393,2.65902246395235,-1.41290172269537
2.02214431294951,2.23747507715799,-0.0724689160503686
0.0723831126896447,2.97519885578494,-0.493524609947758
0.180930730677849,2.9995170828201,-0.266036515646872
-1.15068421090861,1.5915205474864,2.28989132510366
1.6935817184116,1.19427849844929,-2.19228052910536
-0.0158983343254828,3.01020467091359,0.197558014938406
1.31173670633758,1.62756182503122,-2.17508698815437
0.24158071736741,2.9843017282948,0.369047474701661
-1.14386722089409,2.29368352328481,1.59097384110064
1.79582804514742,2.16896441756823,-1.08222413329018
1.67651314339264,2.15126096191222,1.28918347835945
0.476480680925037,2.85154750452648,0.861543427358571
-0.634500783200303,2.88572543845074,-0.608778725882571
1.18940572539972,2.65089869739345,0.811581298228852
-0.679281070689222,1.94472293111301,2.20391561437757
-0.991680845514356,1.52823416996328,2.40451315435938
1.7374133528636,1.91735488793651,-1.55105098629542
1.35679013129625,2.5798717156458,-0.777172154363904
-0.230403408029343,2.83171134903125,-1.01436639949619
0.767109624903833,2.16451397152423,1.95628121126464
-0.68168418136588,2.91612692814742,-0.363489343584903
-0.169616336209539,3.00099336794433,-0.256677211952525
1.0535847384362,2.81611011711306,0.245147087110061
0.337792137285747,2.48290456972391,-1.67979030141348
1.10026888182785,2.80722084110753,0.0976402786945394
0.551999632851288,2.27244560582067,-1.90575482709847
-1.03933406097206,2.33398543188643,1.60402955101706
0.643622109266658,2.90924112281886,0.47189061958633
0.27836691170947,2.97146208793904,-0.439930687150899
-0.857371188632858,2.8335848772604,-0.579935751057147
-0.0450593687938796,2.97005503180094,-0.526646796675483
0.860993411488434,2.85275165064135,-0.470225958691453
2.1662245957015,2.03432330671523,-0.519243461031377
1.56130795305355,1.1890821034966,-2.29107296129272
1.30749313480116,1.76581092478718,-2.06712059818503
0.65602176321081,2.93692229040599,0.211511213416578
0.137962893524182,2.30851815677533,1.93709169812372
0.024990625824225,3.01494461450492,0.100491428387789
-0.709415234915256,1.62750078279141,2.43897218384594
-0.0259248539264424,2.99637115859023,-0.348857949613168
1.61021969737963,1.25610332338059,-2.22036282040878
0.548239062897129,2.599553645879,1.42911471170149
-0.0182610066775808,3.01435919413976,-0.117979961989118
0.22194132086614,3.0083989414181,0.029865472663549
1.71292563096601,2.37428365646352,0.727514253139181
-0.0334019372181433,3.01023244269966,-0.194933420939748
-0.939853673797788,2.58998365696828,1.22852505695926
-0.751375314810351,2.91599641455217,-0.181697918819287
-0.88914125064253,2.87894355886501,-0.147397111119046
0.408753514314273,2.98437584179953,-0.164424713804962
-0.28388909220578,2.95982813578577,-0.509351035169504
0.391656056751444,2.93580634676453,0.572940411035728
0.669832309137651,2.85807226835279,-0.695242169030922
0.800744956027863,2.7515055985949,0.942676266481555
0.803090869968424,2.83316054209214,-0.654874403528107
-0.0297756843210518,3.01061667384136,-0.189511843699397
0.32545249256455,2.24850268927327,-1.98467388215424
0.126035044109456,2.99269448137037,-0.358481514059493
2.48406387367389,1.37409689583585,-1.02073428445082
-0.223684057256142,2.60710772474244,-1.50118914238295
0.393687096452327,2.46349380931075,1.69611992755976
2.56110369876819,1.55076633401003,-0.369439722482201
-0.145372978325711,3.01094964493867,0.116888921233734
2.0418595450535,2.21492795338168,-0.1597430646166
1.63944560534258,2.36662595803024,-0.901062577733129
-0.58298978047814,2.94011995944997,-0.341220789215278
0.400561860443576,2.53330875882349,1.58824148526504
0.322403575556781,2.99665793502056,0.129271969263534
1.05737742222418,2.64996759238168,0.979917768686812
0.697499395984631,2.93135025187545,0.145925941907417
0.248443472829704,3.00338272301611,-0.136316348936661
2.08463134105611,1.73456536954183,-1.3214421053393
0.172008806166261,2.60068929378396,1.51902674594277
0.968029753559334,2.64444015753539,1.08188203447918
0.575300850004585,2.87612915513357,0.705353884277517
0.324094831809302,2.98062128539796,0.333876294633004
0.174407482615051,3.01167366469649,-0.00422545527144811
-0.215788403381379,2.94860574145894,0.599811331580405
0.545713451876839,2.01585079505868,-2.17696037804842
-0.0539714242140423,3.00425002490983,-0.268668867359659
2.47885120414928,1.64248144010259,-0.508099905232141
1.2912367056959,2.30692655135834,-1.45306976556264
1.34183457784605,2.68105611794314,-0.334712033287044
0.500589893464508,2.85472988905819,-0.836983336853103
-0.527010840093792,2.04424995928298,2.15497465541614
0.89702289367655,2.64009573741704,1.15145929697201
-0.668555384875941,2.85754887696942,-0.698614486090111
0.761943600506808,2.89506760000249,-0.372343427702553
-1.04385328497688,2.81004266595278,-0.338592117537751
-0.59617316030461,2.8031164933043,-0.942194021944821
0.339230867978099,2.96292188999344,0.454566143811102
0.527346030419973,2.91163932919066,0.587262009669604
0.291738304793365,3.00131148822078,0.0873624592201982
0.615290165950377,2.95316679478281,0.0289479009209539
1.24593677390874,2.73944643340105,0.209018853309676
1.22709733305137,2.75433148610242,0.0922186910219246
0.10348563343413,3.01380210794119,-0.0830762597418971
0.715035177376246,2.91922254299557,0.259766292408676
-0.300152800349162,2.77687020582044,1.13996238690585
0.761365264080069,2.7742899069308,0.907883546521764
0.581224990971957,2.86189137393364,0.756550963758981
-0.125262582022202,3.00948376327735,0.167125256038345
2.16016042784222,2.08419018844478,-0.300786089215912
2.51706952497928,1.64211237751799,-0.261614283084052
0.767111712003793,2.91738848132467,-0.0315936296026512
0.492347794851327,2.5901961522284,1.46597804518928
0.257102268417611,2.40148268339344,1.80759327062996
-0.00271856635830478,3.01257773968817,-0.158057137842601
-0.0431053498666301,3.01221376279661,-0.159135989399987
0.72558327280627,2.92788065626937,-0.0407168755938699
0.142031243891533,2.50719371437599,-1.67165214427012
2.15824590406407,2.10725815131352,-0.0452966710050781
2.54114174486117,1.57327445541008,-0.409902680606967
0.576253043857959,2.71278805496632,-1.18715099518437
0.148591303938043,3.00865631332237,-0.162855456740513
-0.0309904513753452,3.01511188594672,-0.093562782328854
1.56006359680114,1.42737584297533,-2.1516072745548
0.507993050066353,2.9729312463419,0.0650918789023481
0.143365419678683,3.00821763123496,-0.175177414806257
1.6491508158945,1.60085778150704,-1.95401382720635
0.458283594972239,2.95700919583001,0.382997192479079
-0.292924082017448,2.53620995595705,1.60699988443352
0.1212466136694,3.01428474496891,0.000906648877134955
0.662848706853417,2.92335180201682,-0.339499514813383
0.927697738998467,2.00421077319806,-2.05502558834306
1.45661779752059,2.44803888994339,-0.992967407502259
0.100324334828431,3.0028036171796,0.271513446416748
0.66663984101646,2.60799255220013,-1.36182974601414
0.706256548307683,2.85231456124672,0.682727924405603
1.96003307403397,1.88560523642046,-1.30513498465386
0.584536347066695,2.60668029929574,1.4014810606327
-0.381732799995303,2.87862472300406,-0.817565814236565
0.120254710973378,2.98257342446914,-0.436358406851389
1.12806403925183,2.78899475486298,0.222696806857202
0.033793496084431,3.01214414371613,-0.162664514230328
-1.15353492580538,1.45362858269414,2.37843124887236
1.39654425051062,2.50762248503204,-0.928497558434179
0.231167987873817,2.97601439463523,-0.436478832702119
0.290181264294684,2.98083941296114,-0.361946563846933
-0.662070380853658,2.69963073433842,1.1722929651339
0.469551090158159,2.95201858383486,0.407089844525316
-0.931233463970006,2.8615094923751,-0.21255998616946
0.241930255302607,2.43032345334738,1.77076586559873
-0.0905455928163867,3.01275643634622,-0.125356443658546
0.438358080455803,2.96595217094883,0.33404191358835
1.52413199064377,1.88657333520086,1.79401137485137
-0.430294033891678,1.92466243965751,2.28279119169047
0.509414215113337,2.88235631638689,-0.730159783825308
1.72722821458558,2.46797879035734,-0.162411428712873
-0.499115770015004,2.91637074137051,0.588454955022978
1.9919837891569,2.2617158893811,0.131361739284772
-0.0246669530192754,3.01316707750624,-0.144325297685539
-0.551179353271125,2.82486295233032,-0.903861000469653
0.817654375787336,2.83029774825705,0.649207258937902
-1.07770449408184,1.92402518190055,2.05846889943451
0.638990197941947,2.87561936623724,-0.650475883139551
1.53507539165957,2.43338009455316,0.907093680081823
-0.101758706338066,3.0149993422291,-0.00618216250512413
0.298305930190974,2.98648769058807,-0.304169250696967
1.12547387099884,2.70398281315929,-0.722772162530352
-0.817155178966797,2.61640733249184,1.25987466482242
0.63778600735169,2.74984401615486,1.06404933284809
1.10892319897378,2.80216828744464,-0.136953695488936
0.428854101634704,2.86346077689659,0.846930118591017
0.523214506974729,2.53746744099585,-1.54535421592201
0.101976432955343,2.99314301096983,-0.362366955026116
1.72830253824361,2.22247888450313,1.08359218866194
1.09437945600321,1.90505774944492,2.06729356034617
0.779579016183576,2.70992042368356,1.07200836840003
-0.110336952981591,3.00485486121178,-0.243489439092237
1.28213030642921,1.6962230944691,-2.13999606967307
-0.541714724406639,2.8484342893817,0.832815311774682
-1.12880204872997,1.41965629586805,2.41060075986796
1.3429120332134,1.80499962172526,-2.00977056494344
0.620295158046567,2.72567945637964,-1.13424843181057
-0.0990384410956025,2.64426439690312,1.44867914789531
1.17659910971955,2.54918334045196,-1.10358185870379
1.63332089224055,2.35033130132382,0.953320368018404
0.23367318202113,3.00045161248358,0.208089048821744
0.554783912901907,2.94265482419983,-0.36552904493281
0.328092414754315,2.88940291812166,0.80269560309092
1.25192603891396,2.54933417688969,1.01695158917332
-0.59037258470187,2.94930197385216,-0.231715699414065
-0.365900553308418,2.7898937429662,-1.0877608998017
1.21896426160711,2.68683453437893,0.629015421817418
-0.0117337228698399,2.99063822764285,-0.395675875180195
0.844342906131222,2.66067730603405,-1.14389484530353
-0.0458905443802946,3.00970136106592,-0.200513995085565
-0.207011900469291,3.00669639021582,0.132427252550187
2.35703605706467,1.82061728803555,-0.479945625351281
0.311099200945017,2.98490278001478,-0.306898628413664
0.846293969236544,2.78391638940982,-0.796373117012366
-0.26614660547292,2.97625284598243,0.414365862816276
1.45930576329583,2.39277750979893,1.11608985521003
2.49621412627718,1.51796259649289,-0.751876770829888
1.77243409071365,2.29470594757397,0.832716095278262
2.23486527429584,1.68392974564285,-1.12710776085366
0.0181615135934233,3.01183591481164,-0.170671230046124
1.00749805240585,2.79946983832945,0.498528219635391
1.48663494186406,2.52246218739849,0.726440052491897
-0.285579406309072,2.99748981018558,-0.184697936145797
1.45579216121593,2.62644306725623,0.288236161670732
-0.114481677217239,3.01429377291522,0.0392566330297931
-0.572035422229461,2.82390307508524,-0.893846175429332
1.77117564089037,2.41727132263928,0.346915391634736
1.93432364220738,1.95776048238562,-1.23538659046371
-1.04319486947486,2.83017264962255,0.0498128971309849
-0.123632887522381,2.79688672103208,1.12372312689917
-0.559168553500112,2.85252196269579,0.806884792399449
-0.0213004098698295,2.99642143781953,-0.348739080984172
-0.479272904034692,2.78995841627027,1.04261383360838
1.41002535283308,2.54373692747546,0.8011523171385
-0.671844375776136,2.92377902380601,-0.317419976971714
1.84072746687327,2.32519404668561,0.553000113062246
1.02478095454454,2.70437569708187,0.858364824143251
-0.320266453828524,2.98813295735662,-0.262878136789759
0.0501932280933562,2.53594568532198,1.63311794064028
0.33382629563287,2.86358703013681,0.888281156091382
0.0215258397495968,3.01631050354089,-0.0449630019315918
-0.22070237050464,2.94822916438095,0.599874441060797
-0.0912891622190979,3.00321800112639,-0.270114815703439
0.090390080962667,3.0114468316839,-0.153726056006461
-0.0343564423340001,3.01299902633902,-0.145844400787375
0.450802318797195,2.4289164998049,1.73140289748901
0.473270969097469,2.96677396641418,0.273643763143582
0.645309179247668,2.92196015655827,0.382542799900114
1.19188039088059,2.76708839152483,-0.152502637398762
-0.41482915060318,2.98221644388624,-0.186858087101121
0.997810340012727,2.7861920050497,-0.584912577614434
1.33010937415934,2.38345144322101,1.28474992028484
2.23695049347885,1.57956349818759,-1.26556142956747
-0.017716621210253,3.00752704394576,-0.234694031365329
1.39861202015963,2.23197218576355,-1.4706456630112
0.312789804920377,2.98863242506618,-0.266181992012356
-0.00503768904708089,2.63280819178066,-1.47272187940305
1.17137121220752,2.20612499813734,1.69160162653497
-1.05575452379543,1.90005536684302,2.09183796588246
1.27920635043864,1.26190403242423,-2.42318868704847
-1.27351391261413,1.82425395850462,2.03736935687893
1.49523125428808,2.60631891606454,-0.268326836255726
0.987885341657739,2.82814457897952,-0.355379908291503
-0.684567705113622,2.93791994392606,-0.0246484743485142
-0.249423195927242,2.98236735061789,-0.379324587118474
0.504000306863793,2.93826093755123,0.461757989246006
-0.810761140211733,2.44607190447886,1.56844276233864
1.01561413537054,2.7731352942987,-0.615518200089283
-0.03461523700937,3.01334211948242,-0.138510445132223
0.374377990854319,2.96131699231312,-0.437100535451761
-0.149958599898372,2.85534972337846,0.961823509075257
1.31680119127274,2.62974538790571,0.671630779924577
2.54034723999038,1.36427371738962,-0.886570477403746
2.0964793810779,2.1606636370901,-0.192148221856386
0.449208074719848,2.93895113195162,-0.511265524651839
-0.00988662979679461,3.01370285144917,-0.134578842353297
1.68814481089259,1.42172605506656,-2.05656903820223
0.188800692311489,3.01080820332444,-0.00153247111427509
0.716232647225966,2.92999621252901,-0.0524125624646151
0.556126544709171,2.96328240112373,0.101463119166369
-0.149560332953555,2.9610543740465,-0.55713803302025
-1.27121589043994,2.08700035740718,1.76891315647944
0.615658597366202,2.52990210281752,-1.52353993342457
-0.322635427300567,2.96621025680798,-0.445103561599393
-0.0238604297833496,2.80763892970282,1.10327168340283
0.836667705127121,2.87770136584841,-0.345595265132895
1.32594105356425,2.70966646162123,-0.0142153553854613
1.03783579828882,2.75969709330975,0.638422192642668
2.33987589579329,1.77207700582953,-0.696662016178975
-0.320208066695532,2.80103487150624,-1.07344516847387
0.518860248487151,2.03481057540697,-2.1658587331224
1.08339917389039,2.73262733766822,0.67794406150706
-0.365391908243958,2.93250475043627,-0.606233229994292
-0.412167611182046,2.64620094127629,1.38865133340653
2.11336649810587,2.11981418645004,0.375078587364884
-0.0750645202952284,2.48950414159517,-1.70215996130331
0.706751871467778,2.9311960236723,-0.0959466001233808
1.13563010291393,2.78535119749965,0.22973259027339
0.47743128759097,2.92622804215324,0.556653301468695
0.279068341157393,2.98428358261066,-0.341740320440714
0.0392558640733249,2.98032803895191,-0.46552963865222
0.23842348402589,2.24296289446985,-2.00321885558895
0.917641820695886,2.64938424896394,-1.11324331452852
1.54183479744435,2.19541842960494,-1.37967295524392
0.529979703461891,2.73388175823503,1.16001126416899
2.17765496992908,1.96478881896454,-0.705717943590678
0.424789310490171,2.92356648897068,-0.610677585434173
2.01643569893574,1.69946268347143,-1.46506919517011
1.23753543937951,1.64621767341677,2.20433379847536
2.10469999127827,2.03258273206193,0.734479047439497
-0.356176834321574,2.98993636098367,-0.184479557271575
-0.905968863905126,1.94363895143314,2.12181576278363
-0.723304597036879,2.92843722764977,-0.0412304585348209
0.764502106541652,2.915957270036,-0.11551543406987
-0.13437941289791,2.97317721330756,-0.492720528036561
0.392810413499822,2.98930973996068,0.101692402435213
0.210729755523331,2.83265993723492,1.01599445727429
0.586396337070403,2.87045127157747,0.719209927949036
-1.31985068983682,1.41057288192329,2.3170870480866
1.04041720032884,2.25266069692088,-1.71571149116004
0.253015826600345,3.00523092432647,-0.0720011809094944
1.54311692501961,2.53272319293694,0.552012201647815
0.992741653190687,2.36526933111618,-1.58763317186061
1.32369507911752,2.0134382658675,-1.81507899942435
2.27063947247299,1.98228582298002,0.123908793678014
2.12558454867509,1.85734855882937,-1.06431233411013
