-0.0695227160604855,-0.830853434440642,1.64822062642217
-0.664027679131946,-0.875821226530139,1.55385902412305
-0.7211453180027,-0.779240442970475,1.44585968941957
2.00388532008269,-1.71952181474327,1.5181224168569
-0.869969358090276,-1.31089080099582,2.61093262948148
1.59235374247573,-1.75846698095384,2.38133357742999
-1.88898438690437,-1.32467276216133,2.06789784329264
0.6954069392453,-1.21517664537542,2.13697163319151
1.17907374713187,-1.50033130721399,2.29223348620211
1.60308868349656,-1.67125802591735,2.12490680277318
-0.824017565419275,-1.23605658549665,2.46103539958802
-1.44924537818662,-1.2736087554157,1.79068609924735
-0.492695731888928,-0.900431351445337,1.81440392996017
-1.42075406163775,-0.895642389747254,1.22149095343436
0.105243907417536,-1.178617934665,2.3296100065585
0.228133907264568,-1.27957555679555,2.49528570828585
1.34744139444892,-1.13964385927028,1.21588191897571
1.38054547306897,-1.60899154884349,2.44372903766184
-0.0584916187403764,-1.39674451541694,2.75350041736366
1.57175441388974,-1.78282462580102,2.3385675747611
-0.731898120890426,-0.812715898943786,1.55816747204262
-1.50566796918928,-1.0819000322898,1.34080572871213
1.71218862011199,-1.32940006551665,0.975272455012734
-1.38836388439801,-0.954733038431422,1.30242186722055
0.742431229228375,-1.25204642653004,2.00809275216375
-1.4388564723108,-1.15824060817023,1.94335445698657
-0.691232213589992,-1.45889989472075,2.95079725375541
1.09334151735024,-1.38843939103339,2.37177000205822
0.962556318033157,-1.07749478749248,1.38207042331005
1.49767698137689,-1.26687271418429,0.986448429044438
1.53141290545557,-1.27096529309153,1.24023730173254
1.66074574137887,-1.43386387325377,1.60439429524467
0.873804349411756,-1.30202812011709,2.19732019105949
1.03345955768815,-1.15412823695359,1.7060105425057
0.641313610370134,-0.92539958041871,1.54573969513057
1.31714218047894,-1.6116974077771,2.51450269622245
-1.84484357009557,-1.37091111632316,2.24657838282505
-2.15850066874104,-1.47909472251857,2.25596114144509
-0.525299124076988,-1.42389562370517,2.88978170985948
-1.38150465404366,-1.31477136177302,2.42768618705809
1.15201425218957,-1.13549709000018,1.60012171696066
-0.772696459579443,-0.732771013269356,1.35156056545544
1.02205705561987,-1.4647608645684,2.02515251117653
-1.18084338850386,-1.23270035022907,2.33294741506882
-2.03957746317926,-1.13954831058673,1.28357376615894
0.476093816662528,-0.950172122292732,1.71341784818584
-1.16795255250039,-0.820782777646707,1.2838723719479
-1.13673579833681,-1.49594796765003,2.94183768390022
1.07803238525374,-1.34573092695907,1.96563082976226
-0.717775162522551,-1.13970139987742,2.33899696524564
-1.50904625020584,-0.944206862258614,1.2710177567234
1.4515949605021,-1.13868274710098,0.8601112765658
1.14115844220666,-1.72986397383993,2.9345239033407
1.25132021291804,-1.82233564456401,2.73991030105785
2.0608160223728,-1.69860663424677,1.62101994860305
1.26194952067981,-1.13023898229848,1.31620924605859
-0.747322387789792,-0.947374741386204,1.60711360005833
0.699342987977971,-1.58197310451996,2.90549415862418
2.33337451312217,-1.892713005184,1.70314229867499
0.996306187686758,-1.22157894407253,1.90782867984949
1.54487648510013,-1.27686188215922,1.22969100429822
1.020851402358,-1.71140146491661,2.98156078240213
-0.812300829819005,-0.809499229478716,1.51451805025865
-0.311292303499912,-1.32996184471474,2.69711282549519
2.06991197567447,-1.60826479834584,1.12713408769932
-2.75547338038929,-1.58568047357846,1.72028848205625
-1.75225739908343,-1.51646184540226,2.70601647755386
-1.67362385440908,-1.10223033566093,1.89526492709796
1.39174579177587,-1.20478802675436,1.17352518208572
-0.585911954406583,-1.40229169642409,2.58075987794898
-0.975769444265093,-1.56713686371599,2.97600030039752
0.806111018542301,-1.29742480808393,2.23770614372531
0.691346415103133,-1.20628309584824,2.12064827515131
0.267543644516654,-1.02883089777313,1.97611370686392
0.512051501270566,-1.51858974815295,2.86768238922311
0.51818446233262,-1.1002264363746,1.52203559121368
-0.148513730518844,-0.942685721403258,1.90605142144073
1.48053790308917,-1.90374697014918,2.63092808856986
1.79453009443109,-1.43712674106337,1.34875167882092
-1.58244531990425,-1.07746240501827,1.63210800179686
-1.14048577280602,-0.674013594668794,0.798224788237436
0.51007148123502,-1.34645778427902,2.30085248980455
-2.44760167018545,-1.54429302950143,1.82487004791228
1.28738973034739,-1.28227358625266,1.63659454172264
-1.3597762714478,-1.04856476712985,1.54988741325935
1.25528266390775,-1.41717728147976,2.11010351207002
1.6970696092452,-1.63766564501,1.84454385742947
-0.959913182388952,-1.27549519020387,2.51104454995869
0.438642558015077,-1.20752851225568,1.89224076000029
-0.126366791616212,-0.84501528139364,1.74580878384726
-1.71316335051772,-1.01624366507132,0.89249291292762
0.0454873121754399,-1.32524698232168,2.63746664143452
-1.02665005814588,-1.16505090400179,2.37658008708952
-1.74575742796626,-1.48952624260065,2.43563585608384
-2.23340873725101,-1.67836214478665,2.41318021084796
2.23139649543686,-1.73214473116819,1.20398638914495
0.161408868192708,-1.4573925485464,2.8720634746734
0.778400546259813,-1.24028361376242,2.13354049872143
1.77463362251572,-1.80473227535756,2.47438026357378
-1.08060390155915,-0.905748873077619,1.59158010482957
1.34235696236399,-1.12103647885494,1.11485124704885
-0.494651285784015,-0.742144225233699,1.21349619071904
-0.428481790503166,-0.665053029267189,1.44516840549556
0.984962540090082,-1.06253407800761,1.67948156293891
1.41207331284328,-1.86760079202382,2.60753704542144
-0.878862135784174,-1.26922558124313,2.19263346289201
-0.231655722911415,-0.746679991054262,1.51594770730426
-1.47018092013539,-0.903114829948358,1.23413179816715
0.694298487504423,-1.1696158687602,2.03999898859733
-0.747954151991651,-0.78113051823533,1.47847240669401
-1.03990975586462,-1.0514744448056,1.79131869090907
0.367046442785741,-0.870814040105749,1.60884624865781
0.527507134014572,-1.46014678808957,2.74115813772765
0.843752003508252,-1.51503930217127,2.67955263393201
-1.33774915700768,-1.06214499151886,1.79388048420472
2.3366277366518,-1.78936504994471,1.05913097366496
-1.87973553141152,-1.24847802877579,2.0505908328372
-1.07669980266712,-1.03926911324718,1.76913535451131
-0.527173747278102,-1.34965217023864,2.61915599226513
-1.36369852219623,-1.21274168035793,2.10242807538514
-1.30870241696986,-1.49085533624001,2.87177519783333
2.07195585288883,-1.72442918610208,1.69742589172185
1.19269602826733,-1.06194196849735,1.22372877623591
-0.521702022947523,-1.18795051483514,2.40640121055154
0.530685196306278,-1.3688793609661,2.55245245869618
-2.59037287239763,-1.72133782902328,1.99721700798784
0.264665973707162,-0.987541803836872,1.89372311921057
-0.694167183584375,-1.12844614960135,1.99452309167306
1.77541096458668,-1.51202199791403,1.66313528144864
0.770864870523957,-1.27951500276343,1.62905213804446
0.606653954589481,-1.54831672841261,2.66062230329425
1.00561366641951,-1.23286240148792,1.92534845359942
0.127727582918994,-1.19702365436383,2.09141719318233
0.361475965337315,-0.857607799829593,1.58444957692857
1.33513212706125,-1.18289337909802,1.35069389273145
1.92880173905568,-1.70986541150984,1.95455231321483
1.92655740599849,-1.66483712404628,1.51292792254701
2.48070320837226,-1.97981916889496,1.42307107125246
-0.616138909952445,-0.995151479090725,1.99145531081553
-1.22459482746963,-0.747387478608228,0.958210605461999
0.399028798005209,-1.23552114326305,2.14450426779573
-1.70310195133928,-1.20779821826589,1.17688795406739
-0.212451644713888,-0.985095337231037,1.99664602075883
-1.01289298296085,-1.7465168014847,3.1739796732251
0.125765545834634,-0.978706488107014,1.96126174894472
0.696051679281442,-1.00246352486894,1.67339423451856
2.53664796083554,-2.00815930599267,1.6077023319938
1.39466430889596,-1.54242338471386,1.86012997551743
1.03219992348339,-1.2557601266962,1.95333772997977
-0.696070037900662,-0.896496051623063,1.48306135711898
-1.20489949861721,-1.00861726860323,1.77337376815394
-0.556957759679646,-0.716209776778462,1.4045939068383
-1.50068099571614,-0.896023178035727,1.09103393116865
0.786055940569202,-1.51842692760195,2.86644406303961
1.09450303029933,-1.17510127634981,1.68801993607329
-1.57331233843484,-1.55671980137762,2.90693084278825
-1.09744655849522,-0.800170436563924,1.29227707440284
-0.431844913059775,-1.20413252559527,2.42713198462701
-1.3998407057415,-1.07445941902125,1.80066004492613
1.25348148409497,-1.26086912125326,1.46192907709273
-1.22509283240972,-0.889930181717581,0.899885916122659
-0.262910409272301,-0.976731098578746,1.80212040396105
-2.33315928232602,-1.44978653228802,1.92700181365825
0.33750482565822,-1.25642322352071,2.4090259838757
0.466376209945482,-1.38790019540561,2.6285624573698
0.339296015463821,-1.39369440476714,2.68578421628506
-1.10812947904117,-0.985265808222136,1.47151788081629
-2.05574267391986,-1.24305755845489,1.44766064305823
1.15659865735719,-1.0949368032706,1.38635593019788
-2.30505861470672,-1.53425640054059,2.17054182860254
-1.00191258962525,-1.29292970061396,2.53671747987724
2.30962707101762,-1.97342013650632,1.3100172924579
1.25985494169795,-1.41346665172563,1.54849411878078
-0.264866367489414,-1.51572472812,3.03643488603476
1.67304806999954,-1.63882464555519,2.16192606914042
0.0806737773476702,-1.47360517104689,2.84569168315366
-2.15234371338835,-1.36965219615664,1.89719126673444
0.127861368797971,-0.881782314924534,1.72886091970085
-0.45070749810634,-1.23286020829916,2.48594765715093
-0.924156587042889,-0.888191775114981,1.2404787038796
-1.50620969376411,-1.15069279329703,1.75497245737481
-1.96192057658292,-1.14254902461403,1.29335054991704
1.43994599510513,-1.47684127462425,2.04096175430515
-0.855424726526923,-1.23526783982635,2.45184385537076
1.56789392129614,-1.33845807171309,1.4117104124118
0.268432621131853,-1.32100545680701,2.56495134280252
-0.783624712746118,-1.07773135949991,2.1294510837061
-1.03642597018417,-1.47910780399663,2.93278972777588
2.55592509147839,-1.91329875401753,1.09499203480909
-0.315997087443919,-1.4636019730445,2.96653282814262
-0.497777727843865,-0.901261383344885,1.81403914472875
-1.27875948033212,-0.77484356563538,0.808418007661396
-0.804802601030044,-1.25576792150301,2.50741747727741
1.3429297386668,-1.33083978509573,1.77791366968333
1.14272499671631,-1.12345787898074,1.48806117837102
0.541950580569206,-1.54063056924254,2.89906440831348
2.42992686003539,-1.87660195814978,1.23975133333474
-0.839752186167858,-0.896733123993572,1.76085097289381
0.883781823252723,-1.47720189197394,2.66377283977035
-0.910526268811607,-0.879170971113136,1.6304264302268
1.44505799734195,-1.13624279072885,0.872180206081352
-0.201277920982089,-0.969439210106572,1.89678061857063
-1.24474594392877,-0.726864588492449,0.830144852846798
-0.41030967020469,-1.17745922897053,2.1190084913875
0.776278560283137,-1.4886211238842,2.53914139775085
0.254192616377161,-1.10585815208536,2.13668499592739
1.34760938927053,-1.1914253200961,0.734827687920384
-0.637683832519042,-0.779330407928574,1.51809279664918
-1.7151796566929,-1.1173699517002,1.40842840011934
-2.26551157013059,-1.17490478410166,1.25331643853642
-1.58585945410034,-1.3421633875528,2.37180597421095
-1.51028979116637,-1.03960866004599,1.01210527774071
-1.92363707496094,-1.17605916450698,1.51338257017037
1.85642912344334,-1.5334925538064,1.35432710460934
-0.831162325940998,-0.730906638627589,1.30644424391991
-1.05582354638477,-1.48081470529107,2.88569569233117
2.36262844181743,-1.92108552201361,1.77606966106502
-1.42388408174027,-1.03723288205439,1.67390570769401
1.26613002929481,-1.09805547157813,1.20097508867759
2.03847119360589,-1.60127363071675,1.22112193435214
0.869831157211706,-1.1125908910753,1.77333119780904
-1.3445459114283,-0.790692011259444,1.03261829838264
-2.20427468028869,-1.51593347139364,2.32096676423383
1.07273521959032,-1.49152465533082,2.45936202570055
-2.4694313197438,-1.47438833670026,2.14417002364211
-2.26003548529168,-1.20501413768746,1.28081821241369
-1.46521849372726,-0.95839900717287,1.38242237782966
2.08778324936218,-1.75904627122904,1.79367695705498
0.86535349244429,-1.07758042052522,1.4993309514084
1.97277141109185,-1.58871461728968,0.990428187934441
-0.638375563399664,-1.23715567490438,2.4963759626865
1.44189390829918,-1.20602597099032,0.937061381279307
-0.653387800733914,-0.903025997920124,1.78512741508255
1.04749787144658,-1.05327980211003,1.63381148413498
-0.131886486479487,-1.08788310641759,2.08720655869854
-0.231279922140335,-0.777784538046684,1.5789987996856
2.11842922390941,-1.78897694384862,1.83553538297619
0.273573383124259,-1.11903908127468,2.15606568755608
-1.45002708176586,-1.03676206353817,1.64726447163593
-0.649759445144518,-0.9908455811919,1.97524631912459
-1.11665268207833,-0.74350018326944,1.09736480696268
0.522638150609146,-0.980757037006481,1.74958246658799
0.315192161648355,-1.58261639780111,3.07512481525377
-1.53832515883126,-0.984994459820941,1.40114464978449
-0.479740174161277,-1.0773712736606,2.18188245566952
0.906677833386811,-1.09469372406797,1.69597810471193
-1.24326966150319,-1.25001303946156,2.40585228230166
1.5313686592129,-1.51938007554555,2.03232887400153
1.45817937133593,-1.73235138932383,2.36684486216983
-0.951039460155459,-1.08304430332539,2.02586494674719
1.1570587532947,-1.27654946592562,1.33587355314781
-1.69420990456603,-1.48366287930583,2.11530999470525
-0.886596056989015,-0.868366879916586,1.3495541051224
-1.5876536443275,-1.28258997859677,2.21520994617927
1.69974589144268,-1.54938711075597,1.85808740371185
-2.09212978280893,-1.50396495509806,2.40071393236338
2.0301473753891,-1.56192188007645,1.51840999719839
1.31274043265997,-1.5540941551601,2.4234672851155
-1.77996235194196,-1.08472822910728,1.38626881032922
-1.41133392780464,-1.49382173818836,2.76973696070873
-1.60099018960047,-1.32113437713159,2.30685347189233
-0.563113680761081,-1.1722765446055,2.37028649211901
-0.933855839267545,-1.0809274494013,1.85574534548113
-0.115146383799351,-0.779841493574566,1.57596996355099
-0.665112269555011,-1.30507969311478,2.63447551971713
-0.347651201962768,-1.38029010509101,2.80037205489161
1.31916221517081,-1.37494993169634,1.92768631369041
-1.15893125524879,-0.791965959970396,1.20438280916105
-2.80728219310023,-1.49518177934486,1.86030849181282
1.42098673074539,-1.68615908450227,2.67637484292569
0.548246302622372,-1.29368709922423,2.21396535878558
-1.29952293887877,-1.00466867315371,1.69146855099366
1.29436721277118,-1.34260909595406,1.8744245124339
-0.666009390512379,-0.937003907354226,1.52876498581298
2.05935304202788,-1.88503962075891,2.27545181230901
-0.118541388228038,-0.850922437752077,1.71881925217193
-0.104621167781906,-0.83864175535773,1.69255220707885
1.07850552386011,-1.68204657757629,2.87674304573503
0.41688505790829,-1.02144442333562,1.90962357047289
2.41028892996564,-1.94754848352873,1.90065419143373
0.107708993167269,-1.59985489152055,3.05864765439657
-1.17775759115201,-1.0155556930169,1.82500914007257
0.280289180201082,-1.13175016306671,2.17918896822941
-0.819141107123623,-0.740019905225248,1.34284849904831
-1.15997585953846,-1.18748558905937,2.23698424433815
2.09656736976417,-2.00533032005183,2.02239115973798
-1.68581630097615,-0.887430280070249,1.00291763397143
2.28748392042128,-1.82920918947827,1.54501433889651
1.4411794817006,-1.50063512060356,2.1020852213369
1.66440267435632,-1.3779327581329,1.33415322459071
-1.65793578234892,-0.974400872059985,1.13539594993067
1.97766643153446,-1.82027365984345,2.21582444921489
-0.984102581345357,-0.932190530465182,1.71877056903426
0.217364283263867,-1.25390115375402,2.44724476831005
-1.18517918375045,-0.804572908793485,1.21474567504009
2.42600560061932,-1.93230712122321,1.59969441403867
-1.20924888327223,-0.864041079623064,1.2736918135891
1.19717462461104,-1.37278829802517,1.93593224565074
-1.08711516148799,-1.36431617558744,2.50411900251931
1.62825607875364,-1.54082332247119,1.94988471290494
1.74959747603419,-1.70843891722953,2.24585395871796
0.0381595845289125,-0.978892426072869,1.94711109335755
-1.98482910494932,-1.29324888105282,1.85551214003669
-0.968749459651462,-0.840368734493102,1.39338516881839
-0.385184832655938,-1.25350868858068,2.54491222229688
-1.30272246673679,-1.48155875267148,2.85302085495003
1.67154122495737,-1.7741515062802,2.52545583378918
1.20485264462404,-1.31980482198896,2.09865771701449
-1.66053873148418,-1.03793332902616,1.24141360086217
-1.39125231618266,-1.28137493791114,2.34105967458464
-1.37679926934561,-1.30005965427901,2.25084327086131
-0.904729703747722,-0.86848537732824,1.60782710248129
-0.453780804940646,-1.28788042217184,2.34620901913459
-1.94052748490092,-1.1301374102535,1.27947718662843
-0.930676611692031,-1.32618157797114,2.45177110041195
-0.687311504363684,-0.855605170415936,1.67095402773461
-0.580648061481055,-1.24935061535253,2.52805016574162
0.559897484132262,-1.36000657530889,2.51952690604673
-2.34464921413305,-1.4358513665006,1.85419528411742
-0.074512005221958,-1.58999404671936,3.19041205249694
0.299621766836988,-0.881896774266466,1.66434360327998
1.09686702886899,-1.24335837535755,1.98351396421912
0.862447729349303,-1.53209873884069,2.7037387419196
-1.15412013253339,-1.04231288267641,2.11191033216497
2.24223502685349,-1.78309193363352,1.46377726438741
0.00610704278961938,-0.89215436063608,1.78092461266702
1.45694181941849,-1.3650068541488,1.70448486480952
-1.08898562040764,-0.744829690606372,1.13378211714595
0.978294624174419,-1.18161033904406,1.83100645257732
-1.3551544199092,-0.936001770063672,1.10795484370955
0.666123211022274,-1.65707774777289,3.07803897430135
0.687862220954898,-1.40149045868985,2.58021048184411
-1.20198690367935,-0.870852105043208,1.39921680569201
0.445648497842887,-1.63224004708624,3.12674538282553
-2.13655169508567,-1.23620540192254,1.36841116921883
0.0276419292608859,-1.05994246567358,1.99485485927251
-0.178564715856518,-0.70201365504061,1.49652938181185
-1.14970523878941,-0.747246268637338,1.06839839395136
-0.766677944791718,-0.824051317689164,1.56961466350534
1.76299555616045,-1.48797376256289,0.791870838198408
1.87711954464589,-1.65132628159706,1.86006183006423
-1.06726442792719,-1.01155920155271,1.86545129010034
0.667574738346374,-1.35776035498663,2.45590971388099
-1.61347444731578,-1.07453601320886,1.45381172472828
1.51738792697833,-1.32662078731428,1.53380630140661
-0.120090295668391,-1.61304354146953,3.24404646015482
-1.15019834339945,-0.90541811958022,1.54121676149355
-0.148825449965001,-1.52584847046277,2.81432122000834
-0.857774160216644,-0.966822912425654,1.8723622514858
0.654016481030054,-1.04692740899281,1.80311948005705
-1.72735594251796,-1.36691065771785,2.33390989004823
-0.561229800687822,-1.08665882960585,2.20581494564611
0.807709460614341,-1.47305049799315,2.35872472967702
-0.829550707332942,-1.42346284113623,2.85810974130369
2.21884888242776,-1.90356980110461,2.03172182940589
1.63869543617709,-1.31476138031123,1.12829529480833
-0.091342968504851,-0.879759979592013,1.77312426521656
-0.58019803508925,-0.949803870455584,1.90223137017614
-1.81628708951962,-1.33513440269198,1.80996891505775
-0.56098206536416,-0.83111496121961,1.46545768333334
0.206827930812308,-0.855945910901878,1.65007503505439
-1.59024657089964,-1.2530884649237,1.6886033611593
0.988583789912564,-1.33249676275135,2.17141935184357
-0.614074468793756,-0.744289020623142,1.44809580044756
1.12623598032129,-1.63236656505557,2.73063251833201
0.296310490898241,-1.49020351168185,2.49813132161494
0.501233956993966,-1.10868720268285,2.03020738049354
-0.493464618395066,-1.13668896534803,2.30299337841116
1.50648447011972,-1.1946463575912,0.965725909540401
-0.847055974940829,-1.15659825682813,2.39845675116007
0.828059334609967,-1.42417099120466,2.28536551312781
-1.60444225418201,-1.43021322378906,2.26484004208695
-1.19913305524107,-0.981590139780121,1.64368564530125
-1.35114082354019,-1.42543965749545,2.70417173120022
-0.76259993095422,-0.90618150311445,1.75780517392693
-1.62106540292163,-1.08857587372002,1.62321053076324
0.587394728939476,-1.30330001930919,2.38757587987625
1.67726646844795,-1.71667458224988,2.70776377183335
1.10695359712608,-1.57449397725102,2.61717487613402
1.25039118291091,-1.69643821054785,2.77157352258513
-1.67301532694766,-0.962524317434359,1.04323867153204
-2.20294598840967,-1.43471264450751,2.05717656531392
0.356829613306844,-0.881573650797029,1.57839439787112
1.36094003648202,-1.1721491070347,1.10137239425811
-1.56317052609736,-1.01992947683584,1.46618193935212
1.27956471327827,-1.32139342424918,1.79111086224357
1.55624733497174,-1.22691139396405,0.957963105881184
0.486616287743107,-1.49854466287072,2.70657337331219
0.401472516984151,-1.47149281354325,2.81893014243152
0.963774186178281,-1.69238838676603,2.97931119685836
0.731015308695168,-1.69490668042933,2.99099469706241
0.938144241807642,-1.21646512960373,1.69671841471832
-0.104356571331918,-1.51056136830968,3.03665510769773
1.29093600225439,-1.24364233693828,1.2021214853589
-2.16710862877122,-1.31712828802033,1.67341170097102
0.83375489366488,-0.946982282206879,1.48369070322003
-2.03675909346562,-1.25293249169244,1.63302795028039
2.43112963568702,-1.88494795090082,1.42785592955137
-1.13602109800668,-0.756433765577192,1.04618424137345
0.00606234461291071,-1.25309535660181,2.43797483889302
2.05465936279125,-1.77074679475834,1.909908934758
1.25346594014041,-1.32288849050458,1.87438131840062
-2.28848612944792,-1.39746046657591,1.79375886454753
-2.22036626918057,-1.39544858777693,1.72202423222944
2.08703667741964,-1.60457579680598,1.0969076970615
-1.23060310974619,-1.53843534805673,3.00620205390229
0.922069527325662,-1.66335948086093,2.94464740876866
-2.44289575295392,-1.38880407377921,1.5478090711399
-1.44167659527415,-1.16797947176856,2.0203147330977
-1.68077860601625,-1.00146361084634,1.21280821629135
-1.75197395052365,-1.14137903404945,1.63731708404063
-1.26725158424314,-0.885936055300531,1.39850050352654
-0.178885529198309,-1.27478559332713,2.57514943170445
-0.514362459367008,-0.762013359648002,1.51571740929259
1.23919164514214,-1.25230272359081,1.70658943574805
1.47956267442907,-1.38815618007598,1.73673149317087
-1.6842571858916,-1.19537689611762,1.8869077196872
0.514964904640328,-1.53855465490361,2.60362984026904
0.924093002941526,-1.03021249961405,1.521051134652
-0.328643719824932,-0.987435283722006,2.00470918672865
-1.18763714720265,-0.909043512234497,1.52067821012419
-0.55867453879589,-0.704439861421844,1.37808009492787
0.854683962241695,-1.59617479260624,2.84487342439823
2.33069052447101,-1.80608837342145,1.23517218570788
0.105770068671693,-1.53416695795725,2.89755204620423
-0.421989122406322,-0.75179883555819,1.60017271127355
-0.466238520662599,-0.916622447941987,1.87548100226447
-0.839095154656936,-1.31791215960687,2.632665189941
-0.51361561272085,-1.12023284675222,2.26742465372808
-0.543266204106545,-0.7856419228532,1.59575555523706
-0.218034771861761,-0.964678346366156,1.62140373602896
0.723422096168109,-1.74078915059051,2.69083780177367
0.0707875379971183,-1.13007704407906,2.24141372446044
1.34463970217547,-1.19277798738267,1.36510605023872
-0.153685090929171,-1.06730556739491,1.97236091054791
-0.502999900278139,-1.25455510819521,2.54441929094908
-2.19934534965471,-1.42775661354583,2.03795161027169
0.513697047936147,-1.20639880970862,2.20097601394357
-1.74252142190793,-1.44988236900356,2.54190960861602
-1.6681259873467,-1.03844450800327,1.38498071284186
1.80810983491461,-1.66381672598458,2.41376010981909
1.78747822597823,-1.44636978919538,1.28854821325347
-1.01786414356432,-1.3963997431892,2.75840409668616
-1.72295978393308,-1.29427064668514,1.43777573726922
1.78707433846918,-1.64845568300902,1.31286156550549
-1.86173832887233,-1.12648213790395,1.61611160273855
-0.675199983418827,-0.947122310865367,1.81128810923135
2.28433759041681,-1.74882647395064,1.03043315421078
1.55117847399727,-1.89697266732499,2.53409956734148
-1.18919887197183,-1.43131952833712,2.52542852610521
-1.45646922055165,-0.707011290194589,0.820384904001787
-2.5255975155023,-1.59508090182363,2.0881098486169
-1.87676174782981,-1.16784678822804,1.5563830417334
0.879328820452817,-1.21656164151293,2.00232958147256
-0.816438418914578,-0.911204732149494,1.7486735671645
1.80193056277928,-1.4534964883258,0.950981328635781
2.30579138775307,-1.95954169681806,1.56075047873453
0.414091532077271,-1.35702693834002,2.37493774765479
-1.96965693376796,-1.25229837232704,1.83296614000921
0.8912277767047,-1.355946531633,2.19962271435152
2.41939026177543,-1.8921378031131,1.39848047498073
-1.02058897795706,-1.2690814608531,2.47808003045006
-0.480129424051599,-1.02229577151568,2.06812989675298
-0.951253439015501,-1.33116581621529,2.63466624916224
-1.40781633945613,-1.12006470337694,1.91832763086754
-1.36116852719854,-1.37091910576177,2.499535291824
-0.52921313158169,-1.03197184365352,1.9123119883276
1.02099019795073,-1.1366437831174,1.67658180501144
-1.2311511043466,-0.767301725719147,1.02553416730431
-1.65247159818641,-1.13984601837946,1.35280235128896
-1.41512396491697,-1.04058892720907,1.94173165785578
-0.603006508515677,-1.10164110900135,2.21817398065609
-1.9124820573207,-1.22570286145602,1.71677763213855
-1.46783094794404,-0.852626366625485,0.956876678478577
1.442304000734,-1.28898446428268,1.49536116693926
0.93662190045297,-1.43936144278915,2.45146551825929
1.99871183168752,-1.60670493648546,1.39112840957846
-0.779255689432537,-0.970070978098725,1.56774279670627
0.777100703731528,-1.36990746224389,2.58845113760265
-1.93051248925568,-1.30772769815337,1.96965151439331
-1.80979686546659,-1.52674101593231,2.69400976716368
0.728640164361567,-1.70471859465303,3.08559300664997
0.215865991937179,-0.867484436269975,1.66995433452086
-1.5414659959951,-0.89147830603463,0.985182093578252
2.22687307257504,-1.83280894835129,1.74051175393539
-1.61607385685898,-1.57575386818866,2.65201914535028
-0.667886347821282,-0.950943032221061,1.88514505518242
0.0285902936549484,-1.13601852394595,2.25352339457755
1.89990616704464,-1.77503184101974,2.11070847695539
1.73166692488721,-1.78873127673109,2.4880224076536
-1.40598906815861,-0.954200716403248,1.59060402462198
0.623448818238609,-1.12172733955145,1.98474323839352
1.26272116070593,-1.13781528737115,1.33896827132846
-0.0476727938575008,-0.857347991679602,1.76148833818107
1.1068059475175,-1.69321405807675,2.88005894081199
-1.61201246419436,-1.35604734489472,2.38969741194281
1.45468100492472,-1.22870103551305,1.26135664260946
0.221545132984589,-0.833912959531577,1.59989109473597
1.35978777084414,-1.51900999922704,2.2642997902056
-1.23061061370507,-1.01958475235436,1.64204168548542
1.78683668132919,-1.47376297575537,1.40958028190117
-2.42451432284773,-1.42720057839614,1.50055745293592
-1.8969850635068,-1.07995063829352,1.49836600566518
-1.65300057155465,-1.00784164244413,1.28935386653424
0.28794600240114,-0.936531757359418,1.78072641746488
-0.757539147310432,-0.814507144365015,1.72532114280507
-1.69772989520044,-1.16108321036902,1.5849588785988
-0.875676223208058,-1.07684645552582,2.09948354007511
1.06590447058439,-1.15462597992015,1.66993646742015
-1.44974451144436,-0.923410358902262,1.28095277029938
-0.544408955306389,-1.06324940153623,2.14599449995512
0.453109883228737,-1.03459206596381,1.90244204110632
1.18106377353711,-1.32783131986335,1.77600525345178
1.7631234161281,-1.43145043782513,0.84543657798872
-0.111828379617529,-1.42078577492081,2.70578305167635
-0.659408569333963,-0.825348453201366,1.42419419814354
0.946121661499408,-1.08470678725506,1.75041486194647
-1.21732282397278,-1.07863905187207,1.63611052174118
0.734818063025001,-1.45433875748098,2.61893446973026
-1.19467240710325,-0.922817521527635,1.51386420859229
1.76922181435338,-1.50020735061692,1.55586344121243
1.65236127927111,-1.60859409705559,2.18584515374286
1.2094468375306,-1.13863362308311,1.43117004699859
2.09094241540215,-1.61415672179976,1.06169555311316
-2.14974733629123,-1.529817069244,2.4205782372826
1.13512561608089,-1.73639069058933,2.9534272602676
0.725398724482689,-1.15667492923371,1.57075844908641
1.2020052592289,-1.76275485551796,2.61726985261489
1.25124245260698,-1.42687431623868,1.86654892559018
-2.12591778546968,-1.15321416399796,1.17888194173522
-1.49788830822047,-1.04684016990956,1.62885729730849
1.28028222001803,-1.12613654884976,1.26816617801985
0.972219622042541,-1.20047947729575,1.88156464789736
-0.834762801019314,-1.18536518541116,2.34929213500489
1.08057639343498,-1.47105202240669,2.40651284995297
0.113462962256608,-1.23468999731549,2.43958138454452
0.291814725645015,-0.92762797534527,1.76096279657084
0.789388376223406,-1.81519993207027,3.07199676148275
2.70621754719136,-2.06814445340885,1.18213205335407
1.67721069600112,-1.76878231236892,2.44676231010704
1.21853606161197,-1.24162241742189,1.45566473912728
0.715751747456984,-0.960269054621161,1.56195276259447
2.62520621350417,-2.11846665596691,1.10363349935183
0.583836057566111,-1.42208509908628,2.63536036825475
-0.363655957153922,-0.782222986940613,1.5828111389237
1.14197971265909,-1.37420616304933,2.12522120035595
-1.38901538812081,-0.948942790381323,1.44269078165652
-1.37973295023685,-0.917378286463294,1.35165376109131
-0.212474507718479,-1.1773288568549,2.38307333209836
2.15000165192203,-1.93624246073888,2.13401963138084
-0.69930036095156,-1.61509182439192,2.97185651718201
-0.260913899533218,-1.63790006598363,3.05903231790287
-0.829569450227196,-0.8465900842862,1.59358054255012
0.689220222808007,-1.51667793626484,2.76529602355989
-1.37401746130261,-0.770558669739944,0.749275033951202
-0.971486780519708,-1.23349674459637,2.49003428957186
-0.680093550178193,-0.793162400064545,1.53396964901547
2.70407945041865,-2.12587900925247,1.04061425938037
0.452834949098979,-1.15359211749865,2.30569196667669
0.673173037704759,-1.0692530672647,1.85842369921188
0.0733083023011001,-0.823274133769352,1.62730607637156
-1.83526131451844,-1.13034798779325,1.4728664745299
-0.734960111850763,-1.34813297515387,2.7149271318251
-0.377463665915876,-0.935521005861791,1.8498511827777
0.431930418802504,-1.16209859594673,2.05371693383041
-2.26618925111636,-1.34911454141518,1.72800949574886
0.713687051145323,-1.63190032666724,2.44188547404567
-0.565591594638619,-0.768954970419599,1.51756416905323
0.389575805245355,-1.57617368724356,2.90672817104709
-1.31086005139115,-0.736945113839565,0.785647679360082
-0.256240317214191,-0.988467478908996,2.00572665097503
2.08507631873144,-1.62534734887724,1.17108097932183
-1.25350465765233,-1.26681272763553,2.37877063063544
1.12933668050725,-1.02539629950024,1.17317789355869
0.803529597576549,-1.54763152564607,2.77391151075437
0.55703976978866,-1.08545200332402,1.83281362859751
0.0582662963369756,-0.879691647038797,1.5334565824088
0.530436804962928,-1.20621446776414,2.21686805493143
-1.87761714278709,-1.33737484609336,2.31595501001379
-0.717660717827918,-1.27390896128211,2.38869588059755
-1.66657931498454,-1.24008054313012,2.16646967919847
0.103849074705395,-1.598439970013,3.16944583799563
-1.88398371276275,-1.28181139564547,1.94004777865538
-2.365686936683,-1.52492560958181,1.44211270837902
2.29723106002582,-1.86229564296086,1.67177562805571
1.55172760179007,-1.40319740395599,1.6611004296778
0.240095479914678,-0.90763197333553,1.76975303437716
-2.85280797837291,-1.57900834649048,1.74988609459959
1.86125852864141,-1.59986943249301,1.43422113782091
-1.72529762267917,-1.36988641050733,2.3435096817582
2.30142911601797,-1.89029098936446,1.78246449230861
0.627437452253569,-1.66259268306911,3.10845611625728
1.5331501632165,-1.54311887520163,2.09455240636952
1.23738592661046,-1.59386268661392,2.5484293371951
-1.30546060420921,-1.03055330075316,1.75713450464861
0.342513689314588,-1.62441466682714,3.05018404238271
2.08713462882692,-1.7685039270418,1.83069503573059
-1.05096023867718,-0.870650606154813,1.52318369304561
-0.0749631891485697,-1.09103367753318,2.13273685850487
1.8085472145635,-1.63644537458411,1.68083292634801
-1.39774828127233,-1.09218895572795,1.85096570515144
-1.62161380236935,-1.21104845357691,1.99184440150067
-0.705447457018585,-0.71186738052138,1.33620481336713
0.687342213179759,-1.45019455173043,2.48738088705351
1.1224448342262,-1.36246811016458,1.78508289030268
-1.35240318962628,-0.656363216873858,0.838632059817211
0.861035353363517,-1.71139403963323,3.08401497009864
-1.68238592015929,-1.21188034445644,1.93781123229718
2.03022101339355,-1.74945081752917,1.97073029648418
0.752243626475018,-1.62741416913717,2.97098274384565
-0.712065931550982,-1.60189495240035,3.0822913721487
2.15221374006255,-1.87764791655475,2.0797300662978
-1.48006738694877,-0.869209243962593,1.05708118331519
1.51401021640613,-1.72766738389313,2.59021805980476
2.48745281109679,-1.90124768775361,1.08971547706532
-0.909613857037637,-1.15667643769313,2.26524254962872
-0.817883869643276,-1.0605458019601,1.80956794104962
-1.15550131887033,-1.20625640749885,2.28290572739691
0.320834086110991,-0.860687472307997,1.61109131200931
-1.30497863188621,-1.12092828222609,1.99384806877458
-1.87835860399676,-1.25883455344007,1.94870188859951
-0.448196532366882,-0.896358382131317,1.75387488334255
-0.0485599040841969,-0.731443794733553,1.51172641283087
-0.805834609054949,-0.91340456580113,1.65600644845712
1.73858170614223,-1.49583403135202,1.07073166379497
-0.971859690643937,-1.40353646194498,2.55901213811306
0.285648783295777,-1.03332664351495,1.97804629928775
-1.57146113662347,-0.972767229871984,1.28362664690172
-0.561360002390857,-0.894396360452492,1.40439198655513
-0.544282948948495,-0.961870993813076,1.93400158417837
-0.543620298791956,-1.39640565041714,2.8329018433567
-0.49568931428179,-0.729786533238574,1.45088545354441
-0.512058363510159,-0.748145642000416,1.48644838889291
1.23660696983493,-1.38110132727712,1.76977648641827
-0.396624853751335,-0.954151473060996,1.95677465766555
0.274993650744143,-1.16900934400274,1.96483614399777
-1.4262735050009,-1.53434480859032,2.75348648727253
0.0298814242559891,-1.48036128601708,2.77230457416967
2.10780933185386,-1.64467139516241,1.19429028434643
-1.22647988920914,-0.863872452689092,1.35415043483739
1.15950010462314,-1.23950877896799,1.77451751619921
-0.0353214149928716,-1.55161044095679,3.10655413937123
-2.44874753323609,-1.47935708048663,1.95514991383996
-1.78737401806995,-1.24503390205165,1.93101873274016
-0.287673106355819,-1.44744397098884,2.81718935878221
-1.28985965398701,-1.37436208179343,2.61296041796536
-1.51306424058873,-0.897855825692955,1.05075755159484
-1.21744821529015,-1.17256449883328,2.17291277936275
2.09446360293289,-1.80617969622827,1.52370586491301
1.08472957878795,-1.71174519966696,2.93695749893322
1.56198083762872,-1.21072520180841,0.873695278390437
0.357379533400246,-1.47953982327233,2.85227604682038
0.138070513780213,-1.4703616415937,2.78272682948924
0.183540798377065,-1.21201322227469,2.37392887885479
-1.55927767654909,-1.2557975725037,2.16535299403362
0.507278943164486,-1.61450811456128,3.01079196739507
-1.79537916816081,-1.25978024819378,1.96770780672472
-1.13183789783826,-0.682192446674848,0.864568929426147
-1.19709273633769,-1.39461761100082,2.69670182364187
-2.51083451730365,-1.46133900760929,1.65091197516353
-1.43606468517429,-0.869707892119184,1.16864345876562
1.15405829388203,-1.32046826195487,1.98308662447431
-1.44460863104443,-1.53732443430021,2.92199510252241
1.19126000696357,-1.1222804459438,1.31930045225328
0.166140382830551,-1.17151586294806,2.19382978985393
-0.522456472806245,-1.08223240021992,2.18795005032749
-0.136154253700029,-0.892590066710918,1.80429281482365
-1.57006500341172,-1.23583088811752,2.01835451795489
1.91852685063055,-1.56113533540817,1.11295253779142
-0.276636992563431,-0.872891015588614,1.66915006371704
1.13166118369461,-1.10628091009792,1.17208576661326
-1.85684163660822,-1.08228504596213,1.22861960474258
0.548186362410035,-1.54178209990075,2.74564226218513
2.03975355365248,-1.86565165384799,2.24933992467928
0.340638458504077,-1.14956464076802,2.19119001462898
-1.73012763396743,-1.11108778076754,1.56106140787746
1.46745449043434,-1.54166277667531,2.17605145518841
1.47066114631597,-1.16636001703323,0.943412678763628
-1.56339017588759,-1.20432083237538,2.23598486676893
1.62704641383046,-1.40278207150109,1.40110466627304
0.832113549099747,-1.35224662789761,2.27572592727908
1.40817368969041,-1.69111395147582,2.61246974477346
-1.85799623409632,-1.45634812911591,2.47274192602914
1.69402691102262,-1.7376649820474,2.40171008733318
1.60075453042682,-1.29497924612514,1.15256580707887
0.94780279083318,-1.55692087797205,2.69913333393128
-0.552422131203275,-0.74202866695042,1.48212842138372
-1.15791018243303,-1.19210853558268,2.24877885070312
-0.820538761785533,-0.99695755248253,1.80310154022638
0.926585848994752,-1.38505197291172,2.33970390719284
1.29427350564929,-1.55380936982453,1.78328055796843
-1.57833401401037,-0.931421825371581,1.09848476814038
2.23656100808361,-1.86162912942718,1.83308770046251
1.62092334842954,-1.76658580735783,2.56665602540669
1.5657976835556,-1.4654393541428,1.82723177305067
-0.127610813470845,-1.47058943267772,2.84665900404565
-1.05676173682126,-1.34886334507627,2.64288035426222
-0.780588960544505,-1.31372100888315,2.71489127502554
-2.27156234422626,-1.32593083671094,1.51234489893796
-1.38116678575781,-1.29607992718086,2.38261867212439
1.01808409935168,-1.4538277885297,2.41987954879917
1.68844536306778,-1.38938687913333,1.31853371022319
2.64566901153026,-2.02124573594777,1.14875597085678
-1.02235500529393,-1.10975726186825,2.15889933379835
-0.556375144117754,-1.08375917854065,1.88400272053364
1.14912600259824,-1.71133963585391,2.88759269925154
-0.626834318894378,-1.12930756797238,2.13739398486026
-1.52248037911325,-0.938685801546599,1.22899560944725
-0.0868015310995177,-1.39400648825927,2.97085287141723
1.17484776224453,-1.34084009073047,2.01045225914705
1.34463682112138,-1.67336090042869,2.63289021975063
-0.0867953642401746,-0.774016989445006,1.56087240152426
1.17120959567434,-1.06811648942263,1.28189977519259
-0.0115773346499892,-0.852033626482852,1.70438175040666
-1.3345398064669,-1.02030167973429,1.70549433628484
1.43804241698696,-1.19096593832058,1.01878126228062
1.06962171154523,-1.4583091173813,2.38703075546544
2.64612238603569,-1.97322041088407,1.28257301528111
-2.19560543377839,-1.52666410283234,2.36365248259102
2.30195918577147,-1.79148205199532,1.27343390405684
-1.77912423205856,-1.04236084816025,1.2030224588602
-0.927289689735183,-0.758543278913232,1.31869982083862
-0.807934566541537,-0.808490298050023,1.38364601850548
0.355973878761413,-1.45864941013139,2.81063272052544
-1.21798120214562,-0.634398622441389,0.858867135030263
-0.0278646655965543,-1.36323845433486,2.72879834911153
-1.41831093072663,-1.2589843514769,2.59937899455799
2.54046671136819,-1.97698903460996,1.40463674002784
1.34673763135779,-1.14907126191092,1.21042987772165
-1.85390603964948,-1.53970737429614,2.69697983605466
-1.73279771809747,-0.990024412693725,1.04344050587396
1.33850268078228,-1.56682865258572,2.22907808502628
1.78547002009351,-1.4300649182599,1.21732607971959
0.265390835761765,-1.34337903874021,2.61101179891151
-0.661409260908431,-1.00998414340183,2.01359853827383
-2.23450728824009,-1.28093203831519,1.36874060038675
0.5509649669838,-1.25322476956073,2.30334465262308
0.151990412297448,-0.846250642654315,1.64989683890331
1.52762367894536,-1.34261106332006,1.50953085801819
0.946848425269985,-1.5654298944942,2.71818304200446
-0.472605172127675,-1.01077484301167,1.8191093548739
-1.16031403492949,-1.15284240162322,2.1668518716351
-1.41632705630669,-1.00819415127061,1.59565141809777
-0.93613514354484,-1.01132295163273,1.6760810539594
1.36866590833703,-1.19766406978651,1.33481489365036
-2.09191382169865,-1.45205050867308,2.24427144121072
1.50870426249078,-1.54886243297396,2.14240102282673
0.21912116744771,-1.09887716006826,1.86315792190397
1.11882461273302,-1.67849859144485,2.58106282213125
0.790564621825095,-1.10431848344733,1.47123471262747
0.69150018428492,-0.980985913002706,1.62914606857411
1.81830095134228,-1.74910148772641,2.25944012320861
-1.15337593643914,-0.937886501276235,1.62547775823834
1.68939258193391,-1.34132281373273,1.0916576650465
-0.119741767330938,-1.43001915766656,2.8780035176675
-0.20859661739521,-1.68432317821382,3.14863963452806
2.37184376784895,-2.0143407927036,1.43566594051507
-1.29858036962179,-1.25235574159128,2.32167913709567
-2.03886785209628,-1.63079966656641,2.33923682178292
-1.10505188911095,-1.16969309859508,2.22063348667855
-1.78043479162277,-1.02532767707425,1.11547299019141
0.375771699609696,-0.951232188002035,1.77023349919727
-0.820421545662935,-0.817315453513444,1.60236526025183
-0.836190574259536,-1.57757400660948,3.18036179316141
0.471801483760281,-1.28743622861979,2.29115162738473
-0.0540074922859066,-1.55523957328067,3.11729716208804
0.756327594171123,-1.0100501869493,1.63989314630133
-1.94638579265738,-1.09648167003188,1.27086366449399
0.596781446682982,-1.41401996091047,2.33172450762998
0.114153810296331,-0.853565948891352,1.67643576525849
0.627139698473665,-1.42235111905299,2.6132101796121
1.99128012874692,-1.56207805837446,1.18017316961021
-1.59099384705532,-1.07143390524914,1.48932391602487
-1.33520933614109,-1.32561702428906,2.24584282486828
-0.322596427463234,-1.2560622021128,2.23910017807986
0.199396125104367,-0.949498580199626,1.84135229195725
-0.213672495576877,-1.21532418454344,2.45947156770144
-0.138391431410449,-1.17994758637524,2.12885591580326
-0.691914372093383,-0.806913226504975,1.5605524066861
1.61849756519775,-1.38563244103545,1.37746365983276
-1.10867887088032,-1.14004430392619,2.14856144003926
-1.25472041731964,-1.03246361305294,1.63055904442521
-1.0142360578975,-1.44719297027161,2.86946475118027
-0.184308365002895,-1.60283922099879,3.23286579067479
1.49518887647129,-1.71500688284661,2.57957984312136
-2.00900844542165,-1.22603435801162,1.06082328605276
-2.3281331827651,-1.45080807963143,1.76543180367012
-1.92995996255007,-1.18150524712795,1.62259703938272
0.824600498443902,-1.71016532809988,3.10275115890286
0.36550093023557,-1.38278477492791,2.6536533380335
-2.32103231684752,-1.62025713956754,2.28205352614256
-2.47761367235091,-1.55873777195188,1.86532761279562
2.10370646887183,-1.78144297496559,1.84112483112324
-0.352470065487175,-1.04677783323848,2.12514720342208
2.06683509836389,-1.90397374546208,2.32068688807297
-0.080794893352786,-1.49298946875107,2.99763597638696
-1.2552830705625,-0.733048077751338,0.837318746482622
1.85742081170445,-1.7818818786127,2.29419895883175
-0.873241499396374,-1.2062108695863,2.38434130871542
-0.95893768516387,-1.13328840088059,2.03181219463134
-0.998633439001415,-0.862179027843926,1.5369418670559
1.88148897660774,-1.34196189307174,1.16088582182962
-2.25651383890075,-1.43512046668001,1.53706070511191
0.778679318732719,-1.23519638430251,2.12227116642299
-1.7902303328231,-1.15359668575205,1.55969346795919
2.11972837545657,-1.72819424066395,1.27298847528638
0.714481634323907,-1.09920573455502,1.65835693579449
-1.22952948878497,-0.730616980828343,0.878452806919295
-1.04365070111719,-0.781442614433608,1.3329575329251
2.43921288839383,-1.93810258289806,1.58381544802698
0.0926741360335752,-0.917696669493371,1.81098219750991
-0.264679153624983,-1.34436903905284,2.72302250721779
-0.889584152802839,-0.855586412446106,1.58485259203185
-1.01922038172765,-0.785639367538534,1.32023238888026
-1.82635112128628,-1.45688077880774,2.49888671413392
-0.999338678167637,-0.670402183832919,0.998476674639295
1.28934375538843,-1.3418193331696,1.80156562248727
-0.206344087947898,-0.936479965391347,1.8983922349772
0.235413123411448,-1.23057604481025,2.10319683145379
0.444641091623241,-1.03640011975954,1.91068419202137
0.752599868674477,-1.14347698973233,1.94109812088763
-0.642055476174838,-1.41228074870274,2.92125209968027
1.32853052334879,-1.21894134952609,1.15042587092138
-0.424942655022612,-1.00689844374208,2.04088074689899
-0.8933253273967,-1.62908356869162,2.81534149546317
-0.46095233938641,-0.843678193842211,1.46391561989816
-0.492248074024569,-1.28371917156309,2.60461583038218
-1.09241356359619,-0.891433516704181,1.54777984002395
-1.26853920268893,-1.02418652610633,1.84300530449631
1.98979151972876,-1.82308757495125,2.20388180758799
-0.172639515887977,-1.22234192000042,2.33677261251687
-2.43775938113676,-1.42974557313952,1.65548303477834
0.482074738618826,-1.44701464787825,2.83067860468162
-1.20389236965138,-1.40813479177785,2.86407038067655
-1.34865715638563,-0.965679110852903,1.50036479977809
-1.26811724518902,-0.797333325992373,1.08254904944247
-1.10587913070657,-0.91820395378717,1.79931230752329
-1.17783372809547,-0.907841930669775,1.52552370877558
0.394029584493858,-1.0013333932196,1.86423379449239
-1.84628489474679,-1.08439829616884,1.26111197442268
0.333474961980182,-1.02324900092097,1.93743302787002
1.32506259475817,-1.25383625545404,1.33606955918952
2.17628934188323,-1.7567184677877,1.54908945842964
1.06991930058188,-1.64031129526648,2.79181076659791
-1.17969329029304,-0.651579465353882,0.765822992742818
1.21267227345088,-1.27371828022409,1.7975188332733
1.1099014687966,-1.39969232850642,2.21637421084611
-0.175027518959681,-1.4402777107183,2.90629061333748
-1.77001894265942,-1.2286079993167,1.89891049430702
0.182993556235325,-1.23146579834588,2.44825894382018
-0.859133659642257,-0.75532672243528,1.15147532279435
2.28305929047516,-1.81787781814083,1.502481535754
0.312999383478998,-1.01751724870718,1.67527134371563
0.85822440870909,-1.55163027083768,2.74808367549705
-1.22810677963801,-0.836582005812146,1.26786535313311
-1.20056035365384,-1.09217590705188,1.9868381759249
2.04220902448393,-1.75452720706469,1.21891429575082
1.93290951574977,-1.53414931921346,1.24626674619645
1.4417684592031,-1.58186102631829,2.3094894367582
1.12138346236624,-1.1467814407924,1.55959828123882
-0.679476514070542,-0.853978553733333,1.46544684108689
-1.24269701239802,-0.809514388758042,1.16109521118595
-0.993782390138323,-0.834691471063133,1.46988194083151
-0.304976481860652,-0.791640747095761,1.60614897302168
-1.37363978579321,-0.925529356951568,1.38550517922047
0.831834202514246,-1.32710911136584,2.28366330919083
-1.3469813214246,-1.11385304280468,1.94692275618849
0.279498244625187,-0.93596558449775,1.7831471323883
-0.658413745039321,-1.49645725853966,3.19443502500426
-0.0357396653556458,-0.943436863905234,1.89155136022052
0.740893378932409,-1.49827115608321,2.16160057900674
1.32579504125528,-1.42121747223945,2.03909541223321
1.23321126715484,-1.2447314316663,1.69423742107218
2.29292384186736,-1.86558742649098,1.69911797163553
0.946069218446443,-1.21697986343172,1.94466283609333
-0.999146998950588,-1.03284079738656,1.95022689993492
-0.438900085496951,-1.36879995298545,2.88335047738952
-0.956917970231639,-0.773639230667153,0.943597020079501
-1.45460326502689,-1.33187616504181,2.21667530300554
0.667064401419528,-1.45582234035078,2.40943895893131
0.310241574456523,-1.24387100774396,2.12933327897536
1.20713214300436,-1.75411470279061,2.93676629518507
-0.524987213623551,-0.779461103529316,1.55069337898044
0.968150448959254,-1.21744439615935,1.92510766327439
2.09004184177427,-1.76030534811651,1.70749864192601
1.40821944175582,-1.39818664873377,1.87161545193393
1.96549952743943,-1.46802238684469,1.1614175109092
0.699917865465108,-1.02738693185893,1.69256732547243
-1.07671653424688,-1.06678325182012,1.99277129118798
-1.03127389604733,-0.725920029179893,1.13723439916701
-2.07114477629442,-1.3830101782032,2.04844448387606
-0.301617194142055,-1.24694099531576,2.52925521467115
2.12036159132789,-2.00281839657301,2.1833148269573
-0.389455526215037,-1.02992946224499,2.08990194307823
-2.24545165796067,-1.32684022360134,1.30184495096939
-0.627382683727995,-1.37568947042292,2.78478350501376
0.798766181712392,-1.03644427418607,1.66252556162873
-0.768926916060323,-0.757318779820713,1.41239222685993
-1.5302563374111,-1.18533159511755,1.99805044544344
1.49039741329295,-1.27442217878796,1.34960820490522
0.394010944864854,-0.93298300450159,1.72330860099261
-0.0711338973933042,-0.896816678237763,1.80429668861674
0.938736277694399,-1.20142600563433,1.91542842717558
0.677114577163504,-1.03007801970393,1.74924355526539
-2.07503902953966,-1.26244776038036,1.60753211278274
-1.49951028683117,-1.14500825996139,1.91238476632733
0.695036182430854,-1.07175198136692,1.46130838080572
-0.695651401958074,-0.7055398641901,1.32602610124121
-0.955436455795963,-1.20040650816807,2.34722465199535
-0.0956061399755308,-1.28408497804703,2.30992001283717
1.30716422762938,-1.53361383141346,1.97565847906893
1.25548180500055,-1.45212388993083,2.10681524758877
0.249573836615062,-1.53985558102654,3.01092369873757
1.53371327319247,-1.23716935529821,1.08769683318661
-1.1771978276431,-1.03693645257991,1.8636900207409
1.91344454782298,-1.5444168014302,1.36138339263075
1.57846972166412,-1.70659560545365,2.46469434479395
-1.87935308209382,-1.09515108521792,1.24227185092846
0.222945725783309,-1.23249007968423,2.40240675575289
-0.423048500051614,-0.966356200570093,1.82941785679341
-1.95156296732927,-1.51644615717478,2.43258062842937
1.03731588504604,-1.20369832862042,1.82341033763235
1.69273252425024,-1.47630215870873,1.20819895067209
0.530398523469974,-1.37719843025504,2.56968665078564
-1.33660508039519,-0.766801683538745,0.821912924543976
-0.19382188012402,-0.91381584259958,1.86152740398324
-2.01530241257662,-1.29254749874824,1.81243270242979
0.69091069761031,-0.92739334216577,1.5087710694349
1.98053523266891,-1.57245843210233,1.27967175373438
-1.70225690394698,-1.23254376261311,1.97935154314625
1.60082459941922,-1.65606571924639,2.30658729539765
0.789179622644335,-0.98662913113105,1.55584336550942
-0.330822171961981,-1.5181727666378,2.96393737411143
0.32153430983245,-1.0616625716704,1.77056574165208
1.08821153254982,-1.68668344792594,2.80929765232046
-0.851041119784215,-0.915972495864406,1.74520049283055
0.731798128880458,-1.58981199632287,2.76420308469549
1.94320616850055,-1.65336359897232,1.8846590221136
2.21808603237901,-1.75475225938232,1.39916767669213
-1.08680374816875,-0.716771295045021,1.04527493595632
-0.272709441365543,-0.999748544107752,1.97707676621311
-1.64772097974814,-1.2123411801122,1.95485513902942
1.61536076081022,-1.5628491538398,2.01152076840629
1.38913448875037,-1.20219497292682,1.30883579720224
-1.15042883269663,-1.49350921492407,2.81970123466874
-0.0489036960771094,-1.29891519489156,2.66094909949415
-0.15950034379595,-0.906403921108331,1.83431741536188
1.14994426482443,-1.17141501947684,1.60863214873202
0.802054851402795,-1.15990770234057,1.93887233067609
1.82839111425829,-1.89965411180907,2.37112242920779
2.31147916226025,-1.80229481189691,1.3012723758567
-0.0910048320538727,-1.15967811617917,2.3846284584866
-0.611981281570314,-1.36666647301119,2.51531703171619
1.14878121345741,-1.45510704933362,2.3088726101144
-1.66908957036074,-1.16095311337062,1.79803860418383
1.21613358531064,-1.19877886647045,1.44860645362714
-1.52456645970099,-0.982338368878229,1.3368095663988
-0.986926014922756,-1.01297775483345,1.90946184915162
-2.00677720454286,-1.41125437299416,2.20893963931055
2.01161168391388,-1.55280820713322,1.02057099901036
-0.741500206987091,-1.10026817749586,2.18881728679271
0.20781685041269,-1.41417401155467,2.77184786844674
0.0525251511978849,-0.922110365977014,1.76874852992428
-2.4602698812458,-1.42008165240421,1.55823258454895
0.650833058686692,-0.930977986458626,1.55050215553697
0.0813118852925928,-0.910654793088221,1.88957726861347
-1.40304962657844,-1.60124244315822,2.85336701849563
-1.07340162406349,-1.07805775140325,2.02109690065555
2.08239460063103,-1.6682900078799,1.42175948395702
1.28394941397444,-1.73765039490523,2.83616422209822
0.585478028656977,-1.02061078057611,1.79387399368553
-1.2212819412937,-1.49791525174064,2.45319084491749
0.0386006399576678,-1.47325852224414,2.93474153993585
-1.26130327719007,-0.877712020105478,1.35997610210179
1.47432035831645,-1.15438123131379,0.860621979237273
-0.116705714804689,-0.941859626475802,1.96074863443541
2.40183782656549,-1.91254558777604,1.58111844202167
0.883915127186009,-1.55009394101374,2.57431689793404
-1.55427458800601,-1.15943425061703,1.90537569669508
0.320517125495058,-1.27014596584968,2.44339717448691
-0.45664539601085,-1.5984267518578,3.24467378591711
-1.1926967050806,-1.19131787109777,2.23023097773062
-1.03044330803414,-0.764754509634279,1.25206209740612
-0.0388825019798359,-0.871648387691711,1.74866588604977
1.84091689563102,-1.45669249733479,1.1630168083732
1.26399600018431,-1.53885578259777,2.3945827184983
-0.268155777069782,-0.927448993468614,1.59826190428302
-1.29100418380573,-1.271711822169,2.37183169124767
-1.09323678848219,-0.803344123737884,1.30538732430648
1.00605795847602,-1.22399571118106,2.2066013476127
1.03992785410983,-1.08738482540441,1.52872627799764
-1.30880212952057,-1.08642303146473,1.78528849744183
1.18740502791856,-1.58752175365758,2.57863045194765
-0.471452112834744,-0.851026993261376,1.71271282835267
-0.978918073982538,-1.29535809596047,2.38495895371309
1.03909992223132,-1.35000977993604,2.16670685356132
-0.906926864653885,-1.41582117568986,2.88191029160842
-0.368831277569779,-1.30668290566216,2.65235742380926
-1.14542982727286,-0.773902408114711,1.16220341699189
0.585640056714085,-1.01607512206632,1.54662418331914
-1.23814929643057,-0.859599445941657,1.32884623401125
1.78846031968885,-1.44970016402346,1.30084180815779
-0.791058815772777,-1.34041419694389,2.58305822773791
-1.22128156971797,-0.835622181158292,1.27248647331196
-1.6736652989594,-1.23571564732783,2.01528261367473
1.94744582646227,-1.51877556379223,1.09844304391004
-1.10028940357941,-0.732401191247664,1.08061291374902
0.286999958474505,-1.31316152490201,2.54260879090747
-1.52524229370301,-1.39395215096246,2.5399367256783
1.14313250986813,-1.1441848516658,1.54441805459608
-1.41678569188828,-1.36241548375706,2.52355833941781
-1.31184840447512,-1.42252923583054,2.71454502172853
-0.991297761922137,-1.62291214859103,3.22133077305117
1.08438411614409,-1.20487401757438,1.77484544140559
2.40430088035163,-1.84058407224001,1.08370396347053
0.290822290022948,-1.5098537557707,2.93711874855671
-1.70632206511968,-1.38667292708369,2.43816235422337
1.77413228310549,-1.6386035494992,2.00498939002127
0.812507341711096,-1.25226263573017,2.13457858099468
0.433355590267543,-1.58988446827112,3.04589924524557
-0.74561396444337,-0.80802092650027,1.54171204492554
-1.32125265587621,-0.910570428758962,1.48509313530258
1.45900766685709,-1.42880222100204,1.88433699760852
-1.04092502781155,-0.761394424874887,1.23278553755492
0.339884337432394,-1.27645556702453,2.44862144764129
0.155920282103344,-1.5318143754439,2.58633431244099
1.5251848955452,-1.46966322302932,1.9302495609761
-1.51531095031655,-0.871571713348377,0.943733737697533
-1.3774789578379,-1.21440732465524,2.18340634294746
0.688324952474657,-1.42588027328472,2.58651287010166
-0.190343707601394,-1.20345232859158,2.43338221514501
0.852349463449931,-1.04483705259834,1.63161038896895
2.30240990006982,-1.84563787705707,1.57729866662466
-0.927108401169569,-0.972292008859507,1.84205023021803
-1.61602947675681,-0.969926612942842,1.19661771176359
-0.515335973757318,-0.778655393809731,1.55118793368208
0.528520436132711,-1.27554885001858,2.01485419843409
2.42547845443154,-1.92115859900329,1.54271390779595
2.13317538565743,-1.81463715084865,1.42078154762615
0.580324153296716,-1.43311449006687,2.46122785472872
0.861510735943135,-1.01765245632264,1.55772334862871
0.345687428740819,-0.913083279364051,1.65053916463313
0.983850729619881,-1.71584129603594,2.84244157042756
0.31859465267809,-1.38116384783037,2.66820593241549
-1.59550116629331,-1.42663102660167,2.64030643028986
-1.50611729248256,-1.35163019512621,2.4467041078036
-1.30357282674478,-1.16728980837978,2.09897045186223
-0.693323783370786,-1.4867409674942,3.00818664460766
0.443912131664246,-1.43157747467443,2.72040293644911
0.579721512654014,-1.08531129845412,1.93524423551608
0.484534482341352,-1.44798009305395,2.4280361646203
-0.296790321405997,-1.21251611912358,2.43258049006246
1.5081076328986,-1.28182775633679,1.33744023474832
0.936415158119738,-1.39594272360801,2.35613416779174
1.08996693059779,-1.57597630451354,2.63419541873322
-2.5751945782296,-1.51404111920083,1.68752525410719
2.58017877899387,-2.02691042340211,1.45458466536148
0.674480852692222,-1.14319698505691,1.99675025214199
-0.256316122396648,-0.879890479629563,1.78620177710116
-0.901504017648839,-1.33619436511286,2.65792025207318
1.30524938261552,-1.37627731018454,2.11893014698146
0.123320214309426,-1.32296034765808,2.59425160307403
-2.29392148367362,-1.4907131021379,2.13096634631548
0.572458925168285,-1.27791380869618,2.34297442591185
-1.89544364767718,-1.25884225842193,1.85214583497191
1.78962813757181,-1.47760561041979,1.41814713204142
-0.148145591487802,-1.62219042737192,3.11264662949998
-2.41048226097854,-1.54844303908043,2.17645544753351
-2.32507921858468,-1.51886891226745,2.1870051488276
0.232829539769068,-1.19163116258195,2.28308987192109
-2.73267162881198,-1.47042999865284,1.61357944406009
-1.11234758075646,-0.845765880539051,1.40858402774337
-2.00236148394424,-1.29477139683256,2.2009720709176
-0.564677140097271,-0.852479880285463,1.69814727543342
2.22657600871375,-1.75040728127869,1.34188478048656
1.68588594569168,-1.84745126024575,2.3701562151154
0.696566205171338,-1.5760980251914,2.89480054753072
0.633258180852591,-1.08714019143138,1.90436857523262
-1.03250875881065,-1.14782502163444,2.0338438983696
0.938414280235033,-1.34081891543035,2.23220910692517
-2.13089373638871,-1.45487507945359,2.21038777736534
-0.13640298299445,-1.03494761726079,1.76687287813823
2.14137370119963,-1.99267732713193,1.81129033645155
-1.37206568009173,-0.812132323140475,0.966014737068922
-0.311618700627009,-1.50718460988461,3.05392044638598
0.443076041102351,-0.996525393262372,1.83452137564199
-0.66401451721199,-1.33073654233526,2.6757161671886
2.69701693478717,-2.06437035658093,1.21259333948996
1.28828757601375,-1.45737979714454,1.74082428897749
1.31416975943359,-1.74596640834354,2.8287442368873
1.8007747128455,-1.53968383067444,1.63016583676693
-0.552176869822026,-1.43304300500049,2.90747681452209
-1.16488858051634,-1.26968453583021,2.24360099116376
-1.38600175932826,-1.5099215398111,2.8840316240096
-0.280807906378553,-1.43789390591983,2.91227789849292
-0.116818856644946,-1.34785145174861,2.7132291951556
0.423691159718944,-1.55416649939559,2.94956464600967
1.94051101714859,-1.57564404198999,1.4236153972404
1.49997265986897,-1.64158247662089,2.26581342066664
0.89352358577694,-1.07408445188247,1.66012907231499
-0.538887788823034,-1.0847354277047,2.1913363675021
-0.32338854824026,-0.84450434519751,1.37191754184043
1.59943932584956,-2.00162144685727,2.66318898364568
0.0619575104565482,-0.858766847235101,1.70124039444753
1.41667368721894,-1.3307485898165,1.66762098969061
1.49561559174465,-1.75098530761657,2.66646633828334
-0.361235098477254,-1.35031026619562,2.92707194407947
1.09137313071026,-1.24132782998172,1.85720315918908
-1.18117798346607,-1.37370874004239,2.41096596522755
1.9755935252744,-1.49837277994547,1.08456543309838
0.484057995261946,-1.61060713190004,2.94769329277722
-1.77668734919642,-1.27940278199502,2.04523304580328
0.594981002619603,-1.61673709368952,3.02997898164902
-1.05343668896544,-1.23242795791851,2.48180745030992
0.152756942878737,-1.20704040102119,2.35400093423301
-0.390805313041276,-1.53240897206377,3.10919823271864
-0.142410353488926,-0.888593021675045,1.79692693159461
-2.55420988895401,-1.53668419455272,1.67939158447684
-0.65817569247958,-0.87823043256063,1.72975830154368
-1.01277151504731,-1.14513112720164,2.20287238977659
-2.50399906267051,-1.50020868108546,1.84268150549035
1.26324047916653,-1.280380662751,1.74985769437738
0.662541048134043,-1.63723498912762,2.74520062540293
1.54765810353467,-1.58710656240536,2.19308297443475
-0.618158810770955,-0.866911423176358,1.46086955794213
1.64870785978344,-1.48974856856709,1.5610189920977
0.82633556056016,-1.212942996707,2.03735920364805
1.07797340545875,-1.02972366276771,1.31880963207639
-2.20712609445024,-1.14712984979169,1.2984216877985
-0.245695707897659,-1.2176240646071,2.46675683426032
-0.817666909771726,-0.740842351418054,1.34575734737033
-1.97244230828885,-1.61598665848325,2.27305537295324
0.196397847748121,-0.838600724551858,1.61896331077087
-1.32087759265095,-0.726620760099648,0.872746952735378
1.23240345771633,-1.62071621890494,2.61472251134858
1.66750824354294,-1.45441008702936,1.71107275421713
1.15141961797273,-1.19096850851271,1.65856611626366
2.19597063919888,-1.97493257899587,1.42744824411042
-2.63278107201417,-1.51883047951289,1.66323666530127
-0.697087234209011,-1.58664492510971,2.93192687398135
-0.232391071157272,-1.28018735073471,2.59139225403457
-0.920325493516193,-1.5731083768072,3.15796110059994
1.88316369932002,-1.55574712414175,1.75139274220256
0.874544283266244,-1.61260307569903,2.66428865983029
0.0810263019992745,-0.919436634076718,1.80380285040688
-0.46839993426611,-1.22452283968461,2.4845556257393
-1.42018056355263,-0.953981847010372,1.2264480120482
-0.247000614395592,-0.746221746237144,1.5150040258317
-0.533451017791267,-0.749465779058345,1.62974478874356
0.311810531897721,-1.65750171375826,3.22685516288302
-0.908685898288609,-1.5842563928962,3.02630934042787
0.401950332373984,-1.17620370973992,2.22566086169207
0.19323605242414,-0.848043618065558,1.63916895776338
1.01555539575775,-1.08696957321188,1.5576476495737
-1.33385448162331,-0.884742243138182,1.29965913384725
-1.25132934794895,-1.70075578550725,2.94325798817387
0.331223887096657,-1.23303211591175,2.36463326799258
0.48216526291992,-1.56392740727875,2.76418581009199
1.6335525912142,-1.40615261666416,1.51254903294773
0.555934638282921,-1.60276341855121,2.75093353697958
1.51424144133973,-1.61748848871468,2.31424316438632
-1.06585227071967,-1.55123406314536,3.08105560658053
-0.739543167464936,-1.5443128624478,3.12276165963796
-0.0608999158474866,-1.35941443404263,2.72724819239461
-1.62777881208894,-1.3951610291811,2.47930623162516
-1.14674276506049,-0.88833457777772,1.43833378448794
-1.0327511378406,-1.17009009579566,2.25170721590713
-1.28982022342013,-0.829714006076725,0.764052809739053
-1.34615329782557,-1.10592244178079,1.92679539189858
-1.75797391443963,-0.946946557466504,1.31229619281031
-0.217022963970687,-1.46464298349303,2.95995851584931
1.09786729764912,-1.41509639228866,2.06999509562635
0.0923766270511093,-1.17172867542184,2.31921236404671
1.00987316836737,-1.18581530549983,1.62921515772132
-0.0818642374601577,-1.25375013847658,2.46739951298123
-1.15189630116876,-0.878054025292792,1.28064983663686
-1.25614714256102,-1.28422865134387,2.09812268799156
-0.51389049061104,-1.35451880810391,2.74848439473817
-0.114794298551704,-0.912568951664857,1.84187042764366
-0.665259466409641,-1.42923440437695,2.89194880241886
1.23238413457343,-1.58061995526918,1.94306068303456
0.786367608225946,-1.33278177997028,2.23279996522524
