0.190304058395104,-0.369967987185952,-0.0726098434758031
0.649662848879498,-0.12144365560535,-0.742729375671919
0.47992045972886,-1.82457109081196,0.0634308826231317
0.678055708816583,-0.161549975688172,-0.655869133997128
0.72419863730622,-0.870315421887186,-0.582535571854657
0.395251346462732,-1.26196895665656,0.123730844493628
0.40261215724018,-1.61809792017207,0.0690297359006398
0.890710094616011,-1.08377706488256,-0.984524625198572
0.211812036724904,0.0186041593695237,-0.511609306831324
0.5344602399873,-1.37347237185219,-0.306144112820335
0.366750838315297,-0.405066954288748,-0.614634907741919
0.352952136710061,-0.709997277897396,-0.750949349463425
0.164353811997154,-1.50775257459213,0.33843120397608
0.648482561713002,-0.47287628404166,-0.504580843014864
1.25517741287027,-1.67662085423189,-1.17629012337296
0.432598203794019,-0.419971888604167,0.0090464912530491
-0.304404759774791,0.198856532568138,-0.555747773100434
0.293355161373164,0.488429092742984,-1.33281572881556
0.205927563037835,-0.60740827005293,0.0543403470902328
0.749644571950336,-0.00810524997490902,-1.29281462695792
0.125674395387017,0.188832322660755,-0.760311267563653
0.107177296395191,0.347966438640559,-0.722525455399272
0.740429675569078,-1.21170530364603,-0.251657017449238
0.39958885103751,-0.958945548957059,-0.154578406901266
0.518544156460855,0.288260624329228,-1.35669034567588
-0.281197886508898,0.867253547143197,-1.36860864174118
1.15938868788708,-1.07765050525514,-1.04892027310426
1.18741137420911,-1.44292857192164,-0.971492366454641
0.523437361996166,0.303758215608157,-1.41971457833044
1.12765993107368,-1.74286224886023,-0.879915776189784
0.974816760554534,-1.03618191378649,-0.825690264029347
-0.262681473161571,0.72571034875984,-0.985137752632656
0.421143905724102,-0.575349198509003,-0.161439955320794
0.180647790938921,-0.243940726922836,-0.154445715036702
0.851828511888202,-0.52251700512523,-1.38374933731197
0.870952943224408,-0.866689962806606,-0.944573950192003
0.344824466324795,-1.48078143498501,0.197963117873965
0.227033564353621,-0.810521870307092,0.0410157287867694
0.340850272792417,0.0207564555160842,-0.899880723566558
0.308049068984708,-0.294030578714302,-0.823447891533927
0.622155598438587,-0.0321664029121858,-0.943165208958942
0.764973047174077,-0.834121835212318,-0.627708994359256
0.230507798584627,-1.62642787586321,0.296255170826196
0.249339685141645,0.353927196545608,-0.931454815741342
1.26617895815821,-1.4732006341317,-0.951735164901541
1.0830487379398,-0.612669611407791,-1.26444087214913
0.363220435679202,-1.12028437337928,0.119462141218234
0.601837050311562,-0.816191376415893,-0.230712229188673
1.15237031267476,-0.799097944541915,-1.26432695852869
-0.105469443304251,0.64001918056265,-1.33787236213569
0.455746521460917,0.24459989022677,-1.39447614685494
0.819409831445673,-0.760794806394407,-0.555380905469829
-0.276513914843469,0.754553420188327,-1.34263421596059
0.849755464172675,-1.32445972099468,-0.710098963498921
-0.0153880094699798,0.339615816758084,-0.735731397477427
-0.302318883877881,0.701137599084245,-1.14775318863321
0.213130522918219,-1.01279288206514,0.324208543283283
-0.0725797228399114,0.504020912510962,-1.02341659972849
0.054765135062063,0.341874885764267,-0.871202176620541
0.497200748142478,-0.0873517590565627,-0.660426313737549
0.780943862646722,-1.22114413093376,-0.301498426390785
1.10861976699991,-1.09800410934096,-0.910024409522421
0.488622118671585,-0.201836794287239,-0.800852164318964
0.898402618649175,-0.330309639318745,-1.12216031699532
1.04581840538853,-1.23053984581101,-0.498034583321545
0.483602936451755,-0.324557126500468,-0.935070598218535
1.12302081355703,-0.736732625351548,-1.30055365307946
0.305781115589415,0.0133303252684462,-0.521792049547579
0.89989033843477,-0.345113949744707,-1.10439112731793
0.151259249976649,-1.72347009524934,0.120096099327668
0.561871350246642,-1.27868404143668,-0.0787800841706686
-0.0811966806106834,0.417619913289362,-0.617822188904931
1.11496797290437,-0.658383522562835,-1.31193689652458
0.370770471272364,-1.22120353472536,0.0773549686861501
1.16837353507353,-0.529494516533479,-1.34945497338636
0.426535567505463,-0.0419272679330411,-0.908382316149438
0.730144182552319,-1.56935698517308,-0.181415357806418
0.926053412110611,-0.977385262961741,-0.608939227664774
0.924069207665465,-0.528360527833449,-0.621284951532408
0.132478118943922,0.46085298401226,-0.95436931778545
0.429733956587688,0.00709688919517023,-0.816671993307299
0.704884898241565,-1.39973943853758,-0.42379320481613
0.342503853437656,0.073547600136119,-0.829956538007883
-0.146580184442919,0.677398721027496,-1.09258714528819
0.92252240603988,-1.12004787857831,-0.776228969136101
0.0589979064186282,-0.639974150488907,-0.259973290253475
0.64743760329228,-1.60517011606895,-0.0839781535546882
0.805453512155203,-1.63958634316105,-0.789094199816569
0.245133622739554,-1.32557501685397,0.258284313473188
1.24870384755536,-1.13345193263907,-1.29270453651996
0.191760379929905,0.0631127936635827,-0.447725467459406
0.403671542832436,0.183920598068766,-0.888084064738567
0.322844041167909,-0.323506022214753,-0.229930605249165
0.607040748791009,-0.320141925986002,-0.602413224699494
0.534608147602465,-0.809184617061635,-0.15808776568625
0.163917272613327,-1.54623315665258,0.341263590896134
0.0150034514656884,0.679421951237132,-1.08510318912278
0.79325975750887,-1.22664582626211,-0.686680194753176
0.599719037675679,0.0144537853179092,-0.971534115713935
0.497190153849675,-1.52509609433074,-0.190817879022974
0.245225494224412,-0.520799146469523,-0.0262898834769199
0.428824306090819,-1.05078065979947,0.0406873908129426
1.42508018519736,-1.72138281125682,-1.21204394618399
0.277996486780449,-0.0421066693596324,-0.430234743409234
0.867474089530059,-0.21820856791895,-1.19996889550043
1.16355942527932,-1.1438620711694,-1.02210163115083
0.515295168120527,-1.27045948214499,-0.00138122049223825
0.596387498275436,-0.69687277863008,-0.286540173301443
1.20066001594673,-1.56161265533404,-0.985146236911918
0.68961755337695,-0.607235397801859,-1.12284629627664
0.991755715310866,-0.756956212500952,-1.09438311923177
0.0944317377920577,0.522172254085364,-1.11900835028486
0.406821672216371,0.120760820706023,-0.795782136859725
1.16477651059485,-1.24554470601471,-1.3152067424751
0.33332326239264,0.110845327423319,-0.67557879808239
0.394273821865387,-0.332702027658851,-0.347406668872715
0.413590999997347,-0.250807106596356,-0.387569548700358
1.1206716290326,-1.17462398892961,-1.29555741620267
1.17299853504519,-0.845794611258353,-1.15942434988531
0.503579005374842,-0.473402952515989,-0.540993440984636
0.433879036756725,-0.932157971441242,0.229858071212856
-0.183953023798288,0.813367573544933,-1.35085320870868
0.627764604948678,-0.517969862895023,-0.820747311790624
0.725233050088994,-0.730695053204142,-0.434060434002102
0.329385920494299,-0.437188975203576,-0.155963113270153
1.05145407085254,-0.967244683414613,-1.1720564865931
0.274156963099355,-1.50273305952053,0.25665295287224
-0.0103246859837893,0.202223076800564,-0.403833264555162
0.0815146365372772,-0.0452851304030415,-0.548749264802894
0.886514451118908,-0.475042068592305,-1.05572836652633
-0.0475493425305604,0.711144314324111,-1.26780002916135
0.57548975782275,-0.672904679521604,-0.336569875558298
0.977309645972566,-0.68210488643156,-1.61578062738645
0.0684632367658755,0.0130234588777369,-0.275266199931713
-0.0390230893143162,0.311104449769138,-0.729228232853764
0.974137035263417,-1.33272743561215,-1.36143214658003
0.85473029533063,-0.659792045096054,-0.821167457241119
0.293562971428986,-0.193195155735303,-0.304966162338572
0.989843631508439,-0.641380721141902,-1.30094161670612
0.595617986446691,-0.567353375509919,-1.44000557799888
0.370780261377253,0.26383187995932,-1.01398943358049
1.01018098536358,-0.715632270257401,-0.734012636509111
0.739945991362601,-0.294456234715623,-0.896484840676382
0.223510373560082,-1.59668881378427,0.195761799504249
0.824486403903661,-1.37207568146621,-0.367338340603817
0.563927199753421,-0.760759696145784,-0.445587896711569
0.0540444745428775,-1.77302023016406,0.0703876103456999
-0.0397649574748444,0.700289444884401,-1.2490268188944
-0.315837445683904,0.569169460713605,-1.49944232008423
1.26535425321619,-1.38385644378306,-1.15425274417938
0.788723308472181,-1.52478958632619,-0.649854886802765
0.10355977972967,-1.53485674837138,0.359814054142205
0.443005321200401,-0.373390647568569,-0.826093863128541
0.323538101868186,-0.83370947820928,0.0587675136519756
0.563928401580782,-0.276571054257946,-0.578755309065927
0.393813192705995,-0.863859212681717,0.00743163788412415
0.987394324058523,-1.09068600801107,-0.664612130241021
0.361083404434808,-0.219840996915289,-0.343893728952825
0.382798873245987,0.25655510899336,-1.05519183723185
0.582834082039654,-1.45001467235303,-0.728861879356331
0.342711259058344,-0.876422102004748,0.0587918026577023
0.929648533840846,-1.16772597649088,-0.535406237790979
0.960494955705757,-0.882570521805039,-1.05961031695082
0.419350177124301,-0.244348307360526,-0.399990154147758
1.3424658896467,-1.53570328585505,-1.42797631713346
1.01982257394489,-1.59078413436397,-0.600639601465595
0.481515874856285,0.232478934965016,-1.12569847845172
0.277212617349738,-0.0116744486989695,-0.522703063516607
0.406140124341106,-0.585682315677435,-0.250115238763454
1.21214211973097,-1.25300944980397,-1.10264076230868
0.351756025162835,0.449404684336531,-1.36640847160368
0.269630946538768,-1.66110186844063,0.430924919586639
0.342103125024856,0.218817635915414,-0.961992397405814
0.421013133414986,-0.045618491284233,-0.444056918815819
0.380848947475576,-0.458834801861115,-0.354700851196527
0.187464659015652,-0.321970281360708,-0.157752263310561
0.279021495714503,-0.041909949192741,-0.873622489809022
0.493888409417866,-1.11807983820965,-0.0021409105399508
0.187886159315155,-0.170530776697887,-0.900235259915573
0.416051473128519,-0.41614808957157,-0.259780403278509
0.695150706562563,-0.285029451152622,-0.75140671832051
0.318888590265094,-0.112000847129455,-0.406467158924423
1.4037480565499,-1.16000591096979,-1.20474396024441
0.891012391471985,-0.613873818674655,-0.632333240959976
-0.0188756576697509,-1.06653127891587,0.224627728180944
0.788276579302201,-1.57289305350578,-0.253822358533336
0.749030229506718,-1.66328495256985,-0.0862113555783979
1.29327538682977,-1.26002594352762,-1.38246490826118
0.524365218335783,-0.364284312761591,-0.426291866295936
-0.108320305831439,-0.0208547409110932,-0.581138754206118
0.0958036299820304,0.194989279344817,-0.499329107268406
0.169006697702421,0.149271140720656,-1.24823998901228
0.339270725154879,-0.273318092986242,-0.286110818684354
0.90410647627527,-1.40303007848208,-0.434955456638832
0.322876647843389,-1.89795198638175,0.424154154339455
0.345414917815563,-0.779023299672812,-0.325500507517324
0.831927325259417,-1.66272806437081,-0.181261681557942
0.534842407342664,-1.15774466031381,-0.0325191423951965
0.61023961494681,-1.08545469150943,-0.492432173541082
1.11057920605331,-1.40002566632419,-0.986360326175668
1.33249688190754,-1.17897654255089,-1.21409370333073
0.265983999315043,-0.144683722267929,-0.318993773168438
0.334460309041381,-0.585349223573267,-0.096712968466773
0.790264750072176,-0.137100104708608,-1.3559135430261
0.198059050217574,-1.59729115052972,0.068464271550133
0.0959040438511369,-0.594762315607211,-0.138363894160033
0.558969054556942,-0.56834819405182,-1.05792558893194
0.410577269355426,-1.24489905313024,-0.152918816689937
0.541921678709469,-0.329413720813953,-0.515573628999997
-0.00173632262825042,0.0613479270778308,-0.323279013242573
0.128408262109988,0.600017389351126,-1.28444559621472
-0.00800845302385834,0.49329814438629,-0.943380610857087
0.52689486265281,-1.27444471895216,-0.216024861255622
0.532915166515385,-0.715248068173732,-0.2029119645843
0.480263119358567,-0.810710629083237,-0.09984658640493
0.538484452434012,-1.1177722419793,-0.149549981242429
-0.340856093482528,0.880152537826714,-1.31303800437794
0.0471389522816339,0.572983171933258,-1.06207608431249
-0.0476024657167249,0.638809554724589,-1.0205054286211
0.392108980719608,-1.45802554461314,-0.206159615497547
-0.219532915339295,0.763538663918108,-1.13586965892717
0.457388958941667,-1.47246490920971,0.0986358794995543
0.968882708618849,-1.57546028505307,-0.728488812139366
0.737019820009481,-0.609414503116442,-0.710652499401523
0.303264009392736,-1.53698777900532,0.217581206789498
0.480390773598031,0.0635122349204308,-1.00372948046503
0.890434012704238,-1.02537038984971,-1.43321724046693
0.867862297186989,-0.576240918673523,-0.775680786966765
0.48301001587945,0.0410470934452337,-1.36652052848003
0.973147337121009,-1.28827250021859,-0.861314892734222
0.77517217747027,-0.332965541739329,-1.37792770366703
0.865595578421409,-1.32901555444877,-0.378907470098275
0.272646288226576,0.0201343696545244,-1.07114752256419
0.239336896316136,-1.47949164395717,0.281417611487274
0.28845104574991,-0.453058494454355,-0.106512924377165
0.212156691235841,-1.28536338384523,0.100592431409625
0.85093888039463,-0.136505574419204,-1.33870832071266
0.180993506330281,-0.152768490184948,-0.461853087783174
0.553269247188804,-1.32282646921792,-0.0149872172431085
1.23308252046012,-1.03783179559183,-1.31208526399488
0.589396406355861,-0.135528150082468,-0.745749176160237
0.172032991517887,0.0255367755283273,-0.386902853616396
0.453176186372883,-1.26604372984149,-0.222958248159377
-0.043135237658987,0.247430327873436,-0.880402129449735
0.759767055664859,-0.604491396947692,-0.851427327159767
0.124928555389716,-0.896440339906525,-0.116244016642416
0.72155295611531,-0.481577876338463,-0.605963851650494
0.128745475227366,0.199121525642994,-0.442656840992181
0.231793359858431,0.239169426717897,-1.84848153052347
0.153085964207503,0.323520878651195,-0.742417447359437
-0.624615791875383,0.82698446832082,-1.02069913919014
0.777280466759898,-1.3982109458903,-0.500952816141879
0.339782779645132,-1.42089484871036,0.195920542661581
0.287881097613023,0.159789833249054,-0.558560471741783
0.0426164154757093,-0.161913694564393,-0.527549112497171
-0.0731831564961084,0.552887486439147,-1.28684777184442
1.11334135655457,-1.30816106771048,-1.11822318412865
0.827858364197078,-0.165391997262232,-1.20186581882583
-0.261890201642811,0.770816248795323,-1.1055754868663
1.28833630130235,-1.23688344226171,-1.5462289142899
-0.0108794107391549,0.483020465135336,-0.678287917868705
-0.0654317783933936,0.525771286125788,-1.65888684512899
-0.0282612420195288,-0.0539118746265349,-0.442578563186979
0.604907488909729,-1.15764456644399,-0.0868158594291827
0.360651154618699,0.441622625125637,-1.36643747724054
0.595789109490949,-0.358445087538765,-0.526168655866542
1.18905462644249,-1.19828092478353,-1.06311990790089
0.435601204404424,-1.33799917748257,-0.0221949307955329
0.909750690874534,-0.102359432246523,-1.24860425984778
-0.529416138032535,0.716179830262375,-1.35558553010845
0.412427062020402,-0.186247999440541,-0.253155237587138
-0.0981377272887309,0.770877591262533,-1.36890404980672
0.282502735188956,-0.498118981995864,-0.259602845155124
0.483532267764968,-0.830058545635174,-0.0945867960600362
0.862207289050692,-0.623215012049117,-0.725521981215637
1.0767298517792,-1.56407241514916,-1.05335886957315
0.758841282526914,-0.0221634643723025,-1.28925495140771
0.114023072389702,-0.0180843709644759,-0.803619373553828
0.244009521207348,0.107440091109634,-0.429750487615309
0.214890150442491,-1.65666175772146,0.17868296008696
0.636279154476411,-0.537605867905336,-0.438928335590962
0.468948201134119,-1.56453270215631,-0.0437613504758468
0.776876455895008,-0.354598956438928,-0.822528676343929
0.359731848895058,-1.07899449692453,-0.696507941589701
0.906022718874439,-1.31257514094899,-0.556957709654254
0.363265541828305,-0.538136503567377,-0.584416729727234
0.911958078155603,-1.57976111069969,-0.601191691063704
0.458105011491286,-1.20526889396056,0.0544120742166339
0.200204809097762,0.0346239018986252,-0.425825685793174
0.902635936921884,-0.447667969483453,-1.08299269606783
0.863311791474226,-1.21175232774763,-0.981901657851066
0.848366295740524,-0.984961527944204,-0.4802954026566
1.09175274882398,-1.51708272356207,-0.74316405970859
0.547042969212801,-1.3955958423608,0.0029514686692802
1.0099206003707,-1.653779350911,-0.58067510824088
0.574453010280335,-1.25805635606277,-0.0496318278307912
1.1476795422417,-0.37996809025517,-1.65080407112829
0.318352252909003,0.337016966645998,-1.01585924786645
0.300220803578066,-1.554022608005,0.23960624827998
0.425909394531996,-0.784999846543135,-0.290332326226584
0.271201202438432,0.344909604247244,-1.12507336382514
1.06529787023889,-1.13210165869405,-0.504681879179556
0.325687610392944,0.459555521161646,-1.32781454131448
0.292058886544345,0.150913848477696,-0.651073135670172
0.818222552759077,-0.182115609546275,-0.925391621163997
-0.246514244514466,0.529883904257576,-1.16562605694227
0.557150397862488,-0.459658179290439,-1.00570105129334
-0.268867793262649,0.494035297249887,-1.2242504455334
1.03034243036113,-1.66291556363326,-0.960703586768614
1.06341492338854,-0.620045948457847,-1.19164866751783
0.859679975459287,-1.74599150485273,-0.602005422429321
0.0275226293765788,0.127635689926672,-0.858890635472759
0.318629811924699,0.021988248097086,-0.347945144500764
0.508043251942526,-0.0248606079415712,-1.09457791678957
0.0763004494497987,0.277413924933491,-0.584596060393351
0.449101959385423,-0.617547863764006,-0.681915127976363
0.927505402679049,-0.368190305432897,-1.144342153026
-0.278280042104054,0.776992827399292,-1.09128930257992
0.917628349903153,-0.227324964741831,-1.36424107686442
-0.26293565758445,0.813704728796662,-1.21646830788734
0.307632237512407,-1.27182991210011,0.199848111259705
0.685013269080259,-1.00798466963842,-0.248085192891249
0.754576552003156,-1.09333910551487,-0.221471750282942
-0.147733227416302,0.518267415479036,-1.24464282779816
-0.104885935761671,0.420168211285145,-0.598051806361654
0.654685716560305,-1.03861110360008,-0.200389027024874
0.173130259820534,-1.62655161960343,-0.0670826020172098
-0.37590818664365,0.869303918891226,-1.22396126218702
0.796383916428399,-0.356502688662447,-1.20538798400088
0.445860500972254,-1.6341516091964,0.11895212794338
0.480853609726839,-0.230748007616258,-0.488186809057779
0.823805041293187,-0.510859921384758,-1.1821447455615
0.161985951116315,-0.0333281901939366,-0.410593670140431
-0.456924393055644,0.88504954215334,-1.28158033919496
0.523481641362945,-0.198008476602558,-0.457241742751732
0.896534884115342,-0.63231283790883,-0.782113505742356
0.32680396831747,0.592287987324264,-0.967300459042123
0.388059920348175,-0.213984043580786,-0.732567842293334
0.962049622280676,-0.723612744082508,-0.837694814103918
0.750584048043933,-0.555868390033987,-0.591090275544207
0.996905423229598,-0.860715205229328,-1.08767585891846
0.439452280872892,-1.02715137398387,0.0233213312324021
0.160879328693838,0.346786395133545,-1.30985786465577
0.444517534120917,0.214878427086117,-1.01501297910412
1.25257605499423,-1.44284179393029,-1.15494888872645
0.666989080759554,-0.741221580621127,-0.880975124829045
-0.266652709677918,0.773376274093264,-1.09712576337427
0.670685270299967,-1.15085334788803,-0.183403486302427
0.665876374534231,-1.01990205523525,-0.370958448002708
0.79896066018405,-0.221535184469346,-0.76269246298478
0.587322465102829,-0.81450863148821,-0.478681887296956
0.997860756885482,-1.213342629751,-0.636450057581986
0.0688583098950579,0.64020821059408,-1.2802923087648
0.991523134514451,-1.17226632163596,-0.804585483373768
0.692501144982973,0.0220500343289651,-1.19583306813138
0.418260663147974,-0.449097633866537,-0.180774700854428
0.300222644693336,-1.35392288778463,0.0377525433620933
0.122344498233357,-0.951219630968622,-0.0321521152409688
0.395337276926866,-0.0282442661185754,-1.01809382040744
-0.132711065437591,0.775091524058759,-1.31419041098712
0.855943053440168,-1.43293304343214,-0.780589420115426
0.132250948234257,0.38650303137991,-1.09662826544716
0.330790570597691,-0.593379756116267,-0.0624929191149364
0.171195126654562,-1.48656210265197,0.256501613752183
0.420997321899981,0.00210849455576607,-1.03107730180786
0.152473395479382,0.553273964101486,-0.941600721239281
0.344892343183703,-1.37144508782973,-0.0734191401997073
0.379758395509463,-1.49124610890582,-0.165012866953876
0.687630248012418,-0.261597741410386,-0.764341250869101
0.895911634318051,-1.05834236262381,-0.522528470315326
0.268469920163561,-1.00170059771688,-0.221967181115914
0.762904344687665,-0.054512618962681,-1.23225796508547
0.645470534079987,-1.04859761844341,-0.186105886579868
-0.0865654189790572,0.841284859548175,-1.47103027809351
0.0590546177306349,-0.401616530946392,-0.478322142843002
1.14479351106849,-1.69095106453578,-1.27793574921917
0.175222039002991,-1.46432255847894,-0.0514806241313287
0.404901577015618,-1.71484757491308,0.200922037532189
0.777306034946579,-1.43999721245308,-0.396030617058598
0.971601547690995,-1.27548787233958,-0.77122112309904
0.887606338530298,-0.182603240999804,-1.35490214846993
-0.0824813629880272,0.488244218874456,-0.727402097659815
0.577539898565846,-0.198063508505554,-1.05514930574274
1.12713961684835,-1.51434809741204,-0.817507742949569
0.746554072837771,-1.1318423173252,-0.282581445826589
0.481348633703173,-0.563368990887066,-0.664967593350724
1.16582853042567,-1.32163332444876,-1.70645323401781
0.435680019984061,-1.2957006668307,0.295536114769552
0.532993857709148,-0.20513797900139,-0.784318354341982
0.0754193284392809,0.657085734835123,-1.23282318004814
0.267036731417719,-0.643405461244277,0.021232348250726
1.11838800183778,-1.12724563803216,-0.537644206422739
-0.00790646381490509,-1.35111978579277,0.463618460298693
-0.107189558276654,0.586625682693046,-1.40032616658682
0.231369430925832,-1.41812132604917,0.0933360923178943
0.895270124848325,-0.625851603904404,-0.785130449639001
0.0191494258408701,-0.399804516053672,-0.342073446281547
0.153382650625612,-1.66129703354203,0.352456614488942
0.906836773111553,-0.984629906820718,-0.935105140383354
1.11907495089731,-1.41061764840947,-0.818840531453771
1.03194782235614,-0.736247281831117,-0.983023311007048
0.700406064161219,-0.470445764516685,-0.351086090176575
-0.0354978286725979,0.471544614567168,-0.966280620390882
0.346462601266487,-0.260303708449712,-0.398339436269602
0.792814380735774,-0.37347582011195,-0.832196958671138
1.21418360737523,-1.64638140705604,-1.01425278174766
0.62781322364878,-1.01128366977113,-0.17880192292897
1.22484421378696,-1.46218671758152,-1.06742359879038
1.33487644531491,-0.714574389371168,-1.60411374235377
0.0772467631034963,0.470114264624299,-0.891997132293502
1.09945224208921,-1.14325294480466,-1.81742270347182
0.396922885445157,-1.39043212533005,-0.28476626213609
0.707886692495144,-0.0136423255037965,-1.16503390891665
-0.504039773766618,0.895717862116767,-1.14260718729123
0.546849209084731,0.209794809669736,-1.22975265319892
1.11684752642974,-1.6331786617734,-0.785011969203305
0.401612678436071,-1.50662654583303,0.059004664334183
0.3524884362179,-0.497857546284815,-0.139509167896705
0.319003201339893,-0.327063895931464,-0.329616719679153
-0.0818554929906548,0.701813992041532,-1.17903343722926
0.504919505587048,-0.202794564222105,-0.381007161382713
0.973752242476593,-0.328980351712931,-1.35669052719407
0.23776487647503,-0.62270793891527,-0.172986050610686
1.08396954930941,-0.906517133980757,-1.23408554497933
1.27391556161306,-1.83365138223032,-1.16422239270519
0.788531465198278,-1.56320376564077,-0.304448165468158
1.11751672742454,-0.920441478373222,-1.04553042458717
0.258858792710599,0.422909761918888,-1.08753917529927
0.666700608589176,-0.433154638258368,-0.374812002932152
-0.0762941322247958,-0.963989879478322,0.128541359853479
1.10945944499289,-1.54905172306691,-0.974854740760301
1.07072120827105,-1.19564953466184,-0.782888121330114
0.853541650233977,-1.1854237260654,-1.03820277699067
1.0319180758819,-0.467276572024094,-1.31142094905638
0.161678925633254,-1.49766603486761,0.0455126078162351
0.679069716849245,-0.0959965143844337,-0.961250126424149
0.980675757097934,-1.15067880371859,-0.680028106426294
0.644197694594095,-0.908927152610343,-0.23861921852221
0.133867184372108,0.500182840143367,-1.03871198544502
0.9449345554988,-0.338704625819837,-1.24180410726647
0.47869888512091,-1.68612279132366,0.0604526475187754
0.546544740430743,-0.15693346891047,-0.791235633037052
-0.191833951256796,0.90970705850267,-1.27125274508563
0.58710113445129,-1.20855293111165,-0.0638157881586695
-0.0177040865256103,0.486198218670835,-0.768443893349416
0.48999744997653,-1.02625262203967,-0.0260616399789289
1.19038034939607,-1.76796472994565,-0.798553512860358
-0.0883730218162367,0.358175127927777,-0.980879871274494
0.580264172232764,-1.02327255931065,-0.121215078951918
1.08563070622002,-0.925233820977797,-0.961128497578043
0.835507074438667,-0.572719161160285,-0.719297866170065
0.088022437594862,-0.665875930078694,-0.126147869123627
0.219285553514145,-1.56398382655174,0.00222080884349884
0.229170242134025,-1.20693152319035,-0.0523634403308485
0.0213593557182812,0.654982311314469,-1.22968595038023
0.808022178015351,-1.59211714928664,-0.422722296717727
0.386730592164009,0.350987914938678,-1.3105963248953
0.0696539255745844,-1.44634058425428,0.103176752376897
0.14848499758188,-0.120308382371208,-0.225953748589307
0.382154208539566,-1.31180827628686,0.1443016739515
0.422276744466276,0.330315019680068,-1.199368993123
0.201151438487182,-1.1181770871236,0.249786882986393
-0.127866924115494,0.70330644751684,-1.11031706641026
1.08314016242284,-1.22983301436764,-1.15512638465853
1.12279310858385,-1.58445986585879,-0.800517087821651
0.190191188348191,-0.777823136279237,-0.303105757721077
0.325588684864466,-1.64003580097349,0.0146232360424551
0.3787721299906,-0.810238444712799,-0.470494122610575
-0.399097371867623,0.817322976003898,-1.04843826339052
0.825001622454669,-1.03172613633688,-0.919408265745671
-0.304293474476525,0.826145133940702,-1.19290883472841
0.464482367418247,-0.977293086127833,-0.0174496879447523
0.437255701473383,-1.29617577243379,-0.328524849327018
0.720098970948379,-0.51409090565317,-0.576978693080252
0.363563188308579,-0.0260491684215607,-0.548814676621348
0.501400495509803,0.0350047418684358,-0.824073594868767
1.10080141656277,-0.79292483441669,-1.11004555975083
0.904554725163918,-0.659419152749659,-0.775103484165965
0.781553752189345,-1.16220581873452,-0.319113217139986
0.607228959742406,-0.647449525957254,-0.214424108297228
0.967082255512759,-1.11781857080519,-0.250669152795728
0.365697905014188,-0.701314966192367,-0.0387985275607809
0.349760957453474,0.282022494543257,-0.966200398025728
0.207117391858273,-1.21099596338265,0.266321928350138
0.107513366910665,-1.25710898738502,-0.0817196259008966
0.0415824222770873,0.00460942599427683,-0.711739240796165
0.565790739513352,-1.5290735035422,0.142383947743446
-0.323588364565427,0.385223782659475,-0.92492489869561
0.815994104788628,-0.309475339313977,-1.14394456439484
0.659368884566747,-0.975262181567004,-0.330273407649264
1.19744497886875,-1.36371831688273,-1.09465567338276
0.863341901482589,-0.344303555607573,-1.01568187906954
1.2105779279269,-0.534638702465374,-1.38351689388559
0.458197341409371,-1.84765852887041,-0.0503016830522933
0.747392896604464,-1.73693554035316,-0.509416869185948
0.944161225022461,-0.533572335802429,-0.976602678945478
0.847088989512281,-0.0714712685792269,-1.20645276221509
1.0504461013762,-1.4679881074062,-0.669852177912892
0.527288414367289,-0.306794179055155,-0.749401509805822
0.858310330387832,-1.03112391986736,-0.475366868127606
0.799817940964615,-0.894598500215261,-0.60667755633403
-0.122246759591911,0.761803582412008,-1.28937718911417
0.555886113473373,-1.29704240756427,-0.0224399759783442
1.0077703803753,-1.7897567533825,-0.793821500018127
0.231642420218605,-0.495294755745031,-0.0294018092159325
0.231007993841326,-1.30550831705573,0.265822706380725
0.596481862812113,-0.588056944910133,-0.086261861622655
0.985108405382857,-0.583898102867019,-1.28691007896095
0.532726678158841,-0.670816560100153,-0.676659972117175
0.818519628692733,-1.20466590348172,-0.356956906297164
0.871596967045977,-0.731168866769527,-0.661111074842415
0.121131979881801,-0.103578734814664,-0.215656215195733
0.170885943064368,0.0280610636508324,-0.947679394357927
0.400745973440482,0.0244586775716458,-0.657425030657689
0.456019133864095,-1.71227660830314,0.0583570676901589
1.08652161249565,-1.34975262214943,-0.742388910873156
0.957258335859731,-0.507622939433567,-1.0374203685908
0.00502743092108138,0.698922279116844,-1.33480185306152
1.14238904982238,-0.992378790925395,-1.05916959531153
0.51315413501464,-1.29663759479181,0.020447815618132
1.18259219410232,-1.30429048632583,-1.32816680098338
1.18733778862678,-1.60009172975073,-0.844326911870709
1.00601676281416,-1.16570232474496,-0.622445365549718
0.4214050016778,-0.389860225822198,-0.290300956075494
0.222122626914332,-0.888893603172285,0.0276324225869233
0.222700700968025,-0.55207589796981,-0.250078285946441
0.0445948263429973,0.234307248702047,-1.19772164552979
0.305210061032836,-1.40966297270897,0.175226783172791
0.608524800413598,-0.323167718979605,-0.460046058691221
0.171550946897477,-0.1589756731061,-0.214258825563147
0.267631622212424,0.0383740477394791,-1.0316425341462
1.28545953677543,-1.49840239980089,-1.25084454568641
-0.113988727425169,0.0910660216133692,-0.508921529263273
0.821698232633198,-0.779155245821314,-0.547662842986566
0.635713922072516,-0.397575574763744,-0.857025108322678
0.457889320490777,-0.172531051841842,-0.521173196058577
0.0389152803105568,0.490655748679834,-0.878404680612594
1.06819372482043,-0.668465472015801,-1.16484194827957
0.863488907066009,-0.128506206377408,-1.23043708890053
0.215683251009866,-0.52578996816903,0.0208514892470181
0.863605304681697,-0.307251918999381,-1.06704745802408
-0.0684326936081305,0.734970772219595,-1.30403236853825
0.868047747696408,-0.780286363804413,-0.760063219750446
0.385346054005473,0.380481050439209,-1.25351237261921
0.349302497908639,-0.213831917067902,-0.485657825335383
-0.336847681182468,0.75068615931222,-1.04638978042367
1.16119910236306,-0.759646587104454,-1.34567265607506
0.577669333571998,-0.318293929526928,-0.536843885512182
1.04363192328095,-0.879973559568663,-1.35454942664197
0.49826047299993,-0.349896565527217,-0.913770157652635
0.114468374758697,-1.13040432666393,-0.209245862336331
0.226223305998416,0.449310239297594,-1.2360734361461
0.363822066297632,-0.232139228281374,-0.347037489269225
1.01849176058584,-1.09520836507886,-0.72091006060997
0.624717951323159,-0.311064564128764,-0.611682725220648
1.16480117976648,-1.43187602053568,-0.918179839268447
0.230423371542383,-0.0520735662647805,-0.457274614560286
1.06495106927609,-1.36040252168583,-0.719259020043902
0.598806937663295,-1.23412482599657,-0.243848595441194
0.950923877268475,-1.25120122800903,-0.56374059779234
-0.00350798485267378,0.638731414295912,-1.14048019012018
1.24086317333477,-1.25953751523072,-1.23233808532759
0.807660508163818,-0.916973481575373,-0.546775443251096
0.774079075885882,-0.0541816690630785,-1.26541476250997
1.21437707893937,-1.19552203968647,-1.13820784084298
0.927309013903727,-1.16823415863765,-0.872724026107387
0.810420973538928,-1.14722584851657,-0.478982011876122
0.128040368925646,0.595570596267459,-1.27021591748474
1.29727003034008,-1.60033939805537,-1.27617908652064
0.31874456991804,-0.187189092440041,-0.336895741921881
0.737683521373977,-1.62117014148548,-0.188113366461983
0.216336621134812,-0.92307986760172,0.0517488548632162
0.829017939634682,-1.18132039065319,-0.421138121250916
1.04162020890481,-1.0778988114064,-0.926236534064792
1.24476993657639,-1.03002568194065,-1.36568674854207
0.985351030831965,-0.673732134095572,-0.388642824354732
-0.0316842530830762,0.038767911003929,-0.328982811928894
0.789636447104638,-0.720790456644245,-0.534425330704516
1.07546361727023,-0.791250893065057,-1.04279120316589
0.530695817279538,0.203972815509565,-1.17660960589758
-0.633830020057606,0.642792637943801,-1.29535031221509
1.03296551162574,-0.846123956667555,-1.10588620305331
0.214984775472733,-0.359789100099495,-0.101205337650802
1.26858064062753,-1.19062356086763,-1.32763814306346
-0.297905015451693,0.442177438686368,-0.769762417299802
0.292642784888678,-1.06428137586038,-0.082276924920935
1.05319618560989,-0.527888150557755,-1.28745823660721
0.235957186750261,0.538803242786635,-0.890908817692814
0.58088459759364,-1.48052819742518,-0.25288141793157
0.469905413167459,-0.761195410296118,-0.112233917582888
0.60147933456571,0.147360107262096,-1.32488777139405
0.50208841382285,-0.433477355216863,-0.345004810976968
0.838621852114591,-0.317972039161444,-0.993570312734786
0.633654995449587,-0.526288914598577,-0.807693618092527
-0.383945581951687,0.685191060569228,-1.52647523571916
0.642763880669721,-0.48315295811205,-0.488500987726434
0.847243135703147,-0.646686263182508,-0.680427495428785
0.660377242029796,-1.22578156263295,-0.151528423132987
0.192059913942067,0.557480428830242,-1.29791454232459
0.867405726758451,-0.524586676811535,-0.82222134443348
0.155626582606797,0.524136884021323,-1.22559317596209
0.132489825838541,0.308883168291751,-0.694275743542016
0.222606699947842,-1.0117026526072,-0.0718343003614031
0.187419615087092,-0.1014691436243,-0.780018387990294
0.382268079450274,-1.52170117641779,0.169693506727533
0.777146467395016,-0.468030433123762,-1.12732673374354
0.0322736221028144,-0.187863905446523,-0.394051056194029
0.225986809396026,0.0462103672955834,-0.587738919301853
0.659812633097723,0.0185007963318207,-1.10787986885217
0.35863453897615,-0.315094336326797,-0.27352894992053
0.54976604150014,-0.839911523555708,-0.0780056822270411
0.174000716117205,-0.151962662904913,-0.13414563976595
0.735560628810071,-0.633683651006499,-0.226024801158277
-0.488339310372311,0.893702855300241,-1.15470479182181
0.80727354497727,-1.74743214345272,-0.187780668225058
0.230786687369806,0.0562838225015238,-0.695512680675539
0.0951830240298156,0.283565698233032,-1.14920892869843
0.126369351425723,0.276013782422785,-0.639391779474085
-0.298174610558242,0.438727034023477,-1.39923593510901
0.380827580882047,-0.0168799616969475,-0.581317921537111
-0.313369716620978,0.745496755716027,-1.22400960037948
-0.160257909596405,0.660142132941556,-0.952973368324484
0.456126499250352,-0.145100960019784,-0.863393729431386
0.842593717602135,-1.77379873273905,-0.805407085772807
1.29023715579449,-1.51961712722545,-1.2633234105208
0.753935057119585,-0.409959277979526,-0.739635485897837
-0.242702040551952,0.835241506832783,-1.32040252265108
0.706729124832238,-0.392844150728023,-1.31770116920957
0.45342367299546,-0.607726653088794,-0.332851948306777
0.558533681857265,-0.249042604346353,-1.51252723241244
0.582426830884317,-1.69772913965548,-0.153518427877116
0.0658585714615845,0.652740227334796,-1.31356039315069
0.242976493526915,-0.411513571450229,-0.452559163865754
0.774127629313102,-0.25850185208979,-1.35464492601008
-0.552015322092374,0.802637335287838,-1.16359987228142
0.149762889567039,-1.50012800001455,0.0520775175515424
0.577806202885405,-1.36504342580354,-0.0332003612089682
0.496976989473681,-1.00011125589521,-0.242136420737492
0.941144900241551,-1.0751809980914,-1.40322828938327
0.440874099928845,0.0843757383675843,-0.977526327519314
0.669516921422057,-1.48966031203193,0.0842505122089128
0.0671979653726713,-0.0011484410883047,-0.260573046020895
0.883849778285873,-0.291380276038413,-0.858334785966888
0.384762316884134,-0.196576778606361,-0.402314755035052
0.541894848261629,-1.18435252268341,-0.032928511951458
0.744662817804195,-1.14080969769637,-0.277353635657571
-0.0045862562755794,-0.049755841963195,-0.848513948664648
0.368651279975774,-0.766723424709062,-0.0106499286605537
-0.0309574352935327,0.441400203277327,-0.707755305164758
0.393271427892445,-0.387248729573718,-0.157374107266326
0.355256121743189,-1.52567642733656,0.192878738616341
-0.392988251722709,0.807195034196043,-1.02983424579384
0.385442784980469,-1.19165048661336,-0.0230818258459205
0.306247671569552,0.583157822674784,-1.52258133467254
0.284565357068923,-1.05453211275743,0.167689812597272
1.23717800524764,-1.58073594431394,-1.0827541872554
0.937874815438313,-0.857348814284145,-0.725797026135198
0.942859483582867,-0.561031699463891,-0.944535438639731
1.04410605884185,-1.48053314616913,-0.656112628809328
0.285082456453403,-1.16299959779788,-0.0180302305161119
0.361733012975154,-0.0768379993060661,-1.26805915905876
-0.356532516207692,0.921988322973308,-1.46341850321843
0.939318066438122,-0.807648577442476,-0.731153919658415
-0.0753625557323519,0.785953006416533,-1.4507525883219
0.350342472560955,-0.805760439419835,0.0358318282505919
0.253554478915049,0.419644325789425,-1.24936891021366
0.707472565783056,0.014804988960665,-1.2209949798929
0.485663069655267,0.135194365041929,-0.785004910280934
-0.334633547260533,0.891632721038036,-1.01503254033385
-0.392481217339539,0.309274001659373,-0.785667401187814
1.00640722432891,-0.870655768578356,-0.82134496366217
0.907141995739187,-1.03835801299032,-1.19694810673725
-0.359708040593762,0.874595871380835,-1.26455343682429
0.914634156202027,-0.943061353932272,-0.606880754788205
1.22658675338716,-1.31846968196503,-1.11718262915572
0.592437551095223,-0.331167812820288,-0.545849384702759
-0.473303125359601,0.835750562159838,-0.992713236621307
-0.160163416991996,0.652658723374649,-1.277998949511
-0.0291059325461919,-1.62458141482146,0.22301795003627
0.532136744251444,0.358182778092701,-1.02510528616284
0.164294127318348,-0.400034769737821,-0.561246637753308
0.130966831105465,-0.388871704509346,-0.34767491058545
0.558885392433505,-0.193200110471295,-1.23254849151762
0.674001554179015,-1.65296547004259,-0.112438993690337
1.08790038884666,-1.72707854603846,-0.604525298452154
0.436895402917848,-1.31408966944608,-0.192065307545068
0.688383869947569,-0.305706151241732,-0.717831941467603
0.858242478109604,-0.44326762127075,-0.886535276449274
1.07222457244936,-0.898952304015957,-0.947742918568647
0.284557856145914,-1.37853712227867,0.235302071751095
0.179444969717188,0.120772402531328,-1.14079790592143
0.635779626388647,-1.35160445001585,-0.0977466430625336
0.421551857086325,0.00188980010285722,-0.397064804027051
0.410863115650641,-0.80572891147409,-0.0331009168018959
1.05933539258743,-1.56369336008101,-0.674866003517042
1.41396507211281,-1.46322337304851,-1.16918875963013
1.14973333692763,-1.00551481846003,-1.07003075997441
-0.0766502074509394,0.392094089570195,-1.08833628803998
0.178499983380492,-0.0894323211139596,-0.279046585177492
1.01422737950892,-0.677460972515889,-1.79705882493303
0.936311064498977,-1.69507149151513,-0.645769531167218
0.738402898857965,-1.29866990308588,-0.228375259128377
0.635704177739667,0.00941607244472498,-1.03765506595057
0.631152825740539,-1.32513649038418,-0.0973354730933138
0.7439543554242,-1.18725363026991,-0.262780276934661
-0.0282775117950105,0.237543079523738,-0.428880345512732
0.892555438444452,-0.864570955883279,-0.877543524864739
0.264463535294044,-1.41147892192089,0.255187469696728
0.246597316160252,0.220156081856606,-0.710000539720203
-0.0647508295457347,0.719806884202048,-1.24327505830626
-0.133227708551085,0.500933580150344,-1.23181026099621
0.865878969363416,-1.28522872216508,-0.427490676881464
0.0763478706644551,0.573187470670111,-1.19466094364846
0.205077596667715,0.340739592078345,-1.28878854047474
0.944077583924985,-0.394911120504826,-1.1508190238781
0.435301918902585,0.36608966063208,-1.3437984065495
0.321658001053187,0.203258455706009,-0.884112390480779
0.574421107896198,-1.22164221637382,-0.493769113931835
1.37474314403993,-1.51241910933554,-1.409469020424
-0.0539347704064022,0.468376964254506,-0.725995647210079
0.504512105863911,-1.43770672802981,-0.230010803404264
1.00740347892091,-0.782068320565213,-0.801957043961282
0.724863695055271,-0.782824947382341,-0.403634281151341
0.743229267189647,-0.810477347288861,-0.413904479425992
0.237675597230611,0.282416179793534,-0.653438459629712
0.881955500588286,-0.96981699050148,-0.539671240006345
0.284221254516099,-0.854785011292487,-0.00643554750957422
0.00496004083326018,0.487757140952966,-1.36209022595358
0.685107126680884,-0.890113306337408,-0.657453984842692
0.827706488982721,-1.51056916208891,-0.311023532982349
-0.372506669115729,0.889202766670996,-1.29491446685929
0.745766274768092,-1.27305201534337,-0.243255233016538
0.872947959193965,-0.314178858617502,-1.08029164882893
0.526804306473329,-1.17720880388257,-0.160390899806154
0.264708673859932,-0.736103835840792,-0.200965585961041
-0.0558984376356489,0.306456859044105,-0.396466686170631
0.976249116664293,-0.337506585406176,-1.34888173594732
0.24757184925752,0.314099113797862,-1.42866539031647
1.13713848579786,-1.6623522869648,-0.931790341247548
0.768038611221811,-0.671807813372552,-0.533708680192084
1.09038508819207,-1.52856838285981,-0.738989759148341
0.391811344622705,-0.701277196940391,-0.083222434847756
0.767760686477158,-0.974030486940786,-0.368960258941925
1.2247244902242,-0.83235359604121,-0.91224083954956
0.209871009939134,0.482759580049164,-1.13360868889818
-0.186791971887486,0.524409544163434,-0.679190110143183
-0.00281228215396385,0.406976250780786,-1.30297279215297
0.953937760580664,-0.990854886526295,-0.862927181584275
0.643636368546896,-1.31928538300994,-0.53950038075719
0.698033506164651,-0.809811271092775,-0.80749650234653
0.455652518941198,-1.3638294493516,0.167589004426111
1.03379203040045,-0.99525096618191,-1.33039684549101
1.23663514947893,-1.5204939711547,-1.08958505629291
0.122010116388994,0.322445347003379,-0.701745275690109
0.840077353597252,-0.11043356368168,-1.35215924389837
0.871238294905036,-0.16083532715983,-0.940624748487951
0.0455719740866387,0.544975640299315,-1.2514467326366
1.06030342674818,-0.200605533224657,-1.21919798677864
0.247055768753365,-0.429987378077116,-0.604793064323996
0.440848902578827,-0.420585615171132,-0.368557014397808
0.30767527318799,0.0275801833494305,-0.330542251171606
1.11244687328926,-0.82329160605805,-1.11427330742456
0.187386530150854,-0.0720705232523319,-0.442790139765949
0.503852900477622,-0.316886811045947,-0.707473641908417
0.677235191839514,-1.09610764887835,-0.408650562533167
0.199389826514692,-1.53057300038282,0.314916653823005
0.633009212422675,-1.3830472480425,-0.314619513056187
0.328133128826262,-0.496354216791177,-0.585918570796045
0.575276328124497,-1.770932085162,-0.0850138511326104
0.626657113257435,0.0171884285730388,-0.962305531749571
0.965074825522346,-0.45555108555324,-1.12339901851554
0.256311894814645,0.233962349184091,-0.743284426736213
0.414279275590168,-1.66388568915801,0.229230886713503
0.403900165740948,-0.566847257388649,-0.148833702996242
0.271557530739682,-0.00920756592089655,-0.457326524119482
0.932720642827752,-0.981129138692014,-0.618537945503099
0.134800453788006,-0.741022347237849,-0.0100592073985916
1.20592687456375,-1.50510339779363,-1.00706767309369
0.233734934815265,-1.38123655314073,-0.110401147228475
0.366892627348738,-1.15665635319558,-0.29521993551628
1.17410898903599,-1.39602358030847,-0.792274585139759
0.960860092186663,-1.00322838359814,-0.657129126158351
0.557046532067749,0.21466890079987,-1.26836285114363
1.32127921542986,-1.41293220709299,-1.42363554425868
0.255027649758902,-0.70656373172079,0.0621603710745773
0.0392909015609085,0.126634783448109,-0.607765754222339
1.21565417957285,-1.05665344819083,-1.04421614154385
1.18925396284057,-1.612795770522,-0.951579290083468
1.21802156652976,-1.43639210019653,-0.963142815509923
0.570250321071077,-1.65219467757949,-0.0270112149110294
0.913547910632712,-0.848831080434095,-1.28353487344845
-0.104060562421298,0.673671429379587,-1.07088331369954
0.333674810481317,0.384661171275457,-1.14786471096441
1.00833296516961,-1.76706043759513,-0.488928385381564
0.807146844327355,0.0842233129651877,-1.63037683144259
0.361418810850703,-0.823686699997416,0.0208105041783644
1.16833047350774,-1.21370226370623,-0.831084635552309
0.806536284742925,-0.49888111854317,-0.732472743058581
1.27323616316696,-1.25081523355304,-1.30684633604717
1.22996442268271,-1.28781471404634,-1.1402861139857
0.728213904511326,-0.346664330974819,-0.873038446374236
1.2953444125868,-0.798391647541831,-1.53463286670916
0.978595048947066,-0.404457405634192,-1.20665324914984
0.559236230919783,-0.0279660646896183,-1.59272445423557
1.02169114581072,-0.597070790363251,-1.14594359029415
0.913444246468734,-0.408251045243743,-1.05226194666228
0.528792466090067,-0.928849718081279,-0.465839681104451
0.902509836700038,-0.981642893172071,-0.567378346241703
1.15613482616318,-1.38719543925,-1.26305609189132
0.198955207213736,-1.0233790919255,-0.113772418234433
0.780487417752966,-0.233799563627836,-1.20477799939928
0.445240400875946,-0.299872304174598,-0.517709243829974
1.0447777987891,-0.230495024609464,-1.56118826091727
0.890908791037637,-1.19193858641892,-0.466287203202447
0.137867442582249,-1.67665895449643,0.13852217375447
1.30181811185246,-1.92030855023809,-1.22271815682181
0.639503840992457,-0.279132790597104,-1.16184048804897
0.403021214292609,-1.23433155008501,0.0797242245314666
0.460216767006339,-1.03032765160018,0.00447014669152379
0.964686773845122,-1.53860293430521,-0.752595441609462
-0.154394662569975,0.59052244449408,-0.828949277966477
0.288718130450749,-0.679076980539244,-0.264138552920614
0.500550075249163,-0.726394255769031,-0.528222043170749
1.20744918908846,-1.59446597580576,-0.99954669643704
0.229826452518232,-1.44145089504257,0.28492449412135
-0.280983921189681,0.670762764686058,-1.41588596765529
0.562880651896633,-0.233313853826171,-0.589976659962809
0.288698731550858,-1.67152846291872,0.252323909669947
-0.271887948748625,0.808340572593736,-1.18699238998116
-0.0898554508562472,0.517627702885413,-0.769254808569807
0.210818805348383,-1.10485041518007,-0.0833962823276058
0.516432356876102,-0.544646054356882,-0.742943357098471
1.00182505703567,-0.51510820711678,-1.14595593842688
0.467960940525012,-0.865785117634641,0.108831999947755
0.50095036098617,-0.546497581228848,-0.23051755645361
1.21137024154854,-1.58613918730147,-0.87658091193276
0.899572953132169,-0.545725628044127,-1.22566733046683
0.114246389512712,0.0542852399098983,-0.359249335253182
0.954983020548941,-0.331088800835566,-1.16325164571603
0.562821688863418,-0.28402718646318,-0.547907899893977
0.88692160812062,-1.11983140385175,-0.484545687795904
0.637767605929461,-1.17690626989129,-0.138153848447015
0.679413174069899,-0.715636032510013,-0.801958054982798
0.500360147497191,0.184075453460651,-1.06811465290785
0.677105796025034,-0.452123771577957,-0.941226219985189
1.01676582989995,-1.45518048101562,-0.610400758847745
0.489424748631876,-0.874442529841424,-0.314352146633731
0.321363783899566,-1.65208897846077,0.226075991603619
-0.0850895451101552,-0.0388959260820676,-0.583739613529147
0.446340141920041,-0.417213593493474,-0.292454791085847
0.695690519072921,-1.62497714435503,-0.138017039348537
0.27652498213481,-1.67066936647362,0.261840264413359
-0.12883580750283,0.293764364759899,-0.578178196300996
0.456272706325271,0.298813430099381,-0.956213130967769
0.211967715434913,-0.792580450359671,0.135013356342766
-0.0856404370819406,0.595159988591547,-0.781357715691921
0.608226111263492,-1.30041842766959,-0.0769590091227608
-0.149745009783808,0.678416864431765,-1.32769490653247
0.125105011646254,0.327716331526701,-0.713546041888514
1.03146248240474,-1.27504284153616,-0.982081566737752
0.18244849572174,-1.41491952168161,0.316835340144435
0.310887403227866,-0.00763583680122365,-0.460331048881838
0.459367890010479,-0.414171132720709,-0.309434689721708
0.390628829706909,-0.995279424634641,0.0582844887072023
-0.544309086755869,0.874431926028584,-1.53017990887619
0.922958992735816,0.015761124477183,-1.46348599246483
0.342866077779212,-0.462460806442128,-0.129040913149954
0.898703670015625,-1.2219361145314,-0.835112329106092
-0.297976153538969,0.808167130842272,-1.14956728236955
0.478370487831161,0.223884046426984,-1.1010218451606
0.277329072980958,-0.870703006316474,0.0692013283274133
0.6703757602414,-0.82856308449695,-0.308027396209682
0.29473781185451,-0.487571733549115,0.022976326735712
0.741734943528107,-1.60156289529779,-0.0700879009021301
0.857466708480988,-1.478306113146,-0.186405345155777
1.16616992618724,-0.943562693624025,-1.16593521944593
0.4671065549374,-1.15832204269811,0.0366320112072051
1.22050111323933,-1.13412744841038,-1.19418473561169
0.580649306107387,-1.04906467428387,-0.239049536047119
0.668288320581284,-0.343395145737298,-1.05989492168708
1.18757593203567,-0.924676020667837,-1.08062969690641
0.533139982348628,-1.25376841949458,-0.00803248621454422
1.03367478969712,-0.43768737393348,-1.37053113864289
0.645329825197776,-1.08855379899019,-0.544089411719258
0.87517867998803,-0.315145570455116,-1.33542239210493
0.319241548995858,-0.830566251239823,-0.327683371054459
0.834804902329338,-0.995783820904568,-1.02816127932792
1.06265026869578,-0.878302729644958,-0.9401527959761
0.841287272524442,-1.1682229701895,-0.771862962728035
1.14414276336411,-1.44622096069149,-1.33911049342788
-0.228654511122607,0.778888317567007,-1.16530920569272
0.319037332208843,0.375661294968282,-1.09792629479912
0.0918454150428277,0.258000089249434,-0.621102108326532
0.868861095426307,-0.808629175778069,-1.07717782898676
0.126283459541021,0.190216151312934,-0.394317979004694
0.596597851025842,-1.14657876069299,-0.261256106894263
0.208902646431127,-1.65389563827358,-0.176030803335388
0.654640261342182,-0.86850805073833,-0.260451082779766
0.446028786017746,0.168978689906446,-1.02168147368286
0.28733901500044,-0.676641134706683,-0.233923713287045
0.0595144204391613,-0.3293939072744,-0.215551382272837
1.12648074022001,-1.56752402654646,-0.809900070198693
0.698129263188828,-0.300883893043089,-0.739388086315341
-0.0693270104493038,0.664596911315524,-1.24091502401165
0.872786365509752,-0.543935192239172,-1.20801582599092
-0.143619204317551,0.738838694269326,-1.18232597056577
1.31843477431835,-1.41958747158053,-1.4077158732386
0.213548302275321,0.296087942996338,-1.10231499628951
0.301373789545022,0.109776648887843,-0.670767291522605
0.968581805334098,-0.475517182273592,-1.10636997170805
1.05101328743609,-0.801357460455232,-1.62546147167766
0.625245628183596,-0.505045566445253,-0.85968057842801
0.0984605932078638,0.223370321649487,-0.648955045558868
0.485098631907269,-0.354927481285464,-0.708292698446413
0.212449694257838,0.169240226830824,-1.52409723072646
