15.8129613189299,14.4759032645522,25.2669593066577
15.4106285960459,12.0514744023638,17.9133317672961
11.6867729340717,10.5489229584177,20.9894201982936
12.6123335063636,12.9374613309435,27.0715638485365
18.6401483568084,12.5968457475141,12.6710645156878
15.6114977288779,13.313456121963,21.7598944126573
18.6731304912401,13.1020947994092,14.3153027705132
16.380326852621,11.3118052134023,13.2696964788754
9.33479830784635,8.69495393269502,19.8574476442435
20.3729305680115,13.5844441176463,12.2197155231774
13.4328789549579,13.9046763391879,28.555152430519
19.5149400834008,13.9854547646095,15.4672568995797
16.6685764743828,12.1106013970977,15.3505033027941
17.1383562674385,13.073919646296,17.591487962206
10.4378965760411,11.5248814169384,27.0492604018752
9.08040489067464,7.4183952976812,16.0789500348554
11.3501277206954,8.0631210788381,13.2829474318376
9.43054729771427,11.0056793612872,27.4983095178126
11.5992388216286,8.02915657911753,12.6202452166353
11.6016244020222,12.6686698515626,28.3788223291837
11.5284799716056,12.5403013655982,28.1033599023736
11.8080745039259,11.3898319994528,23.5801019926432
21.4359451703905,14.1003507239438,11.6371719936204
12.0407834881343,12.9195620843423,28.2664490468529
13.4720291453192,13.7489527106427,27.9400320013676
15.219578983465,10.9903550824193,14.7276719322198
20.5758096316896,13.6211794008729,11.8988044775484
10.4891259361818,11.8182729596248,27.9335744547379
11.0722663872877,9.93962817512412,20.2692784159887
12.241338295113,8.84784023985408,13.9912121072079
8.95757723346049,10.3529530996913,26.3196419585782
11.4693890168352,8.63016643207973,14.947596578234
11.9261353996526,9.77319421408278,17.8278204491726
10.0969603274377,10.4839872896981,24.2616230109517
12.6404296681503,11.741113679061,22.9449687024899
10.3796978994416,10.5696494901931,23.9315024011411
14.4457724959357,14.5416679028756,28.4941395729304
14.7051032162309,13.7416985840236,25.2063063839424
17.7723133684641,13.2077677598997,16.6534567431885
15.8296889207329,11.3648556230985,14.6597054303128
11.4794595930505,12.7481490054945,28.9172686208939
16.9015280593259,12.3915650868493,15.7933450168055
11.9926354300775,13.0248936952502,28.7301193732321
16.1998005119587,12.3750347617071,17.2788829845587
13.1422449136027,11.1281031597699,19.7596299138174
16.321993288968,14.4335119786888,24.0045759722461
14.8010200141556,14.1709415102056,26.4540280799505
9.52329844999805,11.9198834555271,30.4007537883697
14.0672389903133,13.3995553044127,25.4451906504902
19.2988244109005,12.5299641771609,10.996699991861
12.3324894326467,11.2968108341424,22.1118954064603
19.031945245987,12.7084010425286,12.1893170911728
13.5020257432097,11.5927460853345,20.5479189462663
14.9474988589297,12.9685320680702,22.0467484723927
10.8631692637562,8.1679331271766,14.7089239640184
11.0049285078026,9.25938383905017,18.1059332227551
17.8023942069548,13.5327600107279,17.6916050505571
12.1237267613324,12.4872833683691,26.6154549013297
16.1508607450282,12.7219530577212,18.5651392835712
16.5585224017122,11.1782173151894,12.4243030407402
14.3611514873907,10.9895029480029,16.610751781412
16.6739357342728,12.3719461117865,16.2267079960782
18.3989157084093,12.5666782420285,13.0985543744237
12.8584551569911,13.7614848910064,29.3306421537854
13.4245643559788,11.537915646068,20.5318034276357
15.9825112001253,11.7987178639293,15.7981003117972
13.0146744097473,12.4455864265261,24.5163575828125
9.17907449039743,9.35825276585211,22.453285713482
11.2440123033552,11.9736396198754,26.8029744682493
19.5540215946251,12.8219836701817,11.4282325130917
13.3773158628562,11.0840144673082,19.0933747908809
10.5278476939461,10.1809304251124,22.2852527494149
13.6570486063213,10.3076508824347,15.8409240552616
11.6458096959988,9.28920600748251,16.7992375208894
15.1631448702958,14.2273278035479,25.8500210269518
9.50718562892188,7.52052187970773,15.4883064570798
18.3804073097301,13.565760489633,16.5338303062295
11.8881692719465,12.8072876048469,28.2202657671496
19.3065249567333,12.6549608779017,11.4044869733996
10.229810889375,7.65331183457123,14.35187492382
17.103982407979,11.7676331326881,13.2285974948514
14.0907767447707,13.9569210319046,27.2872567641639
10.5146843772298,11.4000927843854,26.4565585010036
11.2531489402332,12.1937935852169,27.5309251327922
11.145700173232,11.2574258303869,24.5854655347995
13.8098191333416,12.5476623242789,23.1162418420528
12.2462477915771,9.39814207180591,15.8502035027673
9.23569673437208,9.28808578147425,22.0904774453827
15.3097224877219,13.548395445236,23.2211587516277
9.44920668939085,11.7022124429253,29.8239466901988
15.559037515267,11.6082379624705,16.0812774388922
11.2428571216601,10.1798048633183,20.7105443812777
17.7473593280777,14.2309370789698,20.1847352150428
14.467958626815,13.9271568207546,26.3574530071838
11.3266094747383,13.1021338812337,30.4558275052777
9.18899761143505,6.49724532566118,12.7105507136572
8.61639199516157,11.0651906845365,29.4892216378103
13.2297094556006,13.4074586451937,27.3121061858617
14.0987833250535,10.0287888950199,13.9229297201763
10.7813818878514,9.39736775667552,19.0658999815792
19.9378319929636,14.265483343963,15.4896202621143
10.5544421679172,12.5297030029092,30.2073218769637
12.1663083397155,8.23793442960319,12.0837578865956
13.4194798861694,14.5576476515821,30.8032112370981
11.6526317808455,13.4814538708742,31.0283800178067
14.0401130302678,11.0100660150087,17.3859447691054
15.3172352678163,10.2615755107008,12.036922969204
19.4587600495296,14.2157171320906,16.3730546796205
17.9815332906048,12.5340599364171,13.904720161473
13.5026308281167,13.9346086703165,28.5036087661719
19.1382318134714,12.4159835343221,10.962248224198
18.4052391057964,13.1118395113014,14.9369731638621
12.7535248481493,10.1616938674533,17.3300535588415
12.6918550356271,9.02497522724031,13.6032786441629
14.9506408056815,13.0326334285438,22.257644761154
15.4749562846756,14.0758189129312,24.6501812697077
12.0721144687394,10.2633301730621,19.1724529020672
18.3914086642447,13.1174009599222,14.986255111094
9.14076321067609,8.67766676488617,20.225007858243
15.3522205894164,14.1213905160546,25.0746730673159
14.3074106088477,13.6168891995491,25.6559729386089
15.9447449535154,12.2560442737547,17.4349453324346
16.0855338225322,11.3028480966279,13.8869263139786
11.5655915021823,10.3369730804701,20.5355085313088
17.6440776417609,11.9706265153784,12.7317189147402
10.666167950126,7.8257816307482,13.9791993765843
15.6491047852765,12.4157506925304,18.6271096700896
13.6684422474629,12.7894224524007,24.2482843930739
10.8830331167004,8.8486866634484,16.9783002699176
12.6360874048497,13.3053189483727,28.2692575032113
12.7180667492793,10.2092982008515,17.5697021348929
15.2234286461184,12.1029181977471,18.4994044105746
9.44454239754368,7.34082901426615,15.0153863367899
9.80029226360173,11.8750636293198,29.6399094500294
9.26165615771944,8.70951894278999,20.0676297839528
14.8499461121003,13.686588645251,24.7008361108793
20.9000904426105,14.1352805476823,12.9331331966541
17.5813832880847,11.5270369075099,11.362260957401
13.8923824559763,14.4623798071012,29.4405442898032
10.6045468601663,7.96928426898626,14.6021649948589
11.0270687565506,8.4816690992952,15.4148253270554
11.5054854258196,11.0621596870679,23.1315513224044
14.1555771828872,14.5588201276487,29.1899806905626
10.2413328224413,7.43992526388922,13.6015309282236
19.6597373633029,13.2749321162731,12.7349707374537
8.65377984610842,10.9389013584149,28.9779829318196
13.5234091090104,11.1653769960168,19.0488542227152
13.2535184058311,12.8158715866978,25.2497439338169
11.4120024625642,11.1454377321071,23.6198908763987
10.2201430236693,10.7193128489144,24.790562154796
13.7150161073078,11.4388697146001,19.5571461228351
10.4801464460928,11.2369192848453,25.9780190721615
16.0350035309684,14.2853053353363,24.1315294891135
11.0386479660707,8.79424243520931,16.4514257953254
20.8363842487871,13.7523500724804,11.7720016818373
12.182598850972,12.0097098730558,24.8634459477282
12.8453786340842,10.7299378896248,19.0589900779111
10.2380417419686,9.0715945280563,19.1527347775328
10.1256698129444,8.62680672025588,17.8883478687454
14.1630771648517,9.78502714686767,12.953438549597
11.3955112841185,12.7923551586974,29.2519046489516
8.86462862031483,10.4294798186023,26.7838683488257
11.7690554869072,8.5926072948208,14.1616100186863
20.4045929697573,13.622189827077,12.2784026276252
9.89377364155341,12.0178456359748,29.9196646337105
8.98529387286476,11.3535481801321,29.6585011442624
15.9963070564208,12.2524920877805,17.3095934213164
15.7127182766246,13.0335219959478,20.5863708250144
12.6039495592273,11.7534528106755,23.0670409757271
11.9673711512495,10.8885193395173,21.5267998236484
12.1457649001763,9.35746115396744,15.9327427641809
13.0065292482081,13.0142123785837,26.4662906452121
12.4541648211155,11.4484425080651,22.3597768109609
18.1867133774107,12.2419701504735,12.4614945967851
13.0781044988284,11.6908573553613,21.8126345483087
19.9018030570373,12.9866372512308,11.223601186752
10.8324365685141,12.6837146643229,30.1198551547796
9.95410611015053,9.44742787839593,21.0535252969603
16.641056060857,11.4949595466391,13.3191805453749
12.0919128744231,13.0685637909993,28.6603849155639
15.3644155265774,13.5624399050451,23.1487168074788
11.1688672633188,11.6126942535363,25.7416737181547
15.0269957986994,10.581430112127,13.7613623595337
15.2250217997812,10.1063099534949,11.711966425512
16.4539869198036,10.8252490880575,11.4546776060793
14.1911677161599,9.7847009054467,12.8906148017197
9.58307424676348,10.4065444464656,25.1275067425877
9.56539653976177,11.1500550266428,27.6925938475487
17.5657332237944,13.4340391223674,17.8761249507479
13.9010103910864,11.2309526916998,18.4420683998788
13.4262231627183,11.9998126325585,22.0975607386631
9.51254755000588,10.9639499913373,27.1763688361454
17.6523397067969,12.6353337263625,14.9720633858148
15.7322848101182,10.6005256334918,12.2767156607522
13.6988299891493,10.5647598967786,16.6227171511532
9.85800993975689,8.45681134775415,17.8988011629446
18.4221489916638,13.9239224430457,17.6590613332927
16.6511528153242,11.0241427577519,11.6972890404466
15.5803592524019,13.7400770582082,23.2778492046727
12.9113269914642,12.1992542005265,23.9064424096989
9.4941496762024,8.04625790167541,17.3032561976629
14.6280944206512,11.419187500773,17.4842276013328
14.8017561785732,9.79571401839554,11.5865644583443
10.5470057729619,9.67364059132019,20.5195278124483
17.6840888893818,12.2486255014374,13.5883795235672
13.4102307524553,12.1612912318055,22.6813570987359
17.4676462143272,11.3922840295098,11.1542885921778
14.1322668892379,12.0432943997681,20.6941138265224
17.4109385847744,12.7628529643314,15.9357005260274
9.99714653473482,9.87762140275489,22.4206468758733
19.1135996314119,13.5372546153923,14.8261429714853
13.8046091966573,13.9226636268843,27.7995727405335
9.63522870939895,12.2645679349815,31.3259868644294
16.3320357818227,12.9343163926125,18.8886491197175
14.0575253493506,9.97619691366955,13.8348805641467
13.8563611500331,12.5333837284986,22.9654736630595
18.6569989473896,12.1908855485305,11.2547000031458
10.7474689997795,12.7671186540949,30.5899142145003
12.8595872754298,9.26644940261194,14.0552332676586
16.519616574886,13.0325678175943,18.8103638565552
17.3758844369799,12.7164903883598,15.855187332096
20.2391976385677,13.8539395351543,13.4292012668621
14.516652656489,12.8581729104062,22.6183518444
10.307586953794,7.54576759919693,13.815593620736
11.8926605649725,8.62163726028443,13.988684242249
15.8182007667062,12.4156333531976,18.2552051486773
15.2091717996495,13.4390187240867,23.0704370998285
11.6820478718365,11.0023943853904,22.5405751584458
19.0943488131525,12.7890787331824,12.3263368236252
14.5715395447005,10.6250511686121,14.9102176537617
13.5115590824517,9.8730530211854,14.6839195844511
16.0433787766794,13.5913525212158,21.7552639596301
13.9602072766966,13.7815456722696,26.978241097821
10.5591376609016,7.3605138644297,12.6334914323827
11.4174868814545,12.2410967968934,27.3305963590844
10.0132818440032,8.58671652651899,17.9990498453155
11.5953896798581,7.9097462856911,12.2229777652071
9.86418459325185,9.11380615785021,20.1175270375069
15.5058729863823,11.7353750801284,16.6300582570531
13.4920957569194,13.8873828541945,28.3662938185059
12.3235203695821,11.6097158243231,23.1947675401018
11.0602600051954,10.5047997457095,22.2159575656059
11.989447320103,10.2255080284524,19.2255641123763
16.2680833210776,14.2647897709221,23.5497441148263
12.1610412093446,11.1934638628836,22.1374239308491
14.877596576163,13.7284900239361,24.7824573354054
15.3869233911104,13.7899168034055,23.8721720864907
19.9196382907914,12.9475176505738,11.0514990897194
18.9859382342994,13.96476419553,16.5591791134305
10.9431977171367,12.5889128879516,29.5544006873301
15.2948333626596,10.7045075287918,13.5911040817223
16.5631626854928,14.4485039226673,23.525662602217
11.8656104569832,8.36741197348312,13.184324495134
17.2649917916,11.3365629742361,11.4101975520105
14.4670944134579,13.0655756398531,23.4319305713728
18.3497860988158,12.3848686618898,12.5887526429875
9.50818885645654,10.7268956503325,26.3804980436579
17.9657541538964,13.8556358032691,18.4297464536531
20.6105631260454,13.3757941398612,10.9886975287471
10.0072494851887,10.1807175214797,23.4282896674216
12.9354103979645,9.70038037868134,15.3630297343518
10.7268105795014,9.26036226465634,18.7202859664353
12.0786400885573,11.9567339766294,24.9118467077092
12.4857219886092,12.2031709235851,24.8548095125361
9.96660530373768,11.6593890794964,28.5417136577718
12.8898103886403,12.8513461114981,26.1693475632637
19.0237014939963,13.0232412385023,13.2771710167592
14.782834748892,13.9281861608789,25.6691639330663
16.0390626702039,10.9263664383212,12.7098405582897
12.2384609520275,13.521573609034,29.8776226086255
14.2542175266626,11.7936838202915,19.5780772465845
16.2583398546139,12.8996355016172,18.932723587333
12.3633534095429,9.95043922952564,17.4694782974113
9.98011406427248,7.34206667916541,13.8429344209862
14.65190670283,11.0551908005558,16.1951488538876
10.7155164902538,12.0874838131541,28.3508978532767
14.2745510237577,12.5711821164013,22.1751344123771
19.2556889045699,13.35745840398,13.9030720205608
9.86938531861349,6.97985384291621,12.8555049633122
15.4682284348952,10.2975228185856,11.8273285123714
13.4906234415625,10.9836387324282,18.503386975135
9.57998738026099,10.8815173207759,26.7481187027434
14.4602292589376,14.4250892084506,28.0662748480605
12.8992728412676,13.9807799850365,29.986070975753
14.2571146623267,13.3349049953428,24.8083672332371
10.76830771178,8.17929317428056,14.9559342794508
9.1050164943775,7.41178137114898,16.0024057123697
17.2100398118357,13.5071737923112,18.9060794436314
11.7920330943013,8.11328056023126,12.4825046236991
8.74946696204568,10.3239043013322,26.6781626365532
11.9348083811366,10.9096937166474,21.6702854459927
11.5594724124974,10.9854051382749,22.7521499730771
18.5278381811167,12.9316608670247,14.055422999798
10.2511090244134,10.7285174496569,24.7538042493964
15.503032555279,13.6548158946858,23.1580423539107
14.4736672926943,10.8718131749871,15.9636750562052
17.9733381572182,13.7604814535527,18.0897754226203
15.915964704121,14.3426275913717,24.5878247820605
13.1952200105531,9.07768975177358,12.6764897279426
13.287653640943,9.60838150735789,14.2765598201755
8.62645369188426,11.4308583111001,30.7095562187436
15.4819263830667,12.0572766682305,17.7764042404922
14.1898859001603,11.6929615719741,19.3771874671001
12.8988645508097,11.963635192653,23.1332525195966
12.5460631430208,13.7584420012508,30.0066321134749
9.08419491479928,6.76464838338997,13.8493671242953
10.5242142908323,10.4344373106553,23.1545835923154
14.1102959733826,11.0652570928918,17.4192764669633
14.0984881216992,13.5297746038656,25.8189861019956
16.004299766561,11.8060365770474,15.775097597176
11.8462510698747,9.88276280333461,18.3756118457282
15.2329262359792,13.4920030321059,23.1982747555279
19.206742905531,13.214811553687,13.5259313174474
9.70374312250368,8.02977068728367,16.7867578432454
13.1595565003721,10.2848874105532,16.8565758314746
12.6677594124982,13.8806027198029,30.1543332622896
19.0377430933251,14.0006638161607,16.5673404922185
11.2925131530579,12.2104510352734,27.5010390354301
11.7176663240204,8.10692353122488,12.6242898064076
13.3811229176413,12.9655200187263,25.477860462971
11.046333874169,9.06727100331448,17.36221740692
9.95021378338055,11.2595914074796,27.2193210579716
18.7854173256754,13.6832654616734,16.0432688911556
18.4268921576423,13.5505196667056,16.3799183386618
10.5248434290104,9.47256190986962,19.8850074617268
14.8693262521516,13.0731674206867,22.5740173824018
18.3177625766044,13.8566447049215,17.6598078396199
10.0987892264373,11.4164040422417,27.4257062417756
16.7735636965672,13.6332468550955,20.2933848939498
10.8734657392342,12.9214692218096,30.8375396305605
20.3418418520565,13.8980653787076,13.3536184867692
12.1532592248272,10.9195101553841,21.2237000254249
11.598417654764,8.28507764318926,13.4916002731799
13.2966526594169,10.2300518753988,16.3690575788238
11.6801300607829,7.93363507117616,12.1179698326947
10.3777967612583,10.3822666494945,23.2990027294267
13.3055427695936,14.2296759000064,29.9391726038368
9.052620777998,6.91457389541399,14.4281424353565
10.9579110549668,10.8258751935956,23.5317474129823
16.1708349209014,11.0634160131712,12.8859929886175
12.6773089928561,8.48424913855691,11.7979946528351
15.3706544578864,12.6832651079871,20.1478103046535
15.4619854744591,12.5869182121903,19.6197941626115
9.19674039729965,8.38480373526181,19.1069555230159
12.6230627413971,8.44476626896958,11.7830221253536
13.3130049302773,10.1938449899796,16.2101101914581
12.8467309280668,13.5060474932984,28.4884928456229
16.9284814424109,14.4552754067499,22.7460607346276
8.81357187175836,9.25345639546557,22.9002293284324
14.3415205185474,13.8468621111038,26.3624191712317
14.7455322445907,13.5402898812732,24.4331507381329
16.508390235766,11.3410014066412,13.0875405517017
16.776141428068,12.1253683217059,15.1643558891476
13.983202442689,9.68012687775114,12.9922025014428
20.8835843308185,13.7911834217324,11.800247829932
13.7499770949146,10.0825405044192,14.8718945681821
13.2025877228872,12.038868847905,22.7215929109583
12.2416689506479,9.68061066617349,16.8200155805925
15.1040524436891,10.5877542471859,13.6135557260816
9.12362565998049,10.4011797867122,26.1186929496586
9.3038036264168,10.9578216403248,27.6141591707228
19.519055503988,14.1375772248064,15.9750864778075
11.8323091755417,12.5888358298202,27.6007506703822
19.930863653622,14.132397965243,15.0527414621659
15.3584094981374,12.2182236809627,18.5946269314546
16.5314649329889,12.2969104515514,16.2847670082216
15.7771699366799,12.7437540139532,19.4602161126985
14.4880377239454,10.6970728002201,15.3383822565063
19.5806357560014,13.5148230615891,13.7238427981633
15.9033647786091,12.269575325325,17.5718329309449
14.5773354092196,13.4831553844437,24.6085534843421
12.2623948697534,11.4575873900834,22.8121694695
11.9252314368525,11.5538840181492,23.8801114873923
13.9828903335621,13.9970901356719,27.6607682725947
9.47909340787261,10.9702777525297,27.2713680053415
13.8499490241635,14.6204026951474,30.0706903039099
12.5340344042316,10.4094770667731,18.654177279519
13.0544619946308,12.8987244975224,25.9685850866327
9.75914266516033,8.60707216979805,18.6265595720847
10.1050320336996,8.2936454702812,16.8016969886341
9.3744400444922,7.90865549940331,17.0987236945152
9.55006389933709,8.68043869035053,19.3351877516441
10.5088051012711,12.7922664623409,31.1997070584125
15.3111540246176,12.471770215278,19.5599306852287
13.1959857220126,11.5684752954159,21.137826808788
14.4296969392585,14.5428305138689,28.5334079970017
11.6145527164343,10.1479225349009,19.7855972683225
16.4765367391054,10.8688290351973,11.5532083304913
15.1409340805724,13.2761751098168,22.6670573576703
20.4159151035786,13.3005272442111,11.1606048257092
17.2311414320042,14.3443116741412,21.7040883057826
8.77756111011762,9.20881096259467,22.8276522166395
13.8740375674708,10.3046007077747,15.3538331158758
19.366089448156,13.9559224940467,15.6939407605414
10.4626250271048,11.6610534131422,27.4576075262625
12.4678861768357,12.4978953263566,25.8953892498265
14.2672497962717,9.60147554411856,12.1009110909586
13.048785768895,13.0346041046332,26.4427381793621
11.950011671608,10.1831191215989,19.1681785852492
12.778639560852,10.4165850535211,18.1409279384732
19.927347899458,13.9463330136784,14.4282669533209
12.5831048403117,10.0789156005341,17.4232100071251
10.9614020784621,13.0479790714712,31.0741889157608
11.6916153760306,13.4312511116131,30.7721571332183
11.5932990804281,7.99273966808596,12.5095600279714
11.1195961537766,7.58388402955371,12.1611093618733
10.8452312250741,9.07075614655372,17.8158838405709
13.4031968587648,14.2546438930958,29.8094599615928
12.8258567060292,13.8693210867038,29.7686597183747
16.5849445360522,13.1971187919121,19.22593752085
16.3255923962236,10.8775081509608,11.9143241048696
14.1038184694132,11.7096513765898,19.6229860786558
14.7733869086631,11.8806405781754,18.7329117637424
13.9015424833149,13.5791309535005,26.4193775567174
11.2999992217355,11.8641302321544,26.3078871127934
14.2058831978107,9.9902651576461,13.5567367583215
10.9300040826635,7.59141945291992,12.6032486846052
13.1320055434704,12.9955248098872,26.1271224358633
11.8377438842231,9.96525043062019,18.6745730030656
10.9654248690188,11.035430175365,24.2272509426254
10.420938156984,11.5788384665301,27.2698497876543
16.4084909166121,13.3099178933748,19.9968691793023
10.3883510373042,7.20143247430091,12.4681958495008
13.5499929705202,14.4634611603979,30.1964521111696
11.0313011986665,10.4527031076762,22.1025700355073
13.0846460071616,12.2665629488457,23.7543555439632
14.8848447523735,10.2710581829153,13.0191095201758
10.290422001136,12.3518071286173,30.1829349137708
12.3599003190927,11.6158066214081,23.1355352590798
14.7143316419244,12.1315339482065,19.7151250615348
9.90501589882609,9.83422606671475,22.4756132720434
13.4400175567716,9.29106499855127,12.863658376837
15.1406319056063,11.2056392572696,15.6325973021231
18.9373770645323,13.7659959986582,15.9905076946132
10.7320916918596,10.6594651289439,23.4624585326603
12.673574862935,9.83564540666804,16.3978796283052
12.7433557969398,14.0550734551947,30.5810517615807
11.8065470029747,11.7917790747741,24.9491659845732
18.2064966158429,11.9300997438173,11.3583788308952
13.1201283451315,9.15231810217441,13.0950340511587
13.3805175522559,8.90539369510611,11.6839732180897
10.2255265904577,7.65270708048981,14.3592327865551
18.4135484279308,13.4151022514691,15.9491227124959
16.0154057994623,11.7688036403969,15.624190009382
16.383306289449,12.5083600893962,17.3287222658628
13.1370810010487,9.43918527726705,14.0324863747589
10.9009982472392,9.29466747710341,18.4541535237931
9.03917976013211,11.8057471591014,31.0765637319741
11.062262390491,12.0854759160178,27.582270791306
10.2478455972299,8.74884670693918,18.0345853035431
13.8209500477573,14.5426016484704,29.8700543603619
15.1471858862178,10.3244791611198,12.6242531199733
9.23418740736437,7.14494174104655,14.8119664230987
10.47815870006,9.92125877506311,21.5121256199199
12.8553789848392,9.93912506206938,16.3500498995155
8.99100953469366,8.20421953951405,18.9453720887204
17.7757651452206,11.6846214557766,11.4706316722679
12.8080557483859,10.3266847104129,17.7708430466595
11.7202670017418,10.168579727726,19.6235293417426
15.4209892399026,11.7093363562243,16.7280762528515
13.534413050387,13.2773318887135,26.2005331316416
9.59377401620146,11.8407746557672,29.9771277268512
9.77327989007568,8.28120101889804,17.4882774001128
13.1693736293799,10.2800400205922,16.818537357758
14.0672657676101,9.54224717485585,12.339036254423
18.61810536952,14.363828777675,18.7232263049026
11.1139632439946,12.5001015053392,28.8774696512409
18.9353235874622,13.206422895549,14.0937403054954
12.5109103303292,12.7739045889697,26.7386699243656
14.544525719557,10.6631822899109,15.0991266356155
16.7535716893343,11.283220956386,12.3525516229722
13.9454643092401,9.73435574075351,13.2593687097959
14.7393069304881,11.8424213087969,18.6779270734363
8.92298740954728,8.52715019648213,20.1920490044405
16.3978077391986,11.2117250960733,12.8912454469377
12.2524058016513,9.32036377663379,15.5724045553444
15.0994706510339,11.5900266458833,17.0290740181982
11.1459958526292,8.06590153918888,13.7408747718049
18.0433346950615,14.2439589300244,19.5787186458945
10.8136251420769,8.53331157547738,16.0592306698728
14.1479851082228,9.85251726488544,13.2159092421279
12.0506366351086,11.8073571101478,24.4658282039412
12.3982486742568,9.31985782606603,15.2502669874646
14.9944882101836,11.240306592945,16.0714669798039
10.8673991512772,12.6546158167095,29.9441718968444
13.2614053046015,10.6900143189126,18.0093250984396
13.8637493162797,9.8844997575116,13.9490464841474
21.4257950523916,14.0521257688665,11.4956164938666
13.8721718407177,10.7554942768658,16.8899472150425
14.1880657609517,9.98195987898477,13.5676627707993
13.0170649029314,9.8453762214358,15.6762907148912
10.7689511543295,9.453536424453,19.2840564734444
14.7631098635511,13.1368663317293,23.0238077883437
13.4038396449822,10.9374153038447,18.5369972054183
11.2624757935776,10.5876650241185,22.0532410600481
13.1426174364868,9.388944645636,13.8496186082331
8.97972126595625,10.1435185833317,25.5593891048894
19.5800189251238,13.103114973442,12.3263246318824
12.4539327047475,9.56147829033006,15.9488898776868
14.1203624184777,12.1887554877981,21.214505740999
17.4623617588833,12.2042293217792,13.9246703251659
12.4517343746944,9.39484434576573,15.3875423084193
12.6465731249567,10.2036213511131,17.7074860487945
10.6022382226776,8.19208325796184,15.3642481389373
18.4758156834075,13.5323585981562,16.2107263583487
10.3949673823267,11.6643104595572,27.6173187248563
15.7165049943782,14.5257479950565,25.6482339593373
14.8175972988139,12.6709466997967,21.3210286646563
11.5463452780746,7.99292261312201,12.6133396747683
10.1136413094522,10.6145687279122,24.6686553058307
12.2424795642436,9.23139959848857,15.2919362645337
9.30328579590236,6.45748411109219,12.3243603328612
16.8683597346541,14.2049034020733,22.0274520923526
10.2034957729,9.77892530660145,21.6319524149887
9.85592182571605,9.60079869703642,21.7903501007601
10.1431127396752,12.4770396132159,30.9320813712844
14.9138329291911,13.6292439686472,24.3656342444626
20.0706858233461,13.7987637054862,13.6119510516719
15.3995715228743,12.7383518801641,20.2714492129988
11.2618901276362,8.22256560411561,14.0185560608072
15.9147301348562,13.4815332705388,21.6647702420451
11.8920115364878,10.0359320569022,18.7955034967868
9.48143998699483,7.48724821335819,15.4318149622266
10.5904921247897,8.67270779367332,17.0230873563311
9.5627454826408,10.7279746831513,26.264302765988
9.63226536973748,6.67001232458386,12.3237020986821
19.7413925433539,13.898307928482,14.673636706376
14.8027158941317,13.1912651340044,23.121625378523
19.8810136274538,13.4870257336882,12.9694612841968
20.5047526150776,13.8625747918989,12.8751141810272
18.1204318775339,13.6563585526609,17.4128271993254
16.6923802881529,12.9684123979117,18.2128171123219
18.9177911900337,14.034290724049,16.9451314047871
16.097310514074,11.4075243094502,14.2167144035159
14.8644333982272,12.3375349609076,20.0852857959953
12.1196617071978,11.0692836152079,21.8064040951706
9.71899348834166,10.4749887997385,25.061446094897
19.0813796530956,14.1215267788902,16.8821303040666
19.0033549864667,13.6503486988124,15.4526150138295
11.3255803592247,13.0744083622504,30.3638846275322
12.4555415726035,11.5931877999609,22.8485576432574
11.5799688128117,8.20561984033823,13.2621563499002
14.2819546646177,10.8566706088399,16.3334195582846
12.7683359763624,11.225258395915,20.9112195505761
17.136784381819,13.4588388084254,18.9027931985539
10.4567852276506,10.1060495644998,22.1869527882259
11.3522788577782,10.8538247695288,22.7602819144574
13.8101944780264,12.5319438663334,23.0620101129474
11.1182730013911,10.1193666584841,20.778904374952
8.75982146438017,9.99436293575999,25.5357207476795
10.9926124770157,12.8498419388574,30.3324026220429
10.9495727408446,12.0914265990917,27.8500700801767
8.54507043538646,11.046805916608,29.5834494358046
12.2250525139064,11.155806643839,21.8688412496784
19.476619915539,13.050073137214,12.3732715626882
9.24002732907876,7.91892311983415,17.4289166030774
14.7293479357977,14.423935250888,27.4710971538748
15.9527155918945,10.649143057462,11.9576156051735
9.63013989882156,7.5568831601703,15.3417203502785
12.3132870981132,12.2963807689957,25.5503529534964
10.9002726164458,8.04481380726692,14.209081132507
18.7214823486743,13.9829606558239,17.2020184416959
9.1721830154158,7.55403285404403,16.3381723650822
13.3808064585321,11.988353136173,22.1584054783355
12.7449063227945,9.88903208236676,16.4225571482318
19.8121239316824,12.945046483755,11.2793130244067
13.2235133136501,11.8285199111957,21.960910033493
12.3588543363614,9.15132607346755,14.7641912378979
10.8641107034703,9.11326162797685,17.918827601037
13.1988912230985,9.60837731262208,14.4715576298722
15.9187796083264,14.2754726161921,24.3534658611309
10.4292242363663,11.7388619548284,27.7953619485347
14.8462358826064,14.0230207834307,25.8520934471853
19.1010997320048,14.2777523595243,17.3696175665094
13.1542134348434,10.2159604443419,16.634119315809
8.63891164945633,11.1563323029838,29.7494204020509
9.86355269301246,9.69287776348826,22.0864448990361
13.148468808028,9.60168568863759,14.5595999225154
17.6983243161607,12.5050092187421,14.4282270403643
12.3344229282999,9.20801000032392,15.0104640627864
17.1669281404273,12.8600669474229,16.8021012724751
17.0954027667241,13.3390511986717,18.5867030072659
13.3429324287591,12.5453806999995,24.1342450055946
9.25419449062061,7.45042472851768,15.8059596579515
10.6481630806587,12.532191437804,30.0098709763256
12.2223015201418,10.3671161071907,19.1951268968917
9.75735913030324,9.74500367256169,22.4968632082031
10.402056069452,9.04027311287778,18.6859716517209
19.2273444170281,12.7504372883732,11.9028507017213
14.1253234965058,13.0350421547837,24.0790606728877
9.02790989126383,9.4614042357257,23.1358770434667
17.0919381438186,11.3137824245486,11.7129962440397
13.5920545643922,13.6145089390053,27.2195309863689
14.6976385606713,9.86288737435684,12.0435490700509
9.17305645024686,10.310604397512,25.7023421182688
19.6557941753334,13.1664502041215,12.3750416069002
8.7953010951482,10.0764306514293,25.7366156120494
15.0730672857636,10.0510118751872,11.8579242593967
11.5647593030761,12.5692039432119,28.1218569751537
10.1083587940022,8.79621044290589,18.5019686651813
14.4778530970239,10.9148907684914,16.1008448721237
10.669178436865,11.7780418984976,27.4013026956454
18.9463667142573,12.2825635586965,10.9304528815169
18.5451944472641,13.2775786455782,15.1926266553992
14.0964196129611,10.2535246189351,14.6917143682204
13.8340801348345,13.4015014365112,25.9640557957218
17.1535091001735,11.8552769367148,13.4175768507199
13.7779151209392,13.680310223012,27.0347682515281
14.4968089685521,12.567052472179,21.6727997075263
14.9985648758975,10.1043448816896,12.2028181303279
8.99625601010183,8.94283011712635,21.443445608028
10.1332010837093,7.74405448984038,14.8724469247695
14.0301698596362,13.4598455842971,25.7314821162805
17.8606673087933,14.0250443627229,19.2362281931476
11.0710383794064,11.0211073634243,23.9465517717109
9.63956923772434,10.0621526650498,23.8332359457615
13.0800097823301,8.89030422713463,12.2929223229305
15.4207675141854,14.3518637802085,25.7071608416743
16.6222872063823,14.3426882004505,23.0362319795676
12.9203458961612,12.1676330769706,23.7791876983423
10.9948136465676,12.0608042272809,27.6466287019391
14.591325869024,12.8362183852958,22.3796983582639
10.0625147267906,7.75517205334371,15.0655201619993
17.2916197792902,13.6391615366229,19.1753061640888
10.5846527443357,7.34740553851465,12.5328959320658
9.68301696676989,7.49328005980022,15.0094425898217
12.5617442976959,10.755810303615,19.770045511252
16.7644962790306,13.7720886013575,20.7850530265689
14.6896557521518,11.0983689251996,16.2589214087589
16.2284333702897,11.8574760348921,15.4574509108824
12.2426624662957,13.6452096832942,30.288473960297
18.7281596338828,12.8535281136445,13.3498403614455
12.8847153415984,12.6436472528606,25.4748365816058
12.4004109530148,10.9368554101088,20.7396393202659
12.4090058773657,10.5284168245516,19.332991711264
10.8904099722122,8.17016486095011,14.6566586424714
10.6518441548858,10.9142405870357,24.5044217852481
16.1792805032464,11.8595671832436,15.572545489965
13.4314110194238,12.6691705143466,24.3604610096743
12.0422696770685,9.62235712792121,17.0601682439377
17.4330683537497,13.9434203850666,19.8983317380097
16.1099235866229,12.6944491262792,18.5616277341437
17.1114477915602,13.3055712884268,18.4376961711793
18.4328789991512,13.6720314369606,16.7796294920047
9.59427505597498,8.69720386018839,19.29501886531
19.3862469228471,13.2573523788708,13.2761011901101
14.4907917364064,12.2853231262298,20.7287790925349
12.8103251607055,12.7173255300482,25.8886116419224
10.5289504360164,10.9234962899742,24.8058691012258
12.9971108752649,9.23361566586003,13.6415321160173
16.9478294843296,14.1673917735008,21.7254017051054
10.6039617285022,8.3522186206876,15.9045584693118
16.5408446735611,12.5841268021407,17.2400435191586
11.1777165696747,12.5643501043873,28.9557023140481
14.4556390631487,12.0888570801273,20.1384711403819
9.45596012787378,6.67992011933644,12.744710783231
10.0281829779383,7.55203101556936,14.4507288029981
13.1349654037769,9.98418275772513,15.888889223075
13.3067168545866,9.64108859465177,14.3458076042866
11.8694655720637,8.23249503922017,12.7174433070695
11.296947445,9.85667641360642,19.4938037492893
9.95254236139785,11.0066009039919,26.3546114582914
8.78425274112288,8.92236521074048,21.839685003047
12.1925529549653,11.8544453188024,24.3140294701812
14.8580550169602,10.3405123027117,13.3139532985799
9.12186358632137,8.94491263097955,21.174560127093
13.9078388390841,10.1255220397949,14.6711101808516
9.34448366979723,8.69018419932553,19.819962520492
15.2198065361333,10.4988277560792,13.0570943422195
13.2144138515339,13.424227140112,27.402685641227
9.85388126755297,9.68155484598564,22.0692209047561
13.5137274748002,11.8225669314305,21.3030795287605
17.1197982860855,12.233962592767,14.7783119088615
21.2711061522858,14.1552180961198,12.1857498032772
13.1922306499106,12.420645171395,24.0415207854988
17.9340790501454,12.8442395942467,15.0628847302266
9.35982779794731,10.8886728667054,27.2561244810252
13.792255894677,13.1354533944456,25.1519844459149
10.7528491108511,10.9904223692089,24.5413579306545
20.6200614845867,14.1226293665898,13.5053747570616
9.73754889496932,10.9035648720207,26.4768658753331
21.1971420038471,13.6657081338546,10.6850267022998
13.614075994263,12.4755166023445,23.3011600317401
14.1437607316256,12.5906930426447,22.5287750820241
8.84356992115953,8.98678715613408,21.9282529135824
11.9758899513341,9.41673881914134,16.5073695615392
16.18214604838,11.3680922499402,13.896350217346
13.7100095374054,10.6930344189116,17.0339978794775
13.4139078425762,9.45392627307977,13.4743805298059
12.7973801403952,9.09561948202207,13.6114689414762
15.7065051285343,10.7343216849153,12.787956917489
20.9356070370681,13.7088240593479,11.4061183783869
13.1474385587702,11.4575962866489,20.8677484400548
9.61061528037067,8.22096592514518,17.6409907879086
13.9192186833162,11.9119438454047,20.715889352012
15.7185521968648,13.8983180696647,23.5118980982312
13.2708541539951,12.1475820822603,22.9409891003607
9.02713399276601,9.6722705147516,23.8540486031936
14.9319723687983,10.9949087874968,15.3750192680212
16.3307581338028,13.6512899809634,21.3275395438785
11.14145198006,10.8867526113915,23.3353509623041
11.938781693565,8.36164901061598,13.0039854412349
11.765411954479,7.92876445075648,11.9140554641784
12.0376558081722,10.8392446207082,21.2049613749581
9.92087473284261,10.6652281595511,25.2642928355003
13.216620711963,8.83485794140772,11.8043949587511
12.6137057661077,10.7039803845306,19.4797814371087
13.4198662362647,11.8656634867742,21.6557242631281
9.45742943220429,9.66577412729487,22.8866115509398
17.0463491725358,13.1483508143734,18.0465257078305
14.4509464040764,9.88155479714361,12.6489614833322
18.3572497161699,12.3318019673471,12.3920486337448
13.3396352285721,14.12524940725,29.5094579398172
17.4039057076348,14.4539035524677,21.6968869137443
16.0382273277918,11.8838711799343,15.9650193976339
13.5677210346513,11.8428001896166,21.2532022204548
12.868062363631,9.27779691327731,14.0751691897336
16.0239556709062,11.4510942095217,14.5259146473152
11.6084683413746,12.6690035349145,28.3649198812708
19.1550852245511,12.5058332331407,11.2305061951259
12.8220923697145,9.09853027570544,13.5670659808753
17.4632251252565,13.4558526791749,18.1754530321367
16.2398849834295,14.0087015072578,22.7415771472833
20.6067220444254,13.9325243206529,12.8887558463206
11.1397588760839,12.2504850252246,27.9726666853269
14.7923266688373,10.0414257749932,12.4421436631848
13.835994260971,13.0987919879365,24.9313251485922
9.60673584114672,12.0543081382409,30.6741797886651
11.9469181812067,8.84005380121362,14.6116002905645
11.3291157344483,8.91197586437181,16.2132912635189
10.2103741611678,10.7622838110974,24.9580282311658
17.6818248422498,13.9659548630262,19.428376940681
12.3635901162721,11.8395451274197,23.8876319987644
16.5667365653153,12.8426235944513,18.0614613076457
8.95182737150131,8.21654291760637,19.073327280319
13.702720387213,11.957308171062,21.345674398908
15.4565195145679,10.3970738967402,12.1913009346364
12.8609622010477,11.0830276120906,20.2244567106494
17.7688602133943,14.2403478781663,20.1694728849883
10.9935473905925,11.6455536389017,26.2385008671343
16.4627596676444,13.9466711578902,22.0411564356061
12.8365959099093,11.2370982420675,20.8014802970635
16.5463244264689,14.2318770804431,22.8266167066231
10.6608701553508,11.6896848613636,27.1193426388172
17.6320950760285,13.1473495639753,16.7562331794742
9.04648248557695,10.0235133352883,25.0049683741314
14.7690405117801,10.8110905252463,15.1084174335309
9.94475901622932,10.4303520987791,24.413773105227
13.2130001179699,11.156062016111,19.6991765826159
11.3694281869289,9.00760172283211,16.449635285109
14.1359610706819,12.3009718050461,21.5615161854581
14.1881494970828,13.0024933739684,23.830439217472
8.75393025759662,11.5896943348293,30.9691708124717
13.67977682931,11.441468287599,19.6433964777633
11.8354857263005,9.35663226290784,16.6116133617522
10.6713955485223,10.2965427750451,22.3626961168087
10.1511540591724,10.3649323674428,23.7380421483809
9.03618210785076,11.1935837281007,29.0031829172274
9.74406691421926,8.18328071889411,17.2197518042923
10.7261297281218,9.43876422298623,19.3279436763904
15.4344266216143,13.0764065381941,21.3434909616022
16.4009459116129,14.1581544464025,22.8955253090929
14.6775485758523,11.1667631316566,16.5179061339138
15.1397014002057,9.99502767220162,11.5213090722537
19.2542061974643,13.1653964564453,13.2537547043714
14.272888255484,14.3089520773735,28.0832624718789
11.5214904448203,8.77328469087372,15.319406486624
20.2609185107537,13.6126365724757,12.5615976920032
18.9431448964784,14.0127545588489,16.8162549204429
13.4971186655666,11.7101886768152,20.9577381914007
10.927655645033,10.0259373077826,20.8802451143822
17.8357970369949,12.4915293691987,14.0803969738086
11.9279737655836,8.29642493681995,12.8061167243095
13.6140401428994,9.15806367791286,12.0294260196014
15.5775267980424,14.2673690756971,25.0756685952076
14.9945763701252,13.1069653213217,22.4136775955245
13.6722153366228,13.3060246956691,25.9952703501366
16.6475060711294,11.429059223268,13.0810982236186
9.94033108086923,8.77200428845849,18.7888814989066
10.7218329058024,11.6239965048388,26.7622154004842
16.1232121048449,13.837691793923,22.4168638044805
12.084160081493,8.40305708881297,12.8252809481653
12.1143619528608,12.8387651518684,27.8302700603401
16.2889879091365,11.1176007648812,12.8105147148761
15.6304027014588,13.8906566102754,23.679531984415
13.7404627519404,11.3763718626971,19.2888886578156
18.5339734144554,13.8751666820857,17.2477228160242
9.22183085508433,11.0698508844329,28.1748995410006
11.3844410657737,12.0376605581097,26.7119767763468
17.1278090713833,12.7245617141454,16.427635983916
14.0590277942386,9.60871114165588,12.5829618606358
13.4298608376663,14.4773968856552,30.5077336477221
11.8907497472807,8.05505265427721,12.0677802277814
13.1327148208623,14.0700247578644,29.776425971867
13.9130210752195,12.5838464867467,23.0124500298742
16.4016258254604,12.940996299162,18.7584555119386
12.2236303379385,12.197366954974,25.4109075868798
13.8693153642945,9.77040141557126,13.5491423339295
11.9808957875345,8.818128087391,14.4624534166313
12.826199542672,11.8113115930564,22.7753437632989
15.4128200020685,13.3339653876594,22.2660766532168
12.6793884133457,12.3660761059048,24.9828301241674
11.1229183824759,13.0694591617164,30.7923192904898
9.06771558125013,6.99008739374275,14.6515535346814
13.7875761451162,11.9390714252995,21.0972817567013
14.7279948804123,10.4094455139835,13.8339134398857
17.7815188536284,12.096444989851,12.8572563132019
18.5382987324483,12.0346429526357,10.9846154351601
14.6606860903647,10.1339514297694,13.0457368313685
14.9723316716794,14.1269691569858,25.9282481504599
15.9650348347345,12.0239419065141,16.6017468100541
14.8319500733431,14.2886676817079,26.7860762481441
15.016096790107,10.976610242168,15.1280234024967
18.2797693186478,13.4129201820444,16.2356228833635
14.4092438967833,14.3785641863124,28.0202107686105
12.7752051327223,11.9511629104199,23.3625562359709
21.8304936978781,14.1427489058203,10.9144019177952
10.1270647498413,11.490913163323,27.6167465421861
9.6330807381317,8.55783806059056,18.7362348278587
18.7851911689546,12.1643589585665,10.8829299862949
10.826702109039,8.03285414944115,14.3300806905888
18.0315916530514,12.3081690876732,13.0272250095161
13.3290915407647,12.9091510900653,25.4006475432509
18.2006564927956,12.8620862775516,14.5378492243686
11.9868468268108,10.3670223034732,19.7121048712893
12.4963154447491,8.41167717757742,11.9490595743233
9.84406476656615,9.74605945917128,22.3099571978663
11.5494315310822,8.33564457870005,13.7710362019242
12.5224272964222,10.2624557752828,18.1801394243343
16.9169564036227,13.5232353015222,19.6045597817406
17.7187077354902,12.4115099879897,14.0657591928785
9.56939839115623,12.2258458602624,31.3390496424688
14.5964708461659,10.2568685871185,13.6044579092093
11.5408958394857,11.5969096532004,24.8706907916051
10.2587038156659,11.7121488468839,28.0792333360038
13.0056914888563,9.81862095946127,15.610371053509
12.7733992074997,12.8365744017484,26.3749139826857
17.1668187342683,12.66452905761,16.1379564811908
20.4587089158646,13.2623976193409,10.9370321134052
14.5060942400816,11.9744358629334,19.6388480096256
18.7382987220004,13.7363556482501,16.3271751852389
14.0936378223265,12.6257834197916,22.7581233592052
11.3585075356389,9.9870938202222,19.8016787863497
9.15532016053174,11.0143270824652,28.1323693634773
9.62139375237231,9.83512227935437,23.1017795093447
11.6262190526275,9.7764111828258,18.4976705393086
10.9211092470343,10.94873754636,24.0300546419165
15.9567284332692,13.724018574059,22.3963993356804
13.1989212765808,14.32302261939,30.490588307569
12.4422075356939,9.75271615280639,16.6244250317206
12.9193555347927,10.3502859449579,17.6065067712699
13.7177807338352,13.8512307627033,27.7476262212158
18.6970708824636,13.8635284776597,16.8498522972792
13.7860140927787,12.0431537745734,21.4543574327533
17.4652051657192,13.626594707545,18.7512383500336
9.28043151095168,7.60066751637653,16.2588012037242
10.1597177547054,7.69638699148836,14.6522281520169
11.4166490198327,13.1948125947459,30.5729069213341
13.0745730851304,9.27986460835646,13.6284882093573
9.05111803083753,8.27112942933532,19.0406548345931
16.5508358426943,12.941078276307,18.430917908467
9.25363514676882,6.67137573461853,13.1601895939485
9.6008134143745,7.83089907932758,16.3371833712209
9.2643696383386,7.902837734079,17.3207824526045
13.5240328080889,11.2415544834592,19.3063145623
13.4432014306842,13.1398971253042,25.9339597571013
12.4034773734875,9.55294268598714,16.0307391382778
14.502286809785,12.8521074957348,22.6293051286501
17.5640056244527,11.4883163779958,11.268877941056
9.11737287755952,7.21057583126264,15.2916162866278
17.2547324216817,11.9022375337522,13.3547475167069
12.3113106500489,9.05909806759227,14.5552793101709
14.9744582049502,11.4587679744963,16.8577461511226
12.8996877647594,9.3937330458576,14.3996076128021
12.3033182092127,13.6189249124157,30.0659040071533
20.9592377808143,14.2059411198767,13.0432714276012
13.2509144645059,10.0150195460461,15.7389229036975
15.0013921109604,10.4251953187098,13.2867701514222
11.3749620506653,13.2099973925912,30.7160875354494
12.5558969491512,9.99328440081671,17.1920342744625
14.0212653499557,14.472229097382,29.1908523150885
11.7089213408416,8.90583140257974,15.3579767092617
13.9541619196561,12.8413134750302,23.7968666952128
16.4695436439053,11.2976460875291,13.0255772513822
10.6658647177466,10.4579942309107,22.9234160394098
16.2962121467294,11.293679116335,13.3929098613937
14.2525734960827,13.0394224835794,23.8143741259292
19.4125178272701,13.7340471258388,14.8380642469612
17.9550076397042,12.6257451589073,14.2745190508329
12.6450967788929,11.5304903276387,22.2190735069547
14.3297783117555,13.2790369002238,24.4588995910453
11.8924026342872,8.63768058996487,14.0437618382127
13.8882146084247,12.9575483573583,24.3366885711662
13.8397311067673,12.8599682237729,24.1116563382051
14.940425701676,14.4887323558837,27.2275199872371
12.4441933018611,8.95067350743265,13.8949370881059
11.5564002277139,8.49667004841284,14.3028471313532
13.5182571907897,11.0650989125047,18.7194550897765
16.6642157227695,11.0972388208074,11.9169504435763
19.7855975996144,13.3687261800062,12.7771413391982
9.82855881703539,9.28129848018846,20.764891144085
11.1941230860713,10.3721763925957,21.471240339536
12.5823167088311,12.0205776598448,24.0221869909555
10.3711100278582,7.25590484859513,12.6911570243821
19.3478527119115,13.9007642685441,15.5465942667967
17.3987310722658,14.0803075343857,20.4388768603261
19.4845068890602,14.1850963816678,16.2124475001183
14.2997583863533,11.6297409032513,18.9209895110858
10.4175080822833,11.2329300764873,26.1020820274357
10.6350645659259,11.149128770737,25.3393736098535
13.5200864965303,10.8895233082962,18.1188774033907
11.0403694310417,12.9348154093605,30.5161970381065
18.7092219488229,13.470708989807,15.4884612961092
20.7261988247655,13.508808113942,11.1865902650659
19.3869015074725,12.5860357151376,10.9937095934638
12.9111783674145,13.3879037522836,27.9454804171945
9.15938795392865,11.3444029770396,29.2449414870106
9.73839225647745,11.5716322432385,28.7449262448966
11.0459110573224,10.3166294259558,21.6081302342334
17.941685693397,12.1509400135751,12.6905273408346
12.0915193061365,12.3857223571866,26.3411380539931
19.3343565449539,14.3093756539916,16.9645970902462
14.7675777585916,13.3853393702722,23.8582363269595
14.9826102836488,11.4915241778146,16.9511327083957
13.1364822715361,13.4844766383237,27.778613817315
12.1345120123284,12.5928002367083,26.9502775185983
12.3796888437168,11.4116580021485,22.3984175401814
20.199602123471,14.0950635439549,14.3354676025228
17.4774382047613,12.8813555386425,16.1922399642077
17.7528643571783,12.0821558526413,12.8716599294541
16.4141034956537,13.5207148235759,20.7007695510684
11.7370726691404,12.8832719139859,28.810401003093
12.5516215693753,9.17386293811775,14.4172535940792
14.282885058178,10.1179666108948,13.8214579689932
10.1255356196929,7.09917186493015,12.6981503258055
18.6142233486848,13.944429022444,17.3067475828508
9.58174719502198,8.44852468029634,18.4775977524963
18.9682460152545,13.1258214651404,13.7475473674625
11.591091578196,11.757359555251,25.305575783734
15.9600245232141,13.8926582221507,22.9621499548574
16.8133318789957,13.7064752209446,20.4548240272788
17.9881171908606,11.7672626725291,11.2848843906164
11.1588605031287,8.02690094259227,13.5800974476666
19.7417583175936,13.0334963372146,11.7344359079631
17.6220843311287,12.7838595496966,15.5431855976504
15.2092085012466,11.3599471896478,16.0062305772198
17.1420013501521,13.1286926912759,17.7695837483068
13.1518216335513,13.4170432190626,27.5157924391055
18.4271807943499,12.1669868330264,11.6784117453961
12.6028439315107,12.9958250852862,27.2907168944272
12.2181854331986,10.5668639291382,19.8828593626613
9.12008685000578,6.65752752833511,13.4065442716989
13.8337657630501,13.8785699311006,27.5856969068734
16.0006902847855,12.0334315306582,16.5556545629555
18.0450962856138,12.978417668387,15.2748795828237
14.0849204048819,12.4956512094286,22.3351213759462
12.3311480542666,8.49805043461927,12.6054073448848
11.5514030913282,8.70003088865582,15.0047913373881
17.7365763527661,11.9411699945811,12.4284128379485
16.9536450968853,11.6881964418336,13.2889858020069
15.9868770595187,11.3029899907231,14.1041584854122
17.6541560987046,12.8574296750087,15.7226950504794
19.0537777902667,13.5534428655709,15.01257557097
10.8878042067024,7.83064639992999,13.508791125582
14.784479948494,12.0006584504552,19.1163286765812
13.6823364657452,12.8959041430927,24.5795547799853
13.672957008664,11.2690482834019,19.072542902552
13.3953031401073,14.4248007152261,30.4049496694766
16.26652918961,10.9685007621592,12.3532550749131
11.7584583087683,10.815579555377,21.7379539947682
11.1458556705881,7.58014648424204,12.0907177249189
10.3299046320517,12.1306875635194,29.34488630529
11.6494996598532,10.3945193365959,20.5466880356988
15.9380249848508,13.321181328181,21.0687584142063
13.3582256131083,9.89347431614322,15.0901810641324
14.5710898626585,13.3881830608652,24.2995846107825
13.4740739606577,9.47198397456006,13.4035500828719
16.8040408846145,13.2239540163218,18.8357591749458
14.4789162907884,9.60618682852524,11.6518850229371
16.0834694284002,10.5413124398486,11.3039684720722
20.4489667143682,13.3394219696568,11.2201438691438
13.7355816152928,9.98459799224035,14.5707392901493
14.1254479461824,12.0566337062518,20.7544184992673
16.811164911948,11.5081456897871,12.9902523929372
9.29920960710824,10.1169474902331,24.7671880832267
11.0938762760841,13.0755943800255,30.8769709570193
13.3864803987359,9.22539571550081,12.7581535730011
10.0371326654606,8.05222236879813,16.1305819228769
13.8739636772977,12.1351269186511,21.5736311812836
11.8572697267677,12.8909332052989,28.5723576796509
13.1269976826178,11.1602524099695,19.9023627626122
12.8407048439711,12.7212254994232,25.835118172171
15.1154094682552,10.003188884581,11.6024083333413
15.8194600956418,10.7284148820876,12.5197238163512
16.1115217965468,10.6678354896168,11.672228387231
13.7213793065222,10.6357517952691,16.8143874163043
11.1351952603543,10.0630313819905,20.5503138579521
18.3318720830797,13.7699289137489,17.3341721547209
15.6440673498106,11.4897703793762,15.4919449210303
10.6639336405317,9.71747816929524,20.4115842296439
10.3040337558817,11.5449500328567,27.4115463307808
12.7387466835203,9.67701525261971,15.7157137835923
9.52149317673903,9.89267093872773,23.5167970998834
18.4550520026933,12.7257285334388,13.5156323964866
16.1109617630024,12.0143713921379,16.2486256210841
10.3527830421574,10.2449683804558,22.8874555700566
13.2997662025003,13.5753950496161,27.7287934339653
10.4816057382908,11.0636251893756,25.3860062628852
17.3118903605673,13.122046298429,17.3737529652161
13.4598671480701,12.2865467586604,22.9978899530711
9.65661904729179,8.85582202481364,19.6969902543472
15.7307529159716,10.6763786428513,12.5378093744183
19.2212678159382,13.3787969958611,14.0511983478176
13.9637409711466,13.891487869272,27.3440315455562
14.6099920313305,9.79569334513302,12.0078022734812
18.5993151001238,12.5317344025277,12.5395448166071
18.497379917424,12.0410224911026,11.0961905025942
16.2078435972619,12.5074564415569,17.7111454849015
9.97701308615127,8.35613779790605,17.2952882237173
14.6404123420752,14.0271267949878,26.3182412776736
9.76236437876857,12.2132874729174,30.8724311053988
11.8182114460076,11.7465404770894,24.7698304802399
11.9986932062432,8.84480473666791,14.5139923604662
20.2447943060582,13.7990605439574,13.2304412715424
13.481894429,11.5193317667743,20.3427055682347
11.9466773439891,8.50238621356946,13.4648257686892
13.71791952013,13.7792569038992,27.5027734919244
9.60744358382967,10.6129295490586,25.7752080956505
10.4872746721753,10.4266586119682,23.2093104372805
15.6853433986412,10.6010553770005,12.3816464125851
11.5831988738769,11.6171490469999,24.8465185505924
16.6128825487581,12.4577303533596,16.6523143337173
9.18792615601278,7.93717772566926,17.6054077259332
13.0934570823783,10.4204182199866,17.4622942582386
18.92165557637,12.5519563593426,11.9000678192256
13.187996102371,14.2237106635947,30.1771557271815
11.2426239422014,12.9973099718788,30.2841812444501
14.87850184743,13.3301739730603,23.4270976337825
13.6966985347187,14.0055433843842,28.3182568420633
12.7239844465956,9.6473932356173,15.6474989428003
9.97130403518111,12.1542862023438,30.2129178065927
20.6444910821515,13.8619794312267,12.5660842714677
9.241121265012,6.48051039720221,12.5391736558509
15.9933000182535,13.018955774206,19.9204373781485
13.989782103363,9.73469348350292,13.1631495607293
19.1942631440712,13.9032134196194,15.8923538867071
12.8457075756364,9.27888692960049,14.1279865007289
14.5419327589216,13.5507165281454,24.9158881130824
16.6495939771177,10.9978178530031,11.6112688800667
19.4132635086298,12.7605646189905,11.5287942450858
15.8241309046251,12.7003371521213,19.209523501897
18.4447258221196,13.1205373386942,14.8797732678936
15.2826008389906,11.8491261894654,17.5070854315493
18.6321054280333,13.0512371922193,14.2326348399474
11.9553506695574,11.1756143704361,22.5286806596843
11.0624307954784,7.70197817679125,12.6879544673953
13.5684012120896,10.8211186779125,17.7803088765174
10.5233649071637,8.77412501000626,17.5151550566235
10.8769028398774,8.05481245382196,14.2943975146505
12.079811216743,9.93551270380146,18.0417074663166
12.3494058398573,11.630385899151,23.2081282163114
14.5223673372804,10.615505099408,14.9858145885587
18.5022615982774,12.4715972488583,12.5484426129429
9.65272440106274,11.2540756986217,27.854167788721
11.7399346645098,10.924818567282,22.1498154378349
13.3671524648332,9.60301419457738,14.0836632960954
14.414355347783,14.3891046145334,28.0447943915855
10.5873763756378,7.87922155819221,14.3338798805773
15.8360298429347,12.131867061629,17.2518729240405
11.3061858201778,8.05982072200627,13.3682745724605
14.9060094332502,14.459429079473,27.2035682765828
14.3906480082918,13.8181117046222,26.1567993574938
16.2213496782594,13.1484168024738,19.8592833824446
13.8547029797173,14.6459102532413,30.1469136302911
12.549042649508,12.4748812544921,25.6388919110212
14.8635415989928,14.4703576044324,27.334002789861
18.4545362294759,13.9933434195123,17.8237800025256
13.306695521536,9.84468498763077,15.0376202574825
10.3348249040506,7.23659387456644,12.7052623666663
16.6295262047885,13.2691567455349,19.3727566683172
12.0014671849235,12.098428155022,25.5628351809846
21.8753726181421,14.1553004306597,10.858449114617
17.0779884905468,12.2894526156581,15.0587086881876
9.64929024985379,6.68603542047115,12.340740409724
13.5343711535973,11.7688245610746,21.0751230068609
11.3587813701657,11.497602210579,24.9333784141413
11.2032603494749,11.6237906843528,25.7038143960933
11.48573021266,8.98534312142852,16.1184896437302
9.89249754302652,7.05074435407196,13.0455940282681
10.3893053732687,7.508947578314,13.5109527767543
15.2649998708387,14.0892451576103,25.1570767162064
13.7172264842727,12.3016156419152,22.4836685166185
16.5895416012822,13.8134111488148,21.3098333864867
14.3724176345573,9.49881334951137,11.5210376042073
10.2681011919165,7.62290923536497,14.1644508296494
10.138725271369,8.09653019121132,16.0579278520653
15.1572954355002,10.4664414621324,13.0843920396424
11.3093267341712,8.11178643447527,13.5379394622774
15.3282828056937,12.2461947257198,18.7558537114547
15.1277769583627,13.7234031069565,24.2155241561139
11.9661873666967,11.9216325577347,25.0396414623321
16.0089080974501,10.9756060282963,12.9433933879359
16.4842392639403,14.3205102329982,23.2641701430159
10.6325219832586,8.89892788256155,17.6993822875154
13.6499161493474,11.8983732358873,21.2614408637686
12.9429383250942,9.68340053876561,15.2887978619195
9.47198471732529,12.1527386253455,31.3046698931778
14.7794263728068,14.0511902264047,26.0945869064785
18.7376274480622,12.930481401336,13.5905060380865
14.2058117800068,11.7960655789612,19.6925178092026
9.37714626741967,8.06771373918813,17.6332152099567
14.5530064349898,13.6799408054867,25.3306284565847
14.7133036970735,12.8963696893496,22.3160896071603
16.3746963952529,12.6536861122337,17.8414170421902
13.4148882672215,9.56584815229095,13.8525069686297
10.1564728584176,11.7095395102364,28.2949701115624
17.6906532295055,14.2672142510407,20.4325792454213
10.6317505801925,9.87732282915274,21.0253999492788
13.1783895762715,13.2250373419645,26.8050380319239
15.4153952813547,14.5123459587152,26.2642389789802
9.00946046883441,7.08815664592152,15.1127536351168
17.3422744608381,12.4736138429427,15.1037996623293
18.9238264644444,13.5204957067316,15.1861345578657
12.5703415522243,9.25253667159645,14.6434377608174
8.99952758115355,10.6247429867036,27.1509454934726
12.1500875873374,11.7487996698711,24.0483708750526
15.7682965086981,12.0952128821485,17.2761428021488
9.03576603700846,9.02082883458408,21.6216602837714
10.1552726706456,11.7519541549165,28.4417204928457
12.5400082545624,12.5510436216004,25.9175198204507
10.5836577682653,9.73228662884538,20.6382664154664
13.8826284213695,12.1186865678855,21.4987347478659
11.7770517137872,8.63584799801998,14.2909624949072
14.4600751368553,12.3341682082683,20.9622262697163
10.1191979862208,11.3721427360204,27.2304799455861
13.9284690521093,9.65057502104056,13.0120431349826
14.8267766365284,10.1401547392808,12.7019111508964
17.8885377541962,14.1823560798878,19.7094994056072
16.922149056407,11.8759400425108,13.9960852282635
17.5515181270458,13.5796090871183,18.401963271155
12.0784908316362,9.41166085340818,16.2647006748181
14.2357176640528,10.9929308168028,16.897978323437
12.0672559472536,10.3156413734773,19.3608665196016
13.0101408674371,12.2213853701735,23.7645429393218
15.0878645201601,10.7414552583317,14.1713554785547
12.541842327206,10.4300737458166,18.7070051578418
14.4547195873448,11.4697810107912,18.037037261946
9.42314384139276,8.54051488768376,19.1386091444458
9.99449023016068,12.0970325760706,29.967445043906
14.5461339829582,13.4418410009873,24.5367282168925
13.4331664270057,10.0023306132546,15.2953996458429
16.1228600358968,11.8447722656405,15.6462327608241
14.1755525248104,12.5170946849219,22.2088607187932
16.1920118822227,13.2299538425887,20.2007797930445
14.531530813616,11.6883277069074,18.6108449995466
10.2830077070123,7.63274176356902,14.1651093292514
17.5703385327963,14.0201836257847,19.8575684071188
11.299726270273,12.9271268814234,29.9202635018977
19.0068834277309,13.6400462198504,15.4098579348498
14.3152383895437,10.944829711152,16.559835746756
18.2376987268613,13.6300325808974,17.0657419987798
10.7338468534095,9.47738076333696,19.4421976804009
11.10525995477,8.51824173864372,15.3673023489539
10.0145679279541,10.4441680134453,24.3073448780067
17.8715346683741,12.8000928720404,15.0502967745455
11.8520204745987,8.76721690590373,14.5726114733558
9.58106426162934,7.16069395908217,14.1033957482182
11.9807680668788,12.9247085223674,28.4157898361856
9.47205476440521,9.99857280929723,23.9852399385398
12.8412824799056,11.7492043125995,22.5311825404542
13.7234949297252,14.0376711396197,28.3685463224425
10.7350223767163,11.7071674071205,27.0158303361749
15.0188977024811,12.5057334995087,20.3174193222988
15.093487481088,11.2145937921163,15.7665992510063
10.0281893501488,10.2597137887406,23.6506926104385
16.701522976953,14.4352288155443,23.1765781923709
10.1233361617176,7.87916935401083,15.3532042409649
14.702164693836,13.2311282796767,23.4779817801207
10.7289011047335,9.30230820358244,18.8582140769635
17.5293355322036,13.8006073504488,19.2015913487981
12.076441066291,10.1748492333249,18.8623128815558
18.0381594173231,11.90198242813,11.632682533657
12.2939193178106,8.42115811058182,12.4259398748096
13.1485215930361,12.0536621647084,22.8906405374939
15.253906944197,14.2190156737392,25.6223733156373
17.9146923524652,11.7295521682632,11.318069461911
19.7154119581922,13.8840689750581,14.6823362194979
19.545298479513,13.5043742675161,13.7659770128112
20.3227088905102,14.1659047997027,14.3057001400516
12.9905136909773,10.631554125503,18.405845104041
15.6004165787829,10.6189379327095,12.628991736193
13.5874087235493,12.2825761784207,22.704188667622
13.6450282608081,13.8445301130707,27.8846972436524
10.6741389542038,7.79689344530981,13.863532703726
19.0634844147962,14.0680879262494,16.7398755019159
9.46740034814128,9.94689512162428,23.8198788615687
11.2026918802503,8.48260603377827,15.0321627371841
15.6888861751736,10.3086431773561,11.3803248839581
10.3310595430599,12.3917485307203,30.2293639042206
10.4499354482253,9.05465461622004,18.6296445811345
16.6809044193134,13.9296697890053,21.5041238053584
13.2411880896083,13.1926696135147,26.5570921335364
20.518786713428,13.5002867306077,11.6133237124664
21.6149472131692,14.0254298821541,10.9893415581789
11.7507833475699,11.0191096864684,22.446356617769
16.6671531710707,13.7841699406756,21.0399661062467
15.1012807847076,11.8517800178163,17.9144646903784
14.309282931657,12.887019648258,23.1719589934491
9.4736449309087,10.109677098036,24.3592488148971
14.6082865781197,12.3988592875356,20.8564069010444
13.719240461798,13.9550184444152,28.097061809752
15.5946334308117,11.6421308430047,16.1182316915298
13.2525836986997,10.8747868702066,18.6565137020335
15.5422493351565,13.3487245858029,22.0318666917907
11.2477709049932,9.79197586793921,19.3820101261072
15.9276724944258,10.7146048063995,12.2350569973458
16.227399116981,14.4995063361109,24.4366315428039
11.7354212306226,9.43029997988473,17.0817593089008
11.4773296358088,11.2617523630815,23.8715721506897
9.84427065755153,12.3182055120228,31.0489653384329
20.4435042033983,13.9481760093045,13.3005275659207
12.1237364121271,9.3456641042087,15.9410564059565
15.5387844345238,11.7351358024011,16.5569384221175
16.8013783547295,12.0584671926422,14.8815980254545
15.1574807917368,12.2289729912338,19.0725928967973
16.0407607523452,10.9820840739995,12.895423392384
12.0220304770315,11.1719633170956,22.3697790514362
10.4330805509363,10.5475167817397,23.7390191056573
14.9762001609514,11.4293017207346,16.7538006485045
11.3372320409657,8.32859161057108,14.2132768559938
18.0248760496389,13.0291925164963,15.4918229534765
9.66061214196819,10.6898123876681,25.9196233635408
15.0367304988478,10.438447990871,13.2541603186335
12.4864966414258,12.8488949790887,27.0471042585344
20.7491576746717,13.769747565948,12.0227514812069
14.0169003564249,14.1779194231986,28.2004571409362
16.1135147310713,10.9243911263698,12.539556937657
13.8646493035749,10.2841270305582,15.3048951920265
11.3494908903778,10.8821846557796,22.8627663770264
12.5529906095871,12.2117195495429,24.7360655032263
12.9261650787586,11.2798301847694,20.7498874416165
10.3487046913876,8.5930641915957,17.2836896149856
13.8704302821256,12.988192256391,24.4798806694274
14.0834012420074,12.3184062319014,21.7362282324306
18.0575682272067,13.7735494770706,17.9491226103365
16.0461294662322,13.7663450659592,22.3437982639525
13.0581526540789,9.74660628163141,15.2504267583302
11.8597517757418,8.89089009140321,14.9758339363023
10.762229842976,10.274095816601,22.08686339009
11.7949222849212,8.28874115038422,13.0723249319857
14.849643245903,12.9981659541672,22.3624263646883
13.3132956792159,12.4692789417677,23.9407839821287
12.6668503771541,13.1447619747368,27.6561414828365
17.9005370968666,13.6237254293637,17.7850600088096
16.3950162087148,13.2343518892869,19.7697203112306
18.2655721126313,13.8629881048093,17.7960240614534
15.5687016604392,13.9582309692218,24.0446893846661
17.2006374325917,14.0253037684381,20.6872028830622
17.3664914026284,11.680330429433,12.3552310818294
10.6306456038362,9.3962098501958,19.3931350923867
12.8604627073002,9.50704813396874,14.8707997116055
9.99308487497712,9.86934406819145,22.4014462329232
18.9701350673621,13.4585134103833,14.8737948474582
14.8636430363201,10.1334102958789,12.597999437941
13.6346712326147,9.8430550523147,14.3115157315696
14.1550389061114,11.6822458873116,19.4173377030969
12.0281733342538,11.6955206413986,24.1351900952821
13.6636536660685,10.5511729983834,16.6538353148309
10.7484887802059,10.1888884122651,21.8275408218653
10.0640288107223,7.52911237433222,14.2941037135585
18.7825931954126,13.7505405832066,16.2780563068354
16.9299876542253,12.8103336949,17.1536820549977
10.3871996028955,11.4571830404273,26.9306213650333
15.8585818362277,13.0975089575356,20.4833173771086
16.1134914572011,12.0920970906993,16.5071588722434
20.4705905535192,13.7427195010325,12.542932584604
12.9512609917879,10.2323410388015,17.1356650431597
19.1871008007603,12.8377590740708,12.2879623355843
11.9721438379435,11.8856350192997,24.9042450721295
18.0874156188534,13.9395640006625,18.4476202444918
15.0126810194796,13.1606220125266,22.5562124760079
9.03309582046742,9.89456617642913,24.5962512684687
13.8897138227622,10.146899902452,14.7835672796276
17.38509708535,11.6161366869905,12.0962411096043
10.4849538227471,12.3636982906391,29.7959492140498
14.7579969453292,11.591963037229,17.7858750501417
12.3265736645629,11.0260857328361,21.2050413373518
13.0732417548147,10.0045264000591,16.093619021322
16.4970035737023,13.9463116547609,21.9647006815818
13.2889735230641,12.8630101879415,25.3320129183937
11.2741409922097,8.23128922187156,14.0212812759803
10.252961804379,11.4318825050397,27.1395789520512
8.7784663190858,11.5445963652128,30.7620340293402
10.7525941697324,9.00085325062135,17.7818972870497
20.8543934306606,13.8749744794751,12.1490800542419
17.7111467965311,13.0986558302486,16.4171074213875
16.4932963085949,13.985584673955,22.1062847424381
12.3480683182758,12.4530634074248,26.0063036732466
9.57330957435092,7.87162670527504,16.5359911458963
9.22426450659213,8.47090459496145,19.3390322990725
13.0741520315336,12.8768756073475,25.8510891946566
17.9002824955906,14.2605318734844,19.9493163929896
11.4086246838859,8.82649216934161,15.7481585746411
15.6650692278105,12.9974056308989,20.5683426437174
19.7067652479317,12.850853073124,11.1907434003713
16.0619048679113,12.2950691740069,17.3101397555715
18.9179948377847,13.4439341846243,14.9388112491246
11.0695711340675,9.60233112655274,19.1291552666693
11.8441348548919,9.06128229314213,15.5890913656494
9.78881517521106,11.0641678176985,26.909918876374
11.3093083409395,12.2641647605994,27.6466446045717
13.2640972871437,10.8723759777368,18.6230266504016
10.8616698928462,8.3164456479388,15.2168237010642
13.2195515096104,11.2116098419981,19.8735196714089
16.8970428998018,14.2407903484021,22.0863690370977
18.7065216648609,14.3080916241561,18.3395948211385
10.8349900871455,8.08820407980754,14.4999360830056
10.1446001652187,7.14156181859159,12.8002949593778
9.8187165058284,9.15540973631988,20.358778723308
19.779445173459,12.7734409292002,10.7680391160318
14.028553379622,10.0764416762695,14.2391370594933
19.4373868892007,13.0441350552876,12.4392909716515
13.770636073534,13.4055405090751,26.1171668170286
16.2602108289322,12.1809820895765,16.4868220293138
13.9141771635678,10.5688918986954,16.1636363405679
10.7234473085517,8.71377287591809,16.870511379018
15.8707858417489,10.6325716239525,12.0813109431848
16.3759940874162,11.5992697297136,14.2559427245437
16.2860496415293,13.7679729784074,21.8222220626988
10.5501483865794,9.64752971385576,20.4239057149883
14.1730119171427,12.2299091827332,21.238663368051
12.24817511097,11.109525828601,21.6607908730115
8.94293846155683,9.03754742870133,21.8824088306918
11.5910672043114,11.9031618158792,25.8010262002084
10.4822470738953,11.3110115719929,26.2251496324283
9.60136561821404,6.89935730232109,13.1708417613642
13.0436194588914,12.9422278651058,26.1402190059237
12.0627468714215,9.97607794317625,18.2170278040603
17.2204109178107,13.4468331926361,18.678272874884
11.8387907832066,11.8961997113357,25.2331192632999
16.2622663540792,12.8250813425934,18.6707820420905
18.9026598973639,13.989381576028,16.8257858241632
13.1906738431663,11.3086994707192,20.2668486850267
13.0174586417923,9.1666137549769,13.3691733643716
17.1157056770544,12.1498735686148,14.5015915308469
13.5892191703341,11.4775328576126,19.9648904146584
12.355321950149,11.3732128514509,22.321325606283
9.70307733684834,6.86736978818616,12.8386949652472
14.7095398026608,10.2384876376622,13.293590576856
11.0562847427908,12.9164251384165,30.4187457190261
13.2554638154994,11.6119406422891,21.1548363053015
9.94584642981577,8.89110495084552,19.1814362308355
9.64371825134892,9.54203599390276,22.0569039562347
9.90932656166143,9.77092813301512,22.251073341605
15.8333952705725,11.2226770994076,14.1684781534039
11.5374826701851,9.88228998795362,19.0523731042628
18.4318941236033,14.3692739046132,19.1508356503781
9.14181334978085,7.94175940820749,17.7222854214414
9.9437299317259,10.1345543717638,23.410992896924
19.1323850917424,13.1220278953032,13.3740423812443
11.9963979456312,11.3457369960991,23.0165302436803
10.8021720361207,8.32365022509736,15.3720203983371
10.4020564715838,10.5549058301006,23.8322853670733
8.57518249503712,11.6172235770306,31.4554186823217
13.357915059613,13.8956224319922,28.6890862371871
11.2616414309257,9.00442747597483,16.6756588020638
9.68965019027639,12.0500712346402,30.4776201423486
13.7714028513972,12.9318061766664,24.5058603508076
9.00045240717139,10.7892664282442,27.7079200442516
10.753879940497,7.48595324808445,12.6318496713063
15.4966206179469,13.8979703877245,23.9983030233807
13.1526735984027,12.467753434352,24.2884892941363
12.6236266471778,10.4787103937693,18.6925783060563
12.2420972061749,11.9087904162839,24.38983019984
11.0285411716237,10.0120573744968,20.6114381613013
17.9216030701069,12.6299634982436,14.3622420604734
11.5863190485868,9.59313956926967,17.9626236610185
9.18726024849203,11.0693852158029,28.2492693481906
9.87707616188954,9.26052204906418,20.5877052493439
13.9775183371156,10.5798468525158,16.0616970337217
11.7161845579211,11.0285874780034,22.5545735467172
11.3863247970076,9.33206695494057,17.5149588274662
9.45517565584213,10.2410807382361,24.8463002537859
14.4950202054201,10.8183804631836,15.7352124756074
10.8595742944202,8.87244906843688,17.1105778357919
16.4064586769368,11.488790647931,13.81363346222
15.8740701613411,10.8259359226849,12.7310951349208
21.1001777657894,13.6745880131605,10.9282297003452
18.2597025394825,12.5983907577803,13.5121579215746
10.0530609425309,7.61334592731402,14.6044032049302
9.61796066126114,8.35878482536605,18.0931244561339
10.1591641289674,7.56342947771153,14.2016906025114
17.5611427864001,11.8240441870233,12.4158804275062
13.7774420177415,12.7335187306741,23.8188648219866
18.9665658174269,12.352741031275,11.1245193943503
8.88010030346369,8.41982647027076,19.9216153183309
11.5665555869939,11.2055901813385,23.4847177120477
16.4016621828814,13.9230825142824,22.0952404521978
12.3094550988655,8.52093517162277,12.730823200973
12.3346445794933,12.8302545558672,27.3173898565709
14.5071178603884,10.7121237487314,15.3476020502268
11.0302645674805,10.6686686570073,22.8386403769784
10.3898901789465,8.79775428778452,17.8886865143552
17.391002765419,13.083547787046,17.0691345063358
12.7509393918337,11.1198527604202,20.5913000491057
10.7272564169825,10.5722872735188,23.176874782234
9.82010142322876,10.1883744544757,23.8654723307168
12.4959476018551,13.3376362445878,28.6869517575179
15.409190592955,10.3540246201105,12.1490132612804
9.97258736452897,8.46515646127203,17.6754276820453
12.6622124294404,8.83406480839002,13.0197415378654
11.334413624361,9.83518433332957,19.3384658100688
15.2500685664654,13.7640057615677,24.0848049735727
11.169719659719,11.7989110951725,26.3725157365321
8.96505541330038,9.32934661949176,22.8252727992495
16.3821234503336,12.681312424441,17.9189664945032
15.0105270501758,13.8988812293473,25.0693510287774
11.7806338446779,12.8265605111269,28.5220065009511
