1.2578282070653,-0.991424646947381,-0.83451560943664
1.3500794037574,-1.0392590153444,-0.534120786444115
1.13186974097205,-1.01332015359712,-0.934273321612076
1.29164980170162,-0.991966839504535,-0.913180269573495
1.57889894653614,-0.553391390505818,-1.21934948720928
1.34563064096427,-0.905870998700968,-0.829998877453268
1.04385214777708,-1.0128792727215,-0.981242403996392
1.00831136135412,-1.00432209015051,-1.04001306308014
1.30831020577115,-1.08714265205723,-0.657239175841618
1.19122098750467,-0.895865081772934,-1.05226611213081
0.70687048559525,-1.17980077424387,-1.0226023588545
1.11718688058515,-1.30046357292018,-0.202840401080053
1.25984215583273,-1.08029558378286,-0.537766986078534
1.35845032614947,-0.776686245725227,-1.08917312529177
1.38297935540501,-1.06456446856321,-0.51271909357194
1.31740235671414,-1.08487065712181,-0.575318476512409
0.962458965074431,-1.2936027778031,-0.596402598095334
1.14065490896836,-1.16477492959866,-0.646798732025227
0.940013031293573,-1.41621935546484,-0.207473867406988
0.924181249791689,-0.999653318415855,-1.09945415618169
1.34027495353802,-0.964230715003786,-0.900721866439844
1.36358638815119,-0.826674615617581,-1.08227846091932
1.45507534655288,-0.666193720368683,-1.16197325599175
1.32530844229412,-1.12775206794331,-0.413585229903752
1.15103235329018,-1.21906377976768,-0.482147218591564
1.66766230342338,-0.627568684911899,-1.06127343303254
0.924415875888239,-1.42078145638742,-0.243028480848098
1.63765865885308,-0.785695086862662,-0.836190233346886
1.22914759494221,-1.11103309898004,-0.616511220842393
1.42262834579562,-0.77450200233214,-1.04532197587264
1.34901089561085,-0.707178794728056,-1.179417173673
1.41552025344884,-0.885277102750061,-0.899516265462719
1.60156152811339,-0.859250193528121,-0.710125119982708
1.28229641748222,-1.14737872804889,-0.386448575732577
1.28390346924614,-0.89931264239084,-0.977148072552308
1.03656962657282,-0.949913670262176,-1.08829060336458
1.08242048001123,-1.22471375255615,-0.586980983054595
0.795840595659674,-1.26974639886941,-0.846810101595099
1.03815214538919,-1.09339450432848,-0.946128308307072
1.5817970423843,-0.799646833946873,-0.860628483719785
1.03065504618975,-1.13039601523857,-0.703543014532639
1.49848898818635,-0.76654661855207,-0.995868459765306
1.37367786514949,-0.91082758822491,-0.877979293647974
1.0141107331807,-1.24775903402865,-0.631370033841021
0.990159010155211,-1.44314230151365,-0.048936278397386
1.54727526852513,-0.881136613556283,-0.735540819696738
1.24500039828167,-1.15186594654758,-0.509396285960014
0.695173418433135,-1.2315193291267,-0.965882123887118
1.47865609163367,-1.00002303683588,-0.527965558761009
0.792107600150211,-1.34656341349212,-0.820685507106183
1.16603028987807,-1.25572018923091,-0.290022317311129
1.10274205367841,-1.18919106348046,-0.643219057577949
1.04339954550732,-0.891427566477839,-1.15127425013792
0.893591870690416,-1.38987229397942,-0.450015487943051
1.24236479565647,-1.16000327164672,-0.488364811707925
1.67829369500837,-0.618473286457166,-1.0658468743687
0.872020139262979,-1.24529768151575,-0.799931662783403
0.956823416173237,-1.21589370857194,-0.76538880955295
0.825663461818773,-1.2860471474423,-0.84156643632262
1.52540183567017,-0.86977371740021,-0.788264448064324
1.45025443083095,-1.01125352642958,-0.549113182427216
1.46157869750383,-0.653450761516076,-1.1730260697464
1.55453028374819,-0.603495961245119,-1.06038525596155
1.21779820095005,-1.20196619198453,-0.335627091516717
1.46973275045517,-0.658453868868163,-1.16192053090489
1.65035894768133,-0.715229678149235,-0.940038588056881
0.840595546038833,-1.20273697164557,-0.895164776846001
1.06530459817063,-1.04314964362403,-0.871455878957785
1.71371434504246,-0.628001635589202,-1.03729312602234
0.785038698480766,-1.21213650991846,-0.925899212467325
0.97847564198073,-1.37820937748816,-0.284529533545614
1.35420713086838,-1.03970329131043,-0.635810970644271
1.62549945283195,-0.805366722945258,-0.79850216212097
0.917792553899243,-1.3020761310909,-0.639363821072855
1.03718292305425,-1.20406207249332,-0.785483809603816
1.29768312066723,-1.09887166854182,-0.570138471835844
1.17273856941406,-1.18922906643952,-0.583195640361038
1.36699324457627,-0.917295222499629,-0.873465847874704
1.44922064832852,-0.968028578498215,-0.528407667182081
0.980142580665294,-1.34583756229622,-0.416122544538606
1.22368235980237,-0.952391846481969,-0.948391872096966
1.68724997502603,-0.74759923408832,-0.797620031465578
1.26168380206679,-0.766214814392086,-1.22101745385052
0.995527516723246,-1.06121991999855,-0.974230237780787
1.05634424641994,-1.17234679995194,-0.859187265112913
1.22987180789234,-1.12591809490451,-0.609443542420199
1.05629985572646,-1.39557184947928,-0.084307544603745
0.690345133992719,-1.2230425539716,-0.923545185782548
0.947888329798897,-1.45611926067238,0.00765367535272078
1.41919977242912,-0.740843367655753,-1.09294984560762
1.11634907088382,-1.24770887758158,-0.459268225983776
1.02867060307508,-1.00164487170759,-0.988607791480552
1.7428733897982,-0.666761731029891,-0.931631251135171
1.03424165354265,-1.20714761619605,-0.693788832251154
0.964909321999315,-1.40417544863832,-0.174854853950961
1.430037348897,-1.00316886452122,-0.757369610937042
0.830653945415705,-1.25401412450589,-0.762255476110776
0.646313145389542,-1.23024031843102,-0.974781291879834
1.11895814890802,-1.27303988763684,-0.355607719052651
1.32122188012644,-0.906894575468072,-0.923247180075532
1.73072356311027,-0.697996828114798,-0.819779488785049
1.1190755352969,-1.29125075126521,-0.260072456008752
1.12875705961034,-1.1480507522733,-0.699749169400537
0.92733688124191,-1.33473512258619,-0.546842361583719
1.43501169316955,-0.952206331431019,-0.736903390089298
1.56736974871712,-0.801791741869781,-0.872236482528592
1.42917789892036,-0.796315787483822,-1.0092159136419
1.04471858011375,-1.11881127268318,-0.845896934121413
1.53624363760693,-0.72869528244889,-0.973242175843511
1.0808810427926,-1.19652033800977,-0.656510068032124
1.22597422686998,-0.832682741584687,-0.998760065489068
1.28442213948754,-1.14233268919872,-0.457867084311688
1.57731564867934,-0.953199882535177,-0.695653637496244
1.12228176467322,-1.2416948314284,-0.466941726429205
1.06086047927397,-1.03278409506274,-0.96358333326173
0.997252009617628,-1.27676950680021,-0.586539894538296
1.0477045145627,-1.11903929960299,-0.842672889034375
1.36487497070863,-0.933590052931599,-0.972772438089522
1.27599365616878,-0.851284560122828,-1.05024039670377
1.03681612705675,-1.35565319604601,-0.184257932227713
1.04558821069195,-1.20687925965485,-0.651709145919805
0.959486083416213,-1.1596135556747,-0.85859760102531
0.878680913066685,-1.33664231908253,-0.53399587441346
1.61944177717771,-0.552194066826902,-1.19398186620326
1.06556325639908,-0.982517650207912,-1.02827292726656
1.08570371770947,-0.885592754353818,-1.12605423749864
0.911645375418387,-1.15329977197858,-0.909491242347752
1.16086010953028,-1.15749549660608,-0.642277425986018
0.651896370434254,-1.26118752738058,-0.98464652246915
1.60597096576103,-0.833374759001468,-0.813358362398154
1.00399012024876,-1.38769081651877,-0.0388864988957175
0.958879270170358,-1.35171822360384,-0.066894295662308
1.00732472103571,-1.17993154692349,-0.783147326066731
1.5024232270186,-1.00906939658708,-0.610936682802897
0.868370973515184,-1.15886042900253,-0.936027654191662
1.32997661842555,-0.914432659865686,-0.913810138649712
1.03618076223082,-1.31414550765352,-0.583972848268149
1.61659170958965,-0.84222306071708,-0.805449982996104
1.10937602902744,-1.31059723547961,-0.373792905583978
1.26678829661892,-1.1742506908806,-0.373907759053996
1.19708338635041,-1.1550044834608,-0.493728823535571
1.12231983138911,-1.15685778310862,-0.621520029940964
1.33649992217083,-0.704359806415141,-1.19000019804696
1.2100271186195,-0.90341518907855,-1.02874674824004
1.35367132284116,-0.729041538617515,-1.22617265803233
1.12786589681545,-0.908714876668594,-1.07555873947386
1.13809999872692,-0.963950632613261,-1.00011009762604
1.34250221463922,-0.784827556407624,-1.08979660808166
0.735225219405013,-1.31442678503378,-0.79796062559478
1.23737180197736,-1.19709623556667,-0.355428651210438
0.830057015875691,-1.25585817443337,-0.755866909621934
1.4151369386656,-0.800261275516169,-1.01481921126323
1.08626182751315,-1.19219335093637,-0.658966626071959
1.66392554941655,-0.756769329528918,-0.850549699919031
1.55990942335931,-0.910955238493576,-0.553699928239667
1.44053300564406,-0.605547905356122,-1.23945058909076
1.50084887192584,-0.584600575961927,-1.26135697962944
1.0112976460819,-1.34891514844594,-0.393289787536266
1.29661239996582,-0.809187732437447,-1.08968995491098
1.46885240984444,-0.700854422257791,-1.1098530772055
1.33941549019085,-0.692302994950088,-1.20174392964547
0.99740899704886,-1.18615751997745,-0.776508119220448
1.48534277999557,-0.955888164435772,-0.582960031621165
0.90187723223513,-1.08499571008066,-1.03770280549871
1.1027172905464,-1.09020809138404,-0.838026306669732
0.933462270180261,-1.26502973430739,-0.697624348951746
1.39793188509381,-1.03095462195814,-0.587234914858741
1.0204901295769,-1.26883473689706,-0.570832563332245
1.48526287025593,-0.629224848949756,-1.18678749823235
1.19843837162037,-0.843880408421902,-1.11235040154646
1.48199518074238,-0.926968251987694,-0.720650964894013
1.49172311044804,-0.68042472952881,-1.18471554597199
1.43834036427214,-1.08412631508367,-0.522359281759045
1.18279385853354,-1.07678998403393,-0.778565933853731
1.29772730742845,-0.877786514507593,-1.07665054306186
1.0191094294992,-1.20439624105322,-0.717673105303927
1.48102930058822,-0.864902272974241,-0.802518355651384
1.15046392066729,-1.24465881236453,-0.199414311392287
1.37557392069386,-0.926646290303774,-0.848165878706018
1.18482218782434,-1.13197047670136,-0.45100549066687
1.32163513179581,-0.958565231338323,-0.847075725282252
1.14763420241474,-1.27567203910762,-0.239476204152392
1.17061915727622,-0.986538157539276,-0.932321600800862
1.5730118940872,-0.899988903857593,-0.651102988325596
0.905268059894809,-1.14473328438515,-0.995895356505312
1.05183327650217,-1.18385899049374,-0.720069980522145
1.29551366226122,-1.03183155697419,-0.710348822479343
0.84312178735497,-1.13342210286057,-0.902314917866726
1.35483427022331,-0.841983120182455,-1.00302972886963
1.0261877063683,-1.0894595804922,-0.899932508035508
1.57886168146688,-0.64809447853402,-1.10061477071053
1.34649158754766,-0.792977134821705,-1.0764693638945
1.21839901587005,-1.12150691769834,-0.637838861536326
1.25974742326266,-1.09076554540716,-0.651520419025331
0.830632657804966,-1.40079806784959,-0.488693234060718
1.264661559368,-0.821184774476085,-1.0968376353437
1.17936806166906,-1.30562576429155,-0.188045068148047
1.16020134729134,-1.10396563704128,-0.751699528839948
1.18771690248504,-1.00277326366965,-0.901912674112592
0.883299812934559,-1.21682190196428,-0.8363468492964
1.19909430222707,-1.06028442118837,-0.791690719786518
1.18649388758724,-1.16374551347626,-0.579925974334926
1.14319810094255,-1.23020159753902,-0.461495416222238
1.36466305069762,-0.901130642349242,-0.885245662662879
0.831457659646427,-1.30429267609391,-0.72405370331542
1.44116739920773,-0.666083680513697,-1.17085314805666
0.821287664385028,-1.28220616448163,-0.786790347051133
1.38340899204824,-0.950348266723886,-0.795064707565559
1.63192126037409,-0.789369340441599,-0.823449165255108
1.49779290227002,-0.981168715374791,-0.550444889559887
1.70708799683815,-0.705877738714772,-0.898790005479815
1.23314129231935,-1.14892264756371,-0.540870140187819
1.10886170597675,-1.27752545998834,-0.456592878812007
1.27455507483155,-1.09658745478684,-0.548217843185325
1.32331067615729,-1.02370099050499,-0.717299113313854
0.925546083688802,-1.07196157589503,-1.00930739784165
1.26579336727418,-1.14355711735868,-0.494226942211995
1.62899147995902,-0.583148355181731,-1.11068871658783
1.64695984696365,-0.761223050285602,-0.861138619359751
1.41882715330794,-0.766157695431443,-1.05962128828503
1.44474780584413,-0.918388677804856,-0.71879955028083
1.39884277335386,-0.717043886371697,-1.20426719357641
1.55836059293654,-0.877558236220482,-0.656856647324929
1.08354374707512,-0.969050632065608,-1.03309369611454
1.37446914381009,-0.895947668313979,-0.866907063432135
1.01762910626859,-1.02805763654576,-0.942169380095814
1.07441011141422,-1.21228460164757,-0.629250133283888
0.758833119835065,-1.29549499939633,-0.823712823369678
1.09312263554776,-1.25205660023394,-0.263886729813779
1.04659041791062,-1.34939743454821,-0.182595317112012
0.828978844665058,-1.10923198243809,-1.02407831828887
1.00169832798345,-1.37854475800292,-0.186357971517878
1.6791377708608,-0.594822888674864,-1.09832885997603
0.968767875938204,-1.15271689884678,-0.861185037219114
1.34084811174204,-0.942223363329209,-0.856306525335196
1.26399652064018,-1.02467115452486,-0.744069599045304
1.35571951814473,-0.854942504416668,-1.05330552530427
1.61680646608185,-0.597522506352619,-1.13975195434288
1.55745082525193,-0.909880222849488,-0.650171449984131
1.08997248331529,-1.23765173516421,-0.661857570430797
1.6310424879612,-0.660996385355534,-1.04238590763042
1.41989146687858,-1.00725198568445,-0.531374621261132
1.22778168689806,-1.19578765280447,-0.389058245955325
1.06390340318756,-1.11745147504268,-0.864172919160034
1.5971035429469,-0.751381332226741,-0.930649640395923
1.162985894232,-1.24272887780161,-0.365049798457766
1.11022171583734,-0.883053447288931,-1.12122367775721
1.06623864282078,-1.37337937853229,-0.180828975832914
1.1179006542587,-1.32891214458649,-0.194787990688388
1.17025232960163,-1.25834447730109,-0.256810256199991
1.0183205173786,-0.992891144241024,-1.04762219250445
1.46130385712431,-0.599061385392354,-1.23488147294113
1.54628953891037,-0.816841819286832,-0.867169249668421
1.64631939470595,-0.583205390385333,-1.13762577620717
1.24314734848358,-1.05707453863223,-0.747467838314077
1.30617554350919,-1.09074722030289,-0.578267469138906
1.1658539633888,-1.2683510430945,-0.340538223799194
1.57170519723077,-0.875961940325268,-0.763047216120241
1.13618036756238,-0.99137192922396,-0.96300600621871
1.37376669989057,-1.01034858667762,-0.678676638047794
1.15629352534818,-0.980979542555896,-0.961839424819343
1.38863790506606,-0.703536280140469,-1.12714147285073
1.6789262386378,-0.798903533165514,-0.742223949510748
0.946380955370321,-0.984898668064725,-1.10302666398561
1.3850456841308,-0.991782565743793,-0.657277027465752
1.00877276359473,-1.16121816801803,-0.839084473040505
1.60711571821411,-0.712148905952612,-0.962540155202949
1.45369664553063,-1.02134466762384,-0.508753613401148
0.987367232455529,-1.06473623010591,-0.975562303772312
0.70262186541165,-1.09530439792524,-1.11408746087423
1.16143438087887,-1.11445256097799,-0.642292718270395
1.17924473647473,-1.01624763015494,-0.922502598736717
1.20129424112668,-1.19842671082352,-0.321746727234843
1.12060253846112,-0.97811093659484,-1.06709275198055
1.57511787885142,-0.872637891477172,-0.716374684236684
1.06135508025456,-1.16978930579698,-0.736825242046628
1.34029119750983,-0.763392765927096,-1.20949625623897
1.52984923928944,-0.709010680166314,-1.05411233451923
1.19132864936419,-1.23260576114571,-0.326546121610395
1.56763646404897,-0.652991953373802,-1.10225459799403
1.41700853201705,-0.793952765609214,-1.04245022168535
1.0714106425779,-1.23441921338691,-0.721691724370172
1.63867847257311,-0.723705697269293,-0.937052704211586
1.17510314577824,-1.15996525289116,-0.607834341389116
1.32690409909102,-0.878299896369832,-0.91272087689369
1.6451838661816,-0.697383692144137,-0.974389180295104
1.24950271522607,-1.12022983490977,-0.418609059107973
1.49674819807032,-0.890256694257343,-0.781100972934301
1.18950169800862,-1.10955386919369,-0.705374821792427
1.34562319179863,-0.730044367456697,-1.15498385812285
1.52044407916114,-0.88018857314947,-0.772694930948198
1.10350340605038,-1.24776741590185,-0.4852793439924
0.95660120222591,-1.37680210825819,-0.35008567606445
1.10427719126569,-1.201649739803,-0.681688315480372
1.12177746155555,-1.27040512891217,-0.322004648788535
0.887422641586118,-1.09409864970421,-1.01479340812058
1.21779494994489,-1.00318104621402,-0.960817260152129
1.23849148926342,-1.19800891072596,-0.436613958344153
0.787340860613703,-1.30579719854296,-0.893387282841726
1.33721277228897,-1.08861519099464,-0.527492016530316
1.28385818978327,-1.11757481339339,-0.540545911438205
1.02963148513328,-1.15970212502245,-0.790437847671069
1.57015554089969,-0.529965068791452,-1.24893652506919
0.720210249518569,-1.26422735750945,-0.944699395412036
1.40500332830473,-0.981793367497526,-0.536425847476416
0.738307226583419,-1.22447009785314,-0.925123713791011
1.37132955515233,-0.807696999857772,-1.03850165518808
0.797785739243412,-1.22317717168098,-0.840528914419856
1.46676199076003,-1.04894440608396,-0.522078553760684
1.22193164009925,-1.0990877626884,-0.685016679332841
1.32590836642235,-1.12370073337312,-0.428630454064162
0.805045139112037,-1.2181950659417,-0.901545374264159
1.50012131724559,-0.827093690946026,-0.781409104142347
1.12350197162141,-0.958296860651901,-1.03846505499174
0.996593432642516,-1.40798396843009,-0.103349452157833
1.01082871598342,-1.22359741174677,-0.733837785736181
1.19884318671818,-1.18624029058394,-0.31654416122377
1.43798574069559,-1.02173139844224,-0.571095487074845
1.07593507775747,-1.24306833753107,-0.54907922788359
1.26837098069694,-0.801198415940632,-1.12327849514024
1.43819770708347,-0.900309853992407,-0.82938092089081
1.04689066860672,-1.28598595361997,-0.476106801909055
1.35779442535134,-0.693399990116138,-1.15806487012169
1.28139722588767,-0.787642798283739,-1.06122726587223
1.30549443360789,-1.15398992837856,-0.351691065761563
1.09426659410156,-1.2325363695977,-0.664984980477091
0.882759989908832,-1.39564221874819,-0.453076799596255
1.18427778838376,-1.10064318125169,-0.729766856177692
1.35352215609935,-0.823865566306557,-1.12661556356377
1.19330391863837,-1.17156689165361,-0.546697851455649
1.19380329150782,-0.865068488265828,-1.08952753848217
1.31288884216958,-0.862221166590652,-1.0073919757938
0.911649253436507,-1.26042529203242,-0.71952330138556
1.08348089649095,-1.2840611974723,-0.52579828622705
1.04555507452201,-1.29153804757204,-0.460991582295152
1.32147727709818,-0.801796577835095,-1.08261441226738
1.27153143806929,-1.15679151817541,-0.434272773893847
1.16411242435912,-1.05588701152487,-0.836205028587976
1.11392845823768,-1.25639472948772,-0.252718783637583
1.1660069352566,-0.836551736619125,-1.0853165075911
0.9794835036587,-1.34151125979929,-0.466312096440991
0.803443573196971,-1.24261348154318,-0.964512868443726
1.62852683570284,-0.706186484756324,-0.975471995162124
0.864438906885887,-1.35758241059627,-0.585943525411599
1.6874076624865,-0.744496981426935,-0.847515317071966
1.6479086029133,-0.879220165797399,-0.696847629709141
1.03175353659494,-1.07762076023096,-0.922056009479134
1.21392253469684,-1.21346167618648,-0.349274749001953
0.878546365908741,-0.993426356231552,-1.08946909478527
0.764916435629999,-1.20320420453441,-1.04760190289886
1.32439548697515,-1.029592441512,-0.702851907220807
1.0081465452303,-1.24527510105912,-0.562163353281813
1.11660672973177,-1.01754923511661,-0.822665257519765
1.3929056586033,-0.835787389533031,-0.98087740837799
1.03208636408096,-1.09632689940429,-0.893403066184012
1.16371460685098,-1.25541334126268,-0.300240098668526
0.945650227093882,-0.992470803070292,-1.1188039636268
1.55275034241398,-0.738125847740619,-0.992656521935845
0.919490053359441,-1.32322237077748,-0.588388660588816
0.947137175426346,-1.00686761008695,-1.07692102076675
1.0407197559266,-1.35194760958008,-0.231336756077394
1.11591932525681,-0.942766463969043,-1.0443932833627
0.865584810668114,-1.31687056365349,-0.674003237256226
1.49891291649785,-0.557360784022281,-1.22143495169179
1.52483721576958,-0.933752344435913,-0.639856738878024
1.26937851962917,-0.78079618192434,-1.14265838153932
1.40932201336066,-0.896230019579828,-0.867506411772335
1.21406375596963,-1.14330196603462,-0.442669650180885
1.56512095772093,-0.860168290311268,-0.758382323578801
0.951751414985847,-0.996017285948877,-1.06853573788216
0.659538941194203,-1.27343867694667,-0.955170550156409
1.10302910027297,-1.15371778744876,-0.71974288816001
1.11380911458728,-1.14662640942268,-0.72117562992174
1.47646128839559,-0.935605201897382,-0.708463201861558
1.28535163368231,-0.903801762814345,-0.969330931820516
1.14583520626461,-1.1738956732678,-0.617499829044303
0.839544383728125,-1.10837291244608,-1.02330506768336
0.731656267823299,-1.20206329428138,-0.978384473536299
1.09616525751977,-1.05206919156534,-0.905888872119943
1.21411520473198,-1.0271597130746,-0.835905695506582
1.21227382718854,-1.17287934877082,-0.507497448455712
1.35948987543525,-1.02365560956788,-0.667548929679166
1.48785459120681,-0.897157871594707,-0.777750234637143
1.02219054605554,-1.35909522843467,-0.230337073409647
1.36903555962533,-0.786048290780474,-1.02442255445474
0.993399014567659,-1.29005909773545,-0.558765787444463
1.24846960008181,-0.991188822662873,-0.863851915860591
1.58450954627985,-0.665321225925685,-1.07296187167305
1.09145550744307,-0.879695731178674,-1.1364128622422
1.01914995711173,-1.29240781870684,-0.508789177087486
1.29381425710516,-0.957514944773263,-0.942474055493429
0.953915482986816,-1.40924331111615,-0.192040695834664
1.35377076504969,-0.990848345326773,-0.748641398321846
1.55439472040811,-0.781802555207556,-0.920697163967474
1.14245481474471,-1.03530626084355,-0.991076937338445
1.00968947425408,-1.28417344833325,-0.547958988156438
1.08997385649767,-1.16138632173958,-0.744135664172544
0.990166669486263,-1.25226040584136,-0.611843888432473
1.52055245869741,-0.845408871792749,-0.841976348946523
0.713401190575222,-1.17808467569666,-1.02047826526089
0.749757643697569,-1.24651445358962,-0.857643991959918
1.27958616162613,-1.12539138546001,-0.524800242503527
1.08207262887485,-0.990393429017697,-1.00595446960383
1.72820028649484,-0.671389090831408,-0.938345965820688
1.2378959329353,-0.767221590408815,-1.16855330852835
0.994755185403447,-1.38016435699524,-0.243468294285279
1.38894683417047,-1.11906136082089,-0.397577288817728
1.54007075381506,-0.721782520466794,-1.02772569409483
1.14967670586604,-1.29703876414888,-0.29194606562884
1.0946531924971,-1.11214022831399,-0.807994460828166
1.21736631560689,-0.787350575365037,-1.16650195147851
1.16456572111832,-1.04476662338934,-0.751812817875626
1.41385620702715,-0.62692909487168,-1.21758997373876
1.3902988364212,-0.772414263124481,-1.11657311584557
1.44920818466394,-0.713608129587986,-1.04804622092569
0.900950779516407,-1.0846399781848,-1.01155246975215
1.48152620978053,-0.947981488388447,-0.671389590386722
1.23658955185382,-0.779911930936451,-1.16356882208342
1.47166649063594,-0.59582761905265,-1.23256559197834
1.55700969548277,-0.601915728239345,-1.17411996728056
0.911298802713189,-1.3293083753666,-0.585688605605439
1.33494554579742,-1.17202192237752,-0.387058160437097
1.09068798468574,-0.944139589997788,-1.1095516600537
1.21227863373582,-1.03886195049707,-0.81694390593398
1.43843612890593,-0.71798823344998,-1.1089712540837
1.03863814112276,-1.25103299923832,-0.789123589058456
1.08897435385768,-1.32594888733929,-0.133734702120018
0.946741799497834,-1.22176969841043,-0.74389603924482
1.35707962422212,-1.00894550907973,-0.705129362306864
1.58293106423941,-0.682454143798371,-1.05007196354529
1.54330656099688,-0.894638470170596,-0.709842930243279
1.32783806753851,-1.03469117864219,-0.686587018644372
1.20617097481657,-1.14754799533293,-0.590900349300534
1.12775221709568,-1.12303840575758,-0.751782579529901
1.00071839774895,-1.3032086375596,-0.510520837403078
1.34957601561101,-0.920766900397279,-0.884714480493959
1.71528134957919,-0.757175326668711,-0.787046058819006
0.791087364035172,-1.32513388271873,-0.742131490852908
0.952438059216161,-0.988895700166788,-1.09473889755315
0.875629733703677,-1.24766727926201,-0.645615705794937
0.929905844369608,-1.09608991636839,-0.975804565826557
1.09960507180533,-1.11982064643515,-0.796132417505628
1.22745667815247,-0.967368210967656,-0.922197963436726
1.29584061503689,-0.908662497309268,-0.953191194326159
1.53879826910979,-0.766462683599399,-0.960654204406223
1.60824209330835,-0.547053622453898,-1.23632344502679
1.57561277805572,-0.751636336629035,-0.950712320506643
1.26828928690151,-1.12784809009185,-0.584196593823418
1.25344951632511,-1.01307932558609,-0.820267965949028
1.50017136376803,-0.958124600358894,-0.614712164006466
0.762586050473185,-1.15416379781011,-1.01764563180325
0.652235406314965,-1.20467842221641,-1.02749586919261
1.5018539061793,-0.772526903593393,-0.983898753158479
1.16944771623185,-1.26126504154068,-0.240262347690631
1.3055013432422,-0.892348643637801,-0.977102015237281
1.02538133441614,-1.25768945352338,-0.420371968231903
0.731182918798856,-1.22352180190401,-0.950665221846453
1.09597012386778,-0.950114675368863,-1.1167298125374
1.16370950275198,-0.883738952528667,-1.02428361066802
1.18596270725283,-1.14785495185284,-0.562934561442455
1.20682647766298,-0.954381052365102,-0.959491365209646
0.929686080757531,-1.18132864480493,-0.850966051525484
0.958009268008391,-1.3469484957961,-0.458677767986334
1.57166201266524,-0.606938793034138,-1.17686207886058
1.73664641693723,-0.71099177673391,-0.856331202657444
1.52226519250772,-0.946234315698525,-0.60981966255926
1.03073123956115,-1.16928572228593,-0.771872250215641
1.09612684659301,-1.26309069801444,-0.450148582764667
1.24510437550625,-1.16012960700024,-0.482196601552774
0.97848067121538,-1.08539421830553,-0.953695135602302
1.11165548380955,-0.950723425120937,-1.0414624508324
1.42439112050647,-0.971790784938265,-0.771166886246388
1.38192234223918,-0.772059528982377,-1.07863921904007
1.33499455911374,-0.987222805754995,-0.852069950474217
1.10084464194806,-1.28309097276244,-0.43495715939589
1.17517465195557,-0.993867230984918,-0.92686164049807
1.03589125075742,-1.39537742474239,-0.133419291167493
1.13551128870057,-1.17198030741615,-0.642060957047157
0.975510034139076,-1.40731464470577,-0.0193703511154185
1.17060113526236,-1.26417343538655,-0.211915609529978
1.04585147682629,-1.28078760327485,-0.152918538270868
1.62511620577252,-0.819704861083727,-0.76833196710449
1.36565969262609,-0.908772118860782,-0.921383353362478
1.01378489206529,-1.10835334930739,-0.890786204733702
1.55446001438407,-0.880506856699944,-0.901530378780419
1.40988713485157,-1.00512425356215,-0.637291058466569
0.971555639684519,-1.22426037638611,-0.733617998152107
1.6998849188153,-0.65367001604604,-0.994562290692532
1.15390225673002,-1.12657383034222,-0.713438065227171
0.819701986277461,-1.37559830154107,-0.693857155126022
1.30939808643532,-0.889150112799251,-0.895409473774395
1.13687416852611,-1.2779940994812,-0.270362237248094
0.868731032553585,-1.09818999610679,-1.01642036745779
1.48257316308872,-0.940882769060371,-0.687219516583508
1.47105446364611,-0.76088459737209,-0.97332646004452
0.804107889816602,-1.28526841502439,-0.748093104800116
1.29493278567709,-1.01558053543398,-0.674349425500702
0.919402249207189,-1.09213971156946,-0.98875981792768
1.19422530643715,-1.07725784986095,-0.594467163761264
1.4324161653383,-0.790008464263588,-1.0219719761925
1.07831084597153,-1.0685926150029,-0.895902944095655
1.02467155885229,-1.40434274393665,-0.229213674670352
1.19913695765082,-1.23293372360578,-0.224448545405011
1.10560154822613,-1.15159731616734,-0.720956740750389
0.710051249442112,-1.25457383520926,-1.03064992180317
1.04921359085624,-1.00818778133786,-0.957402847510136
1.27954842829685,-0.995561439432697,-0.824501745560277
1.21283988667061,-1.15359360038589,-0.49471780408358
0.791094552373079,-1.20891067813847,-0.925735193970899
1.03892399444501,-1.25715074979508,-0.571919205117409
1.65679818287611,-0.730204466125142,-0.907611370976656
0.784469701933534,-1.11193558056623,-1.05443506624284
1.13840255143836,-0.992325403429494,-1.01770700012629
1.12594363717144,-0.83109917891019,-1.17062889822179
0.866707920061523,-1.34350850932208,-0.615349822574323
1.12951281612649,-1.19487720998528,-0.589761482738956
1.44599187031078,-1.0137449370404,-0.549635198846403
1.56285676840235,-0.738181242937263,-0.858788828673544
0.905331206693858,-1.25008917940095,-0.616393888344092
1.17384035436373,-1.24049936867987,-0.343239741768924
1.36001792131431,-0.9697982129376,-0.783921289094976
1.1895885848969,-1.23430139954657,-0.32360357982348
1.20424652381289,-1.19532520219032,-0.449174533372468
0.703531584607988,-1.19538909151964,-0.91256114262402
1.65538411934088,-0.783059995049106,-0.841077640060256
0.862899115430023,-1.31929986122186,-0.672289018928093
1.27340849095786,-0.861356746349343,-0.981817283392724
1.32944292664338,-1.02235818223627,-0.712191220907494
1.58857598174865,-0.768678943926269,-0.86870679416483
1.19177069472201,-0.973361043104693,-0.943797638476327
1.54145208661547,-0.711261568226409,-1.04181123853257
1.02382435562282,-1.2521835919882,-0.607170161761035
1.10497190848574,-1.14987805634289,-0.725198584589392
1.24261677611386,-0.927540627777071,-0.948410208592205
0.753522254297101,-1.3667748255536,-0.735023365555124
1.48394989264795,-0.799378785657072,-0.955193082812912
1.1870904728763,-1.12998229856624,-0.662499299536297
1.65731908616839,-0.697352002407794,-0.963189803890589
1.25587275278881,-1.14759929056133,-0.58020281956556
1.08590993013276,-0.869196022181077,-1.15147175672384
1.23800681736913,-1.16696169585827,-0.474119967045349
0.862868964618525,-1.19035690397312,-0.89505437958476
0.926204607569637,-1.04390136404745,-1.04562606392931
1.55765462269828,-0.5667393732928,-1.21502876197376
1.07283659327853,-1.10746690499011,-0.837890599849297
1.24873737116318,-0.948165154546227,-0.859597983980237
0.8711193788585,-1.0479070646321,-1.02151802534421
1.31647884171838,-1.1043740827047,-0.518544024905759
1.15536414147456,-0.845816834789,-1.13686004676661
1.0333372262988,-1.41583195913073,-0.0460947798915463
1.69917261387942,-0.81755721975229,-0.798230414837384
1.11077640976022,-1.12732440794035,-0.762759582272689
1.12191419343036,-1.24188902140555,-0.482707072718326
0.80502324828913,-1.22778498892439,-0.865107136519962
1.67334468635802,-0.700852879622683,-0.869181659357471
1.2670887654727,-1.1384935422154,-0.561333505340403
1.63087479872694,-0.847113458046328,-0.696237854172462
1.2321997724846,-1.14238094547592,-0.601688596243055
1.13464442565068,-1.14621789314565,-0.696178664245497
1.49637018635949,-0.836682788847195,-0.883647514733943
0.77046588386603,-1.24404873176235,-0.925512920773244
1.23513946335998,-0.989014620099983,-0.880361931564366
1.02650155416024,-1.04700183390374,-1.00173314652056
1.35420078509821,-0.74675724754103,-1.12950945597518
1.07661028105941,-0.97741010461068,-1.02637183277991
0.922389523478129,-1.28626362720413,-0.667474798787889
0.851897106682294,-1.30775867340965,-0.676648302384598
1.48255337583166,-0.887867930154141,-0.879516260152561
0.81299366596866,-1.15111047080691,-0.925596424343043
0.886388247589371,-1.307254366059,-0.668362297578133
0.880442854085399,-1.32505574602201,-0.638013463925477
1.29965729661374,-1.05277070448193,-0.684060449900311
1.37474332100121,-0.934193197168295,-0.835315428685927
1.367890310678,-0.999334694861508,-0.712115140641361
0.919385467321443,-1.1768881560461,-0.867207108480703
0.964459429129011,-1.14580613806834,-0.92758785523395
1.4385634295174,-0.867025247534664,-0.886361794927208
1.24327372287791,-1.22996074027631,-0.322792606415385
1.20717729981572,-1.23333241911641,-0.262651870727666
1.28110457806167,-0.923057769379866,-0.928440641410463
1.12870883928174,-1.2381340469725,-0.465386903215452
0.904527965029019,-1.0662804481457,-1.03229745659038
1.31723858472481,-1.1235231042542,-0.450701108685094
0.835985717664331,-1.18953443157821,-0.918012878781002
1.19473242257624,-0.871733903361303,-1.08061174511094
1.50542029355818,-0.939306441915709,-0.656485056046812
1.19373115334127,-1.18335971585554,-0.510836279534855
1.03255107641545,-1.13166472448392,-0.836089640662702
1.55743549131476,-0.646055126120199,-1.1877418583242
1.15783014876392,-1.22693727420423,-0.440769583614234
0.992726127156574,-1.03319134835304,-1.00386090616553
0.76696625616621,-1.26372128604161,-0.791314373122749
0.913560503155476,-1.36398033914962,-0.490694017763246
1.13251175235197,-1.13604607138479,-0.720133454523645
0.859332168280013,-1.24328226118348,-0.815479297447301
1.33671604846226,-0.94835582957933,-0.85517465352413
1.10944200080764,-1.30193386727247,-0.230703105086881
1.41757540306447,-1.01465185350634,-0.609130083206067
1.43515681422103,-0.98707664377511,-0.644014134063661
1.16873362289059,-1.20271328727539,-0.499056379692463
1.18991414877275,-1.08486210457459,-0.754821034602545
1.09114820594952,-1.26082305402212,-0.468141862119444
0.739630020400821,-1.25613541731555,-0.899281809083954
1.56117768225044,-0.754938071905486,-0.958716602152963
0.941695340380163,-1.14893236494129,-0.890859112847912
0.873154843654987,-1.24859671700687,-0.793200106420734
1.51744904978688,-0.809141179966239,-0.983252343738576
1.09835400815081,-1.08324132703382,-0.828602313431469
1.6611489170377,-0.706436148173093,-0.824353935174557
0.821372597496522,-1.36101272871672,-0.636612180472595
1.60659780096549,-0.586636545173794,-1.15948148749632
1.2621405606573,-0.96311061462701,-0.919035172311964
1.21108683423908,-1.03257633834015,-0.768158994619349
1.34089862912281,-1.00556172596897,-0.685644019495084
1.52462420192349,-0.843036651954971,-0.831820975219365
1.19974844815404,-1.23765048302718,-0.266191945597985
1.51594199974578,-0.860947872185036,-0.817257900615252
1.51330355883647,-0.813285118736478,-0.901672231663402
1.16362822634666,-1.11966046530931,-0.715795514838912
1.4605823259967,-0.972521883535531,-0.708609148841726
0.978698383612107,-1.31629665262033,-0.511997965587516
0.907924591616086,-1.14395518694003,-0.944013808943113
1.53487420389337,-0.59983812422884,-1.1905545071157
0.974867507171146,-1.16820755456076,-0.83028871089009
1.21247592672059,-1.04813866494572,-0.799749332549293
0.735430226015464,-1.21025373571723,-0.909990691066424
1.08380588119552,-1.03961455592306,-0.935213348577484
0.906966930322216,-1.36031056937049,-0.517083260082611
1.07049030825712,-0.914957642639515,-1.10841958986303
0.992516112860701,-1.37549277485107,-0.248979210520129
1.01033259721297,-1.36775349789181,-0.224259933985106
1.54833331449947,-0.925826672026572,-0.622007800511239
1.26451363826393,-0.840263315850604,-1.11265492920248
1.15502424772676,-1.13799558374341,-0.687646393110519
1.54143407480785,-0.938190212257444,-0.661939615789865
1.67261590195019,-0.590302866055363,-1.10934527238692
1.03698067475311,-1.31809907904188,-0.527504233613339
1.73942910793346,-0.662785792837074,-0.9420215733692
0.934795531853247,-1.11969726274243,-1.02817291018056
1.32685501841181,-0.81262037999775,-1.06471461403534
1.35285678815835,-1.05280051076227,-0.576372557201883
0.962049232855155,-1.21058522416834,-0.769511942299877
1.57874531854638,-0.696650074555196,-1.03292264549106
1.17688663258723,-1.22474513808861,-0.403405676823167
1.27390280353448,-0.975540409378278,-0.753286337946115
0.856458588823439,-1.09740835497573,-1.0506744590937
1.03535650930925,-0.977613967982494,-1.05528066552979
1.06459538307477,-1.3142850631114,-0.326324765169149
1.47084944138809,-0.605719168454632,-1.22212130196346
1.49631389044515,-0.760551497645784,-1.00665960758852
1.53105644140351,-0.861772281996579,-0.797777385788227
1.21556655783674,-0.956829236116792,-1.01536780050028
1.60432461487814,-0.805744390870843,-0.762079024855222
1.33140995868425,-1.01428221631563,-0.727213343582502
1.31472738712734,-0.973014191028074,-0.69183437937438
1.00041822842983,-1.36691620107345,-0.134463387417794
1.07662741917005,-1.1776297706512,-0.769891419536908
1.35852845951233,-0.876068026127062,-0.948953893725221
1.08881155958779,-1.31300516038439,-0.247229034365335
1.5229869697577,-0.719226939960079,-1.04505727544387
1.12598039169582,-1.24395270472749,-0.451454799431223
1.21980726031907,-0.840057144889789,-1.10318324687043
1.22457283852449,-1.05491201475867,-0.773478376943029
1.71325208782029,-0.706855566220011,-0.890382195414689
1.23927543752701,-1.03569244766466,-0.83195876589093
1.35058039387837,-0.899297826239261,-0.893237127843987
1.20463283097454,-0.794930677795232,-1.102924420067
1.68391444456436,-0.650229439928221,-1.08263135915535
1.01683083375462,-1.08351889449747,-0.839205753886651
1.57164742490982,-0.549783583959793,-1.22599061899945
1.63086093464481,-0.5757664720697,-1.20328116272874
1.36986080656562,-1.02049601404591,-0.618949682613342
0.77749315929976,-1.09326075919951,-1.08027156428319
1.48929125759567,-0.841960245674718,-0.96835884855159
0.854796458395812,-1.07622950547297,-1.0775969113157
1.36959986673761,-0.77132367552993,-1.08830285734653
0.712391938250439,-1.30683949132818,-0.814217799996808
1.04272379972259,-1.35774695791513,-0.12112230678173
1.5220054873374,-0.810138617590479,-0.904119788277785
0.674533480182294,-1.17828926612793,-1.03783173490653
1.00903166121016,-1.21578157874274,-0.706698905496835
1.20764715978567,-1.22007493229199,-0.336677979959991
0.979548329863725,-1.08911164986979,-0.94760880963832
0.85551821571506,-1.34012931135451,-0.730573494014054
1.46195200380013,-1.04499584871724,-0.520087929309941
1.4953257836845,-0.616992054858479,-1.28775171095884
1.14797728175594,-1.13690166044128,-0.699086042110772
0.977322303380009,-1.29383624410554,-0.675810593656218
1.01001303938274,-1.08207630668768,-0.933378601121033
0.929928299548363,-1.30089263971461,-0.560159416027685
1.24680466681888,-1.13033026205885,-0.569920483363505
1.54697525362947,-0.865206366005095,-0.804116588296924
1.40393536341264,-0.999974829750321,-0.659494682109653
1.16526987335292,-1.10449419524471,-0.729294029499031
1.27797443048995,-1.15546380074057,-0.423466958588532
1.58031929404624,-0.857088610393561,-0.744983864054289
1.21966278674415,-1.0914376744215,-0.704802634292552
1.05762198431294,-1.33643333914396,-0.22681693354489
1.30403857329436,-1.0566311889727,-0.738897261948253
1.67424667605714,-0.791222423858112,-0.766175775280418
1.68024071248229,-0.792498084277591,-0.755165325482518
1.15024356803193,-1.24505744566351,-0.441923565132174
