0.660366830362851,1.94545515148944,0.376022783326549
-1.2617311365829,1.62016815928627,0.0556868546870456
0.890277719116806,1.85049072092568,0.155961435198529
-1.25508276392268,1.62532383883707,0.169904446996899
1.974505647782,0.25350514587598,1.00925389331501
1.94749306842487,0.65129184996049,0.516788936644732
0.258066210319421,2.23916835149141,0.335862857671008
0.29861590613749,2.03168375147057,0.434397622633842
1.78405066719017,1.01689406640326,0.85330335541628
-1.2440459458177,1.63378701490812,0.12851234693114
0.903814434877186,1.84391697011972,0.0496650800378781
1.16419217520323,1.69410602947668,0.35735126545476
2.13686026305682,0.498046458006313,0.703669484195
1.63707171959677,1.50476696930057,0.991786961123618
-0.889067295577799,1.85107257267829,0.224816118353051
2.00694789491287,0.434822345898483,0.201547836756506
2.02644928226233,0.332285467341457,0.304255890571964
1.2226307961847,1.52344463878134,0.405631845993179
2.03286782628423,0.290445737180472,0.782645763361609
1.16160255534899,1.69339594566497,0.140094113106186
1.563977447226,1.33074598250616,0.61827668648165
-1.48303590017901,1.42039249651921,0.237135891998528
-0.164826245003325,2.20599128596139,0.314786237675207
2.05270697404789,0.0574839463068413,0.165596250550114
-0.159441108297232,2.0473125942007,0.362685667235329
1.86260159688262,0.864653466238463,0.517230804721521
1.80347760668085,0.911050885491798,0.835249163228331
1.51731485851821,1.30555998771729,-0.0851856480608082
-0.184576617403519,2.09515913081499,0.303594899148474
-0.0658655589738869,2.05245512826198,0.0887371137705414
2.18386028492229,0.440238179892073,0.667539503750221
1.65886053083133,1.24341577953095,0.0930012505419373
1.63932494112158,1.34687382623934,0.924026944455786
0.503044125205529,1.99094372936155,0.448506151402272
-0.276209701893977,1.89199424127589,0.439155475168518
1.65360433730063,1.21758080678385,0.879847858154456
0.969698455721531,1.81013679879702,0.559389645631058
1.73061410018799,1.10538914487992,0.0910478616957603
-0.650907036947664,1.94762171754165,0.346485908646237
-1.43185333737646,1.47197362260053,0.28586399719134
1.98173887641332,0.538164799201821,0.775662373566695
0.11888845236666,2.05006728213533,0.108868666395302
-0.0263556681158093,2.05334256862951,0.117214849661346
1.05944114354942,1.67877913886365,0.221632902737884
0.218851756858,2.04181640553406,0.323732138480932
-1.47100773629444,1.40118140191632,0.341882244349619
2.02071441734352,0.365545577087033,1.1734394980754
1.92928532689819,0.70339779129822,0.388718283824279
1.93354434474837,0.691604361090544,0.201151614326826
1.93939145249547,0.488090326324465,0.261146806356249
1.85698872251221,0.335276541018201,0.851001000162667
0.431567965389858,2.00765022268251,0.397515569434921
-1.18064679055816,1.6801736461844,0.345310506156757
0.595305007044271,1.96533006743801,0.121133396131859
0.620948225041059,1.95737927525715,0.420621045455651
1.94045216441229,0.427377180850436,0.905245438962109
-1.66084692579415,1.06288897961517,0.115720627569587
-1.70606421737855,1.14291522501382,0.262256901956275
0.552700854849677,1.84395061453955,0.649473170266031
-1.73450280024591,1.0992771994938,0.219360568009994
1.57157707273102,1.32176239538506,0.500327687583843
2.06823868993837,0.891035440876936,0.428971915596612
0.91420738771396,1.83878633278505,0.380005564588915
-0.916004173530196,1.74326720255945,0.173552077476442
1.90066299733316,0.311789737065907,0.608405747659499
1.9332940554349,0.0938569670325664,0.580888105764771
0.855755795314311,1.86670628224524,0.394052116709379
-0.244542562562478,1.80899827597244,0.215751219077879
1.69267497087904,1.16265290106183,0.11893581097966
2.03725217654212,0.257902878158132,0.139775275938154
2.02043532243273,0.367085049074494,0.17256873107915
1.79483027126907,0.572633454318321,0.489045320432206
1.62369353330211,1.25719116895593,0.418674757281513
1.68370807420245,0.949980531753546,1.02582107399339
0.854671855536936,1.86720281296406,0.0762232539922148
1.07294865648436,1.75091162139506,0.258812820987374
-1.78287276622442,1.01895781308313,0.268004199641988
0.639155594975485,1.77299795698368,0.262475216750872
1.75142669310078,0.530078264162579,1.08277223542241
1.51477065176166,1.38649925998877,0.461885977100845
1.54104964299108,1.36213210646112,0.100653812910669
2.02910770923455,0.315645734507524,0.0827769317699521
1.6488348300435,1.2240318740226,0.134434549329733
-1.65299789560953,1.56403254413027,0.298901765855117
2.00410491916486,0.492963561550026,0.850061017237463
1.11812337258236,1.61220610080381,0.434705963493363
0.837013216946182,1.87518511087446,0.0405352026551508
1.92989954939818,0.701710805546396,0.23159470629419
1.60782492466678,1.32249990105942,0.118305397317977
1.54851439551817,1.11778886592806,0.626901980021404
1.80274728779733,0.650108135565208,0.305335520137862
2.01459226454232,0.397904929642865,0.783296541275712
1.61905838330046,1.26315489028558,0.817937682145511
1.83081509058762,0.930067970346532,0.952875784053962
1.74183603152272,1.08762013804317,0.881131312105355
-0.309874661686702,2.02999704911914,0.123696254945748
1.76827107854546,1.04409181500839,0.0568727808830469
1.39295616239588,1.19764277927627,-0.106023204261742
1.24319553646121,1.63443420898817,0.278180082937963
-1.28427801626141,1.6023546119182,0.23034980834047
2.04885349005047,0.138237844658639,1.20949631209744
1.8468661526383,0.897772654755578,0.157734136724592
1.51972035081803,1.17172932788593,-0.13521181523188
1.43391740925179,1.46996298893288,0.0267857869222027
1.21722394548594,1.6538670417913,0.0217967467927804
-1.78853216210507,1.00899109535397,0.0834547600479513
2.05150361859604,0.0907922258523733,0.163480392719225
2.05351013006308,0.0025438388682505,0.14805603445164
1.84142685845122,0.438702144949357,1.0372045321153
0.185349688619469,2.04512978031139,0.357439359378137
2.11998800777473,0.153377921212067,1.23389716135123
1.64984112757393,1.22267517319746,0.614607398775853
-1.4105465364934,1.21177324707174,0.0761919585976918
-1.46158870980764,1.44245234540026,0.392033114315334
-1.05743316802476,1.7831078745244,0.429562382753426
0.475705340064784,1.99765231079428,0.366344442368947
-1.47405436671852,1.37372410710479,0.0580197050410266
-0.587370871905752,1.96771587995435,0.296537608464898
1.30142722036689,1.58845759007786,0.287689602562931
2.02921813127363,0.314935074417296,1.03959731043094
1.66666291153754,1.19964372406689,0.691627002858277
1.80219976131265,0.673210313636934,0.189953267561471
1.74913235122854,1.075846802883,0.149178775540489
1.59934170207389,1.45380342303387,0.161721727558358
1.73896676617805,1.09220186390434,0.914660277229554
1.77840853026889,1.09645695153633,1.13566969101448
-1.67274731104651,1.24114610969968,0.244821549847255
1.84114010690692,0.909457768193028,0.265530658636496
-0.762388036790345,1.90674455728785,0.32708519155844
2.15449422538521,-0.156398676352127,0.296610921729052
1.77370836538113,1.03482798568886,0.702674649230351
0.816610703435446,1.88415956978769,0.453352800979313
1.98148454483588,0.539100476687226,0.675369146513819
1.96833819549247,0.0152842731447602,1.07821787755505
-0.971459369325226,1.97355916613272,0.123578148224652
0.357675540264333,2.02212228445376,0.261047186278922
1.98323737468817,0.992479398664795,0.230467054081078
0.929476886565326,1.83111524561637,0.389552828357077
1.7255248577714,1.11331679705323,0.211563603749519
-1.46217021864587,1.44186288428995,0.102304356487319
1.266737902495,1.61625660455586,0.350935899705184
1.6484515321574,1.2245480274435,0.259806424114902
-1.54212207672524,1.24791902874714,-0.00140774848988002
0.709051672855485,1.92106246423408,-0.11838383645845
-1.50054686592966,1.17443582813869,0.0697760180431757
1.1226437058802,1.71947126612672,0.258507750381342
0.0314515421823095,1.9135788203546,0.332325109892622
1.50280438829862,1.38074715439062,0.304246294427583
1.61380791423516,1.26985603173738,0.202165139349707
1.87150218801225,0.528379539924853,0.35429749649487
2.18185935761613,0.46813551968446,1.0942682702979
-1.61523900122279,1.26803521020382,0.245225864210323
-0.94793787483761,1.82664896218292,0.225328341968735
-1.71581344895786,1.10758762095726,0.55171990881258
1.97666557947719,0.553365178423111,0.0420291251118833
2.02477517552886,0.342338741526452,0.0145628039553478
0.303637830283771,2.03093928845951,0.204872342860389
-1.61871693899099,1.26359241720244,0.155266777519541
-0.32291852196949,2.02796300596359,0.00526004048500878
1.02699126237333,1.64635724711616,0.360738049089768
1.99374359368124,0.412369993541569,0.997553748529555
1.3377489184139,1.55799170622642,0.0180532580736807
1.97187216996461,1.08492843601857,0.531621276644431
1.31574142069254,1.80032369221489,0.159484727958419
2.04195166495308,0.186328339641446,1.06162786132274
-0.25483171522299,2.03763861425533,0.09565100026865
1.73005037969855,1.38213554642168,0.617638599376715
1.60262201676333,1.28394431217764,0.588494800874567
1.76325746257936,0.760745249487237,0.86313467134267
0.827689261771268,1.87931924146388,0.313070811138956
1.83286133484717,0.539370334802792,0.721109883532032
2.03203626755209,0.296207583867858,0.711739356922601
-1.63840880321143,1.2379527127266,0.211651922552623
2.0427082127371,0.210365118316416,1.05241373039661
2.05274757502141,0.0560153428230331,0.145801583558056
-0.165506817474056,2.04683116518131,0.412992029489227
2.05016126788727,0.11725656076628,0.701322905303148
1.57237819714208,1.45718785609675,0.357203278938936
-0.349807360629814,2.00136876740149,0.409111325582158
1.81125361219607,0.937328077217253,0.317068383592733
2.0491892597701,0.133167950463856,0.304478725034983
1.8425458003492,0.906606474168031,0.806916285284609
-0.723660436079732,1.92177675567188,0.229693071180483
0.0751449093859483,2.24089534782709,0.383537146314959
-0.2070222457399,2.23475335653991,0.109926831895247
0.776979738666725,1.90084528857276,0.503309278174612
1.84338078623046,0.904907510381151,0.42559676161184
-1.57485834221745,1.21202504282314,0.240578680085661
-1.64722234436184,1.40381461727891,0.123687263095931
1.67500947146112,0.852542177249684,0.644860693104211
-1.21444324042334,1.60257631663662,0.269491198832078
0.312028165962013,2.0296671522775,0.426835952508344
1.00155018216279,1.79270955762431,0.401617259018292
0.263483556902823,2.0365379300739,0.138479355939547
1.74560002962421,1.08156870422726,0.0475075207638154
0.852620550101561,1.86814039165486,0.420795151615748
1.98962939189837,0.358054623548522,0.854428540754476
2.03793656882774,0.252437847444641,0.994513795990639
-1.8279916914298,0.935604992211716,0.0451461473415375
1.80299226771507,1.20213548092932,0.807702250360023
1.90622891944157,0.156434428844763,1.31299143401849
1.42949417635797,1.47426480835246,0.320315370799241
1.79321904026253,1.00063769618569,0.820366625154701
0.0815576805857385,2.05189148595274,0.436765329030258
2.16508894270662,0.699989838210449,0.658927293915296
-0.655187487658007,1.94618593186886,0.0489152578809669
-1.82848051596181,0.934649307567233,0.0879571063004532
1.66234648856409,1.20561788197857,0.502193951579426
1.90856382381368,0.640809089462924,0.42623006828773
-1.39109868292563,1.51054784093402,0.0198742245448036
-1.76863408585084,1.04347678256607,0.236845180116619
1.50018173493897,1.68193549182629,0.00362626786219632
1.91518140765829,0.728519368690909,0.78675297678065
-1.51079229234319,1.3908331944501,0.253632583501036
0.394587946686462,2.01524457019927,0.374067794365496
2.04055655338092,0.230302578887039,0.630327886227964
2.03508009820588,0.501225879351711,0.802304363763853
1.49379792338752,1.40906993775007,0.749660941103231
1.63779330231921,1.26911533163558,0.467398293986718
1.8683119528109,1.21477795090711,0.552779633583356
1.82479551908746,0.94182357100796,0.983807711825246
1.84234575485439,0.488296220710912,0.51238791517048
-0.0331068992001454,2.05324481214813,0.273378930050737
0.340221533536746,2.04470700631252,0.292998931822448
-1.94433682730404,0.866923303343531,0.171135247746015
0.975399558286029,1.80707111843538,0.198227841692814
2.15597119361547,0.486444899242897,1.01709827095105
1.92449686554848,0.623616650351813,0.654710585091938
0.857547723881761,1.88757408774787,0.282657499359803
1.77830488195865,1.02690898924389,0.29072406633901
-0.938888231964903,1.82630753523761,0.12724472499462
-0.941356118628987,1.89051440755864,0.484183341982831
1.88177994739429,0.822079409164717,1.01143948383461
1.85343582283474,0.629733514691182,0.805789186442417
0.75781409663456,1.90856703322933,0.522594840423539
0.770155586800136,1.90362041844176,0.452777348121009
0.050535660238391,2.05288978574889,0.120649727173423
1.96823941692865,0.585614141765908,0.784276097756602
-1.88428040560197,1.01367072566089,0.0680232103892872
2.02863747172058,0.318653940378875,1.08848815339446
-0.49731988402656,1.90668799981081,0.356789150778015
2.1802383022064,0.366280455968895,0.805761550017297
-1.63760308275526,1.32018720684829,-0.00506274218668844
1.11399795857553,1.72508517867304,0.316968985815339
0.235472615432105,1.88016812818608,0.447169004188564
-1.61378853049219,1.26988066535392,0.0876182114486747
1.81415857134574,0.792109983055773,0.408889852811151
-1.76388195121988,1.051489794315,0.453515587323947
1.75035434076532,1.38951120263228,0.12180409239785
-1.64432790711201,1.46131242102596,0.219669847221863
1.97188509709851,0.573218535314997,0.11765841626674
0.784179293711284,1.92610117668913,0.166609797834011
2.14647790914204,0.328562880147617,0.539786303876653
-1.55658651152779,1.33938372302996,0.165264854977698
1.98794938834817,0.51474999247594,0.0508182556858445
0.220283123284866,2.00169173787173,0.236657352122749
2.04888131202569,0.137824869380463,0.183503441549276
-1.71440022891374,1.13037258480926,0.151247978849902
1.79406859801317,1.08541953583696,0.165196993456896
-0.282957121108667,1.89492673914794,0.261411731990223
1.46870032971951,1.4352106698564,0.280904342014597
-1.12343453794677,1.71895467198417,0.150071352245323
1.06446218349772,1.75608387763544,0.336743354991128
2.15883858318549,0.182140228955556,0.42334187217432
-0.552791514394489,2.05456080613164,0.165566626545773
1.39746989117791,1.34261538723541,0.115916017304017
1.27087847494146,1.70836873394502,0.391085942634948
1.24828328972006,1.89000535718167,0.622692182941119
2.04986305612055,0.122359211095839,1.00877659910642
-0.198378801298357,2.04390708609352,0.274982310755507
1.97917389562949,0.547522617109678,0.107542842402876
0.371316406778776,2.07622176408161,0.160721540047969
1.75437177990433,0.872059159104059,0.773982621424557
2.0349563771161,0.275432148854113,0.874022611599214
1.8903271706861,0.802230336719912,0.951586170577503
1.24589525068261,1.85134373170568,0.19327750697353
1.98778694834248,0.751926088830222,0.443530041084984
1.64435510453059,1.41259483779727,0.132500844709503
-1.71313109065213,1.01263558906454,0.350820634788682
-1.83136457064078,0.928985540678426,0.273897309315906
1.58094354538921,1.31054486061335,0.14880848023791
1.66953796311608,1.19563929138436,0.113868454067187
2.00224483798335,0.455988962757767,0.161728803409694
0.529921151657486,2.07941803120899,0.157702852148506
0.573404181174591,1.97183112116615,0.278818708390924
2.11103185562489,0.760075479112628,1.02550056555137
1.8271812725829,0.439507363196249,1.0348510711547
-0.541444964687185,2.03569572937115,0.295036744634576
-1.81626130418542,0.958178062943702,0.559122903304635
0.21048752262337,2.04269560341421,0.0417633513709789
1.79069011096619,1.37730072943447,-0.117545375175666
1.91157748269841,0.863070363542838,0.0351088186964229
1.91556449450473,0.067130864740728,0.129495429285598
-0.861861979337317,1.86389491494575,0.140124397580004
2.05247903060662,0.0651164672565922,0.393203428499491
-1.79099302515667,1.05946232144092,0.210019645648274
0.506883410979019,1.95164003581373,0.664892516955846
1.97557764937697,0.560359952771465,0.489498162925002
2.02414282827741,0.346057995314347,0.0447678944389351
-1.50323120306572,1.25339021172294,0.145403427090765
1.83438001475367,0.92301694830604,0.173109507071078
1.83687965367676,0.622863187510052,0.260911846516263
1.15670870229215,1.69674255661531,0.512820784909951
-0.132945628855603,2.04920369537927,0.103905893108698
0.545424290011374,2.02444875201724,-0.0406451271211121
2.05041574192812,0.112719167142219,0.149605561131625
1.4746774880751,1.46961740824681,0.482042378296209
1.98149966415307,0.539044901978593,0.696086649308593
1.90921443561616,0.869858255123801,1.08249821160525
0.172755681136263,2.16245158149029,0.512064249446903
0.644023007277622,1.94990889312423,0.42824132542308
-0.888067255996088,2.02916572687395,0.157912849709149
0.83619808304286,1.87554874404887,0.156722644440981
2.16875405360403,-0.119106755711899,0.10742949420675
2.01649649640987,0.388139414842865,1.08351255723598
2.23602153954972,0.0389116132483303,0.615427741114294
1.51295509618716,1.38848017713944,0.167503512249755
1.93338570633992,0.692047712161784,0.895646329286715
1.29103191018566,1.59691794788281,0.392500642301095
-0.877506423719007,1.8565809440258,0.0940063972821552
0.240244219817253,2.03940997355418,0.19231120506949
0.141280317670136,2.04864594237923,0.0194504138695924
2.08652857910913,0.294988880966,1.28121871956686
1.55150331666724,1.34526866601375,0.744936493437411
2.03282865661904,0.290719758902448,0.477073089154663
-0.169093401187019,2.04653799062291,0.290033728807772
1.89388959554522,0.333406637103925,0.765175748241049
0.827340776383824,1.68229064618816,0.563275646487048
1.5243337294943,1.41929048689507,0.617080576406581
-1.66978282510804,1.1952973029176,0.294966068015104
1.92472243088489,0.860805305244708,0.104886113483113
1.83085965840958,0.874268763240537,0.427993519846721
1.94222522139523,0.666836947659702,1.03792312611091
-0.83882525192364,1.87437523514453,0.173357372298665
1.18929030972948,1.67406657112894,0.222356661506134
2.0400515300313,0.234734062728,0.450993911426855
-1.84880073280702,0.893781950903053,0.104994455359422
-0.252555790223643,2.16365679511219,0.40873145238734
1.74985976240827,1.07466326693171,0.429705316276604
2.01406459035357,0.400567286821798,0.370708709887484
-0.817443434360434,1.93242091860817,0.138382490095856
1.94305641074234,0.664411100193973,0.346233740231393
-1.64680329466121,0.779868201378388,0.282795697235213
1.78308807683588,1.01858099119981,0.301200857634298
0.665833036249201,1.94256961090897,0.139873648499084
0.897337092172781,1.84707781871765,0.437411857879257
1.09919556596961,1.99852051315646,0.414910326079557
0.731688667746832,1.91873448368416,0.0313070289739682
1.58649860348169,1.17504492666184,0.0750734063323679
1.84374086305274,0.904173631166828,0.842671913272084
1.9340532796752,0.690179858272804,1.06070670032726
1.77108038972926,1.0393192861216,0.13156497781204
0.417493679759846,2.08329310700197,0.184287844532191
1.67096350239551,1.15263244333707,0.114354825196953
0.161725449339476,2.04713341148637,0.24653114661016
0.25079930129627,2.03813886569516,0.220392722541376
1.47364144137376,1.43013678634378,0.587980990758572
2.0515279728531,0.0902402459500118,0.072223352001109
1.84699671087373,0.556625685524665,0.848207342567462
1.95226424627323,0.678036800501328,-0.109940622708151
1.94725824331591,0.692927163209175,0.900709304218049
-1.22832989056706,1.53861819181889,0.188937469438394
-0.706734973005793,2.00796210843366,0.0693357504545828
-0.0322409303780611,2.0532585925295,0.142008123844456
1.82823455462715,0.935130332443098,0.0359131215481773
0.593239119247157,2.07129006582071,0.546731508317407
1.90078414803871,0.981838922928247,0.612082441975136
1.69535781322737,1.15873733456586,0.681214435878309
2.04185336412463,0.21850666992286,0.467161267683518
1.67801603511422,1.16524562229452,0.557345050013237
1.79840647734982,0.991284251672584,0.489028900886001
-0.11902194723226,2.14098804755708,-0.127549482917847
-1.07197466577163,1.75150810484327,0.0790130191343107
2.04363201149302,0.201192760776493,0.320233573998405
2.08622076293889,0.713247816221807,1.06491648858819
2.15474222368124,0.171047057227091,1.09359136933187
2.017657425373,0.888806250414885,-0.127844052044164
-1.5308503207006,1.65346108704412,0.298822226796808
1.69198397118284,1.46678997533888,0.626127974882047
-1.79368639053714,0.999799708836583,0.203724273421909
1.07133691907975,1.91030308197853,0.282448952229718
1.84835809522109,0.894696975080686,1.01072561063336
1.14677643119417,1.70347120382043,0.292822679511319
1.43835552450201,1.46562058887095,0.0223529930439013
-0.575778403161393,1.97113915182079,0.224376226602019
1.21666917011685,1.65427520560366,0.0563662520655007
1.81428082291021,0.961922772891935,0.632703354943859
2.00639467292716,1.03775317379609,0.99276039945404
-1.37999957198117,1.51701993651208,0.411544657200733
0.0642916549844301,2.05250503251203,0.333285238141249
1.02591495577079,1.778878531242,0.481148818014793
-1.22974365697327,1.70597687705651,0.338422103832071
1.78282207915185,0.694363138695561,0.796699625400043
-1.33972651928823,1.48632006603715,0.109093391683123
-1.69135068948709,0.831150250970485,0.389257229731771
-0.119570817451052,2.05002759615619,0.165845574083832
-1.86376728364428,0.862137945925756,0.18551606759263
0.506105990206414,1.92580047631849,0.501027729930773
0.00101256916392028,2.05351145604098,0.0349247763034966
1.48012458758408,1.42342598354004,0.756333087014878
0.744765301385646,1.91369667691612,0.147318640862776
-0.166841630312283,2.04672279407413,0.22262313840362
1.6952346322943,1.1589175410088,0.494393142063896
1.90453224408973,0.151997786754874,1.27147149863462
-0.599741776654932,1.96398068389754,0.055283839409504
0.0367349909431153,2.05318310577217,0.363485660776728
-1.12863604939934,1.71554393513664,0.101426999832118
-0.549312775996818,1.97867779072656,0.356199291030081
0.788608297058246,1.86772362893536,0.338196433705532
0.92697214364123,1.83238450394589,0.405197342912173
1.68142071614653,1.12814913463221,0.783181352990705
-1.30462908253272,1.3195181259323,0.355039753764949
1.31909958088341,1.57381276557953,0.246812465937462
1.85847733187593,0.628314849616068,0.467234784602848
-1.14006212955658,1.65900765534035,0.332198204882052
-1.8440926479501,0.903455937588675,0.570165829672278
1.8951125164716,1.01397420289754,0.0463201134452436
0.375068722658998,2.06192979796903,0.444611043750826
-1.8596051680951,0.871079183646278,0.510324652968503
-1.61322464826793,1.27059693042627,0.44378545250261
0.414693408870314,2.00390918442117,0.186513436215363
2.00497029529181,0.443851822554943,1.00716452393125
2.1668065529667,-0.0095258570582455,0.879864805044693
-1.72774020133503,1.10987572370903,0.367264008725569
0.812250698363352,1.82884301109711,0.18163997184163
0.31640568455841,2.02898934648928,0.423261465010078
0.45189471350569,2.22046700018242,0.425782754461715
1.85874797307381,0.678933138470477,0.416872580395125
-1.82672417435794,1.17054658259969,0.272553389435512
1.98414930958788,0.529208694797977,0.699000206989461
2.0924185300643,0.606617021549435,0.735084903771811
-0.59595381991414,1.96513342293026,0.147739185669966
1.51631563395002,1.0207724994577,0.0683609852611333
1.35332583887295,1.54448033306569,0.291283032458557
-0.317815638791163,2.02876897283245,0.126979362676413
-0.102184973586328,2.05789800076414,0.219495525343019
1.74361447546925,1.04088806865396,0.54675749435832
-1.67760581237609,1.10992563588215,0.381943066773958
1.98475760729786,0.690682122457414,0.604989192496309
1.24128749291073,1.58188442190237,0.645752259781745
1.91332859504603,0.745710408112315,0.743679515088615
1.43027877245317,1.5000362794496,0.379984041734814
0.425530627467293,2.00893852829676,0.249307842553287
2.14688019420426,0.451231155408122,0.572707220984436
1.44359882176439,1.47190787663098,0.35183221075826
1.87922641049399,0.969588055557343,0.202037024502643
2.02531879990048,0.339107776610265,1.01410148417598
1.87160982517074,0.844977507222653,0.663727974548821
1.78999987285552,1.14119620411998,0.0924283269086004
-1.58327111366128,1.30773197025752,0.328508886754721
0.431095363850191,2.00775175573444,0.118506183671289
-0.877316412758547,1.85667074014009,0.379545369854989
1.74964689028222,1.0750098067988,0.2426205872076
2.10878600959196,0.207809890617387,0.881611771936132
1.8169569215214,0.956858333675018,0.454185489313657
1.80642219846217,1.17713682844695,0.327033807875545
-1.14532826728193,1.54229752778883,-0.0340145395261943
1.12029656773376,1.72100143106037,0.377644610594664
1.52403635814153,1.3763079250119,0.533125397796142
2.05150041853897,0.0908645041932248,0.121970742083663
1.97906939909482,-0.11907056891912,0.622587999590333
1.39587932044488,1.50613121876621,0.198541335334803
1.96437385787823,0.731250243908452,1.04206679268942
1.42315996924031,1.48038036576408,0.456380489773099
1.18031106392673,1.53285084282722,0.494823319473769
-1.86190657254092,0.866149086772467,0.212338847810004
1.02024955109652,1.78213388354388,0.540114969462766
-1.61344462294877,1.15368409176149,0.299154853533838
1.98106825102347,0.540628255065057,0.858064164891018
-0.452896005108369,2.00294671270724,0.33573996054424
0.965997538561043,1.81211453304747,0.024546763801391
2.00235651216309,0.455498324460084,1.05453011563493
-1.76315277855932,1.05271202370183,0.212938263283352
-1.72493523403002,1.11423012155913,0.41052915843393
-0.279044427682248,2.03446418812604,0.0750779340652212
1.9027259213703,0.772362863901029,0.520461876757675
2.03484691776156,0.276239654402034,0.0872754559292188
1.04089393506413,1.77015540033483,0.213238052383267
-1.85006181528705,0.985386283629696,0.515394222773147
2.03468042763287,0.277463299907502,0.107297592645725
0.384261323543409,2.00341070737092,0.315261603894098
1.70344795240193,1.49359939808913,0.611206492830996
0.995937335866442,1.70730015428217,0.0877624028374699
2.05543134914902,1.03432869565926,0.183460654059261
-1.83204315739495,0.927646589402565,0.079582532420992
1.93816630696398,0.678543802519377,0.13226176019761
1.86362608557659,1.0135773729797,0.499430148196767
2.05227242796555,0.0713316675836548,0.427463326505618
1.34798668719309,1.54914241325259,0.298517493447704
0.459498655030633,2.00144230779028,0.00749259546522361
-1.96974062649261,1.00158806036688,0.224241554475573
1.71204839063943,0.895356877253359,0.667423748258318
-1.76623509198743,1.21069323767455,-0.0580854476271992
1.80855323498741,0.97264871438996,0.338840837653577
-0.481987266244178,2.14289958979298,0.431140008590307
-0.778938662423633,1.9000433904439,0.104400381685471
0.4368757408895,2.00650190939608,0.228658864029587
-1.0027276154504,1.81628035443012,0.310631647393571
-1.17844290437336,1.6128077471643,0.12196423670759
-0.796152453006519,1.92981305378369,0.212947269335121
1.77271802287807,1.03652358234201,0.909649643462717
1.48013266485003,1.42341758448876,0.163597401083041
-0.562334935691642,1.94567869341604,-0.0603073624737935
0.781909864368552,1.89882260608805,0.432676230458699
-1.4776673639974,1.43826131528762,0.528441005317823
1.86317633695436,0.535684740027723,0.423280699536203
0.0513364571308436,2.13963723353758,0.127151720689126
2.05023065099037,0.116037076520635,0.231256020633664
-0.715628590206546,1.9049193793721,0.150042074929795
-1.64133270651422,1.23407344672615,0.359379388937869
2.01567649570147,-0.174066667618507,0.112082168495818
0.228923869109706,2.0407116865299,0.0123414970943468
0.194343417712494,2.04429473446949,0.146894669861499
1.72715247950079,1.11079009625678,0.78360591249688
0.788242761979004,1.89620243475626,0.0203329899868578
1.96737797418969,0.682737331337153,0.721304481905226
0.28630228553761,2.03345551381971,0.295956079617479
1.04154844281073,1.75375506852833,0.493671966517843
2.04561205202096,0.179949042827283,0.625244092004261
1.92379952034924,0.718265780120342,0.502796833120793
2.23006245197411,0.106280716574982,0.365239377724357
1.76283652374167,1.20910901412067,0.561864831708698
1.72358059488269,1.11632444133939,0.0172652919898542
0.975909844285388,1.8226538843747,0.270679386273266
-0.93047282739047,1.96753051515273,0.189880494747096
1.97554664690049,0.228065263155598,0.128651254824446
1.95494624772505,0.628566220770411,0.90431463829377
-1.61619630206238,1.2672711249223,0.258625386068784
1.90194352029464,1.05498232561659,0.490836603934659
1.61719304990788,1.16000667267894,0.709426540397609
1.73064205876399,0.953994340381118,0.557215034441903
2.04755992019603,0.677083765348931,0.634474577742875
1.95583601945539,0.625792130334641,0.829762228109507
-0.746150373687733,1.87152595815368,0.0268109225954777
-1.96007681039982,0.679599426904695,0.205486945779925
1.96538800479663,0.0192166313788951,0.297559974434832
2.04542997745061,0.182006957928119,0.514255439886981
1.99575462292287,0.483605014934548,1.04419365285352
-0.699139377822264,1.930832580978,0.0148701056422033
0.898508822615127,1.72518018735128,-0.0310846112181535
-1.87213177880293,0.843820435983894,0.492750473560216
1.97872402541444,0.364963891800282,0.12876165813277
-0.596457788392196,1.96498051696554,0.373472226478117
1.59790072968621,1.13815666622673,0.470112281468624
1.80137321360712,0.98588278749891,0.310712761595914
1.59975906454692,1.48895986899165,0.787267039336243
0.561979344063133,1.97511760212759,0.415197921555739
2.18894922564441,0.614474964834182,1.26083184925341
1.97605649817917,0.558668990898659,0.775325098676532
-1.83436894935576,0.923038939063404,0.174313641282908
1.83489717604528,0.921988437416069,0.486681401409278
1.66182969065176,1.21078942676064,0.359593184428437
-0.486645567479432,2.10754580653736,0.282302482528353
1.8310839079479,0.92953862073725,0.331643912100077
1.70822902313559,1.13967711651375,0.533229380827799
2.04256421661877,0.211758698466951,1.0920168780037
0.999727581427752,1.90021949191746,0.0540162335036504
2.09266871068021,0.467772035003643,0.936343556449086
1.41005965633,1.36654063531886,0.505144520311562
-0.744532544149569,1.91378724420716,0.0775966807352193
-1.74576227021756,1.08130681181277,0.0157872590936802
1.06732332676462,1.76411715230884,0.0151217534781675
1.99842173064495,0.47246260367768,0.665609179850379
1.87747854563481,0.831856139046195,0.125651045489862
2.16449384715341,0.442110954011923,0.656793634404354
2.04955049031697,0.127487697560648,0.385395002288369
1.96513284980288,0.595955709775033,0.392902649846861
0.555262043647634,1.9770165371772,0.0234014687478396
1.87476615765203,0.837951179670092,1.01757767327969
0.468362713535478,1.81969252175224,0.3031795797423
0.584038030798825,1.96870767356875,0.421142873524964
1.8462697768639,0.898998462972428,0.104086953961303
-1.67133261306548,1.19312933996763,0.38683139024686
0.87039180310658,1.85992699708153,0.362773581460765
1.90173926645445,0.86932091657907,0.525583470443663
1.9658553761458,0.593567995655531,1.06551576207319
-1.42107404894667,1.46440770199501,-0.124794229855152
1.7049382277252,1.191387249117,0.158306632234026
-0.21550884386485,2.04217194760968,0.329657688922173
1.39305317900411,1.5087455603429,0.485154986404168
1.95762140172095,0.620184466841904,0.0258982279133748
1.18607948211319,1.38167374438841,0.157473174301249
1.54398399130367,1.01201970226829,0.0883194845255296
1.94747247162469,0.213568299394736,1.13699506511512
-0.568786492000399,1.97316807492564,0.114440890037977
-1.27148781605399,1.58144732075583,-0.0641783807001309
1.83371361772764,0.924340139530926,0.592639841612463
1.89529689463218,0.790417615305645,0.367819842311789
-1.7576413591942,1.06188849595324,0.0174789196367045
2.02623301081053,0.333601725549444,0.774751735054846
-1.62403023623779,1.14203123470952,0.324517490618842
1.93169206576307,0.696761141608688,0.992170559360185
1.73779931590657,1.09405843674939,0.366441088808599
2.09614338438606,0.215408653784326,1.17292166953466
2.04083820989778,0.22779316585242,1.02723667492227
2.05212145401827,0.0755504026844399,0.416313015068863
1.84581784837445,0.994189741247328,0.704915103242261
2.0695272472904,0.252981024800781,0.627897517612713
1.95770498720164,0.619920566261265,0.568375493548067
1.86905364874039,0.8506167077586,0.494390128032399
1.80140956314155,0.985816367895169,0.41221492317636
0.993462703757234,1.79720398998868,0.506732711889829
1.53363457812807,1.36460565041899,0.60845403483824
0.69625008173827,1.93187632861612,0.503609064089307
2.04857079715827,0.142365776850354,0.716338321640103
-1.6332079330988,1.24480607833149,0.209518184713853
1.91890247791043,0.731247978224264,0.89616733727928
0.844501378758062,1.80490066366491,-0.144458192835939
1.97119172691594,0.00804186487287029,1.01549916105657
-1.4687457391472,1.43516419936006,0.367220247836149
-1.13570629653967,1.62755954188066,-0.156493330281175
1.98105779725931,0.54066656018841,0.825635938958677
1.8731865977134,0.125405437643523,1.12714841220444
2.05342348575474,0.0190345354211944,0.31024562752163
1.62673766310762,1.25324973601235,0.0552195981162923
1.70915541804244,1.13828734613192,0.123781857776517
-1.58351703376998,1.30743417774976,0.047938374054649
1.86748198320916,0.454769803774597,0.416910613934963
0.945313200847962,2.00512237610646,0.453186951924202
-0.271164683383494,2.03552942495887,0.327737261405679
-1.52076927021688,1.3799170816219,0.406402746270004
0.445091491279996,2.00469546060692,0.0303399096334429
1.67643751658917,1.1859458581066,0.0730571690635783
0.738830232754681,1.91599588009879,0.313728809881296
-0.61199948103973,1.96019564344862,0.235583846636184
-0.256609435162572,2.03741550086707,0.0431292927394477
0.487716230367958,1.81490280611129,0.123284680889047
-1.8694123678318,0.849828055776782,0.4025426302293
1.04958622217943,1.72751588532083,-0.0816430420874785
0.869239059764967,1.86046601215039,0.408195197236624
-0.430848891901973,2.13276680758307,0.228840071546498
0.170100222557973,2.10800210449172,0.189896197003207
-1.5162503414492,1.42569696498432,0.341792508538408
1.10708191833946,1.72953171450357,0.382257275267348
1.83255239412255,1.012757431408,0.631177936195139
2.02327825203787,0.351077541603591,0.2878951125169
0.493698058172221,1.96217576188165,0.0893931752781992
1.9964398194254,0.480768523096632,1.05201983067757
0.286453479103332,2.0334342206468,0.225407602193182
0.935236208165826,1.8281803960013,0.0151888853710964
1.84427066953322,0.58526392994697,0.527131718350874
-0.284355630193519,1.97088081769997,0.0530570978826156
0.216849967045385,2.04202997460377,0.339016869476248
1.99092842245426,0.503104702871718,1.09968964606661
-0.952637054585824,1.81917370463018,0.0747765558812531
1.85583345858618,0.61924759078396,0.970991225371936
2.01285465725779,0.406603558941004,0.371872774889311
-1.29186631204376,1.59624301320141,0.348694528028329
1.13049933216162,1.38983335874756,0.200173006757782
1.93150926402851,1.17331015995775,0.735350471883735
1.11814007546678,1.62741679257332,0.656677972568323
0.944961703638031,1.96083153200283,0.431527198139407
-1.84461341208693,0.902392201504914,0.498246009507992
1.79769944426377,0.992565883698196,0.437219396169773
-1.7814844982185,1.02138303686473,0.387629298632932
1.85774491528377,0.87503951632206,0.444951400379734
1.87316204271451,0.841530918696071,0.357573201647958
1.91428339506384,0.74325595104965,0.00458740389598886
1.96437742904781,0.598441009319512,0.370562990722121
1.15043722875669,1.7010010311809,0.616895937902436
1.43977978622145,1.46422146295428,0.325532885676792
2.051209809648,0.0972041264127987,1.19131027489588
1.82416902123805,0.943036429488962,0.441644647427816
-1.89900981439617,1.16515616074241,0.437068361720203
0.412742107746713,2.17782224218055,0.530166292400605
-1.49837439900299,1.40420243761371,0.401743297967159
-1.66411332015021,0.935123078893359,0.414953248548594
1.94752115068522,0.651207872358408,0.446968363375968
-0.202871249943943,2.16159147225427,-0.0520544361693419
2.0219018998147,0.358919256816313,0.648536396104193
0.338254726624473,2.00874873915579,0.195669980011439
0.976812141142345,1.80630793784027,0.14603660656347
1.88671906067048,0.815450780199994,0.261698274772134
1.72821707801729,0.901177487345948,0.246226444383039
1.62631516584986,1.25230849723138,0.75624368335085
-0.0462465961416067,2.05299088593524,0.238064729926209
-1.23842180532111,1.94105497278954,0.226695910432527
1.87010641911647,0.848299656116426,0.0162621304782478
0.772509975542546,2.07200183134264,0.466427684462292
2.04910057577751,0.134525669431988,0.036508697403558
-0.778275000930867,1.90031532865309,0.140999498038727
-0.378122231367571,2.09423711981456,-0.00891319282266606
1.99692582820719,0.478745821941953,0.376252237400876
0.335428504894212,2.02593140147743,0.409980556693288
1.05254880713751,1.76325021876683,0.259005920179453
1.40655689886125,1.55588574948631,0.174377899197928
2.10377574480368,0.33166222235949,0.932981522042181
1.96045501611956,0.611168107119061,0.501400298980675
2.0535094681175,0.00303145833799995,0.345821305372487
2.05035856154462,0.113754536122898,0.268104969728532
0.505905680128706,1.99021852272593,0.0157294601974262
1.36435015756351,1.53475045950287,0.254385453609683
1.53235049016815,1.36704509825729,0.732685404747859
2.0627103018351,0.736807889454768,0.311539596298247
-1.68866459090607,1.16847003590503,0.314058125330826
2.21919990631818,0.199568857474407,0.837049855146994
0.567653943314275,2.01333511657884,0.258534959257826
1.96077005714377,0.61015662611846,0.703990043077546
-1.86812518989489,0.852653857241059,0.211211744723921
-1.20426917427796,1.66332380529822,0.0371986813682809
1.26105341884006,1.62069571487668,0.318618579792562
-1.99411214068737,0.96362522923228,0.199030742508038
0.570731949398975,1.83874281623409,0.341654532874354
-0.320116756440994,2.12643033326511,0.189214134510376
-0.218593299866743,2.02618149564144,0.401718700097209
2.05183675833435,0.177357311697026,0.637189878303032
1.82542479517863,0.419279911798908,1.03271287292277
-0.0572273769533466,2.08768326239138,0.45006541185467
1.78484069539191,0.618870161720585,0.4283087324453
-1.86986596906934,0.848829537129948,0.581668717689992
1.61253414843123,1.27147313991724,0.00733268128946566
1.62317231456432,1.25786404774911,0.505797541424443
1.79158093522883,0.668225471866377,0.341628462759403
-1.82408130238409,0.943206089717745,0.356932781819664
1.7537063433616,1.06837464713515,0.641193903429983
1.9845297040972,0.52778042682893,0.694506902397376
-1.19254727769625,1.67174798215734,0.257656906168945
-1.54252321856429,1.35555613885148,0.292844246291878
-1.15140544039073,1.75164676245714,0.421120258782192
0.205018723928708,2.04325173393454,0.152694103059711
-1.61802899008339,1.26447321546864,0.273171694215431
2.0061858370303,0.810175632886184,0.428393644718096
-1.63409640283528,1.2436395264017,0.0988961001269633
1.26859890866166,1.61479631357342,0.0200166444749602
2.04509571163104,0.185725215455978,1.23642399578695
1.1441778651738,1.69657292531569,0.633619052082082
1.88641221480479,0.899162289654708,0.0325578227588803
2.05303198397773,0.0443846612278449,1.28086092121914
1.89988850479477,0.779316363703813,0.642823384368147
2.02264553150668,0.354704636654105,1.00454636721958
0.899609434649682,1.84597215322364,0.445840820086847
1.81559125626408,1.26045817469059,0.444172780087032
-1.81231674437348,0.777353321270371,0.537698275209963
-1.00197596482043,1.87313972609092,0.247018308712921
1.63563594448869,1.2416140231507,0.583355977267755
-1.06363701744606,1.75658379262314,0.197989524754681
0.00803858030315766,2.10498314066608,-0.0403956218087254
-1.80518292370587,0.978889645132985,0.214235413982503
1.8942592311062,0.627982587660506,0.297355312458895
0.588197336995093,2.0055945627308,0.156994042764174
0.41762245017661,1.86820400052856,0.315434003184411
-1.12284727387712,1.71933833928479,0.294153181991449
2.15374718819729,-0.141832604894057,0.109057403241792
1.72042783491979,1.12117723408079,0.738102487362222
1.66725928613422,1.19881474723457,0.818579570228296
1.68594455129255,0.674749284724786,0.536830214190496
-1.64363925907341,1.23099972031697,0.0913265471109281
2.05348882142962,0.00969461971693582,0.353281406315065
-1.34258414850459,1.28423507076191,0.153809885619225
-1.51075485533391,1.39087385929598,0.229717515473928
2.21917478007761,0.0692050683984126,0.472046424948112
-0.891363973197679,1.849967727468,0.0193501859527956
1.70113691482786,1.15023628981084,0.00121187452747093
-1.47852867326392,1.42508360727513,0.438586537613888
-1.06277174486077,1.60031894358323,0.142296486688372
1.76022337215781,0.72799307828861,0.594656719506911
1.87789824443949,0.830908243381272,0.661473729700053
1.60749960631882,1.27783228205923,0.622378139028527
1.80073503243582,0.681153929455749,1.00791997127144
-0.665718716461688,1.9426087912754,0.0523474043669828
0.897654288195131,1.65888168787166,0.426327807640765
1.73919300429949,1.09184157238291,0.405600019888308
1.95045115366706,0.371890306275221,0.297272996560138
-0.718349759095837,1.91870923313131,0.240972499710707
0.00566084298912822,2.05350390314811,0.206712853775758
2.01836235254332,0.816342036813571,0.272916683128789
1.7915351430253,0.8317721456978,0.168747490189258
2.12722569317727,0.49425540174601,0.691071434756408
0.368884555358305,2.0201075491681,0.00158644353456746
1.73739867081656,1.09469456198189,0.818469081991746
1.91909233333243,0.211120662911762,0.202566325765773
1.7267353974332,1.00195534521023,0.620826344766594
1.59680460949431,1.2911720894155,0.0167647789483126
1.84451789380984,0.507368719593066,0.505877693810526
1.57532406852709,1.08652646809384,0.743038383134663
-0.92613450380026,1.83280801129265,0.212055859397138
0.0362860381386904,2.0531910892131,0.258664140526362
1.64030917498298,1.23543358212998,0.738209764985648
-0.0279389277210245,2.16975143930034,0.294094624731157
1.86578353053038,0.85776578539218,0.122471729083528
1.77580349403317,1.03122852751824,0.224930565376035
-0.460313351948018,2.10892193762033,0.285350628765098
-0.269110557233829,2.00902477228351,0.0491488892236402
1.85600144417031,0.878731451938301,1.02106741644326
1.92752095944671,0.708218381773238,0.580567833096356
1.5067899074145,1.3951682695294,0.579254933649482
-0.756047983537714,1.9092673390535,0.0371353173064025
-1.49417769640406,1.40866722009015,0.321036317447752
1.7486315477346,1.07666059445637,0.223875696474613
0.673235097015141,2.10705538963503,0.0629256752194821
-0.271873305083487,2.04935136362716,0.515819114915048
0.508956877028427,1.76967824059159,0.528150837284139
1.64270717296114,1.23224326709051,0.512953627702293
0.862453557239712,1.86362125631589,0.519451071470543
1.75132461827445,0.80911841236273,0.294768672528931
2.18062598934231,0.241928048148374,0.488841763151935
1.5921857937398,1.2968634174812,0.488467175106123
0.558702019992665,1.97604715992407,0.334274016102702
1.94006207669945,0.645641300850923,0.330546942387041
0.4618762008184,1.90539846890503,-0.0386960267157969
1.61364253552379,1.27006617659719,0.726130578123293
1.04143366794325,1.90179863785482,-0.0367902583024463
0.471074002055995,1.88292791922384,0.357387453162263
0.0885087726422782,2.15682847187992,0.214195651279634
-0.565019458943975,1.97425006936875,0.21153546740202
2.04687743457012,0.164933602505712,0.228008341058033
1.68437362389578,1.17464710467105,0.0680396078067732
-0.397669899842635,2.02792137606782,0.0632713022333878
-0.0575511767217634,2.05270509022748,0.420493788524822
1.95486062869655,0.628832448081348,0.48175638714182
0.369582764870738,2.01997992695432,0.161347449497732
1.25971293731978,1.62173784593474,0.471625395868655
-0.0151706652267003,2.0534556669927,0.353793631973753
2.07748846833952,0.358436237619036,0.698213954692727
0.302580494454804,2.03109708526287,0.44011303010338
1.70317283578019,1.26450842891189,0.205950249249363
1.37156907815542,1.52830251888681,0.335658694690121
1.46236177986221,1.38213786394978,0.776342813039663
0.047974216588135,2.13938362305987,0.217769916360128
-0.315060703347968,2.11974417412272,-0.12758341892688
-1.66967030248414,1.34791901786634,0.339891941438008
-1.57230254828878,1.21548336796292,0.0792468384623602
-1.05028236203735,1.5300162859669,0.32259426884902
0.650981568949352,1.94759680690745,0.376907359521274
1.68478995483919,1.17404988542259,0.670240642596187
2.03213549479239,0.295526066858327,0.504298464235723
1.14104375473303,1.70731645431438,0.416476350612876
1.50252726335998,1.17318054696051,0.445790659094036
1.4623963539792,1.44163352807023,0.616189694511995
1.42850818625911,1.4752202165028,0.308852470555856
1.61748238930668,0.821859362764778,-0.0753918112485861
1.09428612355217,1.73765595132898,0.554767141489059
2.19239254154087,0.312981922528938,0.796635979504602
0.31459923758662,1.84246637531244,0.137983670263578
2.04629413732737,0.172019269058694,0.0330057132057455
1.98532852292763,0.524767549909359,0.85034875930724
-0.930630565217621,1.83052917935514,0.132553479139626
0.93429923519607,1.72626252190781,0.780554466693806
1.11378642334991,1.72522176213647,0.33832005414723
1.99570087814651,0.380850088624217,0.792965195777917
0.830490882757675,2.06741823036534,0.167302037742015
2.05088692397032,0.103793788231427,0.30358760869867
-0.678203875166927,1.82629219906005,0.0644679445403831
1.68141690854344,1.0390577747728,0.828965764493816
-0.28605876232464,2.22159224070553,0.247956333682752
-1.54901992716404,1.34812743857418,0.270108760889173
-1.05391431559964,1.76243437913643,0.0407077419837566
0.0529258519992328,2.187394950025,0.247810682416163
1.47376170663775,1.2686832258261,0.533201040196237
1.41973378713235,1.41838025141914,0.307255636618104
1.78818974877965,0.667830796421788,0.472488080978861
-0.274245617908871,1.98234428954194,0.172917113780932
-0.366549542741221,2.02053254319352,0.339931305476223
1.80846657437587,0.713563445417228,0.572267948533481
-0.0263027361551886,2.05334324735506,0.110671865987971
2.03676005523152,0.26176096500654,1.04328155710841
2.10611156113184,0.1630474142564,0.987348633189329
1.6488990355959,1.2239453810521,0.713786012595036
1.95702903340458,0.622051193873469,0.328007044373597
-1.72090424964536,1.15092200170481,0.22043020962939
0.746284907182131,1.76211841692283,0.209005514302585
1.9645035254999,0.598026942274603,0.735163932020981
1.33541500673865,1.22722253352649,0.0460355433039971
1.95852764028035,0.832489865861129,0.237722247569695
1.61745289192841,1.26521004887738,0.496901648807721
1.20454229718216,1.69694113382316,0.101506166737836
1.76315058357467,1.05271570000079,0.622740655442747
1.08535032343647,1.74325127299658,0.425816717108879
2.04679000405427,0.166015073687291,0.595045049783082
-1.73004952040819,1.10627256240189,0.208763861522091
-0.821791094276507,2.0859166550934,0.133438104593717
-1.0544472063914,1.76211560753579,0.132059046611584
1.99903389227818,0.471955730365108,0.23147299857528
0.753900578341357,1.91011629053428,0.0859531736314221
1.52172452557627,1.52938357792906,0.193108694111849
-1.60895019787842,1.27600532370945,0.363914734878383
1.74459384411215,0.907293814412312,0.28124242102731
-1.14078390012631,1.60487386648058,0.251707895684864
2.15816403186257,0.183143270845444,0.800326281512835
2.05274688292646,0.0560406997062418,0.0753041728444634
0.24319037809625,2.03906075568857,0.271388667043074
1.91018806026062,0.753718713994568,0.223224344166659
1.70186939788766,1.14915224314333,0.425961796257106
-0.645435058515854,2.17136304984235,0.249287530020733
1.26805489450057,1.6152235479713,0.413111477665677
1.99007009954985,0.506489214362467,0.0336182452454419
1.80592740505307,0.977515489936687,0.322130975994094
1.45899977924196,1.44507092198265,0.653748604535733
2.04825053285723,0.146901599848163,0.0294081732927613
0.993399582448826,1.88717017494548,0.592679655808382
-1.3673761293284,1.53205510551375,0.192029479473623
1.89034146263298,0.802196659204254,1.03288730021922
-1.36090272670456,1.60283315677888,0.167724684165867
-0.3200665515278,2.02841507783317,0.247222122938253
1.72830949938165,1.10898899892425,0.421291127109285
0.0977257813206006,2.14071809579713,0.36628746552495
2.18971902188434,0.269714508637717,0.299077700979638
0.468146168850256,1.99943729333497,0.222426587268313
1.78448379439545,1.01613380660614,0.263081076814372
1.89858146377624,0.782495208159852,0.727210103645479
-1.10102250650158,1.85253909009255,0.0232292094246433
2.04274616364542,0.394080471344929,1.10873713642318
1.75872569204767,0.965058680738256,0.39344408386817
1.36525775422966,1.5686683773202,0.358608862398732
1.64847335786255,1.01305819965692,0.413899741280603
-1.94621872136423,0.841341121265336,0.301889060985254
-1.60154393793066,1.28528881589525,0.293463001650761
0.977621035826879,1.89125446814754,0.531797729223115
1.2161060416166,1.65468922185753,0.56253286027753
1.75231951519127,1.07064776750698,0.12467734789636
1.84155450229288,0.508470263246756,0.761553346846797
2.01772782339887,0.438883124032151,0.959509155842656
-1.41721588163825,1.32711878090183,0.410383111668058
2.00950767326343,0.318204531476714,0.659949147456348
2.04188730229202,0.522685974449258,0.92101727166395
-1.24175599688159,1.63552816227556,0.327363042931436
1.204103693125,1.90430393551226,0.577826129512117
1.61877383239234,1.5731451889118,0.923999059736508
0.702139759806876,2.01318297281504,0.0344949414543686
1.93405438037422,0.690176773836343,0.901145323885752
1.53146744188457,1.22366285638364,0.280775760731662
-1.77866193604007,1.13778126962678,0.308418732629118
-0.23158352882499,2.04041157479682,0.0994071933099216
0.683269167616464,1.93650550476175,0.445132969410629
-1.40283318531223,1.49965642050925,0.195989213013356
2.05014011877819,-0.110214337814911,-0.116155020122413
2.19149956592132,0.53828969923518,0.473742469454911
0.947060601334417,1.82208302302281,0.154831832517716
1.06839358062494,1.88519145082119,0.375267502303035
1.93176182808722,0.0689726394173376,0.59128595286068
2.21081813629709,-0.0857288584821796,1.14457258280311
1.68982788663719,1.16678705809207,0.839568889137134
2.08620393115507,0.0192168603031763,0.712156327098389
0.330538646114732,1.89659630910423,0.448922604630275
1.80035748305088,0.960100949904529,0.321026238143095
1.53509202449828,1.36396583597597,0.375833450377669
0.68671050220521,1.93528783687309,0.374939211250013
1.63167983209744,1.24680842590766,0.670802804932477
-1.57501965669591,1.31765830411733,0.112810012449003
0.377173387222752,2.01857636995948,0.0336543845076085
-1.28702933842518,1.60014555819797,0.139416012838895
-1.84971522076506,1.12120844251981,0.128628853653623
-1.74205489551266,1.08726954634452,0.512872584974596
0.298224254656037,2.1353523968012,0.445230985134716
-0.514995561985378,1.98788578558307,0.172283161347649
1.54790040834073,1.34941270604899,0.654299824528263
1.44678135897974,1.45730368307247,0.347325691093847
-1.55428549457408,1.47418420088219,0.405339232423166
1.36678623207064,1.53258139138187,0.429248733441124
-1.72585054458756,1.4158454333242,0.204842134128062
2.1117312344716,0.637089215060435,0.662890415413565
-1.71110371748914,1.13535650497221,0.438296537987824
1.22452162739241,1.64847114304015,0.342142622524654
-1.24885032652856,1.55275530688428,0.291418169370093
-0.528565276440805,1.9843208092264,0.148440564072323
-0.335676260161558,2.0258903656792,0.104912139793776
0.865287667953235,1.86230705767763,0.0243477543430019
0.267058185777165,2.03607226070129,0.0648224199940009
1.74902234998478,1.07602562452832,0.891424955509802
1.83728278007863,0.917225332954985,0.368643633029351
-1.79622713274699,0.995227819632973,0.0432896616119821
-1.46712226443694,1.436823784109,0.338304558904976
1.95891272470845,0.616093550009381,0.416233812487818
1.87048121634724,0.286930746049422,0.0690077800597926
-0.922085105824804,1.87006912286345,0.395364120166729
1.97521081107487,0.306599183532584,0.535526169754716
1.23064088625149,1.49818876366283,0.219999831373796
-1.6906315811306,1.16562222965749,0.397072920405752
1.84370505320122,0.904246648978105,0.732611878989755
-0.619110297552131,2.10730055581386,0.169608276238933
0.215083787908956,2.0422167587126,0.035950180611399
1.66624431006989,1.41051839507407,0.00497363570969056
1.42304898910685,1.75283587629578,0.279975945333298
0.925977480658926,1.832887348066,0.121375327536685
1.8706124793749,0.847183142770638,0.131533865582224
1.93887344582322,0.764836326241858,0.390652577244901
1.43764989122032,1.46631276188338,0.0561275242519824
0.264200785395487,2.1814101760193,0.532235842922019
1.90705394501414,0.478072244711702,0.0781779702145123
1.63909039615209,1.38229441097395,0.66527103250636
-0.0492003868754867,2.05292222144902,0.162918208706734
2.02661961215464,0.331245034707008,0.0385429391880048
-0.404586232557584,2.01326111217912,0.374856565091545
-1.74916333066274,1.07579643430004,0.0306232803339576
1.17263326227648,1.50537235095164,0.0549804727503362
1.9326426205552,0.694120181669856,0.749028580967208
0.989412415336264,1.79943696687778,0.149757882863983
1.79931579857637,0.989632751267538,0.50315623895219
1.98028703761354,0.543482818539496,0.138525025468705
0.927386324311266,1.86508328044236,-0.0111151632714461
1.60608759901096,1.38128739236146,0.316752859058705
1.96155270652112,0.607635832491407,0.662024545695996
2.16513580662354,-0.0100733100177712,0.277760833006395
-1.7662167462649,1.04756323465521,0.122905053658904
-1.43478696296708,1.46911425569544,0.320301809906718
0.819524305871307,1.88289411212474,0.436714335334146
-0.0613536421621616,1.92239520637318,0.199497176235635
-1.62026366374117,1.37258604400877,-0.0288334645124294
-1.07051981096677,1.57033184599333,0.285022599145744
1.7780614148848,1.39758815024943,0.713184688785381
1.96790628136243,0.586732641977701,1.01352935011819
2.03509619710086,0.274397146365432,1.20711429590904
-0.243545210150368,2.03901840501764,0.180377689329331
-0.107607353777309,1.87068066691759,0.368151646785529
-1.70678853521058,1.14183327218188,0.177419109715814
-0.264944893964192,2.03634833183082,0.090632718066513
1.94567183661341,0.656712592841984,0.531015114275699
0.684613313579122,1.93603071676512,0.27335173508916
1.76796510162934,1.04460984334277,0.0783648763454376
1.94976015604341,0.644473164137534,0.524387670188035
0.87584874271211,1.94004059794251,0.106351508107062
-1.85328158004425,0.884453339897902,0.0170332694254613
2.03923713266833,0.24170693439477,0.650475240486079
1.70642883639501,1.14237075930166,0.812168044118895
1.50133741621296,1.25440038220026,0.425002662922706
1.31092345147276,1.54980034855196,0.187525822345821
-0.893249631518172,1.84905798210346,0.367108233175242
-1.79586968156909,0.995872688755337,0.0319831979453163
1.65464007740571,1.31645709484976,0.984816557300471
1.68222622691943,1.11550075054124,0.74399418004578
2.04163620228382,0.220526512945624,0.426694689815934
1.77601932675092,1.03085676812788,0.515085529238899
-1.59758957472309,1.29020071156544,0.347924202144821
2.03835187979708,0.249062119792612,0.185674257416866
0.975275154195884,1.80713826227991,0.299559816932692
-0.0886857925877673,1.86171099868933,0.156042086718408
1.98198642840884,0.53725238295519,0.793233807569009
0.682465553824964,1.93678886129342,0.447311040018198
1.82477393682982,1.27659219667024,0.22925270085996
1.96728102016358,0.588825706887871,0.941757686479572
1.98491341759904,0.526335491890056,0.575874588788903
-1.62166640025615,1.15958331460121,0.44445126316073
-0.461687348616315,2.00093855915555,0.35557027437228
1.85077944300511,0.8896773452986,0.733098685474752
-1.67251600900665,1.19146990100646,0.475966823763412
-1.85952404902748,0.930484185238744,0.474503662747205
1.95209078734544,0.637378916617816,0.2770431798798
1.94671962038297,0.102362446268163,0.574274690535508
2.02858718075963,0.0457721183288384,0.827468262461389
0.937610209524254,1.82696398989792,0.319523114020464
1.8005321659425,0.373631428030264,0.600089469041218
1.82117867267865,0.948798486280567,0.154616592771791
1.82858736776846,0.934440240906539,0.582674986721133
1.9995156535911,0.467811368429652,0.65220444558798
1.87431480429169,0.974875457971732,0.141703998959134
-1.32455732941866,1.70291209432369,0.185249716361883
1.31017932766272,1.58124648766507,0.0573006442458329
0.872316259165004,1.85902519331617,0.323290089467872
2.02794992644206,0.785339559258866,0.237801582604176
2.08839970332356,0.63034360795346,0.429720582526383
1.95520559584496,0.627759032881587,1.01518901516382
2.04059664479442,0.229947077914904,0.44344996943714
0.654658116387771,1.94636406564534,0.0352388517773787
2.01409822811856,0.523083664947623,0.457051837375497
1.81101424509327,0.726395415263128,0.706734918740273
1.95368498528486,0.632475536017288,0.23652044465976
1.65519981170003,1.21541100403775,0.360707956958041
0.295970450160702,2.03207082012895,0.00920112071076385
2.04555396346865,0.180608161292828,1.11488444027658
1.981139876227,0.635380713514618,1.09805493937277
0.760126835265523,1.83093402988867,0.363081295724758
1.08688634520808,1.5504668400233,0.159307701809835
1.9245549075096,0.716239298955715,0.113992110544558
0.0857406751839674,1.93145677733239,0.304788049178287
0.67867416720014,1.93812066192047,0.138042825133496
-1.70581166265546,1.19263495011481,0.331579728123719
-1.7495308177247,1.075198699413,0.425508735770419
-1.6678067001508,1.1980530607281,0.222284673993378
1.18413794567072,1.67771500887683,0.562440514273355
0.292739426552167,2.03253879508603,0.263227035542596
1.90000740890826,0.779026425406477,0.924306218056417
1.23546364920742,1.4924374676093,0.175609982526023
2.05232922525069,0.0696783795002234,0.654993745351482
2.04369694849618,0.771054450151973,0.343458075651897
-0.557326470454295,1.97643556199508,0.00605888107971064
1.00912096667015,1.72386874995615,0.551043522386047
1.97530776446273,0.72985401536725,0.65523480869613
0.0860686327446317,2.14758792696884,0.326276192381189
-1.04385400409567,1.60884008664888,0.373670138432625
