1.50280339319872,3.41103319683613,-0.00758907378539098
0.738788259821479,3.25400766206649,0.651954534464688
1.10704408593671,3.6883343976919,0.147909080530363
0.520387524155123,1.28440070452806,1.88191527400318
1.13800569657263,0.711990776428853,2.35003632224959
1.62507121022919,3.47558393928405,-0.132272646271544
3.05922405308788,0.468024758652868,2.35444048346516
2.06160052126334,1.84039291425062,0.880319932046408
2.33790291076007,1.76763354121874,1.07503416493536
0.0578151386526192,2.83594113599815,0.97117499859787
0.667154045553642,2.65958028193834,1.04915611119782
0.931848921115377,3.75344675719889,0.272263684504102
2.07106484758185,2.93921935381908,0.0811094932155381
2.15489691307693,2.65519217824232,0.31632522573261
1.3032170303571,3.37594468124974,0.154769652981565
1.48367184245382,2.65061966491546,0.139961860995728
0.496100005795201,2.13641279063949,1.51265431503663
1.52451484302577,3.56265850509059,-0.117536890352973
0.935714617609194,1.36245803307275,1.87238023484667
0.880883293786967,3.33730065518773,0.497177024009718
1.51818424298351,1.6213258321232,1.42350464080576
0.105699536941232,2.3036793541771,1.06355912338517
1.41898369109987,1.42448613616142,1.62971916749684
0.239997216623667,3.04334875295327,1.15528292821279
0.946125993170875,3.83214992281906,0.129345188138669
2.12833006874682,2.86183487561302,0.134563686355056
2.43498374355959,1.10951385058106,1.80344025304236
0.344809301038642,2.24354811892079,1.53865279285291
0.494896134081285,3.34185156275108,0.808965540396196
1.35435060993467,2.40970863967091,0.82122392512575
1.04934887153782,4.03376804355126,0.0833090877998943
0.651509916506497,1.49910368504995,1.8983982995764
1.8556709184097,2.36964587487118,0.384815883882828
2.48067857589338,1.90096630083552,0.980942880890164
2.63848256342864,1.40961098757902,1.44194686661648
1.22295235913935,2.72824479221389,0.49808279147194
1.43312701994438,0.641454141283344,2.32254166521342
2.22205101914439,1.69558954872874,1.19392037008971
2.42039479020381,1.51497901420765,1.3749898792272
2.24463099034661,1.07040997786756,1.77577194787697
1.54701570597825,1.14334079723062,1.6014770338616
0.702735326129685,3.65006677244227,0.508558530284747
2.74787215705232,1.78309875530057,1.08580046437796
-0.0525890450375939,1.61294357643641,2.22437384153023
1.59058892366271,2.17885293128294,0.91196188869213
1.51033785571842,3.61623114112169,-0.138462925979132
2.42438257145207,1.39805861237563,1.45581648608478
1.86192297163465,0.933376698310703,1.92910657579371
1.4388266062031,1.03132671843616,1.9714484484281
1.81009759481063,1.23435767809652,1.20970963952337
1.48104757523255,1.20788852682714,1.80140662684251
0.929107270584428,3.16837549201432,0.197174034295154
2.04008195274865,3.15662669676767,0.0967037547859718
1.76501058859428,2.14752485525353,0.878947361302855
0.823827244860544,0.936376156607647,2.19681103963485
2.07159425736853,2.86959280541151,-0.16656829869305
2.59363667412902,1.3787401964849,1.47043256634494
2.3746800352493,1.23190342861924,1.61448608895809
2.08546455104544,2.77739532917841,0.222086780937731
1.61129943366408,2.50532513227036,0.493493992294377
-0.232226860284415,2.22294105548129,1.88308059998672
2.49760779493427,2.022328937029,0.866307381763743
0.504804901184381,2.26224743425471,1.42042097018547
0.258758152946387,1.31551431696376,2.00593722987978
0.543494705742285,2.33546038426253,1.3455732674273
-0.188217828621448,1.87590533808078,2.04985062565685
2.58619975379145,0.647020289339167,1.94656060476781
1.25768426263111,2.87248952034411,0.390210803079752
2.18582808750603,0.955023665184415,1.88950536511313
1.74686036920789,1.61967353619553,1.1859259628006
-0.375051113112433,2.14825911058559,1.94731490943495
1.50411263377098,0.59204887039868,2.05865582443386
1.81377321748591,2.09599151758092,0.910026656500162
0.675133630473559,1.48241204298495,1.89944152460499
2.24869558439252,1.42548873852256,1.44320603970071
2.08091909360755,1.86178574522019,1.06065093235433
2.34283537297447,2.3123478586836,0.60442208878066
1.23398941191693,3.89758297995588,-0.0420204091240781
0.876613141716728,1.87223161613656,1.48888891094697
0.514001205790751,2.08058763497007,1.54063779438521
0.129003261855245,1.91693826990157,1.89954464274663
1.92758585917107,1.20178520450344,1.69756244672392
1.13583602863799,1.63182721381461,1.42314410545349
0.884049669428106,3.59820448653621,0.373419616178865
2.10686094698127,2.16329860387909,0.584218309885435
0.984214722945582,1.23589196689854,2.27843338922589
0.80311485421342,3.11741454730783,0.675121511705409
2.28018503290749,0.619574281706861,2.32968952108961
0.910365983329089,2.66950515626117,0.880006969970787
2.87122547590221,1.00664882977269,1.83222713738347
0.658368071610623,3.20138463498844,0.742340771813254
2.78750092503094,1.20510296564005,1.64016156275887
2.29546898934862,1.55476822967678,1.31773400778056
1.86371950986235,2.66585482316145,0.390106744134951
2.50393510956096,0.625616152992999,2.17936739771169
-0.0667859645266968,2.48899814530718,1.54775171347066
1.00734730514295,2.88963634530332,0.589942372560441
1.28239007845461,2.47824124713843,0.510164182956734
2.11562807622236,2.79457127533127,0.198685347136007
2.20916300287463,1.09442674379428,1.75677180756885
0.922502200819106,3.30686458067481,0.480360425064533
1.75217312514632,2.72868490327418,-0.118845572815453
1.06243403492031,3.97207307873558,0.0872207402926792
1.11155022344524,1.68740952084013,1.56689482295487
1.22678571537887,1.00970129365448,1.95635654939221
2.31156680828561,2.5589679189715,0.377938604387993
1.91195953699209,3.04318828835111,0.0468897299668163
1.40921232873528,1.05963508442856,1.95179767059835
2.08687969725289,1.15523715453258,1.72253493349441
-0.157440638043565,2.36189550463238,1.82419950154447
0.217134183165488,2.79309627424443,1.02713960790959
0.596479128918996,1.34782184124112,1.79232693415377
1.40093888694956,3.47664417140714,0.0236371135456299
1.94432124896204,1.93712055395101,1.0194429669592
2.94366315432228,0.692670748821537,2.26293909318818
1.08727137994252,1.1260660096775,2.00904545423862
1.73194299099995,1.47318980077323,1.49277004156697
0.696488739896805,3.81047776692948,0.461265074932034
1.06896107846045,1.88046743981269,1.38619608929859
0.8117438447436,1.84178495076689,1.54670474313797
0.494963922919228,3.7336249034048,0.304044876589908
0.240477484337541,3.08725423562442,1.1340440257061
2.72125239561845,0.779249681616499,2.03690414500717
1.68670808657807,2.88799954177262,0.274910261221216
1.26516656016799,3.20530532633864,0.234293494911715
1.0318329175557,3.08977170977025,0.523559225597779
1.16854031550941,1.71335942886193,1.47833875158802
1.2066826547099,3.15859436297325,0.327730831003082
1.60349392088842,2.25023365001464,0.968297194246729
1.2843695088402,3.64789215525618,0.0204756662883712
2.04709671066339,2.32774897211432,0.291662930377114
1.11581220299101,2.37860265246225,0.968924349387547
1.44983521687873,3.63397874986416,-0.102528151312428
1.37863772012925,3.41628440070634,0.0453046196951722
1.04580991368667,2.94170179252701,0.604440194410494
2.18298465670171,2.21773554928232,0.445001397569264
1.81080021749557,1.34174454269179,1.30087018904025
1.2797589313392,1.25894424860994,1.82274246782584
0.831451279565032,2.67175481950468,0.930117768243349
1.42477911199169,2.05980735088971,1.07899529820566
2.79167307588909,1.23252756918165,1.61468407483829
1.09273695697173,1.59283579379682,1.61180325649323
0.618671622479203,1.69230520695812,1.68267617122721
1.6114895726641,1.62061562834614,1.39441337673083
2.12075138823373,1.13431951258856,1.72978326867443
2.25148350448898,2.57042445017502,0.376120980733022
1.31822336789856,2.11991662784403,1.07458381158354
2.83730215736421,0.700142060584085,2.11716236908009
1.60573917795064,3.3019045647407,8.49538438403297e-05
0.847319809319513,3.72931497189266,0.354436571141491
1.66735582832468,2.69937909361754,0.353666492729261
0.824844423252524,3.54142644841107,0.447115580286262
0.21508362176873,3.07747858272287,1.04849782139101
2.50709566910447,1.11682384865052,1.71741310862931
1.38508470365951,1.15659808388517,1.87686792579339
1.02100417597879,1.26867267259689,1.59939129868478
2.11742150839573,1.42740573363079,1.59018053083633
1.2610922015641,2.75729002431148,0.64225584510873
1.88002267334633,2.74500804557649,0.31538957651177
2.70722127981236,1.41966628720642,1.43455260057239
1.44393008096671,2.67106970238685,0.568042436485751
0.587009584902498,1.00174954026235,2.32842507657368
1.14051187861097,4.13262142531981,-0.0214222227807497
1.75706103127753,0.613215086978104,2.27218513996143
2.21099800414537,1.14789028500984,1.70660423327141
0.544390495612388,1.28885088770218,2.04044683985048
1.54926502348255,1.98580706402643,1.09415111047025
0.893301738158217,3.8969267476623,0.260104134881721
0.210780042128365,3.11922512379406,1.14356491907314
1.47224130761118,3.63309071405747,-0.119178536070888
2.81937279701356,0.714553546858256,2.10250267916496
0.575291551352416,2.23323495399592,0.995235194566348
1.39999917073489,2.53625487500289,0.69730497767497
0.0625202639835672,1.99910996156018,1.81553790608454
2.27985683554667,1.61780993896791,0.895815543849951
1.53155469096737,2.74864968485033,0.552953566848174
1.46147141858752,3.31343795566007,0.0843601426178642
0.562379558189926,1.79029048878922,1.72323466862869
1.70007329504709,2.3355246734798,0.630456636386351
1.96931011484665,2.39197659997337,0.60067970765648
0.765542586848147,3.821988063209,0.335575639455365
2.82957831893238,1.81628313883191,1.14460362053541
0.979095920543098,2.67267151479456,0.571680162059945
2.43831915342867,1.82889725722691,1.05047021265934
0.356292225346276,3.15803655351135,1.00643267872727
1.90690944048465,3.20808858565918,0.250041888488121
1.78151522133523,2.40078689709951,0.650335841648463
1.40917862996534,1.81337536579306,1.29533207699077
0.75493566771362,2.42132341999135,1.2857923815922
1.61959880529164,3.34649992306718,-0.0401107743447655
1.7013107256805,1.25864808290376,1.59875660292475
1.25112663425436,3.12259032912712,0.327628692341103
1.74739226320243,1.89354375832104,1.11040564480506
0.866733597604683,3.44189116701885,0.457181901467652
0.596288655582288,3.39620853160313,0.70077046618866
1.8349736424335,1.1198046842134,1.79108873180987
3.15532619469928,0.389171287778348,2.4398292467369
1.31614867125122,3.65283503674074,-0.00744121259990083
1.25502113468287,2.81913787326163,0.559969894599384
2.0786897236879,2.72197692425651,0.27388889611199
1.18877390149138,3.20417851222879,0.341633019629704
2.20119843276643,0.930600529611034,1.91075991296374
1.03644312797595,3.67068781915566,-0.0462142326889143
-0.173543660777101,2.46364033198474,1.45736078206983
2.39082060944856,1.69901412155358,1.12303513058416
0.0495164839248612,1.95764949742242,1.92521402568289
1.79635908615741,1.3273917835447,1.60951988883096
2.25318140648403,2.40394321636454,0.530297694944297
0.412147554635207,3.20444624324805,0.939174302120442
2.38645040642661,0.447757817069195,1.96547542571759
1.96375351179326,1.32255115245196,1.83201905651354
1.44100947348307,2.43558496482216,0.439582734941937
2.67349764580152,1.06542494250316,1.76637265571815
1.20139667996217,3.41296701148949,0.208661336194748
1.48734225747577,3.42311803165414,-0.00476213911498125
1.90033067767479,3.11759959520392,-0.0109357571757485
0.843775371435233,3.86165256416457,0.314634933552428
1.0042259729236,2.46791224205279,0.689504690104326
0.624293300309425,1.29465052748831,2.0742148782224
2.6476103992773,0.937375000066812,1.71697735930538
1.72258860126077,0.509840098122037,2.38427944667127
0.369019968361321,1.42644504956013,2.10618531550539
1.74572905068125,2.86488229249673,0.267066158234391
1.40761104816339,2.12022724125889,1.0352492285967
1.79573038809806,2.89450069929385,0.220674515721846
1.87468055154364,1.27439650032776,1.31046039241838
0.621343792734689,1.16580462221865,2.17909687129048
0.984094935825503,3.88017022734979,0.168889262467181
0.672194095108584,1.69686934545609,1.73340411719347
0.507147355633738,3.69027946850883,0.67783609945328
0.69669157230044,2.21492404301627,1.08748505812277
0.937462835889731,4.25817109711253,-0.0774872044150263
2.20455667280809,2.86603084736754,0.112602817834784
1.63931648162314,1.19853064959528,1.83262427146035
1.56150448163882,2.97775094250441,-0.00986335850102221
0.429854036651717,2.14278652097811,1.55048138097645
1.99533797822073,2.73000096377865,0.290335986333091
1.62666898894202,3.4463741518595,-0.113696112890443
1.94189064734833,2.99707545348757,0.0745140245849709
2.13546786619309,2.01109359626352,0.913171132058226
1.18342898645448,3.98753513337509,-0.0257575958961895
1.97190748346477,1.41217532476942,1.62845226191944
2.46969210469978,1.2359732303475,1.60634949746991
1.60742639234245,3.08148077273336,0.162245439373477
0.0337694260588387,2.19031891565468,1.75477747942194
1.35831822416296,2.95518175504986,0.128848154947847
1.05847437589734,3.50329922316351,0.272667483113823
0.221874735286825,2.84667865824594,1.26866619758081
0.901225910305208,4.05382014931121,0.214237733067391
1.0792579029602,4.2344871281905,0.0193491586903429
1.31694523069459,0.654747617451563,1.88657285001741
0.462353267940967,2.42671323837459,1.33948638022013
1.88873367598843,2.23968288718845,0.759817912382975
2.05445183614905,1.12974269067157,1.74318385893231
2.47694291981663,1.91108230414253,0.971571938736637
1.11551518271269,1.96292394429153,1.29715599091781
-0.0386323832216724,2.43513779483923,1.69355664750511
-0.0982924967188237,2.40476334648955,1.75551127253265
1.58865237963362,0.46928257668494,2.43986411508292
1.49210841583834,2.84254428155356,0.408561928885638
1.87158107992347,1.30811909740931,1.48206008126153
1.10542549313245,3.52953761306051,0.222122083545156
1.44784972496571,3.65665729123089,-0.113198489354852
1.06782199166167,2.42829641703965,0.957872237945697
2.08913813672551,0.684725559851652,2.15283344824613
0.830623615113847,2.32417771839992,0.76311343249749
3.07850859408462,0.578825945442652,2.25331320355569
1.7468081372915,2.40985574661089,0.232339848046646
1.8491323448448,1.08475881194806,1.82040620375883
0.244616837602127,2.30368710913504,1.56824258644842
1.75694151245145,3.02651135152733,0.129078160480792
0.558764501807496,1.85143126182538,1.67979864241927
1.10379023408794,3.84364386056446,0.0905143695129891
0.488883965137339,2.23302483628062,1.25991637147717
1.8789111289693,0.765936183460437,1.69132575072394
1.43671441982705,2.68463380360698,0.109837647159447
1.60005826698779,3.04580759096155,-0.256368168448114
1.72419135682051,2.76781700865095,0.357384976529059
1.87611689542526,2.33024045377514,0.682433739056616
1.17003720659564,2.61310246462972,0.820085187978448
0.949724223684366,4.08599653586261,0.163201657227157
1.47146220268087,2.7373887761643,0.501613633404103
0.959733086725159,3.39399005104279,0.341676953377253
1.30356005142544,3.46330215767161,0.103396704956384
2.05106706542373,2.34477127574903,0.62312979704777
0.864065352859886,2.67475684096826,0.906600713206342
1.99883427548512,0.803536526175766,1.9306888335655
1.83844993205022,0.760929134921366,2.12058348374011
1.26489214665944,1.71555291096463,1.43594142654193
2.05301643284651,3.02567042014167,0.0101760339492816
0.697079191422656,2.75763279952544,0.966286546074931
1.32885248906438,3.56587101103334,0.0274146333889864
0.578030199721277,0.991411946230364,2.34107348306189
0.056496534406798,2.29917611196809,1.70396290908846
1.96746199334681,2.08314277273053,0.881004878455229
0.397440591528556,1.79857156262182,1.80102687026871
1.60628892376092,0.592204667540738,2.32369465948292
0.286889370773654,3.17068011010288,1.05750452686048
0.711287895692199,2.40593629307902,1.18899487925101
1.12336314993697,3.94615188889286,-0.0953688687304364
1.46594838675034,2.59796386248446,0.615403535207083
0.317526016440628,2.90195778132294,0.984159091072926
0.62415888288931,3.59296061932515,0.303606284180509
1.48748883952295,2.91654795179037,0.354042005376824
1.84045399475838,3.07106689848557,0.0540572239582675
0.292446502387228,2.18868272201389,1.48130982945411
2.49176066607743,1.09820056506032,1.58521200097278
0.78822967244952,2.56178820910867,0.917295081806709
1.09529815174533,2.58690632882811,0.63800531035043
0.173421712972354,1.39087764136285,2.2443150223726
1.56598379222086,3.53089404906792,-0.127675680075271
2.06415987359268,2.53851561410536,0.443708763405229
0.778777792094836,3.16360282972791,0.668212075871613
1.71301412061592,3.11310192712602,0.0815327890668747
0.333548138297069,1.29078589771593,2.35137628456374
1.64506083156312,2.14305999414308,0.923045091352779
0.66592004192115,2.71725335316475,1.01344635452746
0.833379596064783,3.1867991968184,0.278837706767806
1.38535650015782,2.5214514453477,0.716401623021334
1.45083680756855,3.04980090373601,0.275447935277106
1.45708585729565,1.96025801177831,1.15085652053794
1.58404611062869,3.00807820146167,0.145583972614805
1.1415588372298,1.69003961890626,1.50951207079922
0.132641255425295,0.830155460042259,2.50362788096145
0.594521676033055,2.39432209744252,1.27242436268812
2.03316693271366,1.92774759052542,1.00889069159354
1.66935583514782,1.73884614509581,0.962999535733644
2.62096198639029,1.32421754622608,1.5228232566946
0.104978392097984,0.987502442614555,2.38238845196994
0.00975380631376832,2.62324552402401,1.29212725281201
0.721669224428226,3.12509644569056,0.732978390941903
1.38138648517331,1.96009958830087,1.18118251591048
2.08521482684858,0.720275918819613,2.12016257110395
0.0531221178137331,2.62209594022716,1.51956755285015
1.5586817103418,2.16330830021681,0.684105720929709
1.1206585299506,2.40526442084136,0.89102375026692
-0.0971365197633913,2.51299816939261,1.69420669574635
1.46342860488749,3.07285238515015,0.0302340594096004
1.15536213346065,0.918897359403109,2.02733417736679
1.24443496533222,3.35633411451904,-0.126009160749938
