1.98728607951239,-0.864352096464022,-3.42657201694736
3.21163520431345,0.288558150219897,-3.39322617450608
2.73655937771359,-0.250722105317306,-3.52318336010336
2.65371667730876,-0.557325341214097,-3.56328947909659
2.64871512469703,0.120171073078692,-3.39891235015797
2.12694453685088,0.897791729501864,-2.96528697920081
3.36738508900428,-0.243270944265006,-3.62303707928303
0.965407246218443,1.06137986010164,-2.78684912766843
2.61346571650419,-1.5575151835962,-3.5096892797192
3.17799452696908,-0.318966693935569,-3.61416505790752
1.22335379260117,1.05628070931434,-2.80951414254147
2.74650102003169,0.611729124274804,-3.17993427409234
2.81416322741951,-0.40808694519768,-3.57062978669874
2.51780005607436,-1.03379082018776,-3.55185955241443
0.666793043329133,0.675044179704913,-2.92957610102802
2.11927839485952,0.89258748718816,-2.96812505459408
1.39498917200188,0.960534996611323,-2.87750191765032
2.73975227623945,-1.50579941960203,-3.5574600716173
2.39931274051782,0.550667505380379,-3.18379359585724
2.59191276854489,-1.35479720799028,-3.54062424281482
3.59365874988718,0.401119195574201,-3.36449487382089
3.10919708207517,-0.146902142633139,-3.55446603849332
2.22310039841504,0.529675031319618,-3.17672142820084
3.56160086696287,0.468552720141997,-3.32140153297551
3.0112549683621,0.319970728619692,-3.35787788527561
2.26581909867265,-0.67756680028525,-3.49124785376154
2.73520074340768,0.0395853915772766,-3.43920328505669
2.71286426036431,-0.709709511011846,-3.59136530692538
2.25563079388241,-1.17276653375964,-3.47225321330072
3.10131470883676,-0.439108646823923,-3.62889440417567
2.61708253263732,-0.659268578275548,-3.56661622118194
3.06393557361444,-0.0248565362657875,-3.50750995871589
1.67449829425949,-0.109946328231887,-3.30416892029874
1.13856458373487,0.171003148775061,-3.15021380891907
1.37911106726078,0.31771929839635,-3.15059589608295
2.4584857656416,-0.806505467467617,-3.53983586787746
0.915291088082769,0.865046578207358,-2.88182961352466
3.20923114508497,-0.984635073748657,-3.71724866408148
2.63334829096188,-1.13718318496424,-3.57529665408208
3.19744597775093,0.570527521716739,-3.23538760322662
2.13031460969431,0.532265997562405,-3.16581136714218
1.94464028056992,-0.205245123356887,-3.37179800696136
1.37515001984607,0.393108279189924,-3.12617954263534
3.069599244204,0.353358814635035,-3.34716122781878
1.33955772648949,0.397506655266168,-3.11957711419639
2.30858837442742,-0.0487740732508772,-3.40106743330335
2.80668232911539,-0.473805417974395,-3.58103102382203
2.52125101055392,0.0994431836706908,-3.38854145044661
3.14739396966188,-0.801363455576225,-3.69198231005078
1.5965224289809,0.471236981812462,-3.12875320508541
1.79838542361775,-0.64875928278998,-3.38351199019836
1.78892108787532,-0.442005910275436,-3.37118806983353
3.10225817579431,0.185880292994881,-3.4293405773941
3.00815695463406,-0.115646018721016,-3.52960108408221
2.32836497301811,0.694140651381071,-3.100926867456
2.95530880116661,-0.735326279481402,-3.64522615940039
1.52230551936257,0.874525037508127,-2.93541987888695
3.22831279647179,-0.237977884502403,-3.60006394172102
1.50511282767624,0.942479701417991,-2.8962781230564
2.95640515101895,-0.493073721415218,-3.61266119864501
0.277060318401468,0.99292916289341,-2.75379114590936
3.52462152070007,0.229241509837558,-3.45309980154814
0.632751326687166,1.1114191687307,-2.7316916449964
2.03093275168436,0.815303935572135,-3.00899157692321
2.84917463705634,-1.53728928129914,-3.58336085227494
2.05499835446444,-0.286096037735097,-3.40638746291025
2.57257754067975,0.515845077427671,-3.2177758347064
2.75763366418105,-0.363017552576639,-3.55148984694422
2.48227926654961,-0.872918744810064,-3.54640099874718
2.39040974585135,-0.038688629712839,-3.41150467815198
3.06310930381352,0.123913848928279,-3.4509143338328
2.97466007532867,-0.925871112178736,-3.66175312150227
1.26183681893444,0.0568366461706836,-3.19646016864937
2.99270561879833,-1.75687253393068,-3.57801821075739
1.23299207468646,0.680729532975988,-2.99927765146186
1.45451186930529,0.571453824938213,-3.07131399510676
2.40593147796332,-0.426509671221449,-3.49612197039037
2.30746205812766,-0.770057818229575,-3.50408652740754
3.14068701700586,-0.796026993129589,-3.69007240750674
1.94719641001699,0.520964293142601,-3.150894645577
1.66758579906735,-0.487623818439972,-3.34792913740239
3.13146823890467,0.434948655177472,-3.30979657769368
2.16521203724012,-0.63067928388796,-3.4663576600228
2.78226041904755,0.127392562966959,-3.41400954343274
2.6509203398643,-0.562793814175296,-3.56340555089732
2.8673458216254,-1.55258507496524,-3.58575687846204
1.90649392653042,0.566124687536257,-3.12614000664716
3.19270397505253,0.270763794886785,-3.40002275039888
1.91061875630658,-0.563003610424592,-3.40607337525886
3.56542318009483,0.388182216331109,-3.37008590457472
2.68978120773726,0.598585246748004,-3.18315430411459
2.40758239251485,-0.394792011149904,-3.49164053697911
3.28356080962671,-0.32329131314316,-3.63259333016082
2.98409048984924,-1.92609953916933,-3.52661930781151
0.581308384026301,1.06359439267548,-2.75193262941263
0.985023515823156,1.00478746949835,-2.81923016218814
1.86677724112832,-0.648296069147224,-3.39939527988175
1.89843060659621,-0.504979872182465,-3.39971146249337
1.26838756437748,-0.0334425634285747,-3.21437867070484
0.482511024879638,0.937839403730689,-2.80132911513177
3.02409550026554,0.477913610498303,-3.27731304733867
1.69713212336533,0.931709052183213,-2.91669043268987
2.92525884864378,0.0977200368164373,-3.44391735863456
1.94120445495869,-0.433559281174228,-3.40267335041842
2.07046145816839,-0.585000937655677,-3.4427192653195
2.91479405103063,-1.35534286840653,-3.62936055484282
2.16762029136908,-0.631969782428227,-3.46696414252236
2.36091177767356,-0.630704269085824,-3.50928570345901
1.79606397782124,0.0867420947067178,-3.28167912787117
1.44448057487444,0.766828828053404,-2.98335839370198
0.525324959294045,0.985383548040942,-2.78439592188726
1.60204296226516,-0.437815407931419,-3.33041344508066
1.81963496256684,-0.648576192340724,-3.38846016299226
2.17020574244792,0.890614574760414,-2.97236601502172
3.26288779166453,0.461473939916488,-3.30522887535013
1.45988314337864,-0.241759907019336,-3.28215382633057
2.94211343834743,-1.69569566981152,-3.57748293761276
0.988415968926353,0.903300187369694,-2.87123002459584
1.66241588310757,0.568259470803039,-3.09759668991687
2.86897043625093,-1.63009029542294,-3.5703341647916
3.00510079416738,0.533192875841829,-3.24458243202668
0.496707072584541,1.13181626736627,-2.70891832816855
3.04933384592263,-1.46415138038545,-3.65222486103918
3.0219307627071,-0.520337727203024,-3.62976402038961
1.59509297601435,-0.420306772457849,-3.32767952240659
3.0608593487235,-0.179140488541271,-3.55688166761567
1.94230112766992,-0.322906153123695,-3.38978484375253
1.73334195896421,0.81295615273575,-2.98664491250088
1.76650552436726,0.0422340138315973,-3.28803339703818
3.15708728817891,-0.179650024493179,-3.5717664576069
2.99125145988564,-0.602059108942832,-3.63673117190886
2.66333348950541,0.707462701829797,-3.11703418302965
2.95882687769817,0.237966831902214,-3.39015537458624
2.6025005102336,-0.0835357041151945,-3.4577032027143
0.982380586814501,0.916293630063175,-2.86426540444987
2.32275308415159,-0.911453217074177,-3.50776519761061
2.92345421057831,0.121879968415588,-3.43432070705756
1.90931901457097,-0.44871424752455,-3.39741601602727
2.15679823429199,-0.269132763477713,-3.4229260854555
3.00977890282134,-0.297027922969585,-3.58063756754698
1.30600478014669,0.0481066607054104,-3.20620766544348
1.82644034522054,-0.623295006241932,-3.38947471424273
1.88615042375517,0.627526428841332,-3.09534711189966
1.6654203797545,0.0177511626137571,-3.2764552685248
1.49328014692732,0.196260450153433,-3.20330832569238
2.25129946162411,0.758735862952281,-3.05807339370777
0.827204948957571,0.843103166690227,-2.88210308802303
1.09995498643775,0.679111223853712,-2.98397493412628
1.57808392250375,0.779161712821695,-2.99033653388531
2.86668920227061,-0.287844597151226,-3.55420297698392
3.14108400995736,-0.384737456323394,-3.62396289348056
0.575603548221076,1.03325384869102,-2.76655438031581
1.71947380154158,-0.439406705564223,-3.35604604708674
2.05445668573801,-0.92246620340308,-3.44077684148114
1.84844090083907,0.527263197105564,-3.13685044495754
1.17216880074518,0.189393743497465,-3.15173457123948
2.78022134758245,0.68908600643292,-3.13576736455669
1.68807833655595,0.0983094874016582,-3.26091541718368
1.60793723146662,0.202334336089269,-3.21988560187207
0.701870956778044,0.662916022627948,-2.93871283171436
2.56460409058125,-0.299752311752429,-3.50383624781449
2.4246788214104,-0.800343965890032,-3.53188301537791
2.02215408729854,0.444212186159134,-3.19260531075963
1.43777618700218,0.385917929704987,-3.13758531889208
3.04811461893414,0.187159665702249,-3.42256155470082
3.14266427672157,-0.837534153566692,-3.69404342041079
2.17118793051572,-1.0941114349131,-3.45811031029928
1.73958706469885,-0.085545518493509,-3.3115024130821
3.1746210557017,-0.0100155737277925,-3.51721615191689
1.19486682276043,0.122213704626488,-3.17088115866249
1.26463857649643,0.562777370501114,-3.05070320179641
1.87873175994117,-0.642058261035719,-3.40200847485477
1.72394693890196,-0.0289140727075334,-3.29700998012603
2.33055406424316,0.543413072196928,-3.18082542105125
1.79503311923198,0.306149747398308,-3.21537501300921
2.61079829097189,0.578938803228294,-3.18771205093571
2.3201989949182,-0.79639606422983,-3.50755304306601
3.3421193042743,-0.0764721116875746,-3.56402412534756
0.716903135791946,0.791861355550857,-2.89105517248524
2.95336009429312,-0.0738599743646413,-3.50823412047121
3.22747289363599,0.202733605640009,-3.43570327564445
2.76576943632605,-0.768653680946504,-3.60717891928803
2.55848728435396,-1.41004061862798,-3.52235542879586
2.67235944882035,-0.432643067402392,-3.54855828810009
2.31408932375078,0.266726916059399,-3.30002280682154
2.03712047850981,-0.198388811706433,-3.38777474418909
2.12545027713336,-0.980425161023216,-3.45545399259167
0.928745378023962,1.06107693084841,-2.78401922478115
2.0830137916696,-0.786881604808372,-3.45151800461192
1.68576822442551,-0.0963368339595615,-3.3037275013919
2.38892626128941,-1.13153627343995,-3.51214551693306
2.03879170059689,0.542884640103068,-3.15112100621198
2.06795168149591,0.348593042536113,-3.23677355284805
2.20921577189224,-0.490139280215571,-3.46440631655049
3.20345424328805,-1.02830042831288,-3.71718224580818
3.25196932047443,-0.480084432821163,-3.66437726053726
3.27792525450537,0.115523641047389,-3.48008419640896
1.60770978353767,0.91453041789588,-2.92007885862723
2.48232631645011,-0.729235360558798,-3.54222571592365
2.66361101618952,-0.530286392643499,-3.56174039171541
3.0882319676727,-1.22120966509257,-3.68615297299565
2.69729673191799,-0.909693996375241,-3.5972884496039
2.67735912565667,-0.651851022437721,-3.57868015045532
2.00008967024684,-0.218178965647021,-3.38449566800476
2.96357096977657,-0.80057646885451,-3.65251439585439
0.760091312647409,0.940311567023894,-2.83019051818866
2.34323795974593,-1.09675924284602,-3.50318281483771
0.48600744191818,1.11286833003986,-2.71783550773384
2.29816171802824,0.662678509456847,-3.11588629774317
2.31182101883773,0.313901070108473,-3.2813045310634
2.30653839594266,-0.454778429816165,-3.480195997902
3.56380382617603,0.316410964579826,-3.4106032080547
2.62157961820064,-0.646432586661693,-3.56640268882202
2.55916931510726,-1.08590019569196,-3.55959821036908
2.88198398075218,-1.34498736408295,-3.62168797590707
3.21656501162236,-0.275007957938123,-3.60870827522603
2.06224990520002,-0.415385860060522,-3.42575059685691
2.10913110617686,0.103333113183843,-3.32659204636659
3.20443986332981,0.00898335638902603,-3.51404695963887
1.90778018997434,-0.331788661773126,-3.38407283843698
1.80342786634211,0.384482507356082,-3.18860955948022
1.7016253642585,-0.514190003088754,-3.35693399554032
1.49983525893603,0.244325688257942,-3.19090668219843
3.70075287861248,0.429459457284451,-3.35434795199445
2.80056126574356,-0.813794869860241,-3.61758506244831
2.62578556914546,-1.42893118047037,-3.53837262672245
1.61397146192725,0.620779029252056,-3.06916670475551
1.24386855044971,0.650173925194188,-3.01337102984846
2.97908230288475,-1.78740954567002,-3.56581955648582
1.40508138158797,0.0326726208362633,-3.2272058338496
3.19539827877067,0.00472540795625087,-3.51447251234013
2.77181817280259,-0.759390504937924,-3.60786923701727
3.45712620366128,0.254110611298048,-3.43411303326511
0.777589546372167,1.20158288581283,-2.6920882268993
2.15207011261751,0.664077562550687,-3.10250245486303
2.89881414813413,-1.8517857214313,-3.52199729540157
2.91735158096127,0.650306447612526,-3.16839329871256
3.02118359914969,-0.885492637256649,-3.67052614868708
2.27223750484392,0.364603236246247,-3.25579297364433
1.64713508792818,0.516641114263399,-3.11726629951147
2.76198007036844,-0.0225999399445667,-3.46364041347081
2.77529958227456,0.663556500795864,-3.15116123274988
2.51684442933794,0.254045503919241,-3.33081695367783
1.41482402383899,-0.174997346040314,-3.26454858123816
3.58805525975849,0.325639419283812,-3.40747323848359
1.40586615769848,-0.0471516882948968,-3.2426784341625
1.67465081222384,0.583683271841938,-3.09235838585286
1.99378301959832,0.517381288239058,-3.15772641772713
0.643565465376339,0.570178446924228,-2.96186384905159
2.07780647936958,-0.626745498231516,-3.44666922891803
2.06507001186368,-0.740724025739592,-3.44711792981697
1.65804285153726,0.102188908241705,-3.25494966250391
2.04706894368598,0.387636500141815,-3.21878862183023
1.37282158903415,0.307152639975868,-3.15280864733261
2.82620646076621,-1.28392834429143,-3.61333194864007
2.69926041581105,-0.274248203700395,-3.52220174459925
0.854537901059904,0.818020621073136,-2.89623812858014
2.29353280597605,0.760064067542419,-3.06034159685039
1.74632181483118,0.857672773549772,-2.96305925133327
2.2110818437927,0.245045289028877,-3.29442677604092
2.24177324748152,0.646308871382064,-3.11982851698234
2.3242922864128,-0.776868416389671,-3.50813388304613
2.63930036524436,0.499018838864696,-3.23259841969983
1.76024779175842,0.250750129701123,-3.22858366264225
1.29396718670391,0.426382630139911,-3.10345263040554
2.66722095769259,-0.12836206864881,-3.480466811908
3.35028295151231,-0.0453341999239709,-3.55365958927506
2.9111258025057,-1.41844096543414,-3.62030635420301
2.6633478134019,0.370890840014556,-3.29754466497276
3.0213457353394,-0.430735716347019,-3.61280809896334
2.14166985984714,0.0795302293213003,-3.33866714693743
3.34826919715319,-0.23265436418749,-3.61690829983263
1.38582992996913,1.05877948981155,-2.81919044292395
0.896291800584163,0.764267314617689,-2.92412062964544
3.09699237409376,0.0391459288006335,-3.48857669241866
2.71580725586188,0.362679702364392,-3.3069501909805
2.27750542465684,0.600965969014995,-3.14672221585737
2.79002664723415,0.0563959382101649,-3.44103144194149
2.68972637573374,-0.259589386350184,-3.51721116748148
0.714100644922917,0.765659595511324,-2.90132557018312
1.8068834155771,0.881069014520053,-2.95429186324355
1.94757880207517,-0.180952460782464,-3.36795420593117
1.7320401635404,0.232618049383506,-3.2300372870697
2.15645764865066,-0.287328876688895,-3.42599421835389
2.11705653580084,0.250170633991791,-3.27975673801949
3.13505397251858,-1.16466899915516,-3.70022288047905
2.2761434661953,0.458219704269934,-3.21559586245739
3.00278242004997,-1.79912041914469,-3.57010771509708
2.52559498008512,0.504093722916589,-3.21931721207113
1.75233848807568,-0.297656123317224,-3.34838534733786
0.709944261034202,0.940294644369562,-2.82497555440088
1.14611910118801,0.383011344033893,-3.09536886679023
2.53071282021918,0.273763472493325,-3.32457568035493
0.573619102916033,0.873490584680239,-2.83976667019382
3.10066284248219,-1.23013665370573,-3.68881111744443
2.5188478297281,0.163915132153017,-3.3654766822163
3.17161045615987,-0.603485689960409,-3.67213049210323
3.3582746472998,-0.0478558217429501,-3.5556581893248
1.03356108475737,0.295673704283552,-3.10211046713705
1.79807850128386,0.969565630285115,-2.90039244553546
1.26363714363028,1.09295172792428,-2.79035258884361
2.34069687121814,0.361892494727863,-3.26510820370948
2.96090785415777,-0.753913749779765,-3.64812526647763
2.36223558773489,-0.727061017224562,-3.51519230807403
2.68924011327155,-1.5185497488683,-3.5402632682721
0.734553262423068,1.16147400506612,-2.7123418508305
1.54956460767973,-0.376769073947192,-3.31448797014742
2.71044431732959,0.0322540818268746,-3.43816383364581
1.85397139661048,0.632075344623654,-3.0898639405547
1.52013462220314,-0.360503784655292,-3.30682738469421
1.24671531073945,0.601512802038237,-3.03337637630869
2.16158629709559,0.415955753890784,-3.22106517043168
2.41259815885529,-0.117160579753571,-3.43588630780571
1.69821053362934,-0.047654810179831,-3.29637585072689
2.77985445744094,-1.48881852386177,-3.57214646887553
2.99335343297587,-1.26509483695499,-3.65894720931181
3.53361640945486,0.112104617606112,-3.51037981610376
2.70539085816529,-0.588008059651308,-3.57755341189457
2.80109816498052,-1.26111095803861,-3.60890002654469
1.92674741514068,0.344761519557831,-3.21973549719299
2.78492630515097,-0.351071749626174,-3.55396323344491
2.1372491911162,-0.566865588790452,-3.45607081459221
1.57598900354997,-0.0715514282334018,-3.27879970638126
2.11892917237856,0.533872563566491,-3.16385597330922
3.15135385193862,-1.270967310811,-3.69926505720342
2.86156816072893,0.31173064608692,-3.34612802109907
2.20218293817677,0.386102851281362,-3.23842893980347
1.9556871026964,-0.127156840174928,-3.35897017873362
2.04104448571499,0.514430629510313,-3.16431169301227
2.32918587092977,-0.448437755621993,-3.48393107684489
1.77447568365863,0.753617269437232,-3.02168953256679
2.78878460412763,-1.32851727493589,-3.59837383234703
2.50722537420887,0.248114186505153,-3.33196592838967
2.16980839957428,-0.596812065163332,-3.46528156744588
2.85072578576304,0.101094205800837,-3.43291262157742
1.91513835088655,0.0650977020257824,-3.30681290345273
1.22000788936806,0.179563912061756,-3.16223197094982
3.36087576114055,-0.509595298799801,-3.69000387281462
3.15737949792964,-0.540079549468975,-3.65870121043633
1.93388998024481,-0.537624472451294,-3.40969618114919
1.50713512207352,-0.236213115864864,-3.29108557538844
2.04631035958623,-0.377836006605518,-3.41789871138136
3.55019010418165,0.292243373716512,-3.42258180762396
2.95566628348469,-0.465714849476969,-3.60758624393414
1.87681438316591,-0.346200280066025,-3.3796505342514
1.88773687230515,0.165324035175873,-3.27412792200087
2.15889516232491,-0.373522617261029,-3.43980544749335
1.52539954523505,0.187737206613918,-3.21079455082832
1.20719156572671,0.00139150151309109,-3.19679510456661
2.69551633517026,0.0370906561090201,-3.4344071685472
1.20506877028183,0.461628089702218,-3.07892245605503
1.09287912393503,0.828008056340446,-2.91793654401455
1.69363331310719,-0.0943861836382137,-3.30480702649161
3.10617954480583,0.0655129755801531,-3.47961644995382
2.86489118194565,-0.645522984450108,-3.61694287060421
1.37228258208506,0.984487587066727,-2.86213869591573
1.68564487686177,-0.112423878042287,-3.30669569467538
1.09351121936798,0.823914669602871,-2.91991628734953
2.89784503185017,0.529833686938628,-3.23823839748505
2.63737005657731,0.240178489977807,-3.35133843731568
2.5227641302609,0.546784158102488,-3.19721147118873
3.32495313470292,0.401506330919027,-3.34406659281139
3.36509307164084,0.34361872048652,-3.37906902000351
2.63348815243969,0.704088901261882,-3.11716103302899
3.59447550950094,0.101731377110939,-3.52172077083901
2.24349181980905,-0.395408633914912,-3.45963168001667
0.966748957552928,0.69662316031796,-2.96045093350891
2.29704958581195,-0.0312050761205043,-3.39448741189801
2.69494257358575,0.738457925096275,-3.09960706450737
1.00931571188098,0.842666274727706,-2.90224355724909
1.89218477613512,0.831973722073671,-2.98895832841638
2.32434450184178,-0.318442733145966,-3.46310000687627
2.29263443972265,0.332955211448104,-3.27125778133382
3.24726951491126,0.518017224259635,-3.27075865559268
3.06789255043067,-0.120473348156511,-3.54001276276475
1.73553146706916,-0.352059675101862,-3.35135018996138
1.92113327849889,0.552493509262378,-3.13392058430467
2.08348358116705,-0.937040784487066,-3.44734081664857
0.401477001284134,1.09713464545988,-2.71786816263423
1.31295413768337,0.905836677834867,-2.90053406545608
0.604408538241465,0.728996128518196,-2.90141626152884
1.52397903661157,0.106588808964281,-3.23139231802694
3.04508304389606,0.395962543495765,-3.32308200471967
2.99598565759904,-1.86917542958507,-3.54810651686787
3.46718236469264,0.485080201306764,-3.30524074387258
1.13294307414275,1.09746797306454,-2.7787857797855
1.45854874950396,0.715216262781809,-3.00929049556758
3.30162457698271,-0.658002915301988,-3.70581531995522
1.7288084288962,-0.291536555210641,-3.34285922689382
1.83314930078412,0.121795061850145,-3.27818384402594
3.07771572866685,0.236024110678706,-3.4042219428753
3.09095182324535,0.0732010474070088,-3.47467236992499
2.44009434052953,-0.682923847844413,-3.53017310588554
0.959266844418381,1.06413656693879,-2.78482228625388
3.02088018781243,-0.499124968644699,-3.62582369592495
2.83993943437176,-0.169161235060544,-3.51932933028416
2.37030494849621,-0.6408546314677,-3.51206485752854
1.84296840319196,0.760440495229679,-3.02424097549957
1.60579844423494,0.811755905534964,-2.97612399761494
1.52274941526474,0.805115474347633,-2.97193862954652
1.67818244056906,-0.192245705099974,-3.31880158236311
3.26024373246237,0.206719813675548,-3.43738056578609
2.51562707382857,0.0620761799238227,-3.40019691990932
2.5174356547859,0.394900082155582,-3.27075601643893
3.19397931441604,0.202370820524603,-3.43222902392503
2.40052976724893,-0.0846476590631702,-3.42553611439651
1.79342423278604,-0.446887642471596,-3.37255624179506
0.985829299111123,0.831966650583262,-2.90464819412563
1.20571449731348,0.737108453267931,-2.97167069213661
1.80698194107358,0.97071020146142,-2.90022362999868
2.98969646092533,-1.33118566171496,-3.65208552569408
0.46573385712409,1.07034940145373,-2.7374398749181
1.99639049872364,-0.422203878285478,-3.41297409678686
2.04019407939168,0.0524299889033826,-3.33040925329761
3.09813460162101,-1.05780749134561,-3.69283073695795
1.9213765911912,-0.663712764040451,-3.41237365397229
3.18144769694533,0.540565322282834,-3.25272421540645
0.6309416636858,0.750577663789815,-2.89669290847035
2.44192787926423,-1.19320010611071,-3.52014464303633
3.36646007850168,-0.0155028414976945,-3.54440311318586
2.98250201379022,-0.770300483831445,-3.65416050581469
2.41295063715896,-0.319478710813609,-3.47987716198875
1.03629460382888,0.877854036820273,-2.88839262255666
0.311780239876605,0.989876347230525,-2.75905537566758
1.46490557285897,0.237119471013304,-3.18747764537997
3.0086247296778,-1.13591001534642,-3.66995048193701
2.18040033031948,-0.307328027092921,-3.43389406648197
3.42664455410397,-0.224523704395416,-3.62615005045578
2.81573186571979,0.447349631354331,-3.2754806910568
2.12228244206284,0.582811526335139,-3.14086717389888
3.57427228079668,0.386296707784633,-3.37183119836949
1.39068505036499,0.664578366421591,-3.02455827527554
2.24617539690291,0.404479462226602,-3.23588732806815
2.75255025184707,0.623642052680549,-3.1734329616022
2.78243373045886,-1.34061818469806,-3.59517080358409
2.81580687733699,-0.492826164685847,-3.5859191970837
2.35728920750557,0.250884006592484,-3.31167888152045
2.43986817414513,0.587397131472564,-3.16848295182262
3.30157838804811,-0.620213881081482,-3.69977646859692
1.90803760196885,-0.0233780574114357,-3.32781593166202
2.91717437154661,-1.7672734805399,-3.55181065220669
1.75896371509391,-0.52543033821792,-3.37030635751676
2.46502904078476,-1.2667317659668,-3.51771989206501
0.847813255292044,1.17728835535191,-2.71143315149133
0.75056513770487,1.04596410185655,-2.77666748471056
2.85719228945872,0.0778585661862463,-3.44241905610042
1.87989636867616,0.610873858274694,-3.10259401958163
1.04865292644719,0.48605739823301,-3.0483288894961
1.97342378637135,-0.264879863173287,-3.38728797376539
1.49147802336846,0.0936390042036219,-3.22894823598922
2.50654850146804,-0.682251639140324,-3.54465792606371
2.96226386384428,-1.39906511377672,-3.63695555931411
0.976730461876002,0.213771644779769,-3.1124117560789
2.10424068803102,-0.86216402486058,-3.45551860808219
2.50684005475958,-0.163313406079544,-3.46314366866384
2.83592309667882,-1.12954688608937,-3.62720703572076
2.83629971053075,0.563868703268319,-3.21419926023022
2.81940703847142,-0.515930108019661,-3.5902847514454
1.89690289196868,-0.160319588443193,-3.35473217320031
3.10674694908298,-0.699003700101195,-3.67267136566203
1.41933145194131,-0.270394322046368,-3.27700301929307
1.85075554170569,0.537482495515908,-3.13267586798428
1.84067804040554,0.202735477707977,-3.25561393323288
2.36621938735343,-0.504294683626954,-3.49836243260806
2.45581831626278,-1.17011402576847,-3.52619831872911
2.07774009508288,-0.528109521227653,-3.44021423931452
1.73390786161411,0.435571401545159,-3.16020818452161
2.12612596217262,0.0675378810453268,-3.3397477557639
1.54910057352477,0.935017509238527,-2.90389901610215
2.29349398614924,-0.645978977998713,-3.4956090273633
2.64177652203862,-1.49142633559222,-3.53164920044193
2.46217495576403,-0.25219105375473,-3.47563114933802
1.83573622363869,0.931109531965581,-2.92649787182819
3.40740206074377,0.0422087903897712,-3.5263604439964
2.26511023560501,-0.545767335926185,-3.48167025243566
0.679446322077545,0.964982079554902,-2.81011963253962
2.20769934392622,-0.162642073899678,-3.41137267955079
2.87889250189292,-1.32048077161214,-3.62359891938833
2.67707660816256,-1.28626173201097,-3.57307921202157
1.35900184572157,0.606013044941883,-3.04552322455669
2.75596469129612,0.634910683449474,-3.16703885233988
2.25190024290355,0.862758585751119,-2.99482435078372
2.18529565624092,-0.982879262021793,-3.47057464141191
1.12659722419128,1.17943090514743,-2.72807508427812
1.9580246069673,0.411815120671684,-3.19801023744491
3.03639517491704,-0.604767999558146,-3.64601275520722
2.5063534283525,-0.810785566945934,-3.55096795219123
1.28786848383343,0.757381785904135,-2.97151639791507
2.11952624546462,-0.301688121873116,-3.42130378456601
2.88687844344385,-1.12801469578448,-3.64002520725108
1.8154177911468,0.365776357239041,-3.19710761037054
3.02472118327794,-0.333158668604767,-3.59192864932317
3.03487888973096,0.321341150156215,-3.35960006427656
2.94002348683076,0.318003910803538,-3.35149619756853
2.73587413919434,-0.928502075468234,-3.60655316854811
1.24503797019704,1.02564722131481,-2.82889838022063
1.9081309814405,0.785651153781242,-3.01616356598737
2.59420602614992,0.0595368024867731,-3.41239004515344
2.81828308770536,-0.0731349013419942,-3.48791695283724
1.13994981614823,1.1808155434839,-2.7279743914141
0.940200682055812,1.04197389907265,-2.79540704958814
2.84608688693179,-0.0211996570748356,-3.4754462904669
1.38963281522854,0.586403052352671,-3.05725931433376
2.70809336645533,-0.917701472155046,-3.59991663463226
3.38324350609627,-0.496596091413142,-3.69121974520488
0.552064273422002,0.954511775820777,-2.80152712555739
1.76849250502909,-0.580826494733789,-3.37489137058564
0.678341309361622,0.91350805294062,-2.8339781461431
1.49383015030369,0.290978484752837,-3.17614611699119
2.89384378922375,-0.614467004142557,-3.61900594604222
1.34297175627864,0.566539223112265,-3.05931716208583
1.21959157687358,0.90229806754006,-2.89395110683093
3.03399865966936,-1.79697059035571,-3.58045646147938
1.0065695014738,1.12877228536492,-2.75134896816577
2.45155615863994,-0.243897619960222,-3.47198928453716
3.45909617867347,-0.113646551610414,-3.59332188432522
2.77981526465655,-1.11874669385073,-3.61362845417182
1.9271824176647,0.609162176456162,-3.10832952104476
2.78200439368888,-0.378282588836191,-3.55895470897901
0.56644119094641,0.717496589798077,-2.90060478477804
3.13938686372424,-0.944114526847045,-3.69981929254347
2.07060565853266,0.0328908623238262,-3.34062359424
2.74670134039296,-1.55668102040001,-3.54951942055682
3.62670826192297,0.451923825292836,-3.33578181588742
0.511375151010238,0.842102052148329,-2.84539408054945
2.84117114654162,-0.885273449651377,-3.62992289001985
1.89250134898644,-0.537542754099155,-3.40059044379716
2.88756096366218,-0.306185686705941,-3.56209010404839
1.35073454621384,0.120651677532523,-3.19845671863784
2.8356202647673,0.649666349648211,-3.16358173731478
2.25243723424749,-0.210976012759809,-3.42950943759338
2.15687004911789,-0.825445707942848,-3.46895903325124
0.77981045517966,0.698960971052207,-2.93574554810379
2.22188343333958,-0.141351745686138,-3.40916381841573
1.1263115262307,0.476988785219884,-3.06251388234983
3.00298503328307,-0.98724450345804,-3.66982218604625
2.1174446791361,-0.535501399974946,-3.44933789442412
2.98273747793001,-1.29051138044418,-3.65407509267675
1.54629441280933,0.383388263847492,-3.15385656259201
1.14394066062331,0.817018912694774,-2.92846446989155
2.35705969391162,-0.379069522926083,-3.47940296001761
2.6603069292065,0.235954701963058,-3.35587238269583
2.21267957107459,0.544230086239797,-3.16867822643829
2.23870597870377,-0.229301018387176,-3.4306927187326
2.15152069719695,-0.976971655220031,-3.46232782638057
2.22014666596502,0.761503069514362,-3.05417612474138
2.77047673758324,-0.360292882763191,-3.55325973862954
1.92913231310714,0.00543533610830171,-3.32444760715336
2.69441686655075,0.698620964417514,-3.12446113180364
2.64788218206944,-0.359073993275018,-3.53071235844711
3.32996013129804,0.56520885602685,-3.24666500063109
2.00585160625144,0.327589683537584,-3.23662196376392
2.30322667092,-0.929028163504656,-3.50251530304956
3.20498125341921,-0.583440348286205,-3.67522541730115
2.60855575058927,-0.344732583124208,-3.52074260763019
3.10156092196112,0.0751609041704642,-3.47524816700351
2.90621101177682,0.119331426627176,-3.43312096965247
2.25937357888147,0.443744076681703,-3.22024472011581
2.7461903759483,-1.07154666530006,-3.60723301436056
1.09198601504079,0.323416809641632,-3.10414482270665
3.51645792176161,0.423181143668801,-3.34599155889119
3.07652150022779,-1.14889872630662,-3.68628618708107
2.50013013288164,0.338782288909181,-3.29366358205052
2.81044621550915,-1.61065727524265,-3.55705805278843
3.236485032073,-0.423354485804953,-3.64930728145017
2.83469408704564,-0.808383757724681,-3.62483852680501
1.76674246532907,0.444764121436915,-3.16086351932356
1.39303442733505,0.438258044593552,-3.11341826139616
1.81682916573053,-0.469021573464823,-3.37935104512747
1.28132642944199,0.868743839043026,-2.91687400277076
3.57474384392868,0.11191142808382,-3.51490716423847
3.03134895651499,-1.49522742027187,-3.64261662975444
2.43759796187882,-1.18815701645942,-3.51951986780373
3.4780325147816,0.309566011899071,-3.40706907594219
3.28784590273683,-0.701632775157226,-3.70944520834904
1.83201398201207,0.985252908591829,-2.89253864648123
1.69718751804731,0.088441248047052,-3.26493723645283
1.5055717473889,0.797274265123117,-2.97429660094729
2.54126035461407,0.120605309594582,-3.38402859350535
2.95014860148822,-1.47675711770502,-3.6226243967933
2.20519966566535,0.776263331102548,-3.04448303253019
0.644062036661708,0.630516699300054,-2.94203091016363
1.83158689423447,-0.424261730459185,-3.3787077371558
1.47646154634648,0.204285614976201,-3.19842168259277
2.09695607235751,0.0585654398973223,-3.33772786274641
2.07823863125434,-0.887996435371643,-3.44826969839399
1.1581875304754,0.592668895454351,-3.02546624724518
2.84345874005789,-1.64225352801165,-3.5599507948797
2.31439351466951,-1.06816064262011,-3.49795305720033
3.42946804624924,-0.0449365141399172,-3.56386332624242
0.8752737800511,0.513183240759578,-3.01423483183513
2.19442441975718,0.0264738849343946,-3.36218123965965
0.613807513446929,0.630354192788857,-2.93779485772048
2.29210058329899,0.50384500172541,-3.1961386720107
2.29956984434006,0.432520591097002,-3.22974167773102
2.80916369389779,-0.0052443633423418,-3.46483991286424
1.89506993952856,-0.504060479212755,-3.39891478026383
2.3320723324448,-0.236812416943416,-3.44911946623662
2.27457415899191,0.183537684988902,-3.32495338727996
3.13976190307835,-0.590538518240191,-3.66392824705372
1.92944055661895,0.173345117957275,-3.27804091487979
1.54956360446075,1.01660239643918,-2.85562438396655
3.32850820902746,0.206929000840483,-3.44447802652633
3.03862352874022,-0.479628955975966,-3.6255292149185
2.99390371792704,-1.89018814821298,-3.54109371689071
1.46188895001636,-0.250413053403524,-3.2835789473909
1.78244736420291,0.90777364163061,-2.93687467540658
1.9492141142842,-0.647971295690124,-3.41837521362913
3.27512211123721,-0.62745744861898,-3.69589280836607
1.78098427719524,0.77727993484435,-3.00986127041636
2.02598229697447,-0.324439265355729,-3.40656808498751
2.65369504070578,-0.283267544848218,-3.51622681545364
1.24755392954158,1.13303711263053,-2.76454020426847
2.58684977364535,-1.45413590195815,-3.52268824378007
3.08852616761914,0.587314624572795,-3.21813706241402
1.00795994114651,0.948607934766117,-2.85054410347309
2.15869318688421,0.17398084690596,-3.31171063597245
2.95848366171559,0.348532379721728,-3.33870695174326
2.10055939420962,0.85787741029107,-2.98849168892799
3.42173776199003,0.0709454183461444,-3.51596472027709
2.31498286542476,-0.595617392934965,-3.49664846801237
2.56096606204265,0.077735407042818,-3.40153564321535
2.46656265935286,0.779407377013186,-3.06013304566611
1.79778083514097,0.226032887693778,-3.24194882472519
0.536950796349609,0.866155355194713,-2.83853888080572
3.13525476201067,-0.254066279757597,-3.58993905163177
2.99288747361062,-1.88216127184132,-3.54320906604051
0.422318926360871,1.05459938814543,-2.74083971193331
1.88263995929098,0.504259903727221,-3.15071314128245
2.96465074430461,0.328790650270803,-3.34889092313686
0.935435797572774,1.19636320311018,-2.70577703357736
3.085765044501,-0.408849861534321,-3.6197026091526
2.75790160651347,-1.56552885099704,-3.55101035800503
1.27432772458695,0.565661201630044,-3.050855755348
2.79217069135883,-1.03820668830049,-3.61947309149982
0.920166521559523,0.706580308727811,-2.95065859221682
3.41946387578772,-0.179348057704953,-3.610483289226
2.86773754785468,-0.447469296474486,-3.58789723116896
3.10603259711147,0.241345160910878,-3.40485448152404
2.69133366431774,-0.407878150334716,-3.54781847069337
0.783917057010954,1.00051404071931,-2.80305397497039
1.46162970795521,0.611374328765562,-3.05564755641645
2.93947377630756,-0.153868457000202,-3.5306700152519
2.39931834967182,-0.365525079950668,-3.4853309588487
1.93223872237643,-0.082557519744934,-3.34540032495191
2.35663060621311,-0.171437909347149,-3.43938936956459
2.11410125735097,0.822896380497592,-3.01049235924993
0.599270705570536,0.617665744783295,-2.93996055336742
2.79994583960973,-0.586165985000962,-3.59645529358427
3.01265875747111,-1.81071286318078,-3.57007094347257
3.11989612145714,0.423795291559549,-3.31489988213841
3.40665181694404,-0.146697680580872,-3.59766003848208
2.66867651335237,-1.33965900499505,-3.5640865030725
3.15856170836529,-1.08104676403014,-3.70719867973661
2.13500999158525,0.234312816545479,-3.28782468330763
1.42938082379638,0.0850912403019922,-3.22019620405585
1.57618759380874,-0.00690481858149172,-3.26606667098887
3.12877604357617,0.0927231686599197,-3.4716555138743
2.65206144531018,-0.696672385472623,-3.57724386429213
1.4858695874328,-0.139358495354202,-3.27331047539667
2.24232442613199,-0.88813619931951,-3.48866042831808
2.35376412334591,0.434064318283866,-3.23505739406743
3.14581019475321,0.114328395172036,-3.46491057085064
2.54722393303006,-0.526788934571823,-3.53791810957721
1.16248976864715,0.311910488945193,-3.1185733957846
1.03492724010276,0.559010868811542,-3.02139611919677
2.57711256893532,-1.35549305513944,-3.53637970999675
1.75652574448728,-0.170792203324251,-3.3303219014498
3.19712228581547,0.184400200571907,-3.44068537904479
2.9819002295972,0.183207335856481,-3.41650238366067
1.96602066298561,0.865924158029111,-2.974576729937
0.772349223517084,0.908849636722292,-2.84626258029429
2.16319449465013,-0.661386921434316,-3.4674637330309
2.71214160342864,-0.586274628331714,-3.57871741949002
1.96297336031949,0.872577908433879,-2.97039268574214
1.63800986284332,-0.0554973069744424,-3.28708863963536
0.845089100057228,0.458887689609184,-3.02656464037449
3.60972204880597,0.251100275298197,-3.44965888433328
1.0857884194298,1.1935247818003,-2.71674569704674
2.60321028565191,0.453035907763566,-3.25222381897073
0.749206032539334,1.08722256365837,-2.75470764288579
0.880854544906948,1.21802401149217,-2.68895193373516
2.19497194214617,-0.731258044613186,-3.47717692402836
2.41509435809022,-1.13953979365429,-3.5183102915399
1.39954847356169,0.550991145389628,-3.07259654660319
1.95753289242783,0.79782737258311,-3.01337146249381
3.17168931025955,-0.275165371725768,-3.60155753649347
2.87320522866488,-0.0360518609496487,-3.48425684699992
2.94513067056447,-0.837214067018274,-3.65094796806251
1.15821726484174,0.710160960181498,-2.97796395555342
2.59639209314375,0.409767083455888,-3.27231235859086
1.64544150932232,0.904384570637609,-2.92875593853977
2.67830132028356,0.486843357513399,-3.24246526447487
1.77940895745498,0.823754766504198,-2.9846041689091
3.44088104981653,0.512478725550539,-3.28656699923481
1.96979254804859,-0.436999478979589,-3.40900138177299
2.528906121082,0.0905217512891738,-3.39265556778613
2.36190813714053,-0.236102933263524,-3.45434321756456
2.77242696039655,0.434337755131772,-3.27800970563218
1.4223425269096,0.445522701836396,-3.11492792782809
3.11952798852205,-0.314231352730354,-3.60327007326426
0.991650236215405,0.474537145227976,-3.04375107257294
1.1478945249241,0.487925514290407,-3.06189106060551
3.00523295742088,-1.09668282060517,-3.67015332186719
3.53718980885233,0.17673709731639,-3.48032479765236
3.00281824991051,0.347510900257038,-3.34360289924016
2.06827662697483,0.409382809315054,-3.2126047392711
2.31588592037617,0.561356728451782,-3.17045698634823
1.12083709180668,0.365531477022356,-3.09669630271295
2.53561826306387,-0.213915474245207,-3.48008515508611
3.40400454423416,-0.232404426369474,-3.62523767796101
1.5118654157877,0.611965472937293,-3.06130380563815
2.53387622047923,0.210467269869102,-3.35003959586415
0.936008123122789,0.372519782739289,-3.06567215124478
2.56054492922184,-0.317465450323818,-3.50665572104708
0.782999647506627,1.03212601118072,-2.78680563403445
1.47344490320135,0.427666320470796,-3.12828460008347
0.926797096529305,1.16863684484753,-2.72205516009548
1.19333131120787,0.469059748559654,-3.07474135653877
2.27171945353367,-0.202617754904878,-3.4312432950454
1.57130296406264,0.326513499879101,-3.17647197730886
2.65665692540983,-1.52187965685962,-3.5300202626652
1.83708473862112,0.102325695279305,-3.2841712035868
1.86978302219574,-0.22556228820084,-3.36103554387721
1.45722260681352,-0.0138291392286022,-3.24595929937482
0.637207180452216,0.97781876426726,-2.7996470728914
