-1.72791328315909,1.68755865547115,3.58186819942215
-1.35767837615315,2.0314036231879,3.79885261958148
-1.31698657820149,1.59585820534449,3.12322573166024
-1.2609033543254,2.20208812554465,3.93865067286373
-1.32673156894808,1.0792125632533,2.7045261323031
-2.06180847845523,0.865264701532548,3.53596568116499
-2.06627382253738,0.780129584264681,3.48627096934712
-2.56046252037419,1.30382385339486,4.41283822463083
-1.16384916224768,0.654244024439605,1.93766459710897
-2.17034553216359,0.930693297885671,3.73438250902237
-1.33297516554356,1.13082749390782,2.8307951958783
-2.08832683658999,0.576963337593067,3.20237861608641
-1.02861825726157,1.72897505032111,3.10365198763925
-1.49418717539798,1.31516366985175,3.30312186951851
-1.16277625044243,2.53626161508553,4.41219400579586
-2.10851260817003,1.0325869572627,3.71271377645507
-1.77238419233895,0.6906748287433,2.80604990470087
-1.49464813076753,0.488793533534059,2.29110338779348
-1.41300518653544,1.95032840184968,3.95752055241566
-1.18903132238453,2.2626753464463,3.8545734855898
-1.3619220651927,1.2825132798538,3.02724907989516
-1.95739521493816,1.92137095199754,4.33742305296352
-1.07541590670405,1.26980296238847,2.6881053714299
-1.68004159885265,1.30681152869916,3.31425908253293
-1.24611582185766,0.421148856126062,2.08007486741827
-2.04928123877073,1.6790837205435,4.18955821291116
-1.72023999705908,0.507442497541668,2.90428246964929
-2.18557420758143,1.88169140107073,4.56069240848839
-2.37807594666915,0.445502509752596,3.82604734102124
-1.22240223661806,0.75130081488348,2.26325463477114
-2.59016301353134,0.61189601188861,4.20875984684235
-1.03148064352388,1.5371823547644,2.92741316684899
-1.73370086781889,0.269975002357538,2.85974541646267
-1.16027149313363,1.42795465497248,2.97598526184801
-0.946709259925139,0.633120369007712,1.662156743041
-1.66882840949198,2.01517099682777,3.86290775873831
-1.2304786516313,2.45324638184123,4.34014154601267
-0.949152852462357,0.623174105093535,1.79556383736859
-0.750695681269585,0.640252874187446,1.56025375448523
-2.02708870097838,1.72267990398095,4.20678478579548
-1.45171741246381,0.391404897292531,2.16660112338784
-1.63700359554954,0.514336890513259,2.50747547811301
-1.23815735529413,1.89974806416468,3.65424735832242
-2.35289244304674,0.712048847195888,3.68235754732917
-2.30831703446486,1.00603183244492,3.74262436847593
-0.915848514476856,0.466459422307774,1.76279160043756
-2.74141217182654,0.90595900018171,4.56579042467803
-1.43088974256913,0.216710083224387,2.06536891838108
-1.88614382184723,0.976442560306778,3.25914825328412
-2.27577132621181,1.33933160740216,4.18744452201089
-1.65510138779761,0.488599529680382,2.71278366300937
-1.35523046328447,0.247517693805186,2.17627838638157
-1.07566217722909,2.27537165908776,4.06944161420492
-1.2263246348563,2.09323893824023,3.65698251624656
-2.12393433277505,0.385059883822312,2.98817987446623
-1.71114086665643,2.03848389735905,4.20877722623352
-1.34500430819703,0.424427103821168,2.27323398278291
-2.37321539731325,0.827456070115966,3.61990494981986
-0.995769411367135,1.02257965482163,2.25711685445181
-2.37767021198635,1.09230419429253,4.13777608658489
-1.12307527348709,1.00226894820064,2.43370005261645
-1.75803820664058,2.0982619705953,4.03909099539034
-1.44821964593409,1.05245143105182,2.79227243178628
-1.35730204270687,0.3431799566766,2.20244119179472
-1.14518982103835,0.632465617821179,2.06880431325955
-0.986821613750995,1.77676071232422,3.21400127377034
-1.14342593407329,2.64408916389577,4.55551690952556
-1.40398054771504,2.37170663056569,4.35844253996174
-1.66669217974786,0.195901181936984,2.45929352481561
-1.4600244651192,0.356986149644714,2.42707444460707
-0.902434833091438,0.710355945777888,1.76772879920943
-1.84990815705171,0.198673651909972,2.93086622896492
-1.9306342183422,0.965141957608777,3.39772290404018
-1.59362729868409,1.67103116565621,3.73238151210605
-2.01080662267451,0.165544265155901,3.12443169610262
-0.967905266380004,1.58717991464834,2.56449856674709
-1.39783722330783,1.7766409341677,3.57831023512123
-1.32811328221622,0.739654380725236,2.33504446678425
-2.52973573353607,0.391111713022023,4.04798601042439
-1.17959191097595,2.15337727924863,3.87546704236643
-0.932753423662249,0.304958896216029,1.55210683862897
-1.09779275981159,1.88351432753174,3.36261879006934
-2.36356779190261,0.727668426252302,3.91080857856303
-1.3721647929905,0.979588381650834,2.51360478961026
-1.95180893829567,0.643266449740853,3.17469780176959
-1.37312156749482,1.03093944522693,2.71531496657562
-2.36930805146212,0.526005299220422,3.67814012075399
-1.60720954499221,1.89832068443471,3.93337654102833
-1.74229898102186,2.10045632783142,4.27116557431297
-2.44208345100476,0.716971037850567,4.18267747274732
-2.85621333042236,0.399100452049375,4.5606207456737
-0.872317212190472,0.934487369396321,1.98555730295409
-1.55603473480469,2.41634112124606,4.50525401328981
-1.3378620153888,1.79234116986412,3.53689359970224
-1.15649215920428,0.716215550480934,1.85982099122029
-1.05861138957462,0.587182378434095,2.03320070827322
-1.20602768421557,2.36761227855818,4.25460708622081
-1.31290830553928,0.394816864212902,2.16804434626667
-1.93990039329789,0.274426810972756,2.79221781610958
-1.45498003377288,1.53403739936067,3.34348791658285
-1.62056058329161,0.24772956543203,2.59248159130126
-2.4322192439974,0.687396264610738,4.0991048503784
-1.54558582222277,1.00928445598176,2.91911892567117
-1.2056803796585,0.526444345269143,1.88176804652205
-0.923831334236901,0.259939970397716,1.52451886486362
-2.12266306332653,0.929373639242141,3.66436477976587
-2.26589224177217,0.700524602581352,3.75055732079744
-1.70193978905782,2.04864605507397,4.02726374963587
-1.34353258790139,1.46747564222598,3.30242944603485
-1.60034647390583,1.02950421511345,3.02675311377502
-1.68201796249381,2.32090592320727,4.42540921926961
-1.80781122036517,0.869770470772616,3.12277348323073
-2.27849681781536,1.96320825345811,4.48953712700825
-1.25539272917008,0.907650007832276,2.44977131870498
-1.62821258164203,0.825979823280714,2.78466501008591
-1.662445604368,0.970133529751355,3.00452267444929
-0.878765909093862,0.919817366365185,1.74240499851097
-1.90154965380447,0.82577801721828,3.28188375230442
-1.17843651465031,1.42186372048358,3.05477578147732
-2.77074714273343,0.779295248870157,4.55159310682386
-0.746586859015223,0.695222415289828,1.58291312354412
-2.22704741595919,1.34306421148289,3.86034466846334
-1.99149837486431,1.40407830634432,3.56308744476731
-1.34869073152966,2.19384534980667,4.07127287695685
-1.26754825211917,1.29856187283825,2.95353373036854
-1.86846418592128,0.262130092576907,2.98367529469217
-1.63144537074045,1.82790198833436,3.69597240083165
-1.03861547535625,0.73603073488668,1.92990620156158
-2.24754204197911,0.268404221690899,3.29095168096504
-1.17714579079739,1.63380472840641,3.3849752787262
-2.37625645522011,0.806728526031381,3.92593730797256
-2.1563256786107,0.304554883016479,3.2163933800214
-1.00931068664214,1.48136514788071,2.96378036816789
-0.938117931113678,1.28409169748961,2.21808092786952
-1.08221806618216,1.60468533989736,3.06076910350341
-1.48747143590102,1.70166757580279,3.74330467397669
-0.906166937123737,0.856778185984494,1.77543202310658
-0.852507347210216,0.696736629539412,1.78405762635033
-0.889676069580207,1.69976510043537,3.0338990943148
-1.74575624066126,1.63582105714574,3.7456051340676
-2.09709793113531,0.683058970850722,3.33952566295611
-1.07976064808788,1.23993751272605,2.55924446929052
-2.44015443399023,0.52988380946792,3.69364767440862
-1.74421161594937,1.73511741295863,3.89059871126697
-1.76411796882477,1.41031222082693,3.6104509497447
-2.08175459614916,0.849819588153497,3.55576866329399
-1.87013581787854,0.449147422578569,3.26642215323351
-1.60446605225617,1.36159831987031,3.09327834279126
-1.2250825570779,0.260562477869662,2.07437450083747
-1.67513485817987,1.43795142755348,3.29578479099804
-0.997429267494951,0.56042115975042,1.80923019726104
-1.43287289548743,1.64491120093863,3.4497355714203
-1.52666753934383,1.32752358018221,3.20308651581351
-2.28457215507198,0.825913975975931,3.84159979386462
-1.95748474284091,2.11049458823342,4.55203073047394
-1.86399919154527,0.269719404843292,2.97837812441597
-2.44484984500744,0.992949081607546,3.86805116788647
-1.07361979883337,1.20108625972832,2.54756651079075
-2.33179998282219,0.366329800998654,3.73267414682956
-2.30961589011537,1.64940697060411,4.48811204980603
-0.900646002408305,0.700927958924408,1.67607857405841
-1.50282004011182,2.2716451852855,4.30727353353678
-0.815991225070823,1.21786997225979,2.31823578874888
-2.08531221979001,2.00205249203994,4.55676628324996
-1.2095628147503,0.125695839518709,1.87741559765773
-1.74782139854753,1.42714332686785,3.56830810893168
-0.890533393812784,0.822514842760852,1.77849274332835
-1.2874647094209,2.2412448519098,4.08739738870656
-1.77924974041188,0.376491288213858,2.96845557839595
-1.88707979203242,1.47428816115113,3.78691760261855
-2.22952783541653,0.459975075699276,3.59996866854802
-1.70709808976447,0.437841851292068,2.7869388771262
-0.738958721406596,0.672460361329369,1.57999940841361
-2.12635861523186,1.05113896459499,3.75098793099248
-1.87807982846495,0.886463283708161,3.28415942807304
-1.19475223141131,2.01999207309415,3.67599226058876
-1.45693739699247,0.481727492811613,2.33622319111482
-1.95964271518621,0.278716219168682,3.13011392754926
-1.17102650059181,0.467012300879053,1.96336381107899
-1.1588010302154,2.37925703453495,4.18502175205176
-1.27118336281898,2.4559975086546,4.52599867567888
-1.69761683992214,0.274556192975827,2.73949448899976
-2.16602594921568,0.650570646388176,3.57646084848401
-0.80233184244656,1.28680619835985,2.51188084351707
-0.96512062313096,0.245985794957991,1.57500895419863
-0.992674000175773,0.719528368380495,1.93879403755424
-1.07764694650943,1.42665545575173,2.82737405760946
-2.02025197146748,1.51861527281402,4.00079558983398
-1.09211064767371,1.74268355971066,3.25227119830033
-1.95245196722966,1.44709206483074,3.84314236614516
-1.1181491423233,0.350620138970144,2.10968524050193
-1.79292752616707,1.82899213621027,4.26841019206107
-1.20453604317738,2.27781403389934,3.75070722574564
-1.58420771273889,0.368617854763998,2.4582564692075
-1.30972212595846,1.25803135788339,2.85004656479429
-1.88916825477,1.47059996214436,3.78593525712678
-1.42960888321117,0.784697782712158,2.34746093567685
-1.02628269615704,0.488929392014166,1.72909325190391
-1.72291609747579,2.18828682200238,4.5167032692547
-1.31894951702644,2.2122711347887,4.07300274985194
-1.80100743734793,1.98258975818172,3.8686675097707
-1.90349384790966,1.22137855426992,3.57327615927074
-1.33093485955985,2.35153171546599,4.25283651272447
-2.67652960148647,0.54475834211203,4.31937117617039
-2.75157539874165,0.60701658797969,4.45589303666529
-1.7253709984703,2.17295077982385,4.38774014149129
-2.69965152531328,0.929524798289566,4.48912104519505
-1.4155310641718,1.61688627620808,3.39831584687622
-1.52414966516189,2.02765425690026,3.98360749335766
-1.89448645805779,1.40959744219611,3.73419973774321
-1.29924301896447,0.738526554456087,2.34999927576368
-1.32723944886024,1.22311071887236,2.85417735753559
-1.39277255524726,2.22153777902212,4.14640997476003
-1.67203093267317,1.79653726008684,3.86502449749967
-1.66124289845573,0.85779561591876,2.68142735650949
-1.18120028476162,0.88481401546859,2.02536075368177
-2.70950794430072,0.887752588351981,4.50886657517324
-0.932584212119773,0.921681867845771,2.300535810217
-1.08927806695418,1.85405603032885,3.34765217252505
-0.895730798310119,0.417363183802402,1.61103093233581
-1.20865288149535,1.49608468869397,2.95952379931091
-0.939147601979179,2.01007620806939,3.37128889452381
-1.33179729061815,1.10734701672721,2.80199475823895
-1.33828821559921,0.176445430913698,1.96149113616889
-1.65153070294039,1.4085219306543,3.4325232126593
-1.64230402685502,2.33588571161001,4.40203027115308
-2.90570516132891,0.568339104566023,4.53404829752547
-1.45180421705054,0.258069771302115,2.16899687598077
-1.63335735761662,1.26698581347722,3.26893626888049
-0.860131201258195,0.610490434765625,1.66797369148582
-2.66936305430761,0.543452980313324,4.30785417800459
-1.36902183109259,2.24868625894337,4.16319228346893
-1.05268887323482,0.684136208808325,2.02631425185613
-2.14206171984817,1.45856536517077,4.14940021001694
-2.58807022685927,0.333013170070957,4.08120270770489
-1.31802951397335,0.518117560587265,2.02248813488857
-2.54651697334461,0.68504925431193,4.17016348677053
-2.0238591435713,0.361917259244094,3.25124770985102
-1.30492274346678,1.49347810378916,3.13626679641059
-1.70654482481402,0.801295528993781,2.79640848309078
-1.19599390136123,1.32143777318134,2.97693767450182
-1.50415449241783,0.159394611044807,2.30320608544606
-1.73553396969902,1.45338469714197,3.59987625509753
-1.71933273376825,0.564440058241495,2.66225714057005
-1.7181761089962,0.478939872887759,2.82066345845225
-1.41444216485753,0.513659933849328,2.38531640189464
-0.972126680672753,1.03890280398064,2.24997234645826
-1.69058727304299,0.640215065052459,2.85872817586058
-0.98242057508442,1.08661531790909,2.28595038656186
-1.94908432415503,0.782688147900451,3.2204019746808
-1.11015938528374,1.9958473119216,3.57775307624704
-1.34287534619646,0.622407555733253,2.15021968999447
-1.2606841384671,0.532234454588812,1.96613194029498
-2.08578480249232,0.814528451170859,3.40363278445807
-0.967525466346402,1.16505799584692,2.29829488446649
-1.51964208708997,1.65004289567731,3.62938233483968
-1.67728373796028,0.359894233586343,2.72527815467803
-1.33178984736259,1.16140626119423,2.79439420419891
-0.688891960090795,0.88550120442485,1.79215105708912
-1.74639085299356,0.52859864536765,2.73562117347854
-1.21251693205573,2.2789015050725,4.08214630718336
-1.13309041869193,2.09196832000821,3.88975396053809
-1.066049275065,2.13999021697777,3.74900163075689
-1.15532823560229,1.67429046973863,3.24188166857083
-1.20156485185289,0.32584612106817,1.89568526513669
-1.1432681379355,0.493484987865089,1.75102590044421
-0.761820180123162,0.836888521320812,1.95024022342383
-2.05135009800522,0.492063927200029,3.32444701405762
-1.18826133881669,1.07428808107781,2.32974945809535
-1.42706514861214,0.984859261374539,2.74051384782522
-1.96731982870181,1.93805973189455,4.27858810498636
-1.76551208056816,0.679156811205545,3.08295655811178
-2.10836233632839,1.06902749735532,3.75458187406066
-2.05427967158547,1.10719447038174,3.73492113723138
-2.6559983599839,0.661598236100525,4.21337182028759
-2.27063574933533,1.16923307585018,4.06868117489457
-0.931629192092242,1.80941761311443,3.21836702865545
-1.21805753969686,2.63477348381818,4.590260491162
-1.03493749678355,0.836563972019489,2.10443613762988
-1.44885939388082,1.64991117804712,3.52234622621996
-1.4732389939372,1.67694664211829,3.68651366943513
-1.31456048995178,1.49603131159844,2.77739693211374
-1.97620210659068,1.23200220049637,3.44475012117421
-1.79769305905454,1.48535946515796,3.88590379858136
-1.58793619250328,1.419633239651,3.22497019202133
-2.14597883231724,1.03603954724802,3.989345131068
-1.56069954510354,0.768790449079397,2.56890217271813
-2.38355361628926,0.406455703144023,3.57056126915831
-1.75035334780566,1.90679828410258,4.38908787067581
-1.98353843023178,0.765621457227997,3.36226962324062
-2.06875483415745,1.20464070045021,3.7856990549025
-1.70173688912653,2.21264713536368,4.48552671649308
-1.57997049684569,2.11370239336005,4.17316180317289
-1.76170095756286,0.77932382011744,3.0088256435824
-1.35062313039648,1.61824105594156,3.33324383100881
-2.49506270472642,0.431200995029587,4.0316204004778
-1.88358453695843,0.952158199587272,3.33759577023268
-2.30512183423283,1.25444985027669,4.15008297866256
-1.1941409496564,1.76000753913886,3.27085261687541
-2.41391116050398,0.381140340828649,3.86458530721036
-0.991078985033878,2.25192875027885,3.89076391547303
-2.40436207579044,0.560045154816064,3.72240384944577
-2.21189314805343,1.60427502049216,4.26128633223231
-2.45641746936644,0.366787274418712,3.92757900676883
-1.19542587600616,2.66574394857664,4.56959987578612
-2.16643058047337,0.632127912118103,3.56879494969633
-2.14434352151592,1.00733946833466,3.74653442504683
-1.06809666509395,0.588489666339567,1.83672361786575
-1.39468192646897,1.16560638172644,2.92007491667737
-2.47015650338863,1.01317996911186,4.00510683938823
-1.08892073418567,1.2798029493357,2.85006787567504
-0.978884487263731,1.9264573751747,3.41717680641065
-1.41419049837337,2.15447119181394,4.07543015757836
-0.867019272946493,1.10770737143084,2.2897235069197
-1.7172741617924,0.946810647005579,3.03937570519982
-1.17792429761126,0.118101070556418,1.91177125140568
-1.95418298290877,0.459041115443976,3.17440781931969
-1.71686482682568,0.254475890921571,2.68768840350265
-1.77543128100022,1.44201194125674,3.75968980230187
-1.64243542270099,1.31249676264095,3.31209763213341
-2.3260258905387,0.635078419463299,3.81295383454735
-1.48768157985342,0.654893661201047,2.48177349898863
-1.17175020633747,0.244646567638469,1.90121354717244
-0.993501559020509,1.27793173841386,2.31832654354402
-1.3618329048655,0.483397093707113,2.28521415141718
-1.76647558412983,1.86825975345756,4.00802790519744
-1.21281938196706,0.430842849473045,2.03534281124187
-1.42263212215939,1.38552871801265,3.14035928951033
-1.85611003417398,0.467334185237285,3.02681068971837
-2.80463358723167,0.669619319968372,4.55983212771737
-1.72941494221164,2.31210927132865,4.56596101187875
-1.25405181802796,1.15414650589621,2.69516342073965
-1.32144106753665,1.77587276508305,3.66014857291279
-2.32915963572216,0.795964393059133,3.89241002848808
-0.999833272656585,2.26612702991827,3.91689270713418
-1.045481542138,0.564026240209176,1.87854740438174
-1.28871362474316,1.72061944755227,3.19063403751495
-1.96075190558016,0.889198628467976,3.28425197854435
-1.32411020514169,0.179369420991141,2.05296809104254
-1.20876049342428,1.27361298668348,2.82031653217861
-2.10989942599062,1.67324445318079,4.23072672928331
-2.05870130052649,1.31954666504354,3.66305940064276
-1.58147479638064,1.66003776530946,3.62572348992396
-2.1390355278108,1.96184410825749,4.58988179350135
-1.34992531187941,1.68974471373983,3.48930761962071
-1.46443297551514,0.570663165511938,2.51586807657404
-2.28488213178644,1.43817187792135,4.34238828804241
-2.44704976656232,0.725252445786667,3.93327830469228
-1.44743251403531,0.662322164990643,2.40194145836459
-1.75125330985232,1.95391212572818,4.14930849110922
-2.46746727387579,0.633165234384084,4.02840515364766
-1.21705531070593,1.1016158761308,2.59594928797192
-0.900978077664153,0.806140648687109,1.8065891386962
-1.5974601306399,1.49126719571217,3.4558553014387
-1.12313762513265,1.89055976314592,3.47822506611526
-1.91660598040125,1.49123936894585,3.84022259995384
-1.52398665203101,0.979979764426123,2.58559053583127
-1.37596493694562,2.31880062442136,3.95332328111904
-1.07448875886257,1.38425115841618,2.77109583799311
-1.06112055970777,2.36063912207611,4.09285423224242
-1.94390669215153,1.14819434019183,3.57023685923708
-1.12030151077196,0.737337465635394,2.2167744807823
-1.55442753949706,0.975207224949168,2.9018415029384
-2.2297648819281,1.62471038438046,4.49073070036535
-2.60031157759978,0.507674459464402,4.11270703416321
-2.50869116027889,0.901817846190628,4.27305669906145
-0.78100571817559,0.752568414451861,1.71513726117744
-2.02795577510607,1.82854653965314,4.31810153766132
-2.47616015454374,0.561372783279321,3.83137112270277
-1.55332893344806,1.9508717954653,3.94353188649221
-1.02732389533489,1.06758543730459,2.34296001436772
-1.54719802786825,0.45560441950427,2.55057313116708
-1.54412488714752,1.5633622433349,3.47485842597171
-1.30713648154201,1.11935778993306,2.72141817355861
-1.16410414356866,0.754783642992748,2.1939736610813
-0.977600954372533,2.03566854297426,3.57112160763623
-1.48190364270111,2.17659022123794,4.09052523795578
-0.849488063348756,0.989751335736773,2.06260919042483
-1.67962400138531,0.460859075363772,2.48075560702942
-2.34537484643686,0.542054765432445,3.80668050949258
-2.0016806272806,0.789232636209896,3.49082092421241
-1.59680923808104,1.01044713095033,2.77830651633444
-2.70160091782928,0.849881371742447,4.47865124498527
-1.82516118444649,1.93347981191472,4.20465695633124
-2.36856977553172,1.26675603066299,4.30185167765858
-1.29064151562249,0.894556144800316,2.41314394621568
-1.77802739844206,0.345195981056857,2.88589924428971
-1.97450283459375,0.414147496482327,3.01416436482928
-1.40583616990876,1.15110113298386,3.12482224855935
-1.2659192201429,1.41636004367743,3.00403829213848
-1.28225206459434,0.815300564483453,2.40289967193497
-1.54711240484941,0.310961461387774,2.18377677171797
-1.92606411211108,0.628074856101243,3.13579714902966
-2.56174139279869,0.733441010424997,4.21383506045501
-0.888182002176047,1.40115731830034,2.62341668019647
-0.929025554182976,1.8682221595815,3.29948282195052
-1.32478696663511,2.09588098852348,3.77606673210694
-0.972603411130958,0.773362439596673,1.80547683997366
-1.24248622993985,1.33945773970826,2.80540933437096
-2.43065442586246,0.330440928477136,3.87912951007855
-1.13468351609872,0.352304001876167,1.99595360119505
-2.06154831749997,1.05707807676944,3.66366919039835
-2.41434239106343,1.31641494490028,4.00928550976747
-1.47762623382689,1.64005025005512,3.49091343551893
-1.0009380495355,0.776299140064564,1.84616875035342
-1.59900550710519,1.59401535722072,3.57044001657575
-1.3095727317949,1.35496824767294,2.97992187030451
-1.21989885835889,1.9889440411898,3.50984706518779
-2.28606017654734,0.486553190750472,3.68821319045302
-1.25209562522095,1.4843738691403,3.20546403584837
-1.23767845453897,1.75684005890433,3.39842090108867
-1.6014270854007,1.27518383988855,3.22998602686657
-1.03366737586873,2.37372430727061,3.9070066362523
-1.64699584445888,0.647680633509211,2.75863975330138
-1.51357743485324,0.760193674377508,2.67846161398692
-0.993468696320786,0.609688851174918,1.72024853639143
-1.96399948474578,1.56642333380448,3.69442075663043
-0.936481761880946,0.740918541563313,1.8883734103167
-2.51652892888942,0.710703443956763,4.13522883920129
-1.71413913329161,2.00220599824306,4.16808229105707
-1.13931866106016,1.63113239690187,3.12510640794754
-1.75941576562504,2.01133867728957,4.22585696690081
-1.52786543189865,1.4963513848258,3.09030542508146
-1.3090243661314,0.0989113432934917,2.06417416436613
-1.26284656504972,1.37883878415169,2.95677847490909
-1.08287760385209,0.102074525291622,1.78787416933919
-1.18460579201064,2.68833172224195,4.48657836589631
-1.38903950562112,1.20515337413143,2.79047688561423
-1.25183667201892,2.59595015274517,4.55755356630434
-1.34738375037926,1.57885622145719,3.24167818785781
-1.82972873921473,1.53234561870597,3.92360025783087
-1.2785383665914,1.19223949469714,2.90385601377286
-1.07586117548519,2.26621168401253,3.96707093668426
-1.39804730532932,1.38019258122886,2.91151970717607
-1.58993006182361,1.001823297165,2.97177380241056
-1.10262440633806,1.29234944508862,2.68644948289202
-1.33443508976987,0.914913173273267,2.55859345241313
-1.51087610417365,0.614657684246494,2.57940905270443
-1.01811818638331,2.27546961161841,4.06782936433216
-1.27455553170615,0.800249756985653,2.35591431289751
-0.831110208128922,0.865574491331314,1.89762405027318
-1.18478741259013,0.258196338702664,1.79963733513189
-1.78701382961391,2.25493754212424,4.58513352677051
-1.35782280927618,2.16639779912654,4.27832854213604
-2.22295606833975,1.08491765355233,3.57867182890288
-1.22051619695172,1.07525585220219,2.36803679481792
-1.47267665250469,1.30988405482827,2.65447158562783
-1.08557925548431,0.970656769277398,2.05295159517832
-1.41986504897704,1.38531025394656,3.13698475689933
-1.38459039695974,0.843958108165705,2.56424274854054
-0.881029810983925,0.978746792219533,2.08247063363649
-1.28315129510571,0.163790684787697,1.92430002993379
-1.88202407913379,0.83020655980775,3.25288854940976
-1.06240177273919,0.67623049806639,2.00802598499222
-0.820031382307575,1.02186396326614,2.07193568744914
-1.97240816886161,0.334191967527756,3.05459719006453
-1.75756309612302,1.46720937464985,3.62052735553559
-1.34950389757971,0.332380016899118,2.19784589385411
-1.55821113393631,0.240934622658075,2.18028034103811
-1.05459883637068,1.47433023222274,2.86653261765083
-1.3323125235947,1.71732326427893,3.41164335632352
-1.7636119212287,0.874016039460854,3.19400737940832
-1.21623209310474,1.44616716029199,2.98817664169354
-1.99550876439569,1.618068682001,4.19367159068075
-1.17086168825839,0.255452064424859,1.89512477257214
-1.00666650439198,0.477045510814089,1.76161731938262
-1.80657048755073,0.702996612970956,3.06554100183154
-1.58282899145987,1.26555618595801,3.03244310273749
-1.82261637878642,0.772225269856011,3.01865525457349
-0.841972364809307,0.862760013211922,2.03023737545315
-1.35253177972318,0.595408515350128,2.33693269415967
-1.24306381760168,1.54441751426384,3.21106375772422
-1.59678487880564,0.261081242157578,2.39483786695766
-2.31344147868864,1.74987919681403,4.58709774886604
-1.808579905487,2.34220445125968,4.57419845687053
-1.14816887330995,1.79853400738363,3.37430283438855
-1.22789249150106,0.526243767528675,2.11257084311062
-1.62118174723958,2.22479932131559,4.06506531814051
-1.30439008741045,1.98185449792831,3.75195006226326
-1.7153517077579,0.253467331108451,2.74206567498537
-1.50736406337444,1.20953332738155,2.97870858840751
-1.93175790446208,0.171025196233533,2.7641240244224
-1.31402147694262,0.780141329112161,2.29723896826059
-1.29023340658154,0.570535733510769,2.23092135580672
-1.01204240510039,2.0253452151906,3.58042411558377
-2.0222421479018,1.14909597536343,3.67814176137524
-1.33539358915106,0.325780865930857,2.1736892945449
-2.00139044974316,1.60620801729273,4.09755415829375
-2.75733539608933,0.382014382272588,4.40202613174501
-1.70112094029894,0.857559641562928,2.99312599954088
-1.15783621697331,0.304554090460614,1.77667080754431
-1.89980250695322,0.436014426226289,2.95312462176228
-2.76168388099378,0.725627602165259,4.45714519115992
-1.01453181153067,0.470504280669597,1.60808882559184
-1.05523811989952,1.39505397422425,2.82897807646064
-2.04771571892318,0.528580166473338,3.16408242277846
-2.02471847973101,1.9487182478887,4.26172845021518
-0.843149515840679,0.828255790362261,1.869039470182
-1.78186594814654,2.0348951097419,4.44031997824359
-1.0416907462843,1.16710411729054,2.57040362055918
-1.34406405764929,0.721528693648101,2.32099373009012
-2.58455139759772,0.789757194677296,4.31246883647205
-1.65317379024435,0.987844530943236,3.04545617200334
-2.28985319711598,1.68590491555438,4.29929051572434
-1.41112839063303,1.38259282289374,2.85789510720077
-2.39942570777363,1.60369449288279,4.56386682102433
-1.68058897405205,0.57282714492984,2.79678369371845
-1.23450438320506,1.22029644569997,2.65656569264538
-1.87650137927936,1.5092816522775,3.97653953564409
-2.31276260515132,0.528006201811053,3.48892302352744
-1.41553810794044,1.04150771892162,2.74614109201393
-1.64897447936724,1.13864285066987,3.09862658835867
-1.46169286983678,1.87211039653516,3.82717999490949
-1.68905843873225,1.45980243513432,3.40319038665567
-2.70006835906629,0.639655977020127,4.38799909643312
-0.972865362254036,0.37404321551787,1.64825500001147
-1.63926861954241,0.922495587881701,2.97457979809167
-0.987977962722278,0.775636209259753,1.98631587957501
-0.973450892358847,1.46613619748419,2.7830205469505
-1.1126502867125,0.791761782290136,2.15953174760387
-1.61590746030722,1.643571082971,3.58197346507084
-0.84842869742951,1.04061762812149,2.12323539553058
-0.915092347173279,1.82480745539864,3.22821671843145
-1.78264710453565,2.42958067507275,4.5124107482178
-2.12789245256698,0.836684989309863,3.7476304595379
-1.01993444055757,1.10165904522164,2.41803171618834
-2.15451000639249,0.436354935840447,3.40981144901742
-1.48143296782955,1.3890987602701,3.21148845409207
-1.44008037229908,1.42415044931076,3.10816753628228
-1.05200988474632,1.21030973170762,2.53591097350437
-1.28562799442371,1.42418210392326,3.03406769328309
-1.58817020728006,1.82003169848448,3.79310293868842
-1.12000811752753,1.06107568497289,2.43977783663789
-1.85211949317945,1.18477541546998,3.61993293333007
-1.55423343726937,2.30930222453617,4.35034701134038
-1.73362321801402,1.53269054368886,3.85640264499857
-1.50264535648471,2.1314450166129,3.93168480700765
-1.23574764244053,0.732468912993557,2.49231264770607
-2.61991745073188,1.45640746619553,4.40588472200809
-1.70453849496927,0.278421346896229,2.73123387278842
-2.04217938693663,2.09069957343221,4.547105247684
-1.89576018072199,1.08416189935005,3.45837383718169
-2.38062510546179,0.756941770320298,3.97125499305443
-1.86075318894556,2.11825570931602,4.32844231977929
-2.14547898377199,0.492713996517938,3.48112251490205
-1.4495954310907,1.17312277221553,2.95299352095199
-1.20167664497525,1.18209382284543,2.45012293769445
-2.44047759276799,0.465567831395664,3.93142355688486
-2.20682043113047,1.70645045270908,4.41144521889211
-1.12691602276679,2.12092094613553,3.79801185445618
-1.95733374658584,0.361737033634096,3.31900833100689
-1.43283241707933,1.69060566203254,3.17258577679316
-1.61405787127414,1.38440574361311,3.53584460617824
-0.924834644968356,0.807524633271641,1.77157447675345
-1.31111287565679,0.552316145859895,2.24981716998456
-1.68781249163975,0.818380600232498,2.81407239723926
-1.29611666001422,0.974383436322515,2.56135630944447
-1.86123692937493,0.741738758819367,3.05246618687431
-1.33754861168394,0.972419452376525,2.61507534538357
-1.90575861669253,1.96478355996681,4.32854315613425
-1.02955556080401,1.04763808062948,2.20956591564159
-2.68338721352385,0.235232113237561,4.01604527313314
-1.58830270258392,1.36601649822903,3.09130983997173
-1.26084174404888,1.46221203928114,3.05323291824856
-1.92257776853637,1.36115049459978,3.55722416620943
-1.83898223202482,0.522080000477875,3.1472283089911
-2.13440565270344,0.348060505365195,3.41987641199005
-1.31147712054469,0.874940655367912,2.27138195964446
-2.20315878328635,0.187241242928497,3.53103069123074
-0.860080488711087,0.465773172674069,1.54674422230001
-0.901584038524279,1.51813964801114,2.9140857761158
-0.928652292095324,1.87631372084282,3.31068319453055
-1.17288644595959,1.00132401302084,2.50550611958845
-1.00979349345026,0.437480067590568,1.74028101286536
-1.03679912978865,1.92726266713564,3.46074972722641
-1.77639079557187,1.28773082662253,3.5980084736197
-1.09976641156027,1.4718977514071,2.80977610164443
-1.23690227808059,2.47383932454424,4.30834972871512
-1.11986383326841,2.60613830908309,4.61132716476776
-1.53849191692596,0.753193899036698,2.3612997146509
-1.79184819671558,0.492580068776429,2.91114540890358
-1.78033860284818,0.165779990737275,2.82995040203004
-2.86632437080457,0.385608930369477,4.52326392533628
-1.61129176128694,0.208720703184718,2.39610088418325
-0.930328160157793,0.664064783405614,1.7397302408556
-2.62608144535129,0.803813938890469,4.34299996711696
-0.889702153498206,0.999474207101674,2.01031981297286
-1.55452190839479,1.04575556653274,3.0203052735421
-2.47574719264981,1.08220589689677,4.11118438510929
-1.5248786243999,1.99342661108372,3.86848789240197
-1.21888523490112,2.08998450712452,3.91414372039974
-0.916389481837441,0.684126229161135,1.80844310428711
-2.45551205196287,0.772671954810561,3.93998176884449
-1.75614119744697,0.831076805233433,3.07239362852322
-1.21948593398575,0.265685454039358,1.82050556581039
-1.84593581080325,0.430093240053762,2.63571292416297
-0.947648028856236,1.22157005041096,2.78496865522139
-1.15959816110351,2.12818099366018,3.80060323977953
-2.40153395784723,0.816361113786361,4.01114716155517
-1.07843580562989,0.394858615932842,1.83102226409567
-0.950001516981105,0.614849452885114,1.78949912418711
-1.94892909554416,0.78443038788294,3.32226044855277
-2.16123368159168,1.02327795440976,3.7814435499984
-0.757226427354025,0.529145677954123,1.59068986979611
-1.18074880913288,0.806373528146011,2.11230485955458
