2.01201014604162,2.98162301040231,-2.25262137245391
2.78318809827696,3.04189178579169,-3.31454499559774
3.19521762897157,4.61108290533125,-4.27659135093864
2.84805722415074,3.69133611585458,-3.97685405239677
2.24348360821855,3.01342418061897,-3.1084111122705
2.82184366339854,3.18705007735943,-3.72235160765056
3.00410675522404,3.33032652426927,-3.83359966651924
2.07935222323063,3.05703729709612,-2.80801797482362
2.18958028336043,3.95526580804684,-3.99837760298391
2.84434628366583,2.878715263938,-3.08378081909547
2.47401216371849,3.87495322658277,-3.95095422164665
3.55349327157565,4.38095497392254,-4.23036702748222
2.19454821520214,3.16686210149268,-3.20024524315454
1.921709280497,3.30836209489452,-3.05137185532148
2.47224897380987,2.70195620478559,-2.70440913162241
4.02381251489262,3.59549586016423,-3.78507345167348
2.82775933845427,2.96001091424257,-3.28469607703049
2.36343571795005,2.82554632185429,-2.58695408088317
1.90532860531906,3.22126485095947,-2.86765947133897
2.11852462809023,3.75511699749128,-3.68418711539138
1.88935085373335,3.30946921581315,-3.29616256133708
3.06687199692157,3.64324449411774,-3.98342033887674
2.43456027357907,3.31532410110157,-3.5594715276884
2.17642643845794,2.90322449623487,-2.48647478455559
2.50528640020407,2.80580047910133,-2.73890706605597
3.34368106399334,3.04113873562849,-3.63784334742861
2.212093043039,3.19298765049499,-3.15434991124076
2.00135872360864,2.98917890213453,-2.25140192691162
2.79877823320198,2.91991014726236,-3.1925389045722
2.00954450771704,2.95632015297451,-2.37190147328336
2.95747206425135,2.88025439508663,-3.19471370746368
2.33433811905408,3.0394477668017,-3.49021945558402
4.23369201887421,3.64952944336643,-3.74355054375851
2.13805414289932,2.86686885718163,-2.37855499321109
2.92305400461782,3.72081035926723,-4.01219344397304
2.09454482609354,3.01424835345783,-2.71896480892935
2.738939604742,3.5566560238337,-3.86630127941907
1.90363676404986,3.00056583405583,-2.56986301732865
1.87149979632562,3.47481253047523,-3.35349358060467
1.8599026912183,3.13493184809572,-2.61913965279939
2.25707972007069,3.01677913974298,-3.33954217408962
3.40450232800821,3.4394134157928,-3.84917080679069
3.97743942095057,4.05472462956801,-4.03679165816144
3.69755482512419,3.62420506887804,-3.88394742914515
1.95040450267037,3.22308190101178,-2.72904788602773
3.51485698184233,4.2637097053584,-4.21381138071229
2.56856742277491,4.15526002727614,-4.11915348636808
2.39997795646387,2.84849077047501,-2.99829888941056
2.2134602724587,2.88966322868213,-2.5268111256692
3.91468732742074,3.68972204411557,-4.01417108217624
2.05887335898008,3.70742501234184,-3.62971204985274
2.07150705290229,2.88097666410643,-2.48180255257871
3.56345323026262,3.75409794599136,-4.02435561361848
2.29838510584635,3.69241879488848,-3.76322596368308
2.11955824014966,3.32008492746828,-3.30376530898137
2.5096023220451,2.79941161514086,-3.03759000982496
2.07485566262402,2.982257716354,-2.55839607542134
2.45988131155483,4.10179617892817,-4.06127117886286
2.59432246993924,3.54820349741687,-3.81108716196786
3.19904847403862,4.16291209255087,-4.16178205644811
2.69562429411948,3.20171118935455,-3.54696604093882
2.07827830405004,2.78710838312527,-2.64834088159288
3.76583373099326,3.50285439062386,-3.82205964436449
2.60392000525724,3.25883819308799,-3.56796029601853
3.53547934713016,3.1832210837171,-3.75116021938325
2.13528537731261,3.32393211775934,-3.36413776590935
2.28099976291947,2.8985105260857,-2.67918334185342
2.5793429893379,4.0536978009018,-4.06365516250032
2.16607614478272,3.03111229800859,-2.88587847929219
2.30872295299005,2.86717364167201,-2.95320534818931
2.72276447477551,2.78930086822999,-2.89726836995184
2.00767361981369,3.29572018376671,-3.14874222804886
2.10417122579662,2.92912619018336,-2.36363220786189
2.19725029749044,4.04868847130117,-3.8824549783443
3.56358731670043,3.3404861904168,-3.59339838351397
2.03749555986639,3.14100868050071,-3.11621538353311
2.59070735508404,3.86628203508725,-3.99876757022986
2.45397873502889,3.07482367529271,-3.33012931023408
2.23866758243215,2.79429316561139,-2.91436368781133
3.89181159511037,3.90168002877787,-4.00854628124242
2.7373401180193,4.23187124913479,-4.29418734307975
2.34780992020738,4.09078746114754,-3.97981978876943
2.45631941145344,4.13291593793882,-4.04250451511028
3.07447109535427,3.97178124337856,-4.1516702489605
3.07560170415403,3.15281178074511,-3.77101403588644
2.1508606356854,2.90616403356749,-2.41049144802846
2.75938377115192,3.99977249454129,-4.09800753982677
2.10040649029446,3.03073310074195,-2.96068899776515
3.09821451845847,3.82003561703384,-3.91953970901714
2.48620567606957,2.85001728255469,-2.84718913700052
2.41819330479511,3.69163598773967,-3.82727894696109
2.63899097848733,4.53715597749818,-4.29980844667705
2.32267798626736,4.03144634530824,-3.94589108638129
2.44140033847511,2.91819403226806,-2.91478748267735
3.06835059711573,3.90669668112577,-4.10188123347067
2.0850670953187,2.88770284462257,-2.4636379925297
3.04233452910311,4.71295010791472,-4.27006616086543
2.55503200607703,4.35564334496196,-4.13383249768185
2.87941783092624,2.97034093925814,-3.3179260017617
2.76984026782635,4.08517225668487,-4.1088586397733
2.4796039401955,2.89524274225157,-2.95217979086677
2.36905912564836,2.91528006385984,-2.75611262410675
3.37740159214947,3.06620805856727,-3.41957338010193
2.11272608390669,2.9978103351498,-2.91002516293099
4.01602799658831,3.85586978788479,-3.93891232228831
3.13601333492514,3.04573561785994,-3.58036453959944
3.98892460056703,3.40880410490423,-3.87268066369378
2.03560123399006,2.87908132056387,-2.25447997484523
1.95565390387568,3.02364896993863,-2.639801033016
2.38717388499313,2.82993010538306,-2.6492683497678
2.01449419694471,2.97908344099702,-2.23760488803187
2.28630494956184,3.06346662022794,-3.34273164208188
3.35019689300366,3.07001810570987,-3.49996299901494
3.37986636830668,4.42215189922606,-4.429948160182
3.12257329515816,3.6194909691973,-3.97384319721202
3.58625743162693,4.14999111872994,-4.17488993323691
2.62090210480556,2.97926353654582,-3.31327143047481
2.16773283429287,2.89357473277841,-2.39201995032068
1.92490668137605,3.15209613038469,-2.30504742388807
2.48144348782971,3.25965313877954,-3.50751677442448
2.74112225760674,4.70151469236263,-4.23920826758487
2.7727020689059,3.77604980556843,-3.98176540855016
2.17794143652175,3.17945006803319,-3.17294046215576
2.33390674481711,3.13380665556024,-3.35686558990094
2.16089080572084,3.08246047122604,-3.06504178608745
2.19393060662804,2.91754488145522,-2.60061193782097
2.90551409617828,4.58205023395503,-4.34533497337003
2.2495222268172,2.89630846968709,-2.64018127869616
3.37120758075692,3.42833505164047,-3.84368742727007
2.93561177409743,3.5727129181716,-3.9441680184866
2.49743927647972,4.1125005641364,-4.17092580393854
2.05793212452959,2.96062311367349,-2.37283183545216
3.63535101415108,3.53515156135528,-3.94934394162192
2.41017681865456,2.85042330880389,-2.89867512583375
2.163250446708,3.44555338529962,-3.42276852536946
3.65664270176061,3.56822043666077,-3.8220227013585
3.42414998493678,4.06453032825567,-4.17052134733589
3.06086196410071,3.02420787119233,-3.41060760079161
2.41259562734396,3.34904476673548,-3.70104924516116
2.29142288113312,3.17246779022499,-3.4109264064435
2.07515753398256,2.97200574491373,-2.51253030057125
3.05248470818238,3.61337943741526,-3.9642041498076
2.31526598215619,3.56800031713011,-3.6876487017746
2.29912266661407,3.02087262040888,-2.92839326759164
2.47541251850933,2.92654715916389,-3.17290788695379
3.34804128286818,3.49727669315811,-3.89547509003689
2.04923470956195,2.8762218793329,-2.43814337654342
2.80803553131329,4.11203339139792,-4.08687021876707
3.33425665882657,3.62161697222272,-4.08556908718477
2.50947129536759,2.81993662947191,-3.12807745357284
2.82973607381786,2.85962149153887,-3.1121089962887
3.22238803376981,3.89563150996112,-4.1795475300904
2.52130095660171,3.37170817394014,-3.76441694149836
3.35177833504025,3.36682415066338,-3.95785616554761
1.94703281032625,3.05448316729927,-2.29801625096922
3.01003647741527,4.0658075441771,-4.16590742432819
2.45649916891666,3.85897358397397,-4.10203250126722
2.82929080932854,3.13787275161714,-3.43158825766038
2.53040401036847,3.79368683039863,-3.93443572278595
3.41491289093328,4.48848253128819,-4.26065368280093
3.29621241170146,3.49626827494825,-3.89717241659378
3.20315843452268,3.0627803897869,-3.49775366597491
3.89341716590844,3.47995598926198,-3.89181008467853
2.74533764107989,3.50336558345533,-3.83102789798353
3.4602469169241,3.54854991733075,-3.91981683188332
2.22268141334108,4.12929488593113,-4.05054447611024
1.94776605370515,3.05568410969366,-2.10792963268464
3.01284682954045,3.22486420578764,-3.62617957622838
1.8671946581482,2.98425635773779,-2.44229079381917
3.40644167066954,3.43032556365928,-3.84212254878461
2.35898258285228,2.88524696660725,-2.91764185253791
2.89001228476889,2.77481617287581,-3.12381318579665
2.64419772180305,2.83394292494235,-2.95054749918092
3.15662680221618,4.61413666156192,-4.27553878930074
3.15806447054116,3.41322573005834,-3.92987481332171
2.03489583988968,2.91714207160144,-2.31187153659641
3.66591928484693,3.43529532528829,-3.80002367414929
3.24852118239672,3.03753219840337,-3.54098899554799
2.51100463220849,2.84392246253049,-2.85733144587155
2.42508380968397,3.2362992690503,-3.39760029522996
3.29066563887645,3.58026827685716,-3.95298850108368
3.34735153515935,4.1339085217993,-4.12493422206753
2.65102401112057,4.59167173249325,-4.26018830467408
2.90404949424358,3.37747077045343,-4.0002046107465
2.27473564958633,3.56351912844488,-3.71748880840442
2.80081684204136,2.928709552359,-3.1928244334562
2.77613209752387,3.80282938589366,-4.12085236116663
1.96280868674021,2.94902480740281,-2.18209954002902
2.01900733537126,2.9797185575169,-2.2969806507461
2.82835183331417,2.91624453327852,-3.23627668561799
2.7473765024767,4.21552945226495,-4.16094301145097
2.33995167502761,3.6211070508268,-3.74016226067651
2.04892041639802,3.0155614638741,-2.61936315987291
2.40181730232648,3.22398490623359,-3.41873385834781
3.08109865153935,4.17307611036069,-4.20401586957358
1.99698427558743,3.05112841974642,-2.61145973794359
2.14542306197648,2.8805154471435,-2.54878098587046
3.24520325923442,4.10640105969514,-4.17296945969014
2.00588962448331,3.03762585383828,-2.58559392869056
3.79064133178916,3.74502784693224,-3.89439190231845
2.48259444802977,2.91568403073956,-3.07803581067747
2.1042932659078,2.9227184091698,-2.29938206263128
2.78954758643826,4.42768335907439,-4.21140744089685
2.53742517382864,3.53069483874325,-3.79637324289965
2.35156746056386,2.96293074267252,-3.13350210247162
2.00038147693137,3.19170948165098,-3.07722015415843
2.16257768765763,2.91066869833916,-2.482155583642
2.3680023592505,3.24125645775942,-3.47861943111088
3.54543459228415,4.29350906036907,-4.21577634366891
2.20379367012368,2.79396229438978,-2.41438394065646
3.84953915886927,3.62711162547863,-4.00976881801079
2.65419421273995,4.72124554997228,-4.17186274209295
2.30914764729638,4.16211419026533,-3.98330476354526
2.13490678491218,2.90437600460974,-2.3087098181193
3.94910386264922,3.50312941033183,-3.8019483373892
1.91196185286092,3.27897977606274,-2.98825202895374
2.9650939422675,4.51635684866276,-4.25238779151858
1.99127609957173,2.89581906923731,-2.30407506500875
2.80996970237797,2.80480764987171,-2.98764618329403
2.03116886521509,3.37785200732501,-3.28229495457409
3.04217571639349,3.3647491184821,-3.80053996306394
2.84914211590305,3.03895097502489,-3.40550425581309
2.99516971576377,2.78653950482043,-3.21940879033511
2.48663304597332,3.65278409784771,-3.88932555808574
2.37474088395166,3.03290758383771,-3.16633899092434
2.19223282178888,2.88257060632845,-2.41599030850481
2.30027445934727,2.93535506843894,-2.8434399095263
3.0301652631565,3.41415906570795,-3.82450335435719
3.40602971790567,3.20360419346868,-3.64306227617097
3.59893776335204,3.6272027556286,-3.9888596398904
2.54815739659251,2.98720343617832,-3.18504630447608
2.21685948002288,2.92611454016711,-2.95425256036467
2.32990719389595,4.01382686110719,-3.90627548355487
2.189750356234,3.38875138396115,-3.6259529129828
2.46316473049868,2.77820681643768,-2.94203220723046
2.3937594590651,2.91020152427259,-3.02591850042329
2.33614375262114,2.91288303577348,-2.83314558950629
2.33121321472736,2.92002980792099,-2.8453550416714
2.38962926963604,4.42776061137678,-4.0804216320788
3.89725003601066,3.6135258660358,-4.13176855657654
2.84822712094006,3.51534399056836,-3.86655193584539
2.73295925221638,4.24725888543292,-4.16491654145742
2.90111420152866,3.84186474968779,-4.31030728550492
2.79779646550346,4.00531516299586,-4.1091509385849
2.20188657499847,3.8235449369071,-3.83612684835836
3.88273126593019,3.87230197345437,-3.99862627768829
2.09870678154784,3.36340430442105,-3.59384237948355
2.59342064926254,4.06343852639605,-4.07180012388278
2.79734008583703,4.83637482652832,-4.22864684905619
2.09165632148003,2.83974447699783,-2.51814961626306
2.20861768006904,3.220438490079,-3.07027307023421
1.99163946994085,2.90705282999871,-2.51162771567763
2.86710780313611,3.39062756294788,-3.77675847116684
1.90916100961614,3.16786069172553,-2.89882938036501
2.61696651284588,2.89096434451005,-3.05529439025334
3.00289364458994,3.20623612815491,-3.60779233846866
3.71514082674522,3.59536147051457,-3.9836734963967
2.39687941687325,3.4974044802141,-3.63159566843129
2.06585903971834,2.97876683604685,-2.51488535903731
2.53325307204364,2.9846452232686,-3.41086256223418
2.44760428526026,2.985097356366,-3.26099292267336
2.37288599295468,3.63756352808075,-3.68050977516362
3.17148093307723,3.79647819248183,-4.1580910038835
2.06165138463111,3.25886007477018,-3.16106394772542
2.97839857193974,3.22621490089974,-3.79331571171837
2.41673412135349,3.15799711274179,-3.4779652182087
2.57251782320395,3.79157320649226,-4.17507421723856
2.25579520716722,3.22055423877914,-3.46508342310298
1.99392431453366,3.00178822244107,-2.33985438949516
2.66071091776344,3.34120574689948,-3.67154145528134
2.3291430827559,3.22354253364885,-3.36485734673452
3.82154341671534,3.37398397865885,-3.83147668579473
3.33966436281128,3.77094057989277,-4.05082974826074
2.95791938186246,3.38296412922957,-3.94613531328573
2.75310319199925,3.07088968325955,-3.40028009113797
3.19101078260822,3.23682721633254,-3.62152380800139
2.50116748086896,4.10835495013856,-4.18589777846406
2.23297266195607,3.81108678039469,-3.7940029116856
3.07197560094988,3.03859003184575,-3.30253287075449
2.45728905435868,2.92750444306257,-2.89462798781771
2.25648286437455,2.78764992754754,-2.50705916291476
2.00520432574723,2.92153997337367,-2.16045586166066
3.16434359065084,4.40205509645899,-4.25548288081135
3.78507448420894,3.41113077096633,-3.74511685457287
2.03666928488488,2.93068553676573,-2.75736858577575
2.5737326654379,3.4029731248288,-3.6901459394237
2.57631957950311,3.20070596511321,-3.67962441326419
2.03565153247837,3.09767424395539,-2.19329193267269
2.04637414686774,2.93012709299502,-2.58978970515361
2.06663861388368,3.47044447298919,-3.41746018522409
3.33511747669592,3.32311815451666,-3.84714388686084
2.52198321958492,4.09358809331716,-4.05618779058629
3.30993978911107,3.03158604518818,-3.45439125855283
3.21749012926277,3.13124420809687,-3.62283917482023
1.9829179077702,3.01744281124207,-2.65790796597978
2.35011088243031,3.93446244720513,-3.92015796992631
2.64723206333448,4.26000605881991,-4.12381206017543
2.53814414311327,2.8656209999487,-2.97551450412667
2.99736938857209,3.54178821468193,-3.91200081597933
3.53350218823648,4.13635964323293,-4.17937260898033
2.15474164780995,2.94809729601347,-2.62785644541665
2.44421921183962,4.29327740310633,-4.23391881582683
2.0852999593032,3.14560704217666,-2.92609798060405
2.18073809074732,3.01083341559155,-3.08599499699218
2.67597572143391,3.78867221534956,-4.17486090338115
2.96864440315013,4.03768098309996,-4.15144506621608
1.97853087287854,3.37799503716896,-3.22313115972204
3.03021934096568,3.22903238987212,-3.68755091795513
2.31042497382647,3.73519406260661,-3.79642448264488
1.99597346394791,3.67314814306055,-3.62435067072243
2.40778917504838,3.16135855499395,-3.20742623153303
3.44831802166112,3.41052670625651,-3.98698316239906
2.62809009669989,3.21195729364455,-3.32749781920274
2.70074220770929,4.5749418481026,-4.20494430147615
3.88664187333669,3.39299964223836,-3.69129933898812
1.92028615583058,2.95808785811493,-2.51547970727278
2.4892865780359,3.78603797360192,-3.99455256636013
2.16521209329116,2.8740092650477,-2.81477926224932
2.05657662396015,4.26734329559145,-4.11155251983846
2.09554256976587,2.92921337548637,-2.31012331543937
2.48926542722216,3.64356536862519,-3.90263156384698
3.15423568518029,3.5197397055363,-3.91198975743177
2.31131664892458,4.2342814444768,-4.11209233120328
2.2154719153557,3.71838468743931,-3.73336222847625
3.76843078360909,3.44801090229822,-3.78006079960955
3.59679177100903,3.73527720123588,-4.16627366256667
2.56786909135743,3.78138961919842,-3.92225378978734
2.75826251109427,3.24304561669962,-3.66365447962606
2.97948511072496,3.13750383429645,-3.55822330967156
2.9735542544975,4.50021413150668,-4.13270552445328
2.38515853768203,3.18609914344275,-3.32595807118691
2.28450528273978,3.50765631435482,-3.62110242114316
4.11877464722982,3.81671576968199,-3.97995739547119
2.11755913385825,3.46968747579959,-3.46230473210336
3.03492328460697,3.74738442647619,-3.81302129958787
2.33615606726659,2.7449834404225,-2.82465672467267
2.16855967198031,3.5679635217448,-3.58870134461593
3.1165268188842,3.02112108377174,-3.43648582407727
2.37495373426928,4.49065687860717,-4.2337573480265
3.60130594681036,3.45249277623184,-3.82843334335903
3.50434234174093,3.80633173318243,-4.05230569548229
2.01164452451117,2.97917618166784,-2.15009212836543
3.02591447352215,4.1039649493195,-4.20869011709234
2.02028694381977,2.85780454281555,-2.70729171725905
2.29274400358994,2.87566221538951,-3.09013070918456
2.27694369524126,3.02266565697535,-3.11870324600937
1.99268416147303,3.07829489426159,-2.97914405072507
3.17724955083137,3.63050927794298,-3.98315251272231
2.84338376778304,4.3265357475559,-4.26435111390965
2.77279209848534,3.26524996342922,-3.64025537810797
1.8487430120634,3.47800782646908,-3.44498521024356
3.31330142898597,3.0333058889803,-3.43887518929527
2.7625085802061,3.0125576945233,-3.51862215828463
3.65815479773098,3.7010525698516,-4.02686301719482
3.16928224293646,3.46373461624893,-3.8733827291482
2.07993658618953,3.0740875600377,-2.82126594710087
2.34596623376031,3.66783663218593,-3.81270622873217
2.25461422512557,2.91464265331325,-2.71336077364339
3.84823852245396,3.51797735885013,-3.80489678517518
2.05565821070125,3.09309130129839,-2.99736863790538
2.49685140702588,2.89357514216444,-3.28375350251604
2.54914564682845,2.95243014800999,-3.35246810556612
4.15678301479707,3.64042866355786,-3.74545415737105
3.29313566535423,4.56992053735595,-4.27413651224425
2.10867343782164,3.40079438701079,-3.38510789129589
2.17937100006904,3.2684413377387,-3.21511540639934
3.35014886806812,3.90110221085486,-4.11610648338195
2.42819817571316,2.89060147413742,-3.30719282181579
2.67409114623774,3.03290569523815,-3.06305897282119
2.98342160677281,4.3733773342518,-4.30666730122132
1.99799485726762,3.04039382670196,-2.64060485078105
2.02624631442302,2.89113438416718,-2.26397548708739
2.77229829561845,2.96167618832591,-3.26542551284228
2.85526944432577,4.09088104630315,-4.14995114180489
3.97662866775796,4.00993989063442,-4.02089441339025
3.31501988071324,3.20752094346169,-3.75720185096957
3.91069383921791,3.79163856265412,-3.98915283905232
2.05543256207596,2.82470299863287,-2.21527003747485
3.16467906722356,4.47415104500143,-4.26482923524043
4.13106321026307,3.80119814544154,-3.85427894977172
2.46475783693323,3.11211928371323,-3.31840785275215
1.95993501965467,2.92801035314298,-2.41108510965379
3.2175564083081,3.59287826897233,-3.92731705422813
2.17538158315453,3.49516817256017,-3.75841781525691
1.95693719979249,3.02657225511671,-2.31398801894778
2.08067461984593,3.26584684355284,-3.24559907776482
2.87676718467728,3.28771848869328,-3.68955664123479
2.95150345627986,3.2046710347818,-3.62485870805184
2.90496124073657,2.86727108003211,-3.15533403014173
2.65647004941601,2.79236382262236,-2.85463554773222
2.95753659094798,2.83907639695264,-3.32591991302692
3.0888735855633,3.70038273883033,-4.0336061495088
2.50816851286337,2.85954124773093,-3.37443611301536
2.45090492949467,3.02896214960006,-3.00770601402342
2.35799732092039,3.85737360191354,-3.99065911793663
2.09436483115991,3.04046339966783,-2.82022369675965
2.58077850897005,4.52970391518523,-4.16591170380001
3.03482817199638,3.17431083056838,-3.60740714789754
3.33012343202778,4.09565802200901,-4.18652748058138
2.49794185872524,2.92556850842056,-3.03386092077323
2.82164749136942,3.46549754115302,-3.8586297838186
3.62225886550731,3.11427611603062,-3.61288976928686
3.58485588942155,3.35365229163115,-3.94600833031784
2.54236874815646,3.18481164774713,-3.45705879957101
1.94391001444051,2.87218025302476,-2.28258407098035
2.63643157939456,2.81112160986093,-2.93022840582888
2.15740624698348,3.80260296766671,-3.7401783111167
3.01641010222227,4.12900006114008,-4.19708717734095
2.83161999384356,3.66727030757563,-3.95951868186283
3.44794526302303,3.05681845900562,-3.58011547279697
1.95294165898855,3.17090217233604,-3.06147058353751
3.37560463794384,4.46861887346711,-4.26133533383919
2.01288295514654,2.80082654279071,-2.46494837055916
3.3024284571117,4.17220838083307,-4.20915647367162
2.00860348597643,2.8576518030711,-2.26472517128131
3.99585535245991,3.97810880658853,-4.01812589052131
2.36218215832769,2.94119286932782,-2.83029412342506
3.61121582936763,4.12157849581879,-4.20319565859463
2.6192631154317,4.00061262912017,-4.05806932875154
3.15164423769671,3.47696359863719,-3.94565580761095
2.02150763218734,3.32533139386068,-3.3265215018306
2.05669439554896,3.26369955175075,-3.12981859167923
2.13723936668193,3.03107882655765,-3.13713109095077
2.96553871373219,4.19958840098254,-4.17953335388467
2.55258068940202,3.41854179515062,-3.76006026210832
2.39557826542027,4.40836196874053,-4.02922830388714
3.13504737934252,4.59546410531982,-4.3350198095853
3.208095631679,3.09798005302643,-3.53725808433098
2.09192240998694,3.74546343024887,-3.65193346652342
2.3755850925874,3.41201454725657,-3.71090518027092
2.11049788632427,2.92901052380043,-2.39481001240089
3.27009431170985,4.14309222066141,-4.20200899499743
3.53518974842575,3.37649092166429,-3.78181085289842
2.18049077047192,2.85146959403041,-2.37443691737492
2.24518541595792,2.97636388183799,-2.86995761843435
2.09298438614702,2.96000022680031,-2.46298556338779
2.09749266496655,3.92657491197254,-3.80786043410988
3.16625511053292,4.60286853037285,-4.27535992851458
1.97766424173568,2.92974754618262,-2.53823554277317
1.9992698870224,2.97513534939314,-2.83288866899981
2.06916057912266,3.42997931379769,-3.608453617278
2.99055074590379,3.72914422484646,-4.06081055720346
2.01137130332218,3.0325559286063,-2.80656919216825
2.48288524439291,2.87848469949108,-3.02034313783564
2.31808899237036,3.42381662262251,-3.57055887177409
4.04335416250364,3.88074429165832,-3.93858292882893
2.6859958994578,3.74238977088427,-3.96243101686706
2.06832819040966,3.44033736325361,-3.40621400873596
2.82795636095361,3.3064909240662,-3.67999569322341
2.58345062293851,3.01944109230647,-3.25902295200332
2.68691897833837,4.07640796642558,-4.17099910151673
2.96186847104676,4.51930851529134,-4.25223140478232
2.55944136632122,3.07306236474409,-3.32344524712927
2.12615276581069,3.00132334432122,-2.45718613001494
2.52854123782402,3.84077250661652,-3.89127437002878
2.07832565864307,2.9369075884325,-2.26268090804364
3.65059085626738,3.91897462817832,-4.1455624786955
2.41544686412334,4.20330807498326,-4.04528834449752
3.03702951561987,3.06208300756075,-3.616084138674
2.86011732007165,3.65494946568823,-3.95860066566171
3.2989031199411,4.04495702750535,-4.17660951018399
3.00326779780861,3.55467388252368,-3.9344738127976
3.52536756045866,3.24360428976158,-3.66490299204193
2.68388298942896,3.51676465295014,-3.82127334865078
1.96713722156975,3.43382992543946,-3.27649786816984
2.48612940939129,2.72778936115867,-2.59737682161503
2.61042649138281,3.04250749024796,-3.27369985219017
2.01564309141415,3.43051928871003,-3.32574166404423
2.57464122263974,3.31456811716772,-3.69433886188096
2.01324372780817,2.90659387652335,-2.40952928277669
2.22190908647345,2.91728061550191,-2.66050996648528
3.24834478536354,4.10629437292112,-4.19163560898535
2.45749720177785,4.45780383836242,-4.21121429850307
3.28248272079675,3.34443096436179,-3.7811964450807
2.58343492861163,2.81182836159809,-2.84273394698503
1.88235924353452,3.1464681391938,-2.60990449097926
2.63554046262766,2.96297782746802,-3.15670680513677
3.91381162730583,4.05844130443158,-4.12981272824071
1.85999947284099,3.33738348448708,-3.26662873940462
2.25727600800277,3.41637611509777,-3.52194087252236
2.57636283700538,3.21770120248666,-3.51186782453399
3.2624796785817,3.61174987616007,-3.90434135349305
3.38247022446314,3.25140233809109,-3.63604672201672
2.63419812402105,4.42191828645754,-4.18999465218566
3.88929770701669,3.41753384512272,-3.71091049333077
2.59318817540219,4.65741965474847,-4.0840773792395
2.31084940080204,2.95828426863253,-2.91310429967687
3.99937212779672,3.84675225882153,-3.83858723233741
2.16074304092738,2.88415252054608,-2.41760652334999
4.13188358687183,3.7586519231284,-3.83635703414315
2.13812207323681,2.98429898501159,-2.42534349889256
1.9873276926673,3.02653590318503,-2.66056572206304
3.48380851563196,4.23916618194239,-4.298235944451
2.10580802656678,2.96211870112012,-2.46270324739559
2.21366983456965,4.0303399840489,-3.81761926625746
3.10106588036599,3.04110668224691,-3.42688783405992
3.10238537754319,3.71011770814908,-4.0238490469048
2.75583999097641,3.99147585961112,-4.23142774972443
3.0154584036629,3.80374698083833,-4.06274274449905
3.88952067818777,3.72291987189796,-3.92059920894063
2.79295817000881,3.08094847673662,-3.46443702073612
2.81977212340069,3.01803983368021,-3.36720898785468
3.16914344901445,3.52860727783622,-3.91864471567252
2.86697500279231,3.82106906801767,-4.06361480619838
1.99999714059502,3.07834816999132,-2.70778826452785
2.09749410729408,3.02421477100975,-2.9218162536102
3.43485239931367,3.47870842360453,-3.87482277383637
2.34434059975354,2.83696853637983,-2.70973051154663
2.09773445445085,2.92455492247481,-2.26637343542931
2.81668949527947,3.52677082663101,-3.90361795282522
2.33444213190106,2.89095253510089,-2.76931367664901
3.52816004898702,4.20048691268964,-4.26575047294896
2.7378829641879,3.19640964536115,-3.55710820707955
2.73993701295938,2.82949162369118,-2.98903540946874
2.34427962735571,3.7788323810143,-3.84006775010954
3.62413682086009,4.08464616255834,-4.1979172417296
2.74040715387887,2.9820165487728,-3.48524373338521
2.01861434464813,2.9743128597909,-2.1718762652714
2.67541186155087,2.96899542888696,-3.23121503572761
2.12950803034902,3.11992186304623,-3.01801158189385
2.51378994443081,3.27907136329083,-3.43158868303396
2.11077377104326,2.91762924395807,-2.28654057959188
3.26853459336489,3.57846597846481,-3.95232309970504
2.01527358186635,3.49837630234116,-3.39554045006042
2.46921490546986,4.4371888921046,-4.05935055762678
2.06769351804438,3.05861210174247,-2.79090900856583
2.26864757471393,3.05951586457623,-3.22209840808366
3.19025000271118,3.5498096307723,-3.93341024569569
2.21229011682962,3.03274147547648,-2.95312828943613
2.98774990377134,3.01593206645026,-3.410323725607
2.29391755400234,3.07861075652769,-3.1298992070749
2.28853968945288,2.85882049072211,-2.68193194209712
1.9541496802969,3.06617156071183,-2.54166293421929
2.433743141225,2.93209618562201,-2.98389305195104
3.11822538913308,3.16094393094986,-3.64404875739904
2.88433377710005,3.64800803877018,-4.0845736050089
1.92616913805686,3.26091512094706,-3.14580079412412
2.20923325277791,3.23855852759634,-3.33663511929297
1.95989774011643,2.94439180838825,-2.6518657274173
2.25910314780825,3.96909850170261,-3.88640663047924
2.46412960312512,3.80264162491879,-3.91114700771563
2.04129835597562,2.75430218096889,-2.49782401390235
3.22369958152083,3.79461269786086,-4.0897247696651
2.81571066722673,3.65914162053012,-3.95109402328327
2.87334288124885,2.8989170751221,-3.28573423164186
2.00587177016952,3.73062881116735,-3.7027043914293
2.12745367733328,3.00901813810921,-2.90125560423339
4.14775561341199,3.79041682018753,-3.84160546721257
2.101744954411,2.90633153349242,-2.52994410368732
2.90737870479085,2.81192621936594,-3.04665276654551
2.18241820922279,2.94102416645113,-2.66298487541728
3.55962622275909,3.82325022934267,-3.96420653936032
2.51881140538793,2.93622695569533,-3.07205275010479
2.46749852012709,4.4470887882623,-4.12802123731099
2.33413581636745,2.99165506314226,-2.88197955714063
2.02975002744609,2.97173056399435,-2.40674771619795
2.0177095908986,2.9748753723002,-2.15695352900717
3.53147563485218,4.18036339258483,-4.19163411660984
2.10613456681873,2.97869403116274,-2.62669409486407
2.89211091347974,3.95028229787004,-4.10900852288536
2.83501943965227,3.23679549442432,-3.6298157067991
3.19914582250681,3.32007041308002,-3.76037164261739
2.36377781248376,3.90196255974466,-3.97024672446888
3.54567457431525,3.63504217228254,-3.96854143408474
2.09269012887157,3.54647107298724,-3.51045274586214
2.68913953475895,3.91373222279109,-4.04519125329131
2.24508702033791,2.88807623412508,-2.59838060190209
2.31167982088694,2.69680053895021,-2.62268119376731
2.60648259757989,3.92183790849138,-4.02248437877731
3.36506398170332,3.68182714059983,-4.00952389062936
2.58407645953797,3.00241115386395,-3.2328519429163
3.2709838807885,3.20251702348479,-3.82219306164207
2.01014467274626,3.63250336016981,-3.5091325676813
3.20266611016936,3.7931448604628,-4.11449702155486
3.22674661658177,2.78696752855011,-3.20222063875679
2.73489911939541,3.28957726223339,-3.74715203327164
2.81863776479228,4.46734571301758,-4.20725034553946
2.39311404740954,3.36477220094222,-3.56258284535273
1.89427564073891,2.99435850820519,-2.52625017156179
2.78190057542196,3.6092237781705,-4.06422554986027
3.33644519471763,3.47407291795707,-3.87973889873322
2.65007279701341,3.42950366075568,-3.68625240944214
2.45325395972972,3.07546967304728,-3.2581428335351
1.97333082153301,3.15402373430239,-2.84793060419459
2.47647246334002,3.35868677845718,-3.48767056694004
2.99360820737377,3.33628150063131,-3.84141128121589
2.83644704234729,2.93310366813238,-3.47678500901228
2.38815040505815,3.49622148853807,-3.67471159845391
2.8189342757756,4.00621115098514,-4.05115308040243
2.62638607570473,4.52916521194301,-4.09972444892507
3.18112438063129,3.55406342419178,-4.0708189244917
2.99728559799491,4.53588688569727,-4.2580947972697
2.147902402595,2.87502386755243,-2.53741435960429
2.05662582930108,3.0537580463609,-2.75680359780111
1.99655307876006,3.2695415622167,-3.09580993706314
2.09566537243281,2.95481411004778,-2.49433503262125
2.27710070460977,3.33460592814439,-3.55737460702619
2.03105239588738,3.15899474855016,-2.95426136345365
2.29233862504644,2.89502264710939,-2.75744414469331
2.06345240664872,3.83157574907269,-3.75816699740991
2.68304379054687,3.4068696120077,-3.73643997130916
3.2969108350129,3.40773135715199,-3.92601019095969
2.42323390081267,2.93098944664528,-2.93934289818724
2.00833153077854,2.98403130400789,-2.24874013300526
2.5444704843033,3.13740966807676,-3.40052000826408
3.80744236714896,3.35679921401917,-3.6910430489793
2.13703441397364,4.1241247807136,-4.04862361284169
2.19456397735269,3.2891111865382,-3.33622361979488
2.60470283269521,2.83252989033986,-2.91579025451642
2.89861534571031,3.79122247603952,-3.95628700433702
2.23890654325299,2.93831263326594,-2.96934216486759
2.20033945730596,2.84439512345778,-2.44592023064923
4.18460740364536,3.6560199201185,-3.73959921268463
2.2599882765007,3.6788223405165,-3.55008740021476
3.02339938087507,4.22569221541022,-4.20739147672278
2.8481461903209,3.5990113130142,-3.92203806773775
2.16605662674961,2.97453753954628,-2.73870438929897
2.18462832673841,2.97389154638315,-2.76990730402452
2.27906539121161,3.64104780709683,-3.74961321742397
2.05330640872219,2.83596778363961,-2.23285547272005
3.51179760076592,4.31468607630876,-4.21283940208594
3.58830794584194,3.64645146495274,-3.96058896122956
3.93874308190766,3.42229630070834,-3.75675527156108
1.94865994859071,3.11958007887825,-2.71031094218538
1.84951980605006,3.06251856904283,-2.88462798231045
2.4301993111866,3.3802130770949,-3.68736669918657
2.66356732295748,2.9131365797047,-3.29054195930344
2.51389792282288,3.53457644012493,-3.76749288911825
3.30531877704587,3.93986397813761,-4.27612547754809
2.50825895084171,4.90711234757107,-4.1289562286935
2.20683465458918,2.92133402510074,-2.7581310200622
2.60877305912113,4.65397061159712,-4.20401815841746
1.9886424901592,3.54107185818231,-3.5140810521342
3.75362086835259,3.33590589959619,-3.53231368486424
2.01045800841635,2.73999789431238,-2.50548936627225
2.36808917519661,2.8583580441908,-2.71850594365231
2.74009936179439,4.53139281059913,-4.21159638330224
3.52190572218572,4.09322302728736,-4.10355741967232
2.15798467081212,3.51083675303916,-3.42407820946072
2.55743586045233,3.62748526903628,-3.84957785070734
2.63414367552201,4.24587034392026,-4.20607397016586
3.0264654528568,2.87125858003891,-3.1953976616883
2.13110557134002,3.70203719439203,-3.65907104409912
1.91184875596097,3.08553871412489,-2.90169414847464
3.36509269646418,3.64849150734672,-3.99062728759267
3.02462335598884,3.15044970069947,-3.63523607706706
2.40551943818132,2.83870817645817,-2.71027820243493
2.85687321503455,3.27733485790451,-3.67496044296944
2.72635878716034,3.68558829073997,-4.01648582162862
1.91211150671698,2.9411319017385,-2.33286086272057
2.24013167075981,4.31557831866747,-3.98640041757979
2.08597633823793,3.05490366778463,-2.81434295636878
2.47705717929261,2.98142469491056,-3.12314774218451
3.05017615133286,4.59061384892608,-4.26738751986637
2.86829414753871,4.57660991884913,-4.24208184035147
2.8187274511479,3.16292252003905,-3.62197635376906
2.9980397649596,3.45901883718475,-3.85410898267673
2.7501482075831,2.76269578127325,-3.12018913068385
3.5742942181436,3.0860919992912,-3.73864796738527
2.68725884752523,3.15118807307392,-3.48664095427966
2.45890327465735,4.12167876161525,-4.04010276517311
2.86352933644133,4.57107534348412,-4.19951426441039
3.64376064301894,3.14847010295454,-3.47781186020758
2.38800302063336,2.95249522588834,-3.08567991952978
2.20243327200131,3.54796116937935,-3.59754769777905
2.54719847406646,4.83855818820953,-4.13901005461661
3.13548340279978,4.45804740432421,-4.26169483354423
4.11971012899819,3.58798283545716,-3.73012353421431
2.49915849921773,4.64991108583633,-4.24704597974396
2.26411474108487,4.26679313355972,-4.12849872200007
3.03193130765996,3.28888404270174,-3.71939551176422
2.59319907866407,4.4235595757238,-4.22885509647122
1.99968188657408,3.06316740307422,-2.68000126763749
2.25603797071269,3.81857205101301,-3.98174212198443
3.5078191921278,4.15199217061942,-4.1872751807449
2.136622344912,3.46110278100633,-3.67574852754063
3.10098937350938,3.79933428076248,-4.06884976902713
2.00410394366394,3.39949988912096,-3.27828655794626
3.50390885681036,3.59682395005906,-3.94482255558263
3.10924923159334,3.97995856702987,-4.14541044546911
3.35333234894791,3.03400991723478,-3.59050634565712
2.73638229152719,3.50815127155475,-3.92165631699664
3.09922885016603,3.11012764413366,-3.54444268078228
2.99693843595981,3.95968660210072,-4.19861502946215
2.00696219935452,2.9902861496147,-2.31951098515052
3.09497947586365,3.85543282917372,-4.15522500274588
3.11782544819181,4.19803810991616,-4.20649881515125
2.7998622850979,4.36419541617668,-4.20784993085488
2.3679698822357,4.03651336306016,-3.97031274308651
2.67360661004449,2.99360966429558,-3.23027723935074
2.54409488185707,4.75975493528608,-4.28016850375982
2.56349809135648,3.36517957490414,-3.77843741702227
2.5612856036694,3.09222724360347,-3.35091466456649
3.04587113669954,2.81282983749803,-3.17388710101495
2.38707938118733,3.84143134672587,-3.90116093296149
2.59431686176127,2.77025551353374,-2.99803529122138
2.08342064425923,2.84569844497929,-2.22374249195026
2.12469714581155,3.035707310248,-3.14023438414774
2.33428080996773,3.06230392901658,-3.27342552087972
2.07020660856619,3.30321074310318,-3.18285810024499
3.45419681124172,3.67599654040138,-3.97445146023272
3.200790223601,3.21601376745059,-3.71634299521779
2.98698213742294,3.20824252405079,-3.60034806317265
3.8997602291396,3.56972873328622,-3.82166309254983
1.91831387025868,3.28697881897549,-3.1296868228052
2.25613146246637,3.15132058599443,-3.20834117442155
2.18182811660377,2.82558899787151,-2.68541795838137
1.93885423632779,3.06662694528885,-2.51384398973079
2.29483457212747,3.12125220861186,-3.19884816085577
1.9499645626949,3.0942654712287,-2.89659805773287
2.64646161816789,2.88144130463028,-3.02757947189142
2.84196834944771,4.83594877653962,-4.30865383797122
2.60797647500815,3.13462485437664,-3.43057453215399
4.25913752533802,3.83174232145073,-3.79957854676679
2.35357435941125,4.36209126522827,-4.05316414064647
2.04631143568974,3.13167965945976,-2.75242416322106
3.62451180067576,3.57330708170775,-3.90865928437802
2.07537091077698,3.01451679297622,-2.6789859630027
2.48220075481977,2.9744658439588,-3.08075074837372
2.71168416612695,3.25534450013718,-3.60892663354389
2.25761504242629,2.92581178951064,-2.75310362448814
2.42512007846187,4.16360551088376,-4.10410830026433
2.61921937909557,4.39123770892866,-4.28688077557835
3.16686477719722,3.59808989001498,-3.96320118355342
2.05113956403362,2.87967274558317,-2.25224214353816
4.01679863498288,3.91294670257788,-4.01025847704923
2.01603591909156,2.97689288411798,-2.20955039721843
1.92733731102593,3.21293957939936,-2.89078449853062
2.39385309050344,4.35508891428933,-4.00230610192199
2.73130675974282,4.30359298187665,-4.20313536650261
2.36363825573658,3.23256712761868,-3.39592480675032
3.72366152158436,3.39935479777654,-3.86830095858641
2.5677086514852,3.87539912504766,-4.16651642283227
3.53175150991315,3.46301467189885,-3.84969332421965
3.4225883353114,3.9837866064086,-4.11844707724032
2.66476468716704,3.61342225168131,-3.88019475579502
2.23817355090251,3.01401271801646,-3.24982614974077
2.66703417400903,3.67021415921504,-3.91578118166735
3.01082145845261,3.95642476041027,-4.22288504556647
1.99119521962336,3.14665908588169,-2.61925437969812
1.88944655413931,3.55512567811379,-3.59533779088835
1.99217867926198,3.06348369055965,-2.64209930837
2.35526456486695,2.95166045881952,-2.95011828524901
2.79399772182419,2.87208843889656,-3.03958900864185
2.73482597486893,2.86154500651128,-3.06930075012958
2.20338160181775,2.9164206929693,-2.26246444896858
3.18562108136706,3.24758832242786,-3.70225894913371
1.97712144919003,3.08404735390112,-2.82286325801044
2.32944537518252,3.76400341571043,-3.75123244985705
2.05426350211214,2.95196841347922,-2.24563266602328
3.76096894834528,3.319568817671,-3.78193321156887
2.16225207299596,3.13784666648503,-3.08952640905069
2.16372086539206,2.91923469917051,-2.52959767014916
3.4032591666799,3.22464619079346,-3.66438348346287
2.44962579272019,4.35608056886074,-4.09412510980616
2.14880068392267,3.02091725194709,-2.88566274198947
2.27428185426482,2.87093363209542,-2.82213997595778
2.15113177412528,2.89275065714493,-2.47901938059564
2.25294061747508,3.26381029583858,-3.31888067417263
3.09265759196599,4.46908572255417,-4.48302300179419
3.07648737001505,3.88503765494796,-4.10544365162946
2.19018294083785,2.901641637051,-2.52011874574436
1.97030086247934,3.20539480013518,-2.94864931219979
3.44087500697356,4.34284174046694,-4.41000316251923
2.8563083255344,2.84222743405756,-3.08908251212167
3.53419397320209,3.19755298987958,-3.79330264866912
1.99757005076447,2.99832188233077,-2.3396464800746
3.23464871172174,3.38043689986567,-4.06903220601715
1.9412555347396,3.07837871803399,-2.55016137968594
2.66448834948154,4.68447249700066,-4.1035104140887
2.17325541531081,2.93896530130918,-2.49442517001165
3.2488869123812,3.10108536261822,-3.54125762618214
2.43010770187135,4.2761395986413,-4.06963149473247
2.35477508894688,3.51147980999201,-3.80103354924208
2.9137324944494,4.25753114264943,-4.25016574905719
4.02602834732938,3.92974414965176,-4.07462217252062
2.84830902975118,2.72041744519567,-3.15411928991499
2.40720153913008,4.03795012612115,-3.92619057422264
2.57428588601749,3.36366783333214,-3.65600954717702
2.01040757705123,3.54643607158876,-3.34478506663117
2.55088027545222,3.37252406819943,-3.65334014780325
2.0404449851968,2.85809451758498,-2.5757873278078
2.01118819593708,3.07787493497009,-2.73095464773933
2.21819727481966,2.87681716697912,-2.4727092751797
2.14557553891669,2.89968420692531,-2.32872887300473
2.1863678606937,2.88566628092154,-2.41399630254115
3.02062619298795,3.67406469211909,-3.9961103795139
2.88479236435263,4.86094970180666,-4.24384737769806
2.19937227882059,2.9907221132448,-3.00471798667113
2.35090223187368,4.40945699032787,-4.06000702828423
2.22312707353024,3.67277509500242,-3.88502967957987
1.9839825451381,3.0763324970892,-2.66383181536149
3.45011581535649,3.42951937680937,-3.81035520816652
2.443823648061,3.20114156316918,-3.41886897907668
2.13501754476748,3.20891556239423,-3.07450765429603
3.35760927545663,3.47415021831241,-3.87849854853028
2.05351452114422,3.42343370433851,-3.35662573224119
2.13595951077753,3.16469026029825,-3.10348763843315
2.43347993723903,2.96365546068793,-3.07406486906885
2.41903225420688,2.91947915680835,-2.96990594009123
1.99346485722189,2.94378200485934,-2.32916910269443
3.54633703184298,3.31866141506564,-3.73047767998053
3.43832831784415,3.70697061656292,-4.02336248378037
4.073393836825,3.77369697530517,-3.97916131693548
2.61867578639432,4.05262018706207,-4.12166096762423
2.77136064229286,4.70293475035224,-4.22672040541847
2.01021423379764,2.98524342338671,-2.28790803144698
3.75340416113409,3.97960861477874,-4.15896613514183
2.02674332600474,3.35071998844195,-3.32987576910606
2.75262537940805,4.66211451300399,-4.28568240966287
2.38556535339938,2.90660676431123,-2.87587616266067
1.91842170443167,3.04232278355541,-2.58490140176476
4.09988410924051,3.58020919050803,-3.80953953465599
2.87978227378101,3.34395162586977,-3.74313892193223
3.37904830634466,4.39083447333504,-4.25071207092664
2.68261924439378,2.9819289296126,-3.38868962215517
3.77958136119017,3.33982788511296,-3.68599372779223
2.29503299902086,2.81195231039271,-2.59345196004027
2.44592295756318,3.07564516787841,-3.29906833221966
3.02345041270406,3.07929656751966,-3.55008014819918
2.71152710590217,4.91428387200075,-4.20212170218384
2.04574074240543,2.95699049533161,-2.22930069743744
2.62906656145941,4.15801376548637,-4.11833063307036
2.92165411472649,3.66329257704326,-3.99010358792333
2.40323963082133,2.80707036835994,-2.98521949416282
2.0699986323907,3.18872286174279,-3.51515604326087
3.02879129221192,3.42412316204995,-3.81297312565493
2.20099170639106,3.70000709883515,-3.88070835271845
2.30918300341519,3.76205104653275,-3.81139673658938
2.95964482273634,4.40947237182723,-4.23899506234098
2.22244614000181,2.97817570358133,-2.84171565859818
1.97341822582762,3.18433306462074,-2.96423620045339
3.9892709251182,3.7708997967155,-3.9073028681259
3.28462398100799,3.40763033612771,-3.83222620559466
3.49618842798996,3.45648916717506,-3.93296905919389
2.53422161625872,3.19728592693516,-3.46718227487681
2.82650653055985,2.92394066392724,-3.22621817449719
3.99177078143668,3.54763212055715,-3.76657898506644
3.22104018568445,3.99680144118409,-4.15707943960605
1.87223702748393,3.09451059998198,-2.77084062361834
2.84828570928456,3.04311291552267,-3.45379830815816
2.92382824136532,4.13721778871737,-4.17574390885229
2.75082915522338,2.71452331501611,-3.04664155889273
2.44798895006751,2.87193105224239,-2.86282717597985
1.96493781574314,2.93295377941778,-2.40042888641891
1.81359912593328,3.38582480037769,-3.07532096076022
2.30134802612258,2.66499333989215,-2.66985467343869
2.2110633851966,3.72728227927812,-3.78036214724692
2.36687722341814,2.70446571502085,-2.70059378072428
2.60132528974967,3.3804246224478,-3.79700202294282
3.29749889831935,3.98012016876506,-4.25070441646048
4.10095414163257,3.93140065748169,-3.93460032806548
2.64079527558824,2.87348548205051,-2.88043353405624
2.31893093571597,4.07973706209713,-3.9980372489352
2.81872624671839,3.92073702385446,-4.31754380725409
2.69919182524117,3.58003658425963,-3.8697700826752
2.00133491992481,3.02860035120672,-2.21357989468203
1.88402661559835,3.49902500916392,-3.42503996583927
2.53574029404102,3.10016133163965,-3.48671610965086
2.0901334839243,3.02372922109052,-2.74233471864969
3.06754385187203,4.49826195739008,-4.38578215184979
2.4493603380557,3.02949782639511,-3.1836977636085
2.94660885802623,2.97683580450823,-3.34627747242045
3.07742732156924,3.03058241410989,-3.43916415327893
2.5549273241915,4.47505362405881,-4.32596583898227
3.59090871717596,3.42539764583548,-3.80993755264263
2.24965747338887,2.91617565122243,-2.85973780914763
3.85961388187873,4.17545448253069,-4.11575778370285
1.97102786387683,3.63888140113683,-3.67654166073237
2.83992952237774,3.38007710977133,-3.87921804176698
2.98181580648016,4.67068278265888,-4.35301386757785
2.56008407207275,3.76938430113516,-3.93336013887352
3.6100924443699,3.17241515945745,-3.6427558236493
2.88978530333868,3.75370942792714,-4.02151850679231
2.68219729149003,2.78853557545388,-2.86510118932034
2.27688264290547,2.97973758854904,-2.91990458646799
2.11835789605053,2.80790644567387,-2.73747879122565
2.42960389594944,3.19803678667768,-3.40159189082363
1.9727045225419,3.48617189173948,-3.33944745820014
2.30825368745075,3.49149782132894,-3.68647651656731
2.40197593119884,3.13304637748875,-3.28444799029848
2.36224537155936,3.1019644410647,-3.22787727256184
2.38630622080659,2.95051409787938,-2.98100150070715
2.51844013943567,3.28852198580554,-3.65825614776149
2.02788147425276,3.11910098273846,-2.86607278256231
3.28390626018539,3.00426437961001,-3.4286912200664
2.77268130632256,3.55194173919695,-3.87268311582234
2.02320336506375,2.86573626520228,-2.33360799855209
2.11916507789086,3.9909844118258,-4.01449226103919
2.54895126309666,3.86314745411366,-4.06755907780823
2.75768301331748,3.24147786432506,-3.61101572349231
2.39657703662846,4.16791719513832,-3.99288072076012
2.87574243827742,2.93019115889183,-3.50836371769153
2.85866193413298,3.23408640276917,-3.63343011075379
2.59212971506891,2.98521444477454,-3.21008903880388
2.37885756523546,3.68787609250829,-3.80499746668567
2.52476845160258,3.82715466546269,-4.08028591437199
2.03227818933718,3.06479251670581,-2.47235549181635
2.79436947187154,4.36355127229218,-4.25866412659089
2.02081965995233,3.02657229024332,-2.22241060934637
3.23197867863982,3.46776669810729,-3.82161396692937
2.77168589038994,3.41241994978706,-3.73489257256117
3.91889350072547,3.8030632053741,-3.84346180089721
2.06551671276198,2.94374102634978,-2.23104847460988
2.87132742787473,2.87138651119977,-3.24150290344003
2.73127238294854,3.69932868670619,-3.96715552950173
2.48267603399016,2.95477398073376,-3.23981100052728
2.0758371897028,3.3705991311824,-3.32015802680394
1.97872404663265,3.08013958056536,-2.66666060965776
2.61234765048038,2.79878963981925,-3.03975474641934
3.6651344194628,4.12256918051695,-4.28276107973799
1.98912184554182,3.07351209462525,-2.66743298919204
2.44186432397359,2.94758843826841,-3.02905765149938
1.9502673469793,3.02413099496115,-2.26100551997209
3.35698422595885,3.82385433637877,-4.08200143957136
2.33742770082003,3.11216761928678,-2.88397501170882
3.02623739267208,3.50763093799049,-3.89260653150672
3.30996013207694,4.06430150518435,-4.26641234620399
1.93101201167367,3.02999949201935,-2.61623321614631
4.08862159716375,3.4553958766977,-3.73783458790558
3.46023351355168,3.13190129345883,-3.55934807025454
2.10125226894353,3.07533532333867,-2.88789972500346
2.28336407067558,3.42344232967062,-3.54693185094039
2.32192185248487,2.84916913199917,-2.60274882748287
3.71853455803748,4.32435962121403,-4.20887252923889
3.05491612695614,4.14557411466004,-4.19344527684817
3.81068013061872,3.47514206333352,-3.80068965582205
3.27416130846797,3.03919493375081,-3.67768304087603
2.67590542617533,3.75032471407957,-4.05964029190395
1.96704441390621,3.26236340732811,-3.04380173228639
1.98854843607201,3.11585295939074,-2.58594697695407
2.02625289807091,3.31226318144123,-3.19405029617032
2.28888783788867,2.96680027826251,-3.15423581564241
2.25872348094758,3.31536238791081,-3.5796600207447
2.27350986793545,4.31709950168826,-4.00459070068325
1.96470440843322,3.12927310668348,-2.7717914275263
2.11296388436279,3.64088488852058,-3.60222039358067
3.88031452871451,3.50051831712215,-3.77987713093596
2.13520459959404,2.90948630330759,-2.36186332096558
2.16398218243153,3.9273472038934,-3.64134930741694
1.89063082220758,3.06467435931839,-2.83992271462817
2.0376074080444,3.21137492353394,-2.62915440932964
2.76803336920853,2.85884283661173,-3.0815586415363
2.74339793424242,4.46054361744498,-4.2721538679481
3.76390485413484,3.89297815374724,-4.04484829795707
3.11899912811668,4.47739450799364,-4.24976363678108
1.93964810226451,3.03298578675598,-2.20598425311944
2.8023600540535,2.87183915935543,-3.22619429689426
2.56624896466372,3.81397966975448,-4.00651189516123
2.11675499586314,3.70764238982127,-3.75403206982555
2.64119911197903,3.24392007696755,-3.56950026212644
2.1317625140035,3.1278465010742,-3.03532335465125
2.24705887780819,3.09782334448651,-3.1150760018254
2.12131120114638,3.76285469173113,-3.65726177044422
3.08740717701906,3.43499696475091,-3.84668103856875
2.78093611727411,3.25659145311294,-3.78326634821329
2.52662770688563,4.79374007336018,-4.15376241752631
3.41089484917448,3.28830673402984,-3.72373419116513
3.99607472233263,3.95700411122773,-3.99227406109647
2.10248124847638,3.34980244943643,-3.35741612181996
2.16409818834347,3.05096446375738,-2.78363476214206
1.96339192962192,3.26260754511491,-3.03893761057423
2.14915203608853,2.92819276280662,-2.53012820035748
2.15704211465106,2.88287587635703,-2.68806807440842
2.23292842892262,2.91965523428007,-2.94473369118001
2.75978500912602,2.90078754917851,-3.27906212835868
2.96762017082381,3.27856550468128,-3.70831051467837
3.68204423932345,4.04200922921963,-4.29664828429496
2.95086612530337,3.02463811773694,-3.15978309537193
3.50452688701424,3.16838506318197,-3.64190940675248
3.49073509149204,3.81490838739988,-4.18414497841978
2.37049647550924,4.28039500242657,-4.04422413199437
3.69100144301841,3.6065156332394,-3.9133302689569
2.33391685251598,3.50724120620206,-3.6518740145297
4.10463465654519,3.56135926930305,-3.71921469714944
2.56478156234046,2.90732417177718,-3.05529896701685
2.52821420644125,3.31997704652103,-3.59365884250311
3.02567890308238,3.78681211619005,-4.10783027665795
2.33534580653921,4.21754388509618,-4.01204919519807
2.1358702115191,3.21113909535671,-3.17528419051261
2.96287339407398,4.57692036487256,-4.29960689820977
1.94551637236237,3.21519895866797,-3.10680278355413
2.04267943856916,2.93107762139935,-2.28943183077477
3.29116231982174,2.96650298847206,-3.36650045278022
2.5704274692271,3.10384617528309,-3.61847035345811
2.560812986979,2.87937652360207,-2.86415684450874
2.48789423137199,3.11323775245457,-3.21300383770786
2.76333805173678,2.94338074482684,-3.15040594241387
3.60773425425369,3.24130388843214,-3.65715424589182
3.64791022191296,3.79217248393943,-4.02696202443343
3.60444171352865,3.69884703561392,-3.98734864215646
2.25614583409552,2.88324679668131,-2.60319925015914
2.01714790344221,2.97564088203367,-2.19150510390347
3.20570410941457,3.33041411108319,-3.76943544025278
2.725578347842,2.74748972515061,-3.06002032105645
3.25572389633125,3.17049809671777,-3.81796630368965
2.22269487616768,2.93602828432471,-2.72431308399159
2.19848040560402,2.98690093744374,-2.82752842032075
3.17108187180776,4.13151606293563,-4.19774944691258
2.09452680946643,3.26916681183287,-3.26481397995784
2.5963803997225,3.13184133342888,-3.11013522646115
2.36026857730983,2.82548110004694,-2.58015548233173
2.52672865770576,4.50885106134725,-4.14533016283707
2.95623282304155,3.7894442873417,-4.00648721024293
2.09152685914567,3.32080852666524,-3.29919769952954
2.14938724807761,3.05250898996538,-2.90962130451509
2.1453860095048,2.86442880411986,-2.52056248794448
2.32610380179658,3.44705509798031,-3.59647290143321
2.15802562169589,3.62381356372762,-3.62378889450669
2.36629302204062,3.84419474805149,-3.88591346314191
2.22273131504651,3.15438137601234,-3.43017450474251
3.21940068804075,3.00550993868442,-3.39207070773172
2.04917106655047,3.01239443742806,-2.60828749764537
4.22519367415323,3.9250601334194,-3.86613208384042
3.11108809716637,2.81739048632176,-3.49198094963177
4.09204612487841,3.75021650908831,-3.72050428395545
2.64421483677198,4.66628809742739,-4.19322406346972
2.03891808376978,2.88495058105213,-2.42016923952953
3.85066475117029,4.10918483335073,-4.08172150962485
3.1359640024529,3.72590215747472,-3.94144284175879
2.7402870808662,4.32386247690393,-4.24028371940001
2.22688162014897,2.99439514328663,-3.03125365951627
3.43079172557485,3.91670666832444,-4.0704214113377
2.53685082698702,3.91659680177439,-3.91991738199137
3.92657653333355,3.92309994514687,-4.06155793001116
2.63641739062793,3.03504195904705,-3.31187772602498
2.83656118139014,3.5950519452397,-3.9649799666287
2.22396423668208,4.32160432439109,-4.09039468020887
2.22759574712365,3.10545579185531,-2.94112809841834
2.68889928826762,4.20421582233658,-4.27595479634578
3.00415037047459,4.52730397915943,-4.51607612554206
3.48777455608699,4.22945222600983,-4.21044402523902
2.79216565134537,4.32356242645932,-4.19495098368417
2.30314334538484,2.72631475914131,-2.53007497354239
1.94067576228302,3.34797343253048,-3.11490048840414
2.17260581102589,3.1669487937323,-3.14815301296974
2.67197432464741,3.77210979094679,-3.97371174805778
2.23593277750101,3.24542964226351,-3.31865151391385
3.22459608527709,3.6276029583831,-4.12780173925462
2.90924608410438,3.20678533745934,-3.61805962444738
2.98035227290326,3.32960774183116,-4.05267556403649
3.65750849460335,3.28776320528406,-3.70150994157479
3.03464963876407,4.40472497617953,-4.17021641437008
3.70521928480178,3.30579031255936,-3.6794527622209
2.21242214402913,2.85939577414516,-2.53825458187891
2.03907171151856,3.03087517789827,-2.64872500956845
1.97902815247859,3.01975904676201,-2.39572875495135
2.06656417765755,3.42881920945603,-3.37508186094858
2.76843492238866,2.96196033060982,-3.54064595377102
2.83340170293382,4.71351970493185,-4.26579447236326
3.12040708406859,2.89368560167552,-3.24865207803858
2.60940734107549,3.2202552926549,-3.53035506593491
1.86176520068356,3.28352087820897,-3.01534592286155
2.62013253598687,3.11130824318886,-3.40730929483575
2.45219972805354,4.40873229498137,-4.10406278701092
2.7554470308737,3.38669742812904,-3.89668978918174
2.04297115238097,2.97451860698048,-2.40053880924791
2.02084319601985,2.88895800412059,-2.69134672968114
3.61586193794124,4.15034513589373,-4.21279705587778
2.00477598012569,3.1675777956275,-2.93026993411462
2.60258372961458,2.90045525695047,-3.1568074101205
1.97777555459205,3.34573325664193,-3.28838642793067
2.4956959164549,4.02025656960219,-4.02049767365709
2.01846152718763,3.46106873370372,-3.45133731387197
3.94285632185273,4.03968589069632,-4.05335631371555
2.72092172336107,3.57941826297079,-3.87608783042434
1.9620471037124,3.42303863378755,-3.39642165710778
3.09741582245162,2.93814590019391,-3.3167451765756
1.89298035032,3.40294377672337,-2.92979933428901
2.18716411541474,3.00406935945102,-2.98377588038746
2.30004971983808,2.89288166171931,-2.70582286974093
2.38365187376732,2.96219459378024,-3.16957020673066
2.17458258405639,2.90041428129205,-2.46443245694253
2.58432716085781,4.28577158294971,-4.17300837062459
2.93891402913594,3.59868115698557,-4.18154877432151
2.44654893368159,3.28552227073484,-3.51494425757098
3.70225200828776,4.02110834951658,-4.26303042758988
2.37969503454244,2.84907014303085,-2.89336117008313
2.25758700527048,3.46712728931426,-3.56969570265899
3.34765200676692,4.27836765477965,-4.23227419579686
2.09195504009047,2.93699158056881,-2.36369111751067
2.07052856279519,2.95628162860513,-2.40387444165056
2.93658458728587,4.32782755274572,-4.22228087617956
3.86131475561499,3.34526826538767,-3.78112336547272
2.04206868870413,3.07460322244164,-2.7843922697094
1.94622921275413,2.87547127906081,-2.82030232842774
2.69950831783536,4.56964490951814,-4.22666207987484
1.94960887114463,2.97064402744313,-2.5536750455793
2.10732376506936,2.94324639909508,-2.47272060297036
2.17584729822853,2.98547801108167,-2.79954283164838
2.51050131579403,3.20939510175659,-3.63746954728873
3.00559005480986,2.90767615663219,-3.35291539897355
3.09670817295037,4.15674803679857,-4.20082670941563
2.44743485168859,2.84424065079952,-2.78543029381828
4.16391785263884,3.88285726590655,-3.90378472396895
2.03347195133119,2.96405076586789,-2.18097145757216
3.56414171868324,3.58357047683128,-3.97996730528906
2.40138626349121,3.27588050146233,-3.56487310504662
2.51722923139052,2.93491019424983,-2.93582596060536
2.06955648720711,3.41325837382926,-3.36142926802794
2.6609110212035,4.28204423928343,-4.21595935975322
2.50718010044765,2.81545901080232,-2.77182921783768
3.37055045966965,4.56324354502221,-4.26115101510847
3.43059021918013,4.0798617955942,-4.30610234154262
2.02549135240426,3.06400128787384,-2.7217506682991
2.13922597927262,2.96947763075904,-2.76583744887134
2.16674313629895,3.18367394452448,-2.90921573995183
3.33492465827893,4.24869323423234,-4.22551740588397
2.71653892614941,2.95794001797347,-3.23411316778542
3.33424181310808,3.50179747593845,-3.89940772055555
2.44793784065484,2.95301015703859,-3.16544250896545
2.74033634078326,4.6727385552287,-4.21909982000919
1.90548618160107,2.93650243519807,-2.55269122133998
2.46204238881169,4.5822117110188,-4.22151631410426
2.41134576884316,3.96332567681577,-4.0220656037369
2.20967760364184,3.79632220785526,-3.87306579434208
2.07341891325722,2.83960925228426,-2.32150861872785
2.9202958014639,2.81381199976308,-3.05537708933844
2.96275967319,4.22286185396525,-4.203789006957
2.43273194134009,2.81467827973192,-3.12890035437724
3.52097532407407,4.28624626928325,-4.19028890766664
2.70298816059358,2.88793514378733,-3.18323364076783
2.22445932213331,3.17711653711002,-3.30883230252644
2.59218721234752,3.76621453385061,-3.97349179570249
2.19239523105789,2.95928838269713,-2.74108329662572
1.85165859555539,3.10775303842026,-2.64883411019189
2.45935507381586,3.91486283213876,-3.96272213784468
2.21095338227228,3.12463344534591,-3.12164259609822
2.94046985613786,3.06263593489203,-3.39573098941146
1.91595494688751,3.29628791042931,-3.02345583415012
1.96223155611205,3.49621788745154,-3.17258080081188
1.99847039274925,3.14950366126389,-2.88248812140538
2.79719407017303,3.00286690584212,-3.26441343160987
2.20039222243825,2.90578102759888,-2.41500144351349
2.42066691785972,4.34219238468035,-4.04053774248403
2.80965262813288,2.81000965062527,-2.99929984659202
2.31465963218494,2.88677851114514,-2.62891467022074
3.43512210820259,3.97696228666857,-4.13927401326384
2.38299335894834,2.86663512069228,-2.9891253751934
3.07735203031147,2.88329963370916,-3.22547356970208
2.21326367947804,3.51140096226952,-3.76976861058601
1.91615894616772,3.13795971466159,-3.09927733407895
2.62565031545664,3.18695054885756,-3.50090267157234
2.05178117460576,3.133361244145,-3.08799203852085
3.30042001816399,3.01268998432657,-3.43006375252655
2.23714549746779,2.86474119275487,-2.46307859171475
2.93888481255079,3.11524288857598,-3.4299827168261
2.86791453848767,3.55046700657152,-3.89380189801484
3.67991109132335,3.7962496932424,-4.06669262473394
2.20960022955021,2.9858406383689,-2.90213938962089
3.21516333283567,4.40860282536959,-4.33939051608364
2.35727498094845,2.89713130046141,-2.99494157455664
1.94825751436107,3.05856278078021,-2.56363990091339
2.74167085614383,3.95803372998337,-4.11266682813417
2.89357264535011,2.90706201721071,-3.22180501762558
2.26449847707988,3.68221181109438,-3.70631686343971
3.62623962557586,3.30833524176899,-3.7035937792106
2.04248490453633,2.97082378663669,-2.42129534324883
2.09010989653996,2.93242103750508,-2.4926382047971
1.99815367534587,3.07614073821059,-2.29519802395274
1.99896790996649,3.01115341409494,-2.95680368666793
2.97667847965335,4.57780387719326,-4.29014350551132
3.23220272295655,2.82837752459914,-3.4045948806926
3.09758442076515,4.51624360596552,-4.21029141524379
2.40365716949427,3.14199869004529,-3.31667585951991
2.07779351381322,2.87131956141226,-2.51252747959949
2.04590760321984,2.99591553309324,-2.32233903800309
2.60994492922656,2.88491327608547,-3.24826779886584
2.04058312873706,3.25705239608737,-3.13311860204302
2.11726758617285,2.91460487768946,-2.30029599103423
2.47098026640602,4.30820032729294,-4.09338374545898
2.01469842609917,2.96178508863108,-2.47074179747658
3.20711221178917,3.18067998039328,-3.62463000902835
2.05096167750767,3.02164013924296,-2.6460233034705
2.47886854775655,3.92903082879716,-4.01916358956956
1.96515951526262,3.03619170540468,-2.43444926435815
3.77239337065433,3.9358471699997,-4.06048354466761
2.42808769647853,3.44789132917965,-3.63808588113966
2.03607210011603,2.97591066071811,-2.41381101963947
1.95217337631698,2.95329937766281,-2.55598657884324
3.29732555121772,3.28036809719817,-3.72466882818774
3.93624502312066,3.65617548662168,-3.92495700842702
1.95394775715617,3.33376899062529,-3.13390650412446
2.77384121575071,3.02428566678356,-3.55088489776135
3.11521341394223,3.78621949677664,-4.26495476607924
3.84208543490404,4.10585581693529,-4.10091436536374
3.26061767813024,3.42162354879218,-3.84345064033524
2.11131223627243,3.4753392684694,-3.46227144585567
3.28206437707446,4.57641004005766,-4.274798193726
2.19399578606075,3.06728960045459,-2.99987741676837
3.04363063368011,3.06774259070095,-3.69986031765947
3.43488371996699,3.45615487052888,-3.79939862269361
2.44008656887321,2.84539472195313,-2.77951306370049
3.83091267010062,4.0406913176288,-4.08289941112393
2.31623959621728,3.34951123974128,-3.49796059454422
2.26696032847212,4.14503306178372,-4.05529886788397
2.33053485239916,2.88052078300542,-2.73132770318082
2.65281656763677,4.07020269228533,-4.09312281177959
2.13558324167137,2.95684981078926,-2.61580776158208
3.04573163011877,3.28793389795288,-3.72031978858505
2.89703265084687,3.78457778936704,-4.06609763182392
2.67626114042589,4.17577588728704,-4.15932008831059
3.15256401413516,2.91650079563786,-3.2886966664749
2.10050453858529,3.29351594313759,-3.30884063477413
2.70193679272733,3.55651068530029,-3.86707887608787
2.04307134835031,3.03500579231581,-2.67196994704648
2.04981414140195,2.94379292617129,-2.52836877498949
2.97716832932011,2.76246896239219,-3.25230100933213
2.74286851989535,3.43529772285636,-3.77905858239362
2.16983142030694,2.90621871457927,-2.51645090665736
1.97004366323772,3.17741885610193,-2.89266469233873
2.21365313628678,3.47978915716599,-3.57997954242569
1.93230370179111,3.12357620210759,-2.68270483485177
1.96526131100235,3.51121031476626,-3.51465759891185
2.98025314337579,4.68324524743675,-4.23816788229782
1.99382294005988,2.93029597477926,-2.19534748072697
2.94149424165927,3.07812600626572,-3.48061009566398
2.56339264667152,2.85490724036196,-3.3258228432247
2.82757167503154,3.30741753739022,-3.62759689644818
2.2318281001577,2.97826647695608,-2.97514491113323
2.28315212757614,3.69451949454481,-3.75552751499091
2.32659590836169,3.35218530340207,-3.63898222349134
3.66872109904671,3.41856779674613,-3.78618175398098
3.54278310943264,3.52165259075309,-3.95929079544212
2.05634385509916,3.0085835277179,-2.61278960771272
1.90774702093137,3.38359660691703,-3.44508477340304
3.06621376362429,2.88309819902625,-3.23630569415112
2.05514504995,2.95200889059962,-2.25729857952813
1.97403067988154,3.00088592851749,-2.7654063006464
3.51636638281918,3.8929479105976,-4.09636532810473
3.78848978104334,3.18443669736646,-3.61130040796884
3.4847088074708,3.54575333644697,-3.94740592126492
2.70602689699621,3.23953448311566,-3.77755684942378
2.75168170856072,2.91201648759796,-3.26837419488877
3.00499654624616,4.71148373972861,-4.31039338252429
1.86799851292711,3.01012031222136,-2.4571087321917
2.06890152811258,3.36666142183814,-3.4884933110335
2.53233852800157,4.77949277021822,-4.33909180148127
2.02493727360709,2.97697283533616,-2.31353145738182
2.17259963090801,3.2409573375387,-3.21299794918887
3.92674688431398,3.70365041257946,-3.9458240084039
2.61221546537282,2.91333097128201,-3.13485714477801
3.14580352505809,3.75332188512417,-4.00017969628228
3.54489118818679,4.14904453660089,-4.23636562426616
2.45369274141722,3.15122889528278,-3.24927416012871
2.08868026695706,2.99710755855756,-2.59871917703889
3.86458761874383,3.74965997665277,-3.94418120647489
2.29766643880905,2.898583896927,-2.73550052432114
2.20736589322528,2.90580701743821,-2.58428544415018
2.14024487925757,2.99000312890145,-2.73636136654911
2.1817902859755,2.89656079174577,-2.46663119269113
1.94061842443966,3.20710006065955,-3.04322608622986
1.94307995664136,2.95517375709389,-2.75240709465546
1.99751422599579,2.99393060650986,-2.2819692529648
2.78826580193393,3.1763316161337,-3.48128119447689
3.12100090818184,3.86716341047478,-4.16875730029498
2.89169119513704,3.07391760802232,-3.51749341325726
1.95468468795911,3.07435042649982,-2.57662156017153
3.45754893084121,3.39091525584849,-3.80557553772959
2.01470033104859,2.97745944784554,-2.19556590208157
2.12331737569754,2.91184157582419,-2.31235437565912
2.49007221230007,4.24734072353609,-3.98901803557371
2.28834109402679,4.37423089767508,-4.02347506514501
2.36360413314816,3.0532209691603,-3.15207394518238
2.51317083015695,3.49223167752513,-3.71378937556983
1.95631318903193,3.08111525127457,-2.60675878751381
3.32793421611832,3.07276555983675,-3.60067585037653
2.99258963545499,3.62960239494981,-4.13088045851156
2.01699368997717,2.97707429735504,-2.20272595508418
3.13661068651521,4.62067286360612,-4.34424113904179
2.2011110295731,2.88701417115206,-2.47589878323697
3.89503918843119,4.04925964620084,-4.16081536350057
2.17317636574965,3.39962247855645,-3.46930675268108
2.41206509117602,3.93270004597648,-3.94935138406345
2.00624290904681,2.91210269164575,-2.35275807377845
2.37515182856421,4.05042998166681,-3.97249480218655
2.83370081267556,3.6134018072472,-3.92775002991847
3.81242359928148,3.91151852766329,-4.08427047281465
2.47977855586123,3.41951455620625,-3.69412861952598
2.53721558551661,3.43514154801105,-3.78169803775407
2.37259407322471,2.90620601720407,-2.84548272101761
3.33905484590695,4.52616544290439,-4.26915714557316
3.12092314135395,3.10664639175838,-3.54247818519465
2.02280947866451,2.97264530884579,-2.22432367088711
2.14736478844214,3.06438991205814,-2.90530083015159
2.01026377668157,2.89220674661879,-2.3547547028493
2.6350968296225,4.73114194172219,-4.23160229702014
3.86107006609567,3.35447373213001,-3.65978698623064
2.6151506816937,3.4346276229532,-3.89296500332209
2.9520262581825,4.21588955038643,-4.2006254861813
2.19793606214522,3.16580198523055,-3.1730149665291
2.3196034900237,3.36305273187353,-3.51384381114074
3.12791782966311,2.97773484699272,-3.37825980332798
2.50962062786771,3.1893950371601,-3.64353355624247
2.78692233489718,2.83973011330125,-3.0521358198956
3.3780101730744,4.48488350279863,-4.25738895343578
3.70282937925335,4.31718452913403,-4.04590532856409
2.92715050467788,3.10754371977661,-3.51281201989241
2.48834016687216,4.53110472501723,-4.1901041122581
2.25856673718421,2.86816557340113,-2.5425837599283
3.07282580365727,4.22540627772074,-4.21637711406661
2.79876085568327,2.9997633392192,-3.33357544643901
2.79752923116509,3.03574133681423,-3.38374909742824
3.93457243957083,3.55676934880731,-3.86762830521104
2.9988271154262,3.95945084612206,-4.1592472250803
2.66635741839097,2.83467162842808,-3.16538759398738
2.02188629173008,2.97227329947471,-2.18985046399834
2.60761319711255,4.79052277374108,-4.17646079758643
3.45787066278559,3.5517108552086,-3.95709299654328
2.83752051576946,3.96241755081017,-4.10179804154198
1.98305750197474,2.99064398834086,-2.26724226972478
3.15060915045411,4.58497898296134,-4.19178886308154
2.56597362139538,3.80777090742406,-4.00612456392026
2.80731370774222,4.33612118284203,-4.20056943147398
2.82189779289111,3.45239879363968,-3.82082469084783
2.13488125855685,2.93135800483804,-2.502239443451
4.22961229692359,3.89219385751044,-3.96316023842776
2.33675249145638,3.94086718072064,-3.93380075725876
1.93454653475014,3.23991877781243,-3.08451030410762
3.59288377824612,3.41670118046372,-3.79382377157523
1.93941712967922,2.85085676825484,-2.46013373528737
2.05420485325148,3.56134660341112,-3.53643805046325
2.07663110723431,2.91958106396537,-2.33961259166981
2.13412077332852,2.81415455227545,-2.50178136263563
2.24477448304691,3.47497887423888,-3.56640873347357
2.35731444045344,4.48146158077076,-4.07879169116946
2.37916413804798,3.96054229359438,-3.94568990963192
3.53094724045093,3.51706001264309,-4.08655961214708
2.51933271433482,4.6966916001918,-4.26872880088699
2.1485008794151,3.5901773679197,-3.5910800940744
2.65583093564881,3.4283082604559,-3.83931704673678
3.66668732797844,3.58910486478764,-3.90835042149403
3.68938951233922,4.10229807102415,-4.11676188494028
2.08009181143459,3.23141117841946,-3.02261941749901
1.78630400947916,2.99972438588622,-2.60342614297417
2.62855772028704,3.99504472887063,-4.11292380553807
3.13376493836701,3.89994299642255,-4.19435936579636
2.17513576175348,4.18931579552482,-3.91677509687777
3.88187691003953,3.56513423858866,-3.84049478537238
2.94387248299263,3.19793079970436,-3.61638401571629
1.99321310827037,2.99773018292096,-2.29080925151316
3.25081439280286,3.85042680908091,-4.09742684170763
2.83554283407084,3.15254577570568,-3.59189221940036
1.94552320055284,2.86949948260863,-2.50045794445169
2.608126479376,3.16335401963581,-3.46827047670484
1.75235427086319,3.1244759646446,-2.99049329748655
2.05726814300443,2.96650788587525,-2.30334738085742
2.52702824046267,2.77374822622841,-2.87911603941141
2.10970804362367,3.0693217575103,-2.8383512321376
2.43346109101517,3.22066900080374,-3.54347922299799
2.13482823927279,2.94047129723542,-2.81260780025678
2.57826733906553,4.00738804331125,-4.02670066166983
2.34224222501758,2.76297705179595,-3.08174374050106
2.15889474350157,4.40716406647423,-4.00578436066808
2.09586704279714,2.92776843619752,-2.29512988713323
2.03335115570997,3.00350205913941,-2.52527041402449
2.59048405174149,3.63175261447406,-3.86525244620276
1.93635953730745,3.09019070009263,-2.58144849889793
2.93396096406476,3.88383809853377,-4.18470025378688
2.06823288974304,3.41801218600653,-3.60645353005492
2.49130871944092,4.74621887503822,-4.1421933398777
2.07187209551355,3.02190042400547,-3.04871289835014
2.45634578850139,4.16490480374164,-4.0520137086364
2.86427241756839,3.36733642522126,-3.75684708821728
1.90192478145479,3.02491471888385,-2.28775060396864
4.20649634259427,3.60785120485398,-3.69292478681976
2.17965871266205,3.10883367940423,-3.36099589030751
3.16293310550897,3.20186510471089,-3.64831375710159
2.29661282807498,3.66459695162558,-3.81455075401801
2.8073075649961,4.15073170002733,-4.25838824809152
2.66002582671587,3.06972260209598,-3.33917568741716
1.98357192217842,2.87274446047112,-2.24272200666567
3.7259073108986,3.95917923455294,-4.15083930111428
2.49813089197289,3.20181457567477,-3.45235592549224
2.60121270275635,4.16567427525494,-4.27448408288472
2.65697929304988,2.83597865339426,-3.14236588077554
2.07542402377446,2.93896366236658,-2.2651324565592
2.23139420954241,3.09856528384861,-3.09983698823347
2.39669011974224,4.23307538497539,-4.0447519115471
2.44592752670886,2.90430096966589,-3.13353356279934
2.18081640305957,2.96293723958114,-2.73103636203835
2.84446611838938,3.04837401471586,-3.54676336238355
3.98906592371754,3.75498939527008,-3.89876209002494
2.74254784979788,2.9858500080231,-3.29000887976006
1.90016809648159,3.0143108038179,-2.42289056764171
2.53416279438423,3.46234929989132,-3.82103908642743
2.30408197390684,3.10649001163153,-3.4765200530761
2.92678545785077,2.90392997856805,-3.22681217543242
2.33762480255755,3.29479033186794,-3.45525042971738
1.96760944522974,2.81791763419792,-2.34679759380868
3.47145289064637,3.68634735997376,-4.01462983465393
3.30696629421378,3.27783208188502,-3.81358486636329
2.5195210094203,2.79726977971272,-2.72868965438557
2.78040146812385,3.5327256951738,-3.86166398136501
2.39057516551355,3.36847176699609,-3.62367458766875
3.18890295202328,3.49256236218088,-3.99357747109466
3.27282811791924,3.44459308121765,-3.86056683464015
3.38644280025584,3.89590482177346,-4.11160112424444
1.97785697998756,3.34323810779275,-3.17739868785505
1.96068194175478,3.08119391683765,-2.66293268488589
1.99300421765456,3.19268377924494,-3.05026723352389
2.33559011287166,3.01523676010122,-3.05871935006193
1.95239895050566,3.28399273546924,-3.25534998162839
2.49778340846201,3.86558073018859,-3.9565635947548
2.41446285008275,4.36817585954202,-4.23177911474771
2.16378990184116,3.56051819826894,-3.64297914849009
3.04919069150949,3.38957074682753,-3.80743472171947
3.32536344556232,3.53875633754939,-4.00505611968529
2.10066633649754,2.96859168823066,-2.79822813351444
2.09317649322002,4.09979321811746,-3.91264002122996
1.94036877586569,3.41297901347817,-3.22039275497815
2.32572054225101,2.91231156893606,-2.81743704633725
2.0279607253471,2.91694404302146,-2.52957600444262
2.56079105645564,4.14089976246107,-4.13946900218049
2.71288427590822,3.28300494751049,-3.72412545947877
2.08541671737447,3.44677917741866,-3.41130914495071
3.61776122220622,3.12792255020706,-3.76128614133737
2.58707339317608,3.20178678259286,-3.68846983144077
2.79582792265366,2.9826072183987,-3.30712958870228
2.50778245163249,2.82194964276293,-2.82355267069886
1.98904424566093,3.02376022083295,-2.46604744385896
2.61037453880228,3.19424924909491,-3.50206881633818
2.41886064458549,3.38850533213794,-3.5911276667306
2.00654901322283,2.99019298671636,-2.31536616546177
2.89427885039637,3.9073480142413,-4.18947607181502
2.64256319384272,3.18819176250721,-3.64828797078093
2.64203339744668,3.35601109373869,-3.6775603900694
1.98475412886478,2.87338106886487,-2.52427004032098
2.18930301113658,3.76248663639109,-3.7381839117955
3.26667269354049,3.50131602426075,-3.90135713997524
2.41950352545486,2.82965270839444,-2.70045660703876
2.55305052246882,2.9591826894756,-3.14005356100682
3.34271110469384,4.14451600510258,-4.20009951854977
2.96619208355596,3.78128166218969,-4.04537293146926
4.24583180296705,3.81431604955076,-3.79835256703212
3.69437794248194,3.5831934323695,-3.95856712388665
2.19239172942713,2.83850959932881,-2.38700189703424
2.21924625397057,3.33231995041746,-3.40697037081228
2.7867210760016,3.28293905269782,-3.66079087272836
3.73423557469813,3.29800627457106,-3.68290066887152
2.36993810116654,2.82990462000112,-2.67607247101042
2.25136985478416,4.0794613057972,-3.99084944193
2.42532736771129,3.44844300834089,-3.6560811236462
2.12179273647096,3.0646137968327,-2.95196071197404
2.47867998269109,2.79357673113038,-2.7339290762652
2.11620529051465,2.92903219151567,-2.42051605682856
4.21875455752461,3.7170513816695,-3.75824719253523
3.51762113868245,3.68705106941691,-3.98679661979519
3.28339423313358,3.13756851260263,-3.57285671512878
2.3197962375847,2.95453240451887,-2.93631181981311
2.83065399689938,3.83830013166645,-4.14032124126324
2.08460605568569,2.99437116687768,-2.34711811930965
2.05813790843645,3.81052750802877,-3.69343726897885
2.0112949793413,2.97942255887206,-2.15073955519213
2.71391956265285,4.05556862844243,-4.17362686782553
2.79701709126309,3.08350413213918,-3.53259477450885
2.57943542998954,3.81464801445374,-3.96380029424097
2.18650190116177,3.69989272007931,-3.83113962407551
3.0585825127673,3.15356699867568,-3.77307844767238
2.50048757152306,4.2436507657182,-4.09041150256352
3.75579814192001,4.07036524329253,-4.21114772593507
2.18972486151871,3.5451122173813,-3.71208325084121
2.45930769126638,4.65025192126212,-4.25214355370983
2.5920579386478,4.63691824404677,-4.12486584715099
2.25154431244127,2.98598847012366,-2.90140950717123
3.72792332428329,3.77454901946743,-4.15246753529847
2.4080387155419,3.53352138141898,-3.7145910443817
4.04011080253593,3.64025010842727,-4.13277009664043
2.74408363554506,4.26683135797098,-4.29301130442933
2.25479171397124,3.81655936875983,-4.04318605407226
2.85402259796281,4.4162380705888,-4.30244944215352
3.1006953855279,3.56920505379163,-3.94111404437983
3.62170761387952,4.24054481948676,-4.19156631440284
2.79572129745047,4.7567951957546,-4.23159954538534
2.57415631023828,2.8041588917034,-3.36481201183046
1.84147048294954,3.04540587413466,-2.52294828540835
2.39182689566449,3.45709306238608,-3.64469189516161
2.13232418498344,2.91272923533532,-2.3743146766884
2.3754280238787,2.75443165812255,-2.91794065834005
2.28750014033619,3.27591322189902,-3.39743250033977
2.33003313468009,3.30585654006868,-3.46193946188172
2.78310164238756,4.84816114927559,-4.25462513384362
1.97755244000709,3.00999880111104,-2.29988178792459
2.28525083278315,4.35052165172535,-4.18712540779108
3.18377897968395,4.21278943527215,-4.32243994844824
2.58043772120509,2.84917207963406,-2.93574850770687
2.63391967068118,4.07788484425903,-4.16437912553552
3.69294063234521,3.42801169312697,-3.7871116701616
1.93404344332158,3.25602117590761,-3.3476616944453
2.30880550687809,3.2852284035582,-3.65710502796729
2.02645385450398,2.9253714552188,-2.32944647601939
2.35602167603998,2.99218983849399,-3.20172929968964
2.44196198544011,3.17723782063943,-3.56050562773624
2.57477836875807,4.09123531988192,-4.07458816992381
4.183799413906,3.4736233475845,-3.7758670947483
2.90578920799368,3.24155524554348,-3.65221223211463
3.48348850893991,3.35323014375006,-3.78722548080985
1.89606897794181,3.2271082922945,-2.77994415277542
2.00625182546119,3.19528368189021,-2.98536067625246
2.17832735695343,4.30235781797665,-4.12103993489211
3.13933995224756,3.71622260915346,-4.02948636515648
3.09956073093452,4.38664974823104,-4.34690235276851
2.20812753719473,2.87796867863647,-2.4455402780251
2.5013302730931,4.76911412865583,-4.14540718838182
3.62991486389702,3.27119240368317,-3.70130488286248
3.23978681008718,3.92938692281164,-4.13053770623814
2.83635229328306,2.95061227317762,-3.34769029567248
3.5513497137495,3.8863714974711,-4.08829673860421
3.1755724223903,3.26082042099043,-3.66988616032766
3.4985558303524,4.37883760199325,-4.2375511180799
2.50919763194878,4.64748137635541,-4.14817781905806
3.01332738822197,3.53934666627551,-3.91252001402525
2.0226626139167,3.0233449689805,-2.57759064393637
2.16914132223117,3.20330924524018,-3.19899945616441
2.283004416807,3.03704301406392,-3.04500570326286
2.49579727850341,3.85955140799779,-3.95289946216139
1.99938424386944,3.09744126765888,-2.76005164581275
2.63431550008369,4.89250750325241,-4.18262822819452
2.39136383269904,2.92090639913883,-3.2420534962731
2.28031675183169,3.32460732325156,-3.40565436868278
2.50805796852833,2.92633449537562,-3.04386769381895
3.29777319506334,2.95447110068328,-3.42386341745494
2.54500797424362,3.05740730421204,-3.29245735009024
