-1.50524978710448,2.19784878064294,5.90033092642987
-2.81166114946861,2.80843932653985,5.00899383026833
-1.66588881713882,1.84892293031542,5.30194744921378
-2.1035810748741,2.83778821829121,8.04724043607741
-3.06517580133998,3.05875410461271,8.41338295359591
-2.45240896477325,2.86853649693546,5.34179845903328
-3.0244863956351,2.30180394683034,4.51353479750578
-2.57601820870992,3.21354263578863,7.98316712707584
-2.75356034485163,3.53005641673471,7.16278393211257
-1.340206982336,2.13929943132859,7.4230455142597
-2.97086530635789,2.19905684414038,4.41767919085347
-2.24553653456724,2.38237695557304,8.69728935307567
-2.44292907488571,2.23452737923975,8.98955224798878
-2.70551272035147,2.05678041445605,4.51744548046978
-2.69255929699208,3.40456384071068,7.64456559275864
-1.37910496120993,2.09334489714769,7.65701485727072
-1.87885669557301,1.43931266651217,8.61520434287073
-1.68948557424496,1.78668558005208,5.23379015031078
-1.42615101585017,1.65695058451661,8.18254848681497
-1.98263678138127,3.03628955439088,6.55411745947415
-2.13985247647714,2.92499603665675,5.80954184093571
-2.45762700316341,3.29424394836734,6.16311652061414
-1.33572794825766,2.083459439552,6.23963940709521
-2.42364543724931,2.99163835030018,5.54574115560205
-2.4462779631684,2.90886540341356,8.09446417534992
-1.97306681615047,3.05587019497588,7.06337739522415
-1.05075972372576,1.40623710974911,6.69625209455129
-1.49030273290935,1.80079579410285,5.54959757199094
-2.81760341144794,3.3357702679607,6.00457348941149
-2.387724946985,2.55189567610555,8.52077850465799
-2.35837555068626,1.76374491519209,4.59076975473817
-1.53384700812291,2.53955447457184,7.16746335997943
-2.65441145863797,3.47323644928755,7.25756340808913
-1.31435872406595,1.26295223009296,5.62018634079364
-2.57986094862068,3.45746834562025,7.0672272673036
-2.52742629203177,2.5682105236188,4.96318925790673
-1.93765380534914,2.60108283467093,5.61640107498022
-1.57458492078905,2.57150654744995,6.60842399518079
-3.02867443600552,3.64425274378164,7.40498326868574
-1.36604185727426,1.41503939030755,5.57097431531946
-2.56879043293294,2.844676879173,5.21269848248031
-2.10639081817986,1.11093610254713,4.3611118937017
-1.33723444821069,2.21554871095287,6.58933776521061
-2.51522281609491,2.23629651878079,8.91090988985107
-2.25705865179795,3.18372338194294,7.52714505203886
-1.51060212877631,2.11643767400787,7.5424507596046
-2.6105051742387,3.38315761283864,6.44718330795654
-2.0126296326472,2.85714106652291,5.90161297788726
-2.28714073942301,2.62818959833965,8.53970465427713
-2.37294189918764,3.32778773182034,6.56044307985673
-1.48035621817586,1.03394959502924,5.37360930016959
-1.07704112306205,1.25234527813235,7.33293563066696
-1.30580810116487,1.77624459813785,6.17705189967159
-1.81598475562198,2.17487380473811,5.33010201895077
-2.23763265897234,1.90749506960207,9.02002983702605
-2.06165808353031,2.15160254533946,5.24874606587685
-1.11821332974317,1.66689421022889,7.01979142325979
-2.34247302986655,1.79179997780344,4.61241819805258
-1.65439548801211,2.1270267210207,5.5279695333452
-2.72777489016904,3.43300606270388,6.716292935344
-1.13394847581477,1.53582981013022,7.30986772351638
-1.50177781836974,1.10250010278196,8.49420995159953
-1.74190884492341,2.77876337011626,6.65960664290369
-1.35566359732722,0.990263559511224,5.60907671441014
-2.82631198296218,2.62483121318357,8.64158691904034
-1.16627914485642,1.20377216102589,7.79751990941378
-2.37940817437768,1.17381066854093,4.43302122762769
-2.33046962086126,2.48623286516051,8.8159851895211
-1.97403434140297,2.91118829773402,6.81001176969566
-2.52187297189543,1.51352991436945,4.41046162377931
-1.45989477058934,1.25479987157644,5.34819771299931
-1.78723428857145,2.23955123460601,5.42677351953983
-3.04251366345319,2.38542500605949,4.5190360352981
-1.39370652664292,0.942765642857621,8.09547603919549
-2.119508815932,1.44276872778935,4.52447959370624
-2.96216448802073,2.84444085352281,8.62082202028091
-2.20122293642669,2.53123188050809,8.55345016541846
-2.62913640354615,2.10622759411281,4.44857016138281
-1.04534910016467,0.938797123473936,6.36245711720603
-2.14974828576439,2.5325320445637,8.49873085854395
-2.56431490298695,2.72739239321989,5.21529719015942
-1.87066338057771,2.86890460570875,6.28111239854545
-1.0985938669347,1.50790409129112,7.36976362910578
-2.12047529058053,2.43192343919208,5.16911923196131
-2.08275379812119,2.00589428833152,4.9201593413043
-2.12552638103862,3.1164854108033,7.40676318833599
-1.20075879057722,1.48835050215564,6.00208195409957
-2.97209108846938,2.82149466607561,5.16545879616844
-1.38890009792539,1.76770584889753,8.03328937334493
-1.69838517704777,1.55581146053402,8.64221451686612
-2.88028253231645,2.78510868554418,8.73285345873347
-1.78532525367289,1.0069564351809,4.90193332149132
-2.55862959944903,2.66693186923541,8.69088614583757
-1.16417144057624,1.49679895974094,7.73101247766169
-1.03368374652675,0.820511655423686,6.99988852170576
-2.63149977300182,3.16123443215593,7.54422117646092
-2.53201479147482,3.15288187556498,6.104953580598
-1.81098825215969,0.871394114076314,5.04432156250893
-1.68814815922955,2.76028854663109,6.79228962491323
-1.94365213000118,2.96311968806638,7.21031368104048
-1.5057917894247,2.4115731088166,7.17729118178819
-2.2825453269998,1.76033577488139,4.77955314335169
-1.98226356522567,1.45216607306746,4.6921924743282
-1.25825601906552,1.34954646315427,5.7739887145786
-1.93770712003499,2.99360811085978,6.54131866790519
-2.12124321415611,3.01424070185108,6.40022744065267
-1.35899167517735,1.57322804130528,7.78106048406827
-2.81648951280688,3.56330437698088,7.08439983493513
-3.04338784814576,2.88804922568829,8.63178279982504
-2.36452994750035,1.15850455986461,4.44050262657096
-0.963488994142294,0.942945113094045,6.87589388051674
-1.76814654780158,2.74867565965797,7.50855826038764
-1.08132526538652,1.36576123200105,6.38336938064372
-1.99725850487032,2.03245334331571,5.0184268475911
-1.09475947896952,1.34879939669646,7.45985723382785
-2.17864053604208,2.34592302287657,8.69596590356415
-1.89270353661366,2.31724881951861,5.22500591007027
-2.67479812010536,2.96915550123511,8.27992679154733
-1.5964675367936,1.27801144936727,5.16336861135326
-1.78372395122986,2.31779429138065,5.50898685073648
-1.7381679236046,1.45377510729036,5.09180560976579
-2.08818752581911,1.4903759571861,4.70150722474455
-2.64002480143442,2.67090599834587,8.81739912426946
-1.76186983153203,2.28435738841749,7.85018595412055
-1.41195917307818,2.33525510846439,6.37716082296372
-1.30663344390873,2.05404090107971,6.30538338825834
-1.97705755974478,1.98130290146307,8.75034923290984
-2.31035921950368,2.15088131049344,4.81485227009216
-1.84336816554887,2.16589811513527,5.28696260477162
-2.40486727563619,2.47562458728129,8.89869009714791
-2.34783608718001,1.06049922973953,4.44213439501546
-3.0057051072919,2.89784043857145,8.75708193895764
-1.61153828465515,2.54563469237549,7.52906590392273
-2.15884639806888,2.79278963018087,5.76083753658383
-2.23446604221988,2.9473035902018,5.70700920813988
-1.15083980137597,1.58056650240129,7.49599493191917
-1.3240426667908,2.15270301974713,6.45577308605002
-2.24974357332587,2.69647128146052,8.08278911768402
-1.86504431386773,1.5433773489697,8.83543164894836
-1.68961096028242,0.923534140072309,8.75331277195319
-1.50250363126993,1.39455291794138,8.42908307316791
-2.68494985611434,2.95228165792899,8.50341776463933
-1.17204021633366,1.21967827773695,6.28261410517796
-1.61357926373089,1.66059573896093,5.4223061446438
-2.15704855508458,3.08261581356073,6.14602583640636
-1.4322229917911,1.48578329145207,5.39429039014212
-2.06093485281752,2.95172521515222,5.95528859838848
-2.27447749674463,3.00989533316527,6.08084050322991
-2.01288312475937,2.81125615087967,7.02188049910663
-1.65522961499514,0.916633974379328,5.04630237465688
-2.50608114758669,2.39410989350417,4.74238393197396
-2.71862266419107,2.03377928181275,4.32956494507498
-3.34320027103229,2.34803193663044,4.45684948666294
-2.96377221144825,3.05051825950028,8.55682574868159
-2.58662653773059,2.28276788833877,8.9568502805039
-2.76007053420552,2.38451423876622,4.82833165635708
-2.14695656880649,2.10903903819733,8.83504909976692
-1.75590622764328,2.37083314512355,8.23483872522065
-2.60761930190249,2.21200199400595,4.62024024978111
-2.48715061950882,2.81698537649043,5.24725706207769
-2.483062241462,3.26652807801419,7.7263681494335
-2.93733340171316,2.18770107657136,4.42749404264679
-1.60706592677854,0.855726044885312,8.32138713030534
-1.17022598002542,1.86749190477121,6.7949446083021
-3.19288349336185,2.55258604236148,4.51660466233446
-1.62855243411387,0.926880647883678,8.6792754663692
-1.44267475332411,1.82118348834373,5.43565777341437
-1.41034040596552,1.55718723568568,5.55139061672698
-1.89730115941736,2.80833931542269,7.19247516119019
-1.48197851788461,2.25323781504577,6.04315536258889
-1.34434705419454,2.00896729116943,7.67015859040326
-2.75605894024823,2.20178562815212,4.51258935021991
-1.08101516730448,1.20969612603698,6.27232654679121
-1.83377782008185,2.45504256710909,8.17351222343393
-1.93279271878055,2.79925458703412,5.94387292627478
-1.60184030339933,1.97555962151503,5.48617969492385
-1.91559355287148,2.48688498164689,8.2588549865198
-3.0133518129878,2.79484555688985,4.89382299051612
-2.38319589719468,0.954042653831161,4.41511262758788
-1.66769244190963,2.00807346492394,5.4077637578748
-2.59109710006994,2.28392731922087,4.7081906395141
-3.27905496264213,2.51042757993545,4.69717546236881
-2.37279458024644,2.11238842488123,4.77099057742211
-1.64178243992764,2.59999863023002,6.26639118832423
-1.89072585043486,2.26854162997873,5.31273724802755
-3.10086539045045,2.76581868482897,4.83071681436425
-1.40519465909698,2.44928774393625,5.89754231942184
-1.77466508313879,1.00947924087947,8.84523072732092
-1.72002813357032,2.6907350207137,7.51335952890866
-2.67535976165084,2.56346235516656,8.81193783068255
-2.80697146804785,3.14805309001758,8.31794995622422
-1.44128456056706,2.38697265558649,6.53373797155436
-2.3090138828461,2.56801858556948,8.52923147503085
-3.08110701398729,2.3867401708213,4.54607150057631
-2.80855462135352,2.8346734540139,8.72059352375893
-2.04184811236969,2.19902020458253,8.5628303702956
-1.20572059067374,1.93669162304003,6.6375923376321
-2.08885558582712,2.88498630533783,7.94009794651184
-2.18508308333802,1.54871577080052,4.64143872286046
-1.49234060244473,2.50448508996331,6.8541616451434
-2.21810317213416,1.90953343374597,8.88153964140858
-1.56369376483911,2.36210347581293,6.06943064566514
-2.48182287000072,3.38558362895193,6.29019555960089
-2.28985685144246,3.21629818485189,7.4915661185779
-1.19033123337122,1.19354517896138,5.88962947192761
-2.21511002050692,2.38771885149675,8.6958633160118
-2.96034452174981,2.7385470296672,8.89391274997914
-2.19612748532623,3.16079497236952,7.44703329466915
-1.48319037094333,1.10178386521127,5.29216067477132
-1.19884993203167,1.28794524761603,7.8571346971036
-2.54865457243577,1.96980969880335,4.44754449214815
-1.5758278891661,2.35465551867891,6.29105534194699
-2.08694207270263,3.12208682308459,6.53881782900452
-2.07661717026157,2.40394151920987,5.21523367444556
-2.95927197982106,2.73766452326433,4.86446430521629
-2.10102280993396,2.36613281585489,8.60271453044799
-1.65593998521001,2.25934667691364,8.09925246000062
-1.60939791265152,2.39299186908843,7.63293931853279
-1.83010494643677,1.4286748646961,5.1192720874204
-1.90028064897471,1.41421576950702,4.84220945020645
-2.43641110589578,3.1838713676268,5.89416405422366
-1.67536846309676,2.73056260066204,6.6311539313669
-1.97060629293397,1.05879806450162,4.64741337355675
-2.67379073601629,2.0772634465037,4.62483482844874
-2.92391008494222,3.17846380943804,8.23760609067986
-1.21246051624247,1.42165028346689,6.99712815343162
-1.21118627762506,1.35651140410338,5.89653983630545
-1.26450264547279,1.26159479932743,5.69582175035919
-1.06237178378676,1.25009607621453,7.36525718168906
-2.6587644982709,3.3971041410916,6.14360640763046
-1.47192486712901,2.30026869244296,7.11788677238376
-1.52318524747549,1.34520938144877,5.40680718699457
-2.15990657862075,2.52017844814333,8.52190047741585
-1.23207029562318,1.50417852644885,7.4572768040884
-1.16934017318664,1.49474268132427,7.43950148915255
-1.34957840313157,1.49200988380493,8.04069898516412
-1.57913867426864,2.12588482104761,8.09906575066442
-2.81609749053803,2.79155076043914,5.09867197579289
-1.61814831812602,2.58955586123537,6.63729145140037
-2.94669732343072,3.39788858584981,7.66572215987877
-1.21870649896844,1.98951405294385,6.75910773626291
-2.49983899771729,1.83691312900805,4.63170633040351
-1.13156572211856,1.75530188808228,6.92987892852952
-1.55904864550747,1.50768194260909,5.33530239684351
-2.30355069859655,2.58697373627758,5.16163135893699
-2.09484122926911,2.88229689559376,6.52163640108759
-2.36421121966086,2.42371428706476,4.96461583019829
-1.32482621145945,1.942866546401,6.06116656861129
-2.71825874375002,2.8036943008594,8.69793519621969
-1.25916679291082,0.812011602005705,6.03816403264129
-2.82621944864172,3.19372260758637,7.93429241994191
-1.08975321452532,1.27149374327255,6.26776661622729
-2.48271403447784,3.50343848131572,6.97566836466116
-2.190998066531,1.89579702636561,4.76974658843571
-1.82107980289879,1.22900174804595,8.86873156938491
-1.54589823241547,1.96112478906704,5.57033029669857
-3.01829005744777,2.53295903532591,4.67024433990394
-2.5647151870317,2.54561917137011,8.84067555459783
-1.13018248344593,1.56727228965084,7.41327241391186
-2.43157138456169,2.82510018084562,8.30996272831957
-1.7288869643298,1.59232881806568,8.66544806118061
-2.87743796899142,3.02196148157732,8.5437041811635
-1.95100545106613,2.91564582062955,7.3247282690781
-1.68454636669373,1.9380575229956,8.30018058559225
-1.60761313243126,1.6860755056513,8.46430191716147
-1.50357708892584,1.50994821845778,8.38831245697532
-1.91735882168625,2.8604276417627,7.12015561881249
-2.92274754167612,3.50672011425659,6.00933718914729
-2.06220089419375,2.7616027633034,8.10649323406196
-2.13601905642474,1.34931464043712,4.71379288525687
-1.67839741397873,1.74853380473216,8.53041950146953
-2.15842320107998,1.81132854990102,9.00110148622353
-1.60085010215909,2.59442123595528,7.3370394904569
-1.84634168904512,2.54198714723984,7.84816618904079
-2.51923173442364,2.88938348572017,8.45035091736539
-2.01763845719026,3.07155608461109,7.1709712051513
-1.81453027409281,2.24412705464714,7.42416878686323
-1.30984406854628,1.37947354727686,7.74347886352029
-1.17592577433387,1.8067658694448,6.48807530893312
-1.43773467033469,1.19039530054598,8.38046537794847
-2.87767193829025,2.03013210757137,4.42651326857346
-2.53690852589666,3.12489254199688,8.03895011116161
-2.0832673282867,3.13716684580061,6.69178206616763
-1.55474749730882,1.42949326284736,5.34115634140971
-1.110261376469,1.34243770346517,7.53436311861921
-2.68486316952809,2.62010364899877,5.02876916241566
-2.78925910553416,3.07613164128402,8.41256544504331
-2.28991596923986,2.52031655408342,8.64826460948201
-2.04252803757135,2.50381825846454,5.35212388950545
-2.0262890832603,2.5641437258485,5.68819467054142
-2.15511238692397,1.25895304513022,4.59825360261357
-2.40486120561335,2.77827061139988,8.48393106419389
-2.22900371166613,3.07121515866587,8.0608847036564
-1.44324940150235,2.33360526459119,7.55411364230673
-2.70681195548406,3.20824332456181,5.73847274908636
-2.41850187460783,2.87265349500638,8.3791727157621
-1.86821049935185,2.95091742148892,6.75034217424532
-1.7609850963273,2.66470446811589,6.06039535163018
-1.23410750007878,1.14020179770605,5.64606407710776
-2.72472693047156,2.08724422788827,4.52318777760592
-2.88855341905428,3.37614634358365,7.95476072581324
-1.05464600835852,1.4501857605475,6.96993387508157
-2.16148797103035,1.06904351695518,4.58968399149239
-1.2524917326053,1.67310958553819,5.77094466230419
-2.39720632558726,1.01780783215747,4.40911223721038
-1.94736130661027,2.30325675578187,5.13458609750741
-2.05893047890857,1.14308425722425,4.67504621523701
-1.56717325567598,1.67182448719426,5.3467737513295
-1.65860315894681,2.63699313554035,6.31103871985709
-2.72704654909489,3.00319079824858,5.29056234221873
-2.45847956533636,2.52456343819845,8.59289189984718
-2.94856751699043,3.4569391767896,7.54234327219538
-2.76379790119122,2.77912012365105,5.00721592438162
-2.01475463784669,3.04320186330663,6.76261255770158
-1.57879554611895,1.94544741448556,5.50106545466922
-2.39744904200299,3.1122848407571,7.74380537121676
-3.08246932789263,3.01439867496912,5.06242367895984
-2.52243352045118,1.75524555882495,4.61572372764447
-2.82239105208107,2.04226571934569,4.33223861857668
-2.31192928172049,2.64067270725002,8.60550917228439
-2.83447802780127,3.08249156566439,8.43495596140145
-1.50218306482278,1.81127899593564,8.22313691359841
-2.39774226652646,2.39846063234338,8.83992553406834
-1.34805171271556,1.18683263276162,8.1857620583476
-1.2754535961916,1.99776818740439,7.4230126638808
-2.44364379782006,1.47783625709884,4.57159353530993
-2.80168748048638,3.33460091104156,5.79270009676145
-2.24131102152845,1.87762527532897,4.72191085570002
-1.40524629705066,2.07638735360458,7.68550690110155
-1.65586300728563,2.34821153193535,5.76736152019057
-1.95619774458523,2.7955879922409,5.88944035764214
-3.05260600619466,2.83617091283202,5.21956753519833
-1.30475927549249,1.4839211746049,7.90056631298906
-2.30360304860604,1.38225670289413,4.51530407175906
-2.65097523580516,3.26922279329483,5.80832437894061
-1.35092817920118,1.36676643574398,8.17698611614943
-3.05275870920284,3.20002817821371,8.14722860449931
-1.31405701245202,1.49971425690194,5.71695213583584
-2.38109583110676,1.42116629208575,4.47354602059331
-1.87757626877555,0.918253492889765,8.86295545434994
-2.35839436339105,1.09659785185858,4.43829931757241
-2.49250363753757,1.63939874224537,4.46462264032143
-1.74489253181322,2.09017309849157,8.39971379931131
-1.29412469597116,0.908810731079098,5.60656404989174
-1.92923115533799,1.95445364240068,5.10076225596178
-2.31503185336281,3.22345376237627,7.13385932339423
-2.53030765639774,2.02791525774894,4.59871684565407
-1.5348963050381,2.27727727390391,6.4860540523162
-1.8574114474139,1.64712071417238,8.78925735521283
-2.16161945541853,3.13519751044577,6.31352160519901
-2.25785707444657,3.31964008969421,6.55085596488336
-2.9597661780036,3.27991334581173,8.2069703127934
-2.42331498678128,3.24006359681995,7.69880066131396
-1.07203279774996,0.890876599072451,7.52772041237263
-1.39865884137057,1.26622023282234,5.46186176561352
-1.3869022029614,1.22419516224462,8.28666764260808
-2.75323825386299,2.78589885843237,5.05365564198816
-1.56093920760616,1.0057585798666,5.17112552953008
-1.89667566673458,1.16184095576558,4.80450439447046
-2.28447211752279,2.74992000815685,5.49930811628071
-2.20779500415271,1.53453690988674,4.56631425851073
-2.21682932997947,3.04161631302638,7.47446443687769
-2.98653685183124,3.12962347842002,8.46276945267019
-1.75715771517698,1.38988487359336,8.76474385528255
-2.56555152630984,3.42470254356922,7.28548508821182
-2.29000927180487,2.95147710709648,5.63942713847547
-1.58772189402621,1.74645339197649,5.46772784790177
-1.99932224933415,2.897698342726,6.01636514412019
-1.91846298222283,2.28608102746756,8.46535783635647
-1.23851398029257,1.79231501078327,7.09508355371453
-1.56143254112766,2.07380971190488,6.06827593680219
-2.29897284233512,2.97996753797861,5.67617773161499
-2.11049828763379,2.98199502320574,6.67537966039009
-1.30548229516954,1.20594625909496,5.62273352431567
-2.21508669222731,1.91408289320799,8.94473764774246
-1.93842187703267,2.99159847540775,6.52509061783414
-1.22886911319779,1.97965829796723,6.57914909896899
-1.76602446777824,2.19468114979434,8.34210839096066
-2.34049173633717,2.61026959443915,8.6074594214134
-1.62633090740173,2.68070486117832,7.03297068979525
-1.05913577413777,1.41942573412459,6.62025570955699
-3.10223844912238,2.68488007988768,4.75892811257889
-1.2197430386391,1.7032172477503,7.63282611823333
-3.05536394107007,2.91159193627499,8.76489471594764
-1.5025043333889,2.07810156633695,5.76384646344195
-1.76386324881303,2.29440703445834,5.51542127668037
-2.06376025696688,3.1170277121394,7.11310072430111
-1.83710233101535,2.8078142718622,7.45510244968552
-3.14324081345954,2.25316836583043,4.44578500401617
-1.38321361963884,2.03607111541863,6.54038146641884
-1.66096365818182,0.994719834963324,5.19275193844617
-1.71777889936595,2.54487904201945,5.93260428348184
-2.06182989821578,2.95792978568108,7.73433451143283
-2.41079758684699,2.90836153079155,8.07664306966769
-1.76053187568424,1.87938505068547,8.46057947209136
-1.09283831988391,1.5796096678011,6.63217813543235
-2.08857628932268,2.73148177624664,5.80002869960374
-1.89925964819055,2.52504332902298,5.63094425517591
-1.58808041379944,2.45532810405614,6.10097590054146
-3.01597326204058,3.22649034046268,5.40989071261623
-2.36676332816613,2.53874874824792,5.35848411409939
-1.16782670889969,1.50045350485862,7.63902340261813
-1.76575175221586,2.78932456358187,7.36203325503534
-1.84543804287274,2.86465086317398,6.35736448031418
-2.38342606360553,3.06690185456881,7.4732160327994
-2.51543874020092,3.15341990621648,5.72521645688697
-3.05895348319754,2.97712523133774,5.06497682155974
-1.636327571795,2.34062699875919,7.96152995855089
-2.44346200162166,3.38111963537462,7.09621301000672
-1.81105485273148,2.1008311551058,5.27792123564992
-2.45882240407647,2.48990702631958,4.94609282271295
-1.89995389643022,2.57870704543969,8.12010307418146
-2.77074972275719,2.81392160465748,5.03877842839139
-1.10115078690976,1.03032708231721,7.6300610880772
-2.30555252611174,2.83100076455294,8.38835161199474
-1.92751534502248,3.01005576119152,6.80864725760244
-3.36291299644695,2.40566076648661,4.57451936452838
-1.26113642325011,1.89835049200945,7.53591791667597
-2.08039543670787,2.43655187287764,5.07568319972079
-3.11042562366291,3.08016386454181,8.55888612341835
-2.7752969852701,2.99701183548961,5.54924650529913
-1.63885829915194,1.17468809318782,4.95985087084567
-2.92703957004885,1.87048508032569,4.36131413299858
-1.45559132640312,1.1032105999914,8.23867877122276
-1.92961688249323,1.56412236255504,8.89283059838846
-1.85127660876164,2.35209047887045,8.39893346255769
-2.36966116096261,3.13546266580275,6.23543630792302
-1.75214523162486,1.04005611762931,8.81865270389658
-1.41860935714108,2.13118617546168,6.03754183485981
-2.07278148939699,3.06203266971332,6.30544471730692
-1.29805474731089,1.34460950854924,8.24937427451006
-2.80540680690429,2.0244950242247,4.43675147807864
-2.04108210539147,2.6557765420702,5.53270283650369
-1.53215588300132,1.95587188795248,8.16786850567854
-2.80291796345467,2.33052773413584,4.62437379256814
-1.41576742673371,2.17770717653714,7.63891479330802
-1.90112626229144,2.25164772815306,8.34906613655154
-2.54999007994694,3.28312220689242,6.73444232158875
-1.64787724176796,1.54010041538909,5.16495253272574
-1.90018995039771,2.6339317369857,7.82728334964985
-1.83152097921887,2.7764228078197,6.13355027286668
-1.23593773855845,1.63411240171625,6.00674632066509
-2.2507877366649,2.07596545432946,4.91814646967923
-1.88116218733387,1.67396547973961,5.01908153460516
-1.48511765770076,2.2612060804372,7.24463599045769
-1.5667829711349,1.12685053865299,8.40357671910592
-2.39581777692933,2.3722740285439,5.16666878782339
-1.25775257629258,0.902651393797259,8.0544387414124
-2.79120265010427,3.35302350863106,7.65029846554444
-1.70290466504127,2.77364993313331,7.35133993158382
-2.06413340927906,1.19942375432375,8.86337274673074
-1.38947901517422,1.95437266687826,6.47498741873382
-1.83294213130617,1.93607628979911,8.61910832370465
-1.48825656074212,1.79384449300105,7.789051848254
-1.57300014425346,2.35180677377244,5.95750404825566
-1.57012573607763,2.26060163903997,5.83298578622552
-2.38368042610114,3.2724319548057,7.51251643150515
-1.47890295733199,2.48169226434221,6.78316386929668
-2.59172969087045,3.44343725726334,6.50788141964133
-2.32799940887512,2.6659749230108,5.22017525161914
-2.46919323723446,3.24014075287274,5.9831806270108
-1.10904152022959,1.17778777055595,7.61706917373677
-2.53605700307247,2.85685138683686,5.25369069083474
-2.98220302118734,3.23905374553808,5.4661131803715
-2.39127457290195,1.4837865772445,4.48186787682521
-1.91989247397419,1.16060180607539,8.95273736436145
-3.03329584336892,3.42600747299485,6.05229822781121
-1.4477990186099,1.19347565821027,8.31487751670765
-1.4481971539566,1.0639237342307,8.41703866055268
-1.70959635542318,1.31073166314988,5.17761514238896
-2.5886904128711,3.42389169592452,6.63596801958455
-2.81738848155607,3.57122629146519,6.84005195950106
-1.9930309223101,1.79363871261839,8.95753278343381
-2.7531557489101,2.11673295966472,4.52453729833089
-1.27904832384374,1.80033601540092,6.03504184146343
-1.05612271886565,1.38035527811636,7.17927265278815
-2.06503532687415,1.58159854695952,4.83931546942134
-2.56975432765012,2.42094315224557,4.67329859756795
-2.47282628112736,2.44547823614873,4.90010003378754
-1.86708686024741,2.1803550352871,8.49020021764209
-2.33949713730787,2.59148132978158,8.68698631434037
-1.62135579399511,1.12394497463316,5.13991220122506
-2.27631670102324,3.26638447949272,7.02774179991473
-2.16411650616185,3.12606364691423,6.27132374416782
-1.78495931328091,1.61163310188816,5.03509647287458
-2.47727453869979,3.32645584354669,7.52178612922727
-2.63214625565168,3.42891669300107,7.44042395320267
-2.26671552041875,3.09704075910608,6.26448497986104
-2.83749848877196,2.3688946519797,4.80159663892721
-1.65778631712871,2.72581191528078,6.84657568656212
-1.64907757345861,2.4271411348659,5.89458294646973
-2.23969358086088,2.0492003230984,4.91645206636116
-2.52465768790057,3.42531298129081,6.60677587710305
-2.54431729418749,1.98558767253969,4.56989211511631
-1.51991846615501,1.41705591762674,5.43549466381086
-2.53875895442194,2.38871056653809,4.83328523036221
-1.38676528936743,2.25929965042955,6.69315980448938
-2.88935023341613,2.32312810607654,4.5802868791179
-1.25933587513908,1.61611920373233,5.92473051995189
-2.17547196422294,2.07637610654835,4.77630423331057
-2.26896222730916,2.36109572112742,5.25211350480974
-2.66719493130273,2.94341601133856,5.34065355300224
-1.31115017701838,1.13817239716494,6.0097281115394
-3.06658681420668,2.41147096948418,4.5672101960459
-1.86071874116269,1.74737198849894,4.93422423063797
-1.88060373553954,2.85552213966509,6.09034287098336
-2.61189097605993,2.44061469869871,4.80429735290295
-2.12345356018658,1.79963473830852,4.78141708781447
-1.22484662961887,1.88486453824249,6.72552750318385
-2.11809862761539,2.07120886231127,8.48012998856933
-1.45486705961556,2.33612909534496,6.43304752024203
-2.88024169794314,2.13273898418746,4.51974578009319
-2.02911501038991,2.20188294128959,8.36211532727351
-2.55164367521198,3.41959650375239,7.11787429174812
-1.91316154002434,1.28882103525863,4.80931762452872
-2.42403832324257,1.31758906911513,4.4268963862526
-2.38964793605986,2.87880281101899,8.34209004810518
-1.42280131341161,1.14570720948723,8.15243695917463
-2.86811660798084,3.58213627636383,6.65886443423853
-1.14567375308457,1.18809788059157,7.7396916547604
-2.92048299523361,3.3501258453293,7.94316988111295
-1.79037695870999,2.65132130125031,6.21923463090641
-1.98928348785905,1.189617887118,8.9950194410079
-1.57230637713455,1.0224597499913,5.15697550650513
-2.96210685317196,2.39182687424142,4.47614993380134
-2.1097165274552,1.07002739403744,4.61040110959166
-1.53136322627569,1.88287168488631,5.60378328087562
-1.93407962420292,1.56625149962078,4.86225323003838
-1.58845248986992,2.57783301138203,7.06164357070088
-1.9833422034207,2.7065115539893,7.93510037455194
-2.61325524266268,3.36293711152113,7.65255078078229
-2.16380763081115,2.60937643351029,5.32609088269441
-1.71389510806902,2.79018686196077,6.79407003873144
-2.546895109918,3.12987208079422,7.9259157191371
-2.12752876029915,2.09340402347529,8.82736147705366
-1.88812982259235,2.88950930563349,6.29117481658598
-2.88678690662149,3.21913364636279,8.1417099016931
-2.29460056817647,2.52352523949744,8.64952039092484
-1.76666706992918,1.77737474953523,5.1308181857752
-1.24894742131413,1.82123647123201,6.16060552810311
-2.84301223721689,3.13488407900442,7.93467863802167
-2.25216774227408,1.05746499255447,4.44056510777388
-1.03795836112773,0.96114353551452,6.4076883771911
-1.60210493077962,1.04218682236934,5.11927484906192
-1.85007747738711,2.65773265940725,6.13132894282221
-1.45901868907707,1.98831938909384,7.99317142993287
-1.54951522923114,2.12530766118928,7.5706458404113
-1.94037387900131,3.0220724979948,6.94306431815597
-2.89947332175469,3.17302041044532,5.41408706193055
-1.3475716742265,1.34997147912255,5.56255417464928
-1.99452630657717,3.07092497916962,6.84824922896843
-1.29308437979865,1.36661821058596,5.70140266156639
-2.175973127356,2.08984102520123,8.88801699637135
-2.517531737179,2.91965206300846,8.40952361905665
-1.69801699067197,2.62766040982504,6.82609542081339
-3.06170906286881,2.15912756457628,4.42124113682849
-1.09964169732811,1.82705372480594,6.72243891120826
-1.35524847642146,2.24865664305063,7.17374719954599
-2.22080942915714,3.30510366442698,7.16391027531145
-2.6327839209925,3.47232527418943,6.57262732526668
-1.82107689216405,2.77049044330477,7.74810513241838
-2.21227796488565,2.698082191998,5.37464885220846
-2.23590228145263,1.73387870647164,4.66573733690567
-2.14450150798586,2.73964774908286,5.29065085829329
-2.26175423610194,3.22793341958333,6.12949059593828
-2.72864739645121,3.17846963124433,5.55407819092568
-2.2760418149383,3.12070361337336,7.61441531650725
-2.61597765881302,3.27673599962518,7.56305939808398
-1.3595834627466,1.0472836499733,5.65899324947496
-2.44546453054218,3.14410303784418,7.96578463163137
-2.11605876114293,1.74455607285202,8.99415358743483
-1.89306346046844,1.54112408713866,4.89431581227581
-1.70892059467172,1.26475980838881,4.96848904168205
-1.62158106298721,1.91472101164383,5.44269415248233
-1.32724695019586,1.14953516949833,5.4664353118244
-2.39483294361052,3.36421495090805,6.75303910229086
-1.8648183653377,1.95516721686477,5.03799298403289
-2.08827399793207,1.27692458578965,4.42149458408454
-1.86681065216463,2.68613702150429,7.89541601987616
-2.7491956032609,3.39286943105623,7.76028606683171
-2.72224840967306,3.52615409649134,6.7087008054221
-1.538683225705,2.52684503512569,7.37571063760791
-2.23341441097443,3.14670478663001,6.1647916122966
-1.8909641511453,2.66542687620664,7.97627980715416
-2.45570615592573,2.28043956421624,4.87015050330485
-2.7025107854277,2.75487589080398,4.83721678712129
-2.76170015554948,2.65262508665855,4.88883020517588
-1.85209744004647,0.905472440932987,8.80267653890219
-1.38824224925909,0.794496685285832,8.25610936400239
-2.91387173265021,2.67780663349986,8.92661771661619
-1.24844258228567,1.18386618146545,5.74133096538239
-2.27224539192167,1.83614002346149,4.68037408521935
-1.87603180539412,2.30836241221392,8.40736868700564
-1.0493058092485,1.6786452115791,6.71396093749668
-1.11118440994806,1.60380308136227,7.23882596453816
-1.9815868204069,1.68344499170073,5.07685650668372
-2.38907821687488,1.39717871514709,4.46341323207515
-3.05115222255864,3.39408117885368,7.75215465644071
-2.86543400549241,2.26259340902972,4.55397062317953
-1.54034111030311,2.41815393637855,6.62617452027541
-2.72272779179248,3.1367443258277,5.47559401795897
-1.94127228647535,1.61041177835829,4.93262248246281
-2.91992379055971,3.04792538317069,5.22330959908787
-1.48704731330771,1.50961836761129,5.39664764131608
-2.57623712938648,2.65882554578871,5.0113625749711
-1.97171648883264,1.58948769659142,9.06428220733541
-2.64445810639078,3.30597403303825,6.27567571075772
-2.03126528404703,2.16838181590237,4.92846352504379
-1.88778871077423,2.69191733908123,5.83253695154493
-1.39794089737056,1.96755018399034,7.87221303160311
-2.03146276710524,3.08667728748239,7.14441241376967
-2.14162666951598,3.16529189886317,6.54051023640426
-2.03603330514352,2.57915162640368,6.20527390184231
-1.42882505207433,1.88944717054318,5.73887356383869
-1.82286788379969,2.78843449308889,6.85584567338954
-3.02095689466341,2.59584062457479,4.71737116021962
-2.52740904167511,2.45561599606746,4.87014186361404
-2.85347402453599,1.96574226184845,4.40754807153079
-3.16976213338178,2.63202217832804,4.69205527921904
-2.74527213222732,2.61354023259917,8.45345555579715
-3.32232374360593,2.28663318713503,4.4854316778507
-2.7020773693911,3.36618418408105,7.26493371735225
-1.14118164471977,1.57955642919745,7.45271480333709
-1.4097424200848,2.25277028685054,6.9056740540177
-3.12811296674924,2.24211442679221,4.44427284088346
-1.29833271840101,1.0003448266219,5.60267420840524
-2.20029706888109,1.48213592958129,4.61152268136758
-1.81567654526401,2.21169819610632,5.36182218686015
-1.64463490591889,1.22231505682679,5.08970168979039
-2.06986347187564,1.35130893138615,4.68286580426595
-1.70149895275653,2.18618850746088,8.25200917658643
-2.57993349759966,3.38519013703013,7.51294258501315
-2.01090887154817,2.1675107512995,8.66469400892933
-1.42102952791218,1.66307011234841,7.81287026765773
-1.91962983546,1.73674631426413,8.61881326303824
-2.10273896339654,1.74930398678404,4.77768663198653
-1.72066909731268,1.85276260104818,8.43072365157032
-1.26298660120349,1.00405653046414,8.08142215663329
-1.23306662265738,0.922995135807575,6.05189054982828
-1.30651714215879,0.719814204768403,5.99465641934965
-2.87298451090817,2.40175278526474,4.63853089381063
-3.09274465301524,2.2112770537489,4.43859249302102
-1.69897696153847,1.90265308105809,5.2893915467038
-1.31034639177937,1.64019953587775,6.25827144671351
-1.60301984875481,1.86523683154866,8.29005688929449
-2.38006426376291,2.66644619419981,5.17331383367989
-1.85696041602344,2.80901383614547,6.28352215225018
-2.20451655388781,2.73917573844484,5.86215360075826
-2.30775115121211,2.3862851185868,8.79652702599142
-2.45111493597106,3.17320387353254,7.90977776914537
-1.24506960254668,1.66997807780595,6.0104153398781
-1.15833725252648,1.83579837996846,6.82091881151357
-1.54493949339389,2.55790478734222,7.1516575165286
-1.87223696767535,1.77657088564202,5.00990744126426
-2.94026906872188,2.66633103412045,8.69688741480059
-2.37518481128649,1.43291325186385,4.47987901067368
-1.22248000013432,1.96249056221838,7.18474966869301
-2.8806497849923,1.9111175808374,4.3237928403556
-1.49328884904478,2.27689456090071,7.7090254700544
-1.12421572894169,1.62210318849537,6.46117575534069
-1.22868227784627,1.9125644463631,6.2964007939455
-1.4758963928066,1.18094144570143,5.31593937071528
-2.42287278627207,2.28519103339193,8.94015160794439
-2.72997986991416,3.40920901817045,7.68556305799203
-2.39532441173641,1.4045795263697,4.52203613974354
-1.87430700569947,2.60008208873231,8.14292591146457
-2.5286419894954,2.15241439257107,4.66623596593112
-1.64840418716927,2.25483220001535,8.09049082528974
-1.24704958496732,2.1954847008289,6.49342015332646
-1.96656045696377,2.08277271692199,5.08249489106282
-2.30761640778037,2.13296831222571,5.07989416312349
-1.49415640346144,2.40833056988943,6.32203262513068
-1.28380499417689,1.64120876883517,7.20246703800864
-2.31568807561663,2.60966351794899,8.14468592059047
-1.30267144933106,2.03835455505248,6.29174870649052
-2.84853947726497,2.99888232914842,5.20336177922962
-2.55722617074954,2.93864319386406,8.41912959365644
-2.67008151460673,2.71722286355839,8.52080291689947
-1.91144874489152,2.52712021816431,8.20470080917734
-2.71729558028802,2.89514523120061,5.10939362951084
-1.35742172403802,1.4738115260658,7.76629642551863
-2.65401372522632,3.39024556746467,6.12835341785133
-1.24447314136139,1.35949375242724,7.3048058294393
-1.19683016822888,1.90856064287798,7.14173178649381
-2.13547340730221,1.8316165102282,8.97321461536406
-2.71619507821476,2.90487315665916,8.63924399213695
-2.6830214861055,3.36453522564766,6.00615974697889
-2.07145999413305,1.80279636303252,8.93110556755695
-3.01484727117976,2.65010955583855,4.76382577847227
-1.13587133412346,1.07014054912684,7.74124631087946
-1.16666925570752,1.02253739799838,5.91698738127919
-1.62427329354666,2.65964117656894,6.58050433719288
-1.78291601430014,1.60479903524449,8.7239328824663
-1.49384541905643,2.05043712068767,8.00540200413666
-1.81063228618343,2.20830913228463,5.36576415872747
-1.47609150182656,2.44372379761122,6.5399925319817
-2.16355060271808,2.56172113108316,8.48351284164796
-1.89084830738577,2.07722386539253,8.57380996561857
-2.49583242040854,1.68228308644746,4.47642887196395
-1.42106421572763,1.61701519334311,5.78185594282265
-1.40251204705243,2.35114529447644,7.06502988731222
-1.99198869750985,2.02996791018915,8.44007166634269
-2.31720968687191,3.30827773112683,7.03699946803691
-1.4791580846743,1.09074422427199,8.46185733889316
-1.71412187384161,2.46308304981822,5.49150948183263
-2.73418979984001,2.77730419055111,5.02341329648608
-1.77733979910054,1.70745303986579,5.01525405502324
-1.80711268897224,1.87567094754787,5.31880662279062
-1.76972042099499,2.56933715058915,6.10801088962445
-1.74405005814111,2.80371186046138,7.17206801920085
-2.56841055763459,2.95878644589668,7.99556658017187
-2.89506686278611,2.5736980583989,4.85215524814792
-2.76288487742989,2.75673273431921,8.77326448748638
-1.53400831017563,1.21126151680649,5.25135521044728
-1.8096929687402,2.69675136301373,6.00734461060797
-1.56037385992146,1.51709939866829,8.47160734829717
-2.50482405018372,1.9141739517023,8.72875626825752
-1.12229944973264,1.26667124661623,6.24225397539037
-1.15651481839863,1.61691422480824,6.51821823789856
-1.73419776067557,1.49681694428959,5.04007729460187
-1.39401916186896,1.3561431073379,5.56248708671786
-2.60814316742688,3.03632870622801,8.32629879961739
-2.21254205675132,2.09711471200521,4.86010806970367
-1.7744489741281,0.934183707378772,4.91055425979427
-1.79667295346198,2.03048384196245,8.4300689907875
-1.56867596954005,2.27450592884123,7.90396653933668
-2.23464164055271,1.02375761386406,4.51492455919283
-1.58172246325444,0.771822559125557,8.52328896688541
-1.59534462710697,2.45455736059303,6.07835659478835
-1.20965198163916,1.20897331566377,8.08017920750908
-1.75301164631483,1.08444753884971,8.81565442721094
-2.04538828574216,2.5623680987716,5.41288679830937
-2.18863173784401,3.00194396910861,7.58260491016364
-2.50201550817682,1.68319165325013,4.36128642077974
-1.93932816292181,2.84879841357493,7.7213201733645
-2.69800684397792,2.46298747179705,4.77038675614156
-1.79254661856226,2.49248288788429,7.38963399434884
-1.99294118207869,2.02660402354894,4.99425690831869
-1.89975320327084,2.79059473755139,7.51531178493737
-1.45033320970391,2.4403164890222,6.84771670828548
-1.42292086881399,1.846950377869,8.04330953471416
-1.74297532780757,1.55069805847597,5.20123641771312
-1.54177139663257,2.5270567711692,6.47774405984506
-1.099279565144,1.41631110369746,7.42308655802419
-2.02529847348979,2.50012259238886,5.36919620648702
-1.07275251613209,1.34601964952663,7.34438715743874
-2.34371999665933,2.85476989967584,8.32683433020186
-1.83700596204385,2.11994951428113,8.53130239171662
-1.16303217648214,1.82802464713966,7.08824593505258
-1.69170131659758,2.7664546341857,6.87104034458269
-1.35076620540474,1.55645298478231,7.68588365767337
-2.22461558348701,1.27172241205298,4.5047346254608
-2.78368708275711,2.26712977714104,4.59793362495224
-1.86339373399548,1.94528404467134,5.10976028099447
-3.06786511544345,2.82733480251237,8.77188673914883
-2.80664119540876,3.3012241008038,6.09999272763848
-1.24072048618363,1.7101559641154,7.69651019153988
-2.74818023174519,3.41036815266407,7.54315691177355
-1.91005896292599,2.99471863996246,6.84512024734546
-2.35966291694462,3.05224851832474,7.99284925950516
-1.01682453177129,1.16633713640302,7.05340564654977
-2.32833380251309,1.89062930429968,4.72655414935607
-1.95558206674417,1.12250206152208,8.80696103735485
-1.02612203910075,1.25167554757699,6.70891532229662
-1.26526964315263,1.34384620134155,5.75515093540664
-2.67036232427344,3.19931998636294,8.1131709767645
-1.19456795898832,1.57866460347297,6.40509645311349
-2.2642224332618,1.74358435355132,8.8853746732631
-2.28315161814814,3.09578832814061,6.68251369827518
-2.50250285384646,3.19304414436711,7.93550399388674
-2.11148804930773,2.67403891919605,5.46398870101935
-1.03871053711001,1.07585588252821,6.43526703303402
-1.57581787957717,1.66325093447371,8.42922108130895
-1.35376509149789,1.50155130473379,5.76876833991131
-2.18943428091104,2.41247686216818,5.10774984044713
-1.67455421855295,2.20820855339364,8.18634814847103
-2.44088670197386,3.29199162471452,6.19653985853209
-3.05493881610035,3.36290814715756,6.26424564539628
-1.44195373516346,2.40454509432751,6.61517488050007
-1.78429079050256,2.4744707324748,8.06604091420969
-1.70390319467278,1.38154301326894,5.05353994410932
-2.85832311667895,3.12607637963615,5.69696577657077
-1.29539940902339,2.08997385110613,7.31111560528224
-2.02314717129973,3.09262796273414,6.99419322539457
-1.80380153414207,0.964534066170448,4.88046247989354
-1.74907462140067,1.57634870438547,5.15639901276273
-1.03091419529156,1.30419778700691,6.75427079175653
-2.76440750946096,2.73685650861148,4.96514816864113
-3.37166187270835,2.31892460999298,4.42474299632502
-1.44631669873288,1.93757053671607,5.78249788826522
-2.06536470638526,2.66945309085818,7.7680980530568
-1.29311046719323,1.04617715504607,5.79934709833294
-2.57361641334696,1.66079052896858,4.42626518153213
-2.80893608773888,2.65508892962872,4.91646358268716
-2.34854219450226,3.3331373119479,6.91435140664376
-1.29347790971234,1.92463305173536,6.71540549278933
-3.13070209406941,2.82665948223393,8.88203983994205
-2.8657383887366,3.46491876645865,6.06619270679922
-1.45638413811861,2.20274578294527,6.03630672764315
-1.26718974301355,0.968153784020319,8.09339926979608
-2.99963546726004,3.22631394616547,5.49250256954959
-2.39902094163887,2.80974258782885,8.44060014198102
-0.958030210966773,1.12037351293765,6.47187048127878
-1.02100900164959,0.964449039125012,6.52551671698197
-1.50477058590895,0.9662333278325,8.51074099108968
-2.7127256147893,3.08769045637039,8.19497037370371
-2.27141525111705,2.36147167957355,8.76680654431569
-2.18420567662239,1.60815459925559,9.0723297856815
-1.65968406483707,2.32549480926418,5.73074980307791
-2.49290975384405,3.12105059717919,7.95301046139614
-2.83188860175931,2.70629435885682,8.85994054506988
-1.03136902549959,1.31271863943064,6.98472449108388
-1.13443611216958,1.59680058636919,6.36204016799884
-2.31216783346289,2.93339849345387,5.58250659954402
-3.25130580425298,2.41819443574401,4.41229565651709
-3.23975972449891,2.47658290800743,4.51320416755536
-1.32496884714975,1.99395477603133,7.62763645404666
-1.75604826037694,2.41937920478803,8.08781083309136
-1.46618024529225,2.45755493875395,7.03473078894096
-1.94530805732519,1.54502403580727,4.84449747604006
-2.69663853894181,3.52008462417342,6.84938656688257
-1.16750166534928,1.09888914906738,6.83006957297579
-1.18091591905045,0.912692337194694,5.86915939112186
-1.41354995768862,2.36137769943726,7.12252941118301
-2.92429957715284,3.39790144612663,5.92831900048116
-2.31238920018561,3.29041212257626,6.56959176021396
-2.08702919899946,2.85551047703827,8.00715035064767
-3.13401665776725,2.20325041220679,4.58309528647955
-3.10072836818942,2.29101313762624,4.57891804884402
-1.49307601414652,2.04188067887404,5.74616170998431
-2.76493009474623,3.37061107729036,7.83979974553452
-2.24869509326075,3.10104564935597,7.7538944876261
-2.02408005420981,2.94384938198392,7.68024758631966
-3.12979682178141,2.93264342901453,4.98524620675997
-2.62174667480373,1.65057610992243,4.41795934945339
-1.97380714338727,2.87856990230518,7.73042589351258
-1.32886133138476,1.41660545139324,5.64584389102277
-1.13598183603345,1.61198091785331,6.37495718410378
-2.15077552892617,2.14875664676619,8.813150602746
-3.28371859723826,2.2483701937493,4.40471039044743
-2.5243811565281,3.41811483098296,6.36460451159592
-1.65490503676297,1.06084083942573,8.70419211447686
-1.861932880836,2.8382868773965,7.54485500838075
-2.19900297222399,1.82493720490357,9.02760661805468
-2.69912492849881,3.0311511415141,8.4090048099053
-3.17043891868896,1.9496086234963,4.3669778615157
-1.68876706296938,1.83327624995407,5.35567059075517
-1.9135406009359,2.36369504738458,7.86679843017013
-2.11891776625246,2.40917866300363,5.1750730001714
-3.18174889003053,2.56382442057234,4.59676645085034
-1.95225811269117,2.8412984544552,5.99143739678184
-2.08329901590656,2.48371251087492,8.35057695933141
-2.09812239770705,2.15241136563583,5.06245480841854
-1.42253807323911,2.03221598591059,5.86126692914655
-1.60767900799535,1.19804464434234,5.13250360967127
-2.37383632391835,2.76947121116585,8.13589410348607
-1.14198452929255,1.25779069786507,6.74223955708914
-2.02343529715005,2.58604715708192,6.14581943001677
-2.82403766626526,3.55949107785717,7.15950597482802
-2.44413193306993,3.34351999112272,6.43945865756943
-2.68436426023526,3.08195823325792,8.34307464519777
-1.83673794799785,2.73406747807059,6.02165628656633
-1.33437801103777,2.09760684749066,7.44737629176007
-2.28325063909158,2.90973488570139,8.17787762847997
-1.9131366251316,2.63386963037597,8.06351344122762
-2.42315422122846,3.18590119538077,7.8399183621286
-1.94270296124869,1.62779954592265,8.8831363563463
-1.12312023414363,0.992083344786719,7.66408677501634
-1.9120451244221,2.51343879790877,8.09285201207383
-1.49742347629919,1.37036363541497,8.42895658748323
-1.37790781548595,1.78810024320478,7.99306597496609
-2.05032292393083,1.8285959983,4.8582482481494
-1.2271237682345,1.61242605863268,6.01535683910947
-1.94905963981872,2.5033263923099,5.55731791249467
-2.26984454761781,2.13469956216063,8.9222604439032
-1.37857092597967,1.18591432135295,8.28041959141419
-2.19308193864503,1.44327246469942,4.60707848664416
-2.803389795759,2.73620190211915,8.81645528606466
-1.60681144812201,1.65360876193692,8.26569579186632
-1.40465991583081,1.21888503381674,5.66218128535851
-1.44686302182087,1.41367061042108,5.42544156665352
-2.45902923122134,2.56141327481605,5.00742099172428
-3.08361147976349,2.41010953044689,4.56036456600819
-1.8434035554295,1.02145786190601,8.91577109033159
-1.07413162636888,1.54703334335273,6.86594652251582
-2.95435520373541,3.58107161705775,6.95987008234867
-1.05306080384131,1.14555663456173,6.38147381661812
-2.53292206370856,2.59982472412265,8.44715497997451
-2.09331766699709,2.5604656010787,8.4060657500094
-2.8323432122343,2.82136552523719,8.68833498473928
-3.17591321355021,2.98902222672266,8.73025463293779
-2.66350175788698,3.43066551872197,6.2600900116932
-2.94539852292606,2.98173419884993,5.12655487060666
-1.70671020184045,1.92073894285902,5.29040507604417
-2.0191087405686,2.57092709234005,5.45651702086291
-1.63465958197647,2.4007933770453,7.09260722660179
-1.7573941118877,2.36398160730457,8.15704733922256
-1.68184038142742,2.13011157673955,8.27227149705221
-2.71195297628187,3.49087194581321,6.44360418151602
-2.80234354618298,2.84480502513345,5.05252742014419
-2.87673157599617,2.98499879157648,5.16910787000982
-2.90522654288671,3.555761176186,7.39315951589479
-2.13264153039875,2.57060527644043,5.62101098112841
-1.06284722615289,0.985243246174613,7.60700143597102
-2.83294981205781,3.29473231295129,6.36579289498376
-2.76149098155455,3.53569390251129,7.14090291053343
-1.37644775132186,2.21345460682625,6.34279002260956
-1.5443773113772,2.09004122704747,5.90690507407431
-1.55189293793602,1.16251057932685,8.5571318919222
-2.85334854042762,3.25391686260566,8.34482297692792
-1.23445761348492,1.91865437319817,6.38032297531975
-1.7803702549772,1.5432710536882,8.74374890779345
-3.07820332180001,2.69632440236619,4.83454841782049
-2.10048915740829,3.1439090433837,6.62132291526856
-2.39858396617081,3.0400085385994,5.65502058698818
-1.71622688396404,1.52978360603016,8.67361228867312
-2.57348691568578,3.46009343818523,6.61861375982585
-1.31668029083463,1.82581700694229,5.951725661277
-2.69732417619742,2.99167311655345,8.46146517273393
-2.72133685511384,3.46412144690622,6.81232972997153
-1.81248420570163,2.11690405859814,8.47035358358888
-1.50186614850629,2.17517958917163,7.68882756409411
-2.49846452438459,3.29293442328779,7.6756879763359
-2.44261639702709,2.12427006033132,8.93982597312808
-2.81300720990445,2.20198519386603,4.54257457719222
-2.35306731590784,3.02209494121015,7.16217433952906
-2.17065480238966,2.78035100965324,7.97636330826365
-2.88632468810797,3.15871582601822,8.35786913181082
-1.52309705336504,1.88444786386164,7.88891941170057
-3.08469156659601,2.0482878555646,4.1905438611417
-1.03468683688613,0.932190429988435,6.4242413535653
-1.14887854943874,1.27694311033251,7.71411169000063
-1.02251682959401,1.10845636882848,7.18196729880814
-1.25420204923033,1.36789477956784,7.96714209185
-2.11179609990434,1.03623830635374,4.60634600735515
-1.80371163999331,2.74843411748687,6.16303001827821
-1.45642284604435,1.90498230184854,5.7177186658402
-1.36047400583045,2.27543130605983,6.68036739251618
-2.00047812115435,2.73008010118758,5.69861272472039
-1.42972625314871,1.56824993541182,8.20070166018113
-2.21470260814997,3.03489862697007,7.84920725711359
-2.50258114903755,2.93963038638997,8.25006743117189
-2.90887549145233,3.48439685512932,6.45609567555309
-2.89174850614886,3.35442110800906,6.60090181271169
-1.95698797810721,2.25998572356896,5.22476968486876
-1.78700076895793,1.05985741854425,8.8009876021935
-3.00533381533424,3.17010392152463,5.52075199370953
-1.1998194780227,1.94812655506873,6.93150484467074
-1.15903632028827,1.82142720308435,6.69438799337374
-1.19419036165031,1.73961875215196,7.48790627513664
-1.49468128460747,1.52696294768466,8.3670102615737
-2.28488376901929,3.08914137733252,7.69191799660557
-2.88702284184326,3.19757854285299,8.29693472621173
-1.29464392598596,1.43364114519885,5.72729655219797
-2.99921549705596,3.21103458192101,8.34853367297629
-2.08077141301038,2.70537977765186,5.46661114525031
-1.4992207041878,1.20023422421858,8.42706526255957
-2.90310413191006,2.95405599064746,5.1169373517661
-1.99049830489093,3.05534484608142,6.64815937462549
-1.97292059441395,2.17770466163926,8.61644610850765
-2.96824967159477,3.36892823556982,7.9054831136274
-1.81833065971514,1.91851351061857,5.14641752308211
-2.85549409269848,2.10888879444006,4.47405829012258
-1.20647551133176,2.10798876756664,6.70510812588441
-1.89939825376217,2.08866709157714,8.59761242934703
-1.64565649767321,2.70507545840251,6.72893839742128
-2.35633097626419,1.18013086635833,4.44811732759441
-2.54516610264814,3.37786470775935,7.46758566742113
-1.52996036526993,2.47446059035694,7.8805848872025
-2.07137306818236,2.61332566901307,5.4397811257731
-2.9653733396515,2.25695631604635,4.50942436757251
-1.30950232706985,1.94328206316039,7.42960286899636
-2.13849942760627,1.18136303087079,4.5467040138605
-2.44339693330779,1.20182303354381,4.39814947238272
-1.66963967048776,0.84386994802764,8.78219632483338
-2.68984917610736,3.28296353541334,7.67138569211291
-1.70078229344193,1.84769171802209,8.50543653856145
-2.55565009058085,3.44166021647006,6.6502863934802
-1.1085456288843,1.53221069763849,6.4192425018906
-1.26510792453913,2.11626161156249,6.78332170785862
-1.67564472930706,2.48258939446393,6.32697808252778
-1.34361379791206,1.57973647487602,8.06180910288865
-1.96901293721979,1.36096563843692,8.98631838366321
-2.28957728308243,2.73782977424847,8.306513608648
-2.00113033651601,2.8785352205737,5.9693243023591
-2.61361094919878,3.079255882299,7.7132180918405
-1.92317595504368,2.18940575490007,5.20764939906115
-1.55448722925686,2.63417935591957,6.58440884626425
-3.07859613882787,3.14150043864503,8.30236420513392
-1.21655394597234,1.06903830129332,5.88337586783996
-2.02077104520217,2.16655953333812,8.65831120671398
-2.41983521354638,2.48858102043365,5.0503199284365
-1.53668011893543,2.60757654636828,5.95204346038203
-1.55550751007273,1.88056166732759,5.49207888151491
-2.95544037009869,3.32866997863715,5.71922534440816
-2.00253324668025,2.25697320529529,5.36656281186554
-1.55961314930302,2.11983140051406,5.7347519753466
-1.25226917818224,1.87525145490564,7.53550495831458
-1.95474957187851,2.08042308157305,8.66507761528704
-2.26768909183025,2.93324048936586,6.04367426142428
-1.90568658940151,2.5045570387769,5.53503717464348
-2.5990181084514,3.01031614975382,7.92467911561042
-2.31112541670109,1.94480411641221,9.00382630435682
-1.64935896236784,1.46329306770883,8.6130205707946
-2.07684030637957,2.87225640766994,5.76983572421164
-1.6850847486087,0.927315916599323,5.01076827828837
-1.83836629055067,2.29391849475291,5.48772937507282
-1.79905966477571,2.17227548717313,5.35077783451445
-2.45391911012908,3.19997770018335,7.44111123387894
-2.32286726904136,2.65953662424357,8.2319716714106
-2.17691485357318,2.72314393393596,7.69983940331235
-1.71191943313288,1.80609771336672,8.54387204517089
-2.19529692844859,0.917451517467186,4.53919658932552
-1.36223911585925,1.1680323606839,8.25453978274431
-1.43439761016969,1.8416457490585,5.60124582207683
-1.62714719218404,0.905024344407889,8.67783110993275
-2.5003964356894,2.85294004393196,8.09917314009635
-2.98970636909108,2.26511669237819,4.50483784784399
-2.54648043999106,1.67697706382709,4.46563494398776
-2.68706848649399,3.1763632652099,5.58778849699843
-2.10484837904492,3.13658728002653,6.54013207728323
-1.8304101193498,2.4476467360356,7.5835487280206
-1.56878706884183,2.43390976543447,6.11548761049067
-2.32480400535987,2.75118044182601,8.43913780128203
-1.49121536367888,1.59138903239352,5.42665755768187
-2.88390560703811,3.51275004498977,7.54962617283417
-1.58931705450129,1.04118219532594,5.1358962843652
-1.30397722825625,1.19687509597158,8.02136838792505
-1.26441114210683,1.05629284447493,8.15613559707574
-1.25939862976726,1.55314465448031,5.51992868188564
-1.00731570919883,1.11306222689278,6.83139147995207
-1.0911500194217,1.61396756582208,6.82385839306402
-1.78912441215001,2.06187185093415,8.48121674645063
-1.37646556255168,2.10261669237345,7.25903819152877
-1.07745744039119,1.55084726806399,6.76172812211401
-1.06203739459215,1.39783777134042,6.55389456618678
-3.23343060306756,2.49904513417106,4.66545726062953
-2.55404957588347,3.44914913565125,6.77967589116462
-1.7494597490283,2.0920835449541,8.25782198913717
-1.84407655352331,1.78048870937868,8.71611408808211
-1.94670044293705,2.16249768639809,5.16018493862304
-2.27106562417892,2.40023973979483,5.34565052289172
-1.81253679168494,1.0238107032726,5.16496085025024
-1.2028106057578,1.57161206765368,7.70031697880912
-1.59468139338795,1.68696235529667,8.44510945499925
-1.18822880335397,1.84005399795518,7.276124075882
-2.00480510352375,0.96434783631396,4.64755032942498
-2.95525537457026,2.73317623221634,8.89649164048176
-2.55008591737779,3.43322616485354,6.59540349731246
-2.56064294902576,3.38047651292126,7.29841307069168
-1.22703510530129,1.59500197719848,7.75734956743025
-2.67157994452975,2.20894488091845,4.61680452574779
-1.53609559360195,0.997832928624521,8.60658374572885
-2.18946823200634,3.13433612225876,7.52681445588671
-3.06563196272083,2.52407051484725,4.51727324018578
-1.58421102538321,1.24163503697904,5.21239911448421
-1.01494251727844,1.12353109332024,7.08268131593263
-1.4376993225512,2.40125106375557,6.63654289910971
-1.37356746805875,1.33617031215661,5.52793081537056
-1.33863210532643,2.11065546107802,6.28072001440331
-1.49156603512442,2.49999736107334,6.77257346331759
-2.39431915641773,3.31384427061111,7.3627370582065
-1.19622579564542,1.47399650746737,7.75239981153857
-2.78851211584279,2.73308740321924,8.59986250178349
-2.01808542813096,3.08761998611916,7.00724888464355
-2.92263271631799,2.3213284100564,4.56504984137109
-2.38929133226547,2.87880629548427,5.41697361956311
-1.50560524347851,1.5248731272796,8.38530028129282
-1.65924462443773,2.64621557694539,7.09398020030364
-1.94483149045391,1.61500782237247,8.88985734475776
-2.57091659573295,3.36326034893458,6.60094190633549
-1.06562110791137,1.49067067600995,7.03161578350005
-1.04688227511608,1.05705737824639,6.37905257301184
-1.59004318923756,1.66236146838038,8.34969737904207
-2.00557746274944,0.874267206982454,4.60353535279121
-1.51752513911417,1.65871480818557,8.02289239610104
-2.28759447120751,3.17762825416912,6.67840494627617
-2.11764257963871,2.87493149529098,8.00530060715936
-2.6600087915873,3.47807379517913,7.24234779088358
-3.05528813573515,2.40635770942471,4.47401779831132
-2.58426170674743,2.73046295770163,5.0760988148571
-1.09702178070945,1.28491417472349,6.24359558427199
-2.80469348425431,3.31426832536056,6.1508290841768
-2.10278910840623,2.86021507922318,7.59095433596928
-1.71588024221488,2.60916379761308,6.06010366466251
-1.26803248193146,0.906273474873587,8.18762002572874
-2.11268610686904,2.02365733176938,4.90313424900643
-1.34413041131428,1.73807562699082,5.75955234712055
-1.36921001887868,2.21086747137236,7.58569418514599
-1.9600789707102,2.77877866542077,7.90825834019799
-2.15237088955302,1.95263587798802,4.90295762456456
-1.33280416428083,1.38098177461541,7.75976171152643
-1.75048473836231,1.97065148444001,5.26439212222768
-1.62761996748397,2.2855735579781,7.73128924315939
-1.97384010351515,3.01102499801998,7.30368193085241
-2.23779335968513,2.38207923870818,5.03765846938887
-1.78010129009847,2.78999686419795,7.56164065350996
-1.81127392497205,2.00320362648944,8.3615451912582
-1.4496418675978,2.16661873676725,6.17422280100504
-1.9640178522909,2.00109911129248,8.7168427657164
-2.46533638417679,2.54366791330766,5.13308950954564
-2.45797440661776,1.99186774046729,4.68776838723502
-2.16077609992905,2.27941722049584,8.39024328861902
-1.42588161753006,1.58956554676113,5.86681281644644
-2.80740662986027,2.61370797702873,8.67957895071193
-2.94053816162351,3.07873897907753,8.13009829361265
-2.01125030305831,0.986754072496539,4.76990437744937
-1.83768533745943,2.90107642436915,6.57017321733425
-1.49451909673743,1.84319076717725,8.18677297051524
-2.85813126470428,2.35235167437549,4.48114753359387
-2.64086773598077,3.45224836022393,7.34576626793273
-2.97503468347177,2.69323238404392,8.58361474708896
-1.82409309478685,2.14631632190395,8.46245300572957
-1.22530502375928,0.915376134703842,5.75756169131
-1.1887046401255,1.90699389646512,6.71114708454191
-1.57708455066679,2.60896179673889,6.65443479768742
-2.74980029638319,3.34964318426881,7.95095438388626
-2.2806529472695,3.09621410967587,6.49934200505651
-3.09496277556457,2.24258268188612,4.50201543979372
-3.09418617449692,2.32011958335397,4.27289145609151
-2.21628154278058,3.24506319284621,6.88740328689656
-2.84480656864008,2.83988356061034,8.81723826141341
-1.28299519157534,1.72451222211533,6.4053618025931
-1.90256751708104,2.77914363941992,7.79182350388334
-1.76098690085234,2.40051722653178,5.63889107213717
-2.93361686756756,2.38651764774638,4.62863803886922
-1.71349522409554,2.63112963574262,7.6440633201504
-1.08199909850257,1.07341067662395,7.54464579244578
-2.01984209148925,2.24328794597947,5.2479322135775
-2.10918574031213,3.04576278280778,6.73274224667057
-2.04508404492245,3.10410305262025,7.08836219306877
-2.91095663667101,2.95474973714013,5.09768001435054
-1.82400556755562,1.71555065220901,8.72403382399951
-1.65696044108528,1.2074432899442,8.5837832170142
-2.21295523002755,2.50641987685816,8.52099710814657
-1.36451074625624,1.72391036005011,5.74610613943708
-2.24631195252076,2.88610376095024,8.16831076031272
-2.72079226485764,3.15123421640702,5.51478026056351
-2.73290765207667,2.61139191882074,4.97974055789454
-2.87358634628898,2.97845621302539,8.50495409811352
-1.6561094906594,2.17307068742781,5.64759712176421
-2.60587932421538,2.25836258106342,4.68331163755789
-2.77413271036429,2.19876424469304,4.56736746529204
-2.24932123132463,2.57169338827111,8.51770791647474
-1.43463486792548,1.83011135076998,8.18815572217933
-1.35139733281119,1.98768545452451,6.03772019319766
-1.01696660984378,1.17068181337621,6.70996882090878
-2.57576804392931,1.88857277456046,4.50867046254451
-2.32812339291076,2.83695595771213,5.42449183622681
-1.31583777658689,1.94951668605579,6.86850587745018
-2.47445723795107,2.89009788508363,8.40935610535138
-1.90847898244302,2.92852037557371,6.36046671194911
-1.63334329712552,2.67582997329858,7.14890170242191
-2.21881222190119,1.2336394515471,4.5474572004413
-1.37373649084691,2.25953532303707,6.49183103300682
-2.07720840632154,1.82938042594292,4.88231141357748
-2.2522424929824,3.10310378917735,6.00337919334792
-2.56456728472796,3.40723725348036,6.05677131499154
-1.99245191097149,2.93508302928309,6.12618292873948
-2.89959338242692,3.46590306792255,6.02847263634019
-2.06164373768436,2.91590587938555,7.173340820228
-2.89211216674271,2.18098592200421,4.49395629879013
-2.9495269760121,2.55996134717567,4.71906857318479
-2.06059402089959,2.45640076700991,5.28264384570909
-1.77241775068054,1.56524339562179,5.0318455755302
-2.27514362767064,2.66302127451815,8.49055670234474
-1.91750817870918,2.1387112077917,5.17596576454706
-1.20903047037506,2.04587357811453,6.44428354521066
-2.29750114741691,3.19826676434578,7.57412107859232
-1.35897402293598,1.63599934834675,7.80280547099287
-1.22996615793315,1.33892817958192,7.51918740086674
-1.81483732901734,0.987479827650582,4.87002250877626
-1.53779868543461,2.35346629984001,7.70455035234495
-3.13312951652542,2.8481271098597,8.8619741238642
-2.06306176191808,2.47543733529572,8.45999523445361
-2.10909060997238,2.97522995075091,5.68963327706812
-1.72737154642516,2.37525251514576,8.0920021685854
-1.81737266045783,1.16918570753279,4.91071573247695
-3.24294584024506,2.14601737495481,4.55770758845821
-1.14492209753541,1.54723983837025,7.50608385237309
-3.09780859153632,3.12321783077924,8.60257597148561
-3.33308561752095,2.56002132449449,4.68646027082978
-1.17709349750566,1.71603670186644,6.31580026222138
-2.02507377928019,2.83799129592844,7.67304182442717
-2.00368835567885,1.88582937699716,4.93738429181174
-2.31245621112363,2.28987596964294,4.77641909948413
-2.68006608253943,3.50465373169489,6.67394964398952
-1.47995111246968,1.18892698006367,5.31121258571992
-2.30545756772454,2.53976919478723,8.7420701162446
-1.77130692751777,1.24375845219976,8.50662458360173
-1.00459298699962,0.957521137403746,6.70074851470549
-2.83704767362148,3.538047500752,7.34833731077373
-1.87003444791358,2.37524493148178,8.31660197635152
-2.57765918878416,2.21995614335329,8.95950777597646
-1.92162925792424,2.31384803179601,7.83185092532904
-2.2181847848445,2.34357416092999,8.73414986521368
-1.51184111119051,2.47265382268859,6.43737758220188
-1.2864315502725,2.16314483813579,6.40040066538588
-2.94621180060895,3.39626014151738,7.95991147755509
-1.20980995033998,1.97215709497594,6.94877559725864
-2.44883089157942,2.1981534497053,4.74452622276782
-2.73405414357929,3.16232909065715,5.52198591384697
-1.47627041540474,2.44774161167242,7.20109264699668
-2.3443092756174,2.22978710715204,4.83909511220366
-2.06652240420071,2.30050446471907,8.51214461094019
-2.00060703272325,2.25271137174967,8.58924875373178
-2.68627283218039,3.36660467697018,7.81728991070863
-2.18034335586244,3.12058859901915,7.54995998353869
-2.17855212615727,1.13873162097035,4.56456189974848
-1.36572630645035,1.45345265675331,6.14081006394327
-2.59539146094254,2.38760361222894,4.77573647645314
-1.25953396627779,1.96586870213581,6.34838649390251
-2.60903687376663,2.53908090228234,4.90459745083897
-2.15830451748368,3.19996002862266,6.7623431766235
-1.34912581410584,1.7027175927003,5.79858127427391
-1.53085057196769,2.57463523874432,6.87851293253593
-1.14341901606781,1.20159343534047,6.76547166535919
-3.27678792209754,2.45731865071731,4.63905062489923
-2.83016900429857,3.56565943309292,6.63751601097344
-1.44635658093327,2.03323172921201,7.85347535082543
-1.1596452452671,1.8293049359958,6.7283907047962
-2.22643744213077,1.88205918810417,4.81781109616973
-1.46849596032254,1.09290025250262,8.4452527260957
-3.00631881705893,2.9341480144176,8.71777876666727
-2.67577788772053,3.02980386907589,8.3925303125007
-1.76045275271186,1.61158953713352,8.695336030576
-2.94998845136523,2.88079600952491,8.59757503004341
-2.96692658989886,2.75715597801487,4.98179901386929
