3.3355900174052,-1.07901920964414,1.8539636044362
3.90981993558492,-1.36870586741975,1.87975053799798
3.96541683725082,-1.18650780524029,1.92255917719592
3.86190546823164,-1.01325542722401,2.05700334294912
3.78288813681912,-0.691974899533921,2.20891122663412
3.58373747699197,-1.18449086837039,1.84417964660717
2.95511633552673,0.0713861071128422,1.72783493670442
3.11261648273807,-0.499061456464888,1.95803941410576
2.68017819755042,0.103785200870947,1.59050851734825
3.66480645655443,-0.467901405071834,2.08739087493889
2.93848867680375,-0.816375967922352,1.84233772320279
3.47112814407363,-1.60119846244695,1.5011274929261
3.81669640791025,-0.911574224718549,2.11486233138828
3.66334349682336,-0.705168368377328,2.18039016495468
2.83669918474008,0.0126778021557271,1.62679084870037
3.4130444574279,-0.676166716577668,1.9660371656892
3.25764943600082,-0.922607729957785,1.87644765840283
3.77596939916412,-0.496714088188548,2.25942141504067
3.27551717375981,-0.377915234233923,2.09583845400481
3.21466087503256,-0.935499949986674,1.83208480530476
3.34859684686623,-0.632466369990008,2.08211649550087
4.3886300954314,-1.24771145193987,1.76014171499826
2.97382833570897,0.401657309506648,1.63405420704871
3.47338559064742,-0.685178646066887,2.12415717102164
4.22083632856804,-1.63376770707309,1.89969143904967
4.14710409420992,-1.00376682293309,2.05516500736447
4.4153334777878,-1.12475333326259,1.87812087959129
3.92978503770262,-1.17958342424245,1.92822448526575
3.64248220670391,-0.625372358884885,2.20138221822989
3.45192195046503,-0.678332033873693,2.1173467340386
4.19782934574033,-1.06137102135248,2.00446823788851
3.21850645926074,-0.380432319822134,2.00823001764454
4.0868828681078,-1.19950105300196,1.90319139045496
4.4591398464926,-1.11914060209431,1.86136494811071
3.95824679792684,-0.931823889710334,2.05006754367425
3.14098038382989,-0.606774123106704,1.94989457400474
3.0758584872737,-0.784631477938525,1.8053693187524
3.31194341302902,-0.0906857735860919,2.11228271568285
3.91112273102703,-1.33053353456824,1.75902584201837
4.17975265207412,-1.23325350257003,1.67984787509832
3.85966763778006,-1.07385444751746,2.01288339769349
3.20331279361013,-0.181687414884648,2.05349160319393
3.04415007663019,0.0624432087915145,1.87442216057031
3.8800494944728,-1.29722584635881,1.79850134651242
4.37535043389416,-1.02194903329567,1.9280611777518
3.56458205362003,-0.740008121789833,2.13780574801106
3.8415130757616,-0.772057881998549,2.18583834762641
3.19561515122866,-0.132289357964851,2.04376204867278
2.93903709358025,-0.337416472019593,1.39300232109519
3.6002984937073,-0.360237137010219,2.23942002368922
3.76576573960448,-0.654532595585345,2.21861200347371
3.25038698724275,-0.24417496837599,2.20964088683478
3.36695033912725,-0.598283878718951,2.10270798884852
4.38328778528841,-1.18668705584679,1.83179654742368
3.73148339176605,-0.618511041142962,2.22340259253693
4.28799139436449,-1.17923144683174,1.87747201028198
3.85881829667401,-0.79017192990726,2.02443691804546
3.08354117983012,-0.923723944702161,2.15026470949041
3.01464937677119,-0.602617537652408,1.7783793832163
4.03105699453502,-0.812032642289907,2.17394093294716
3.05237659931451,-0.717025178179866,1.81950629508766
3.05293317261878,-0.79952390421439,1.90383009269718
3.92568216947188,-1.26723124282625,1.83744853702446
3.84441091384133,-0.0388501831101539,1.90994996250983
3.01770801040298,-0.701475155503621,1.61418816700949
3.17401862163197,-0.912340426744325,1.81375000781654
3.60492372670165,-0.791012982790655,2.20202260716793
3.96249230965649,-1.04881750786582,2.03741473388267
3.41601672384455,-1.03681555748365,1.68668783310172
3.05109545397304,0.572153880837701,1.48763083500248
3.19141281789732,-0.0932246727452196,1.69341267764128
3.71799078742015,-0.627200833038497,2.21827350278255
4.19137579878634,-0.947217554465922,2.08368958509782
3.6533715052616,-1.06450576002825,1.97777634962599
3.6782881809231,-1.17363374512887,2.06509100137513
3.10986826737256,0.243955100890512,1.85806196262561
3.20682589495114,-0.573772011118823,2.01135796976177
4.30529577010686,-1.08916639432111,1.95336550310958
3.11087530322313,0.0877102873661537,1.28224309061433
3.53526677666736,-0.993821412317932,2.21036504528835
3.33570842269322,-0.470660090571434,2.11678518972785
3.18536681659703,-0.551332029749782,1.83525227076156
3.87155542349285,-0.66133272448128,2.22916641953836
3.57015896729299,-0.802366926780775,2.11239299665157
3.30571563378295,-0.534036247853229,2.08628393809982
2.91887226733414,-0.112259615481752,1.75924640232807
3.07908070116778,-0.329742527161472,1.95583828853497
3.22252934003362,0.0338476064025383,2.03142852860204
3.55245367522062,-0.379510197257419,2.22296028235727
2.57917373330061,0.262366913620017,1.66746703650844
3.64928308736499,-0.718557673926814,1.79561194371779
3.86781086313452,-1.0460223723575,1.88777758757058
2.91405863557632,-0.0841126039704947,1.76764185434054
4.42972122023149,-1.1027566749999,1.89134902105095
3.28196150983918,-0.273455950871484,1.59548284572754
3.86145468078569,-1.01483529458849,2.05587829832521
3.58598601297105,-0.335560006301428,2.23701696687655
4.04214332065999,-1.05848002739611,2.02811044546792
4.33423951805842,-1.18382537233131,1.8558487802826
3.47474588832355,-0.879368860749345,1.62393363957728
4.33403845197576,-1.27299084893795,1.75497523685113
3.25661344290189,-0.126113408182563,2.08374740637463
3.74149799867789,-0.77590984563238,2.16955221599151
3.82838147813913,-1.33645071593095,1.76234400016053
3.11291813478579,-0.612750295194227,1.92384088813682
4.1012140447023,-1.038919503923,2.03700137450771
3.04604279803346,0.167526556355088,1.64112656055411
3.4833894098094,-0.428832252311397,1.97367000613851
3.00262716686248,0.0297708091074758,1.842022506355
3.17199837709182,-0.0287660816298316,2.009959308275
3.81188473303793,-1.10148613695506,1.98484243373664
3.54893851828818,-0.358450132757506,2.22369561121615
3.9739077392744,-1.04238560284457,2.07974456638213
3.26376535684127,0.00567353563046918,2.06565509778012
3.81300930791881,-0.561234014486483,2.2509055657408
3.17021897565622,0.226464536003566,1.75924018278361
2.62373946333761,0.439903723056847,1.71371692434461
2.9199682308679,0.053142061742547,1.73478197450605
4.16577478343699,-1.33964624838141,2.08217472909852
3.05495387207566,-0.236482059995692,1.93674352263192
3.02042683928651,0.105384437146049,1.83394603478946
4.17992807458973,-1.12545267246722,2.20368226177683
3.16642172584724,0.175569376325863,1.940699758151
3.21316266392043,-0.559111477874809,2.0201455354829
3.60619026633769,-0.75227924655979,2.07581828886517
3.22960553796956,-0.161351657797544,1.43905870135441
3.70302651773522,-0.456202003153188,2.25334960443642
3.40559883812788,-0.662621728104568,2.10134708581133
3.92895698241708,-0.947566806684363,2.10356367336146
3.4866822725573,-0.482465732216614,2.18484028253705
3.13563267566894,0.312197255481655,1.84213113243194
3.3272916764831,-0.975647832936024,1.88761867428974
3.04154776620668,-0.735173913510923,1.79799099023326
3.83697709858911,-1.20908516898179,1.8909215192555
3.02796374553972,-0.797561747368698,1.94096681298658
3.83869066905243,-0.798289789619324,2.17425586707809
3.83214793888085,-0.657240799009039,2.22676169637578
3.78999055245448,-0.678413637857647,2.2145685260901
3.22707459855783,-1.08341815175292,2.35574894718305
4.25180580584937,-1.0497551869172,2.00038145148907
4.38719212824517,-1.19372244979291,1.82250404021713
2.94600697799088,-0.757624071069292,2.20746677526089
2.91364890392327,-0.636694322787424,1.52544220245669
3.24725506998869,-0.715743331352987,1.65163616144469
3.07116631269089,0.0388054124054122,1.90813532162431
3.28109603026392,-0.139915485416862,2.10021410052229
3.05057715271011,-0.461089844990465,1.91088211737733
3.2968787137088,-0.609626109039571,2.05973253206927
2.91842304509565,0.0532451950782272,1.73267933898778
3.7011841875269,-0.68768557680075,2.19543954177632
2.86315694039305,-0.641178640577449,2.04739999869483
3.13957482983368,-0.0328792082634077,1.98569164074141
3.8092793190271,-0.846483748786396,2.14815085829931
3.27824562932653,-0.45038871850196,2.0873705402204
2.9435247342964,-0.40861893285024,1.98568219378418
3.22319217787404,-0.26179579391932,1.47283186182582
3.4831249316265,-1.1478011383019,1.83222265069274
3.79990715261232,-1.01045613441097,2.05101633550042
3.30827027997007,-0.527877800971841,2.08926320962165
4.17788985235761,-0.841440487117903,2.14407778001341
2.45750486735428,-0.592865149650695,1.4611854622558
3.96301501994616,-1.17818498986571,1.93041035936852
3.43858027410065,-0.912320868894016,1.40598960140543
4.01953368462108,-0.774013937595389,2.19099333816221
3.24539253837203,-0.176285905986941,2.0811664847098
3.74985701247163,-0.868628886786417,2.10096775753707
3.43438374970477,-0.356240612221444,2.18008363133178
3.87004633856729,-0.694173552053288,1.82395354718286
3.71395301419384,-0.53955733727378,2.23994666990404
3.85880576079741,-1.15864119524387,1.94199055296604
3.75193303050928,-0.821000827055548,2.15129186991575
3.23898582183051,-0.566860889046342,2.03572415514388
3.41697782511463,-0.467131602913461,1.95730735881576
3.3892884034664,-0.210991265110121,2.37683644587214
3.37205257841037,-0.644188736443504,2.1050408008209
3.71480355959484,-1.31314429436124,1.89749199326669
3.25159474431989,-1.01729879700847,1.79549633464824
4.23710490149788,-1.32283859178534,1.72777709098417
3.11832789491854,-1.21616937780313,1.51130504375404
3.05739318355592,-0.21506279277791,1.93838580474548
3.35342011264217,-0.0678213854506735,2.13142522014697
3.94214430676462,-1.25829596542297,1.98172639136845
3.83889718246318,-1.06434514594594,2.01773845576136
3.79884811717571,-0.555113514333894,2.25052780698209
4.47031399749129,-1.15517855466954,1.81968783320785
3.1570725205921,-0.135721748330277,2.01586921011002
3.97527291620623,-0.546197924347512,2.46982776231538
3.83744256359819,-1.14918244388012,1.94785062885883
3.44118179611894,-0.586909129525168,1.85254772697998
4.17969642905691,-1.06864937936571,2.00260114474515
2.97425641413033,-0.392426594453808,1.8450959146653
3.54158190443988,-0.39877777277279,2.21729333272935
3.27634726573397,-0.0593345120043918,1.77500418322798
3.99111430409718,-0.727176696826991,2.21026385033707
3.36342369428273,-0.067471243600657,2.13653389950736
3.06973491920868,-0.435546152862512,1.93383487503852
3.62686530425399,-0.485488062911614,2.23040962540341
4.10629494908726,-1.40147404544006,2.24684857779707
3.38860359582258,-1.08419297266676,1.8368673374461
4.22913318789785,-1.02202309819572,2.02636523985488
3.69854845817128,-0.582847879541808,2.22644357226247
3.3767682196949,-0.404049977182922,2.14836325610009
3.34370379759495,-0.539028609937603,1.58186523280111
3.35998725638208,-0.477241626865374,2.1284269724052
3.94985765706915,-0.890799875815595,2.13628186141394
4.00936512247205,-1.19673178196594,1.91201674874834
3.39250586003067,-0.758284822429933,2.05622072353673
3.27802018568437,-0.816142515084818,1.95855680218959
4.24419396394197,-1.15262365845621,1.9164724396786
3.84235078112642,-0.578333898292638,2.25001814457676
3.77166474471494,-1.33971346690531,1.73099065201032
4.03300778266713,-1.65753322582446,1.70817494059908
3.47974411970324,-0.680325074861532,2.53974355495799
3.58177537969741,-1.04718546055689,1.77716031869471
3.99985609996911,-0.955815702065716,2.31271090679832
3.94249126221249,-0.982391471115304,2.08242948139273
3.72830222543953,-0.690498198520392,2.20003591596092
3.74762875835824,-1.04090148680039,1.95258605018043
3.25017831552096,-0.949589798941057,2.39786935214837
3.0081210943312,0.410483195108063,1.61906556712065
3.6214935611571,-0.509305477552236,2.22443180578509
4.09405692672406,-0.923885281231417,1.94018424956514
3.02070815091635,0.237490398299295,1.47898849584126
3.65260822684767,-0.628036404973424,2.20320719488361
2.56495176796812,-0.86260316842469,1.74354316331722
4.31691847984271,-0.991098353163001,2.02346615418867
3.49938343491787,-0.627851798871329,2.2538949465286
3.60121302512707,-0.971824283166256,2.02771664700369
3.97884663812086,-0.758785092478047,2.19811488545867
2.56446391273828,-0.0124989879632903,1.75837721435333
4.22472625748402,-0.906845143437191,2.10051888255894
3.92334965793611,-0.748061124503554,2.20144785579445
3.99203048972141,-1.0634919047318,2.02645024684948
3.68238337670167,-0.685503787959378,2.19197338223934
3.59581946452232,-0.390745074952817,2.23525531318565
3.75199226334623,-0.457880657446856,2.26221681081058
3.98892776858914,-1.07750747109481,2.01587067350313
2.99718889128037,-0.0045334466318879,1.84631181664096
2.8475937637964,0.0308588395568509,1.63740997717908
3.53081487139,-0.737506739161188,1.65416161894798
3.2886333189781,-0.201788065456065,2.10911538568565
3.11361887625162,-0.307442988500841,2.20030911256976
3.3894897437551,-0.343618142252696,2.16054643862933
4.12400159727878,-1.56676720159733,1.88941015859417
3.9560358562462,-1.21163581653228,1.89784788229823
3.31494257868232,-0.518076910550905,2.09540192312137
3.58316816132146,-0.306462661134239,2.23768083420885
3.30144172260677,-0.842436696620021,1.86745859837207
2.99667719453902,0.19012245946207,1.76743095965466
2.9271162970723,-0.057206954810788,1.53473031622185
4.08001326202762,-0.879843703283903,2.13742260303571
4.15177582045455,-1.10279246721776,1.98063387563373
3.30146443878955,-0.0980011720321122,2.10729869811689
3.68256940461867,-0.813107288533646,2.14026568433682
3.51700694314945,-1.22885105900379,1.53954245669008
3.59186655882765,-1.03204672595775,1.98191029069063
4.17140972820726,-0.87580221256531,2.12773588327465
2.93708049389337,0.0830044649222284,1.63717330753536
2.99546770430963,0.149351977191345,1.78676838925511
3.91691813030067,-1.34314854361089,1.74249529284608
3.81192303263425,-1.09998832640744,1.98606707405723
3.41276745972727,-0.241731577269337,2.17464261110541
3.2635953151635,-0.418736428381113,2.08337371258236
3.20225141385516,-0.567495440639056,2.07857424008828
3.79320187473351,-1.30883558566413,1.76996186464585
3.8387768236656,-1.06429131005216,1.78302092235776
3.857092406456,-0.720404575847255,2.20767754952688
3.11260865704353,-0.733729441798124,1.87029725617544
2.99877951887818,-0.566891919048794,1.99123583345051
4.06832234272432,-1.21818120056178,1.88647471046658
3.21403770319723,-0.0673047773996483,2.04750305518839
3.93110631631006,-0.817519296665631,2.17215546121884
4.00900060690235,-1.19769977212413,1.91108623053834
3.40644557401441,-0.0762539626429849,2.15886862197862
3.44587200636389,-0.620484882837412,2.38864255063727
3.56733727792429,-0.320393672863561,2.23216754134229
3.33057922107329,-0.350211239917115,2.12999333254851
3.57427558970249,-0.309312383821881,2.23485226242419
3.29720071506977,0.0369978861703573,2.07852230864754
3.45172321745362,-0.33161291537366,2.18927083967975
3.5956018048147,-0.414759991740804,2.23242006757067
4.21774561931743,-1.23353255943478,1.84250260726313
3.49513191128297,-0.685192765145686,2.13311592671323
3.4206779327306,-0.875248367195709,1.976599492297
2.97599796752998,-0.0878815370134454,1.84234379638527
4.39937526513401,-1.19413053773072,1.81619994750723
3.11137941673179,-0.442242017476503,1.96907937439661
3.43687231364696,-0.872707358067065,2.02008062132818
4.13305340313045,-0.804394360273251,2.16825916350498
3.54763360396468,-0.896530120077562,2.05498426669105
2.97500731779665,0.291297818227701,1.67546415372353
3.11713091743371,-0.367551231381062,1.98478171854283
4.19762353354114,-1.32055849126841,1.60020472546805
3.52416002527324,-0.973962918126249,1.99671200903382
3.89847804520327,-0.918721462549988,2.11883046562172
3.24974509340647,-0.486197401056976,2.06272132299444
3.47362577166869,-0.513996189425917,2.31263605169059
3.55261070296104,-1.19381125364913,1.82018381977941
4.10425245749688,-0.981332158523725,2.07581726134659
4.15780784740307,-1.32529599091256,1.74699215551237
3.48455712603314,-0.523979371011238,2.1756280094135
4.12339881301194,-1.29875164805165,1.7881678225349
4.10931771602464,-0.86176333196749,2.14374879366132
2.96195833869889,-0.332260364953636,1.83859787753796
3.25179171387679,-0.955580571971355,1.62522190692535
3.39501244561467,-0.153380587391906,2.16232231176056
4.35012569199015,-1.24208020190851,1.78535084966083
3.11360538336968,0.307641733055076,1.82400374721512
3.7845679873827,-1.43140254906464,2.32961101825693
3.19227797020715,-0.522741641887224,2.21619979103602
3.82586887498556,-0.846133985473721,2.1504530491438
2.96964419750987,0.291778293973465,1.6677249846784
3.39938840378813,0.190414771240831,1.76096131094871
3.29373705601908,-0.603775278893154,2.05967605045006
2.96494262619563,-0.35433800202493,1.83975907250015
3.19011590600479,-0.0427160301347144,2.02615183334272
3.15767860763486,0.0660025801758173,1.97425282117003
4.1592789117958,-1.21292683606764,1.8781295664564
2.61920933651759,-0.517242555607095,2.1331146912035
2.91007555389284,-0.0856378396549645,1.76280918958155
3.40268150385525,-1.00267938306969,1.91470829802279
4.10588829624329,-1.35204245956658,1.93697003317826
3.37241753824855,-0.523558939003304,2.1251440505764
4.06137069509835,-0.976506546025382,1.95923797800578
2.94035319730063,0.145937714181352,1.72000754536003
3.21136751235214,-0.70105558817059,2.28259119239474
4.23196151517711,-1.2599041305427,1.80870234462465
3.11297173381542,-0.597548161120013,1.92932540551381
3.39267813464779,-0.538059974720428,2.12267236324842
3.11178604968966,-0.333923039324154,1.98350116017945
3.76620180433385,-1.14533091436663,1.93913914008501
3.63898849295852,-0.652531670776699,2.19210560524076
3.18980716823282,0.222868090431591,1.93781903413368
2.96225989717717,0.13783495565691,1.63104706321964
3.48792950292386,-0.446600162246728,2.19140051203441
4.2322790534904,-1.34097256184126,1.70407065154263
3.75544948319081,-0.716850574053758,2.19556917520307
3.46362346345727,-0.514155107945242,2.38990568961286
3.64633299306463,-1.18446987265408,1.86872727611762
3.87873814445442,-0.665881019577314,2.22825846941409
3.53769787844118,-1.29868282554215,1.6747938041496
3.37325758825009,-0.677788789746822,2.07938254467749
3.74000172731835,-0.515925145183433,2.24983701532425
3.0874594678953,-0.116693008494046,1.95672283635452
3.46917687129584,-0.743336426396912,2.30281408097347
4.11290475097252,-0.779776802853179,2.18149744987107
3.06023522906792,0.542535538983042,1.54436684614281
4.15410828937561,-0.932575181770209,2.09896681961514
3.55483734595391,-0.363295420541511,2.22522855545471
2.90869042740953,-0.49635138967779,1.74216392998889
2.95048031596967,0.244658875300802,1.67489415422342
2.91171749718843,-0.460438759814057,1.75618015158667
3.39472446043322,-0.295977490171289,2.16561298516758
3.7640983069644,-0.707553170575895,2.20043500092455
3.32721077135485,-0.12578703479213,2.15524956702029
3.24717973296192,0.31249618465478,1.76291011207785
3.49926202543652,-0.321505108407787,2.20868466264418
3.29940387333788,-0.590678732961643,2.06711775678503
3.48802956394934,-0.826635418545555,2.06875585286858
3.20495722592146,-0.517112605413532,2.02540637179786
3.98671606038156,-0.963992315527119,2.37397327185293
3.03336292422749,0.185795858897201,1.8112748598998
3.77666102886381,-1.13292741253284,1.95220701677869
2.83959133777437,-0.693960513819652,1.96074890524697
3.17013224785876,-0.458784842553364,2.01267170656979
3.74186494074789,-0.648363260150753,2.21643684758768
2.87425389118764,-0.653362533287177,1.51635890081999
3.9155433117267,-0.497139584823808,2.10996278743869
4.32035411778481,-1.34217326617294,1.66612965457177
4.32982245487157,-1.51655785245998,1.69551503135815
4.33735883392231,-1.29810263675203,1.6331275822351
3.17513733839915,-0.388183612986946,2.02752284315769
3.13835772273207,-0.466695965589366,1.98646406978039
3.41799947848213,-0.989080084587435,1.93379704710313
3.67727079513136,-0.68130140857082,1.76381766264962
3.26865391512691,-0.968892423208519,1.85008263498547
3.69956499532843,-0.682022674200007,2.19703754866629
3.22165818940583,0.166032499792446,1.98685981252179
3.87211278699817,-1.21058173815797,1.89377598449184
3.60059083415384,-1.18927984701046,1.63403979221321
3.20630469566036,-0.939354815192184,1.8218828490024
3.25254328547633,-0.697476362565817,1.9988487732346
3.65274128106839,-1.1767588450541,1.93579536845663
3.15700318656819,0.154933407625022,1.94172069136567
2.95834973240891,0.205847289071362,1.71047396448543
3.33920409389728,-0.732879667724749,2.03823119936962
3.4409586916801,-0.575903639156013,1.64988922278298
3.024235750558,0.441562607678402,1.6105169080096
4.31548965488912,-1.29510606512824,1.73467418772961
2.81578318545471,0.226998284563042,1.44718136958636
3.26283776758315,-0.724108232608087,1.99427559332229
3.11797356773755,-0.912829251481501,1.57272017088754
3.30516123408834,-0.836209582589829,1.96542983652696
3.34842952012149,-0.575021877346432,2.09955725209972
3.75568848947121,-0.317867024572137,2.26116408142968
3.46634525497593,-0.216560270574832,2.19713488647137
3.97516133205035,-0.98641643064636,1.8547122204533
2.77375119708008,-1.0928154038777,2.05388904615495
3.53069358090284,-0.432904992887138,2.20919496235715
3.61569603847527,-0.592755716694525,2.20328278376861
3.35646348184011,-0.140974388203799,2.14218109568894
3.38627634651583,-0.657430205399423,2.02533561335295
3.51086135474308,-0.352755571264869,2.21091425928569
3.6384062421876,-0.639636337378752,1.87913313642371
3.81586345765857,-1.12066901036488,1.96952685239561
3.28627759561859,-0.627460721579592,1.89895717572993
3.51932098208117,-0.421021252189303,2.20679589269905
2.91787278831653,0.0167853087886131,1.74521696997484
3.83149051996048,-1.26022888409183,1.66001595947007
3.29297613295706,-0.338751767923278,2.10974059479431
3.69235559904749,-0.410895219269081,2.25732205952843
3.46462607857126,-0.770768306284807,2.08538272245336
3.01310131436069,-1.12304822662304,1.70935404835616
3.84971378420044,-0.9295886420805,2.08156008727371
2.6936934667439,0.143688086793271,1.85351068684589
4.0658374209836,-0.926696903103509,2.1128584058999
2.85055889878217,-0.0777021594237255,1.67721291283329
4.13012278236359,-1.50374081439741,1.67257367621476
3.53324332609308,-0.501726495902396,2.1984249224034
2.96135763244701,-0.518283971969347,1.80149789178137
2.93667683003727,-0.237036616787744,1.81255189608604
2.88581839874551,-0.210407661228699,1.64483376768275
3.72872073117178,-1.03224277844185,1.79508720245434
3.46967011900594,-0.162715258506198,2.21816100754342
4.0290860012752,-0.795567739050707,1.95888640402893
3.55137657854595,-0.874145247594196,2.06905064426805
3.64303556308388,-1.62591647480406,1.67016522400034
3.93243600565266,-0.830535908416492,2.1661389424082
3.7354873020379,-0.84741623541105,2.13536789859642
3.17874342095231,-0.97708076023533,2.32557829989848
2.85356274452132,-0.08486312559492,1.68346890469125
4.35831641006589,-1.2515328056182,1.77032928373653
3.1633817421522,0.100925128088064,2.041313809563
3.31065991165224,0.0258523520543325,1.7997529104857
3.25009760900494,-0.0300257412295042,2.06463359696591
3.87972561300209,-0.834440992105984,2.16142490266938
3.38412915195475,-0.961622199037232,1.93426356592561
3.92181984421627,-1.15749139114529,1.94819075459171
3.12726933188448,-0.434928157975213,1.98352718098011
3.60110499173917,-1.01295691358787,2.1617752911218
2.9901745260961,0.0970605499735566,1.80386320181799
2.9747791841616,-0.108455685631774,1.84455904776565
3.30498730465403,0.0270482298001899,2.08561962885228
3.08893580865419,0.422400249604022,1.71158191245133
2.59911388707192,0.163326713199362,2.26198752058051
3.42083490497573,-0.247530275677072,2.178324709483
3.3400874856037,-0.429158382391251,2.12605688367292
3.75735268340941,-0.599674590496081,1.91148870292402
4.05142672048523,-1.2535452772154,1.85048511029207
3.84230327611176,-1.00837574563175,2.00109345464369
4.09798311681104,-1.10301240106023,1.98835182977142
3.9953823864751,-1.32572334584498,1.76729435273969
3.62950246180861,-0.486817591663496,2.37358513719424
3.9174325321658,-0.966730257963584,1.78896707371487
4.13561892599723,-0.790378250167912,2.17413052317083
3.34858841721191,-1.06197342727568,1.96469615395287
2.89598125564274,-0.958756420029653,1.53424953064291
2.86110964379119,-0.353016592455025,1.70719883820276
3.60931182173059,-0.550306533075843,2.21213790081781
3.96068422825612,-0.913598167805121,2.22983680397082
2.93470296037591,-0.565483280565282,1.98470318379509
3.35679052008939,-1.07861213625924,1.82051282152301
3.08393942577537,-0.719398627758289,1.85032653751368
3.00352024817224,0.141107865436854,1.79987850238925
4.46941975393681,-1.28999738604801,1.65553499809425
3.91562672770933,-0.973796753957901,2.09936087528048
3.80602844018588,-1.30850654531592,1.24545682208247
4.29177811905011,-0.982048655890711,2.03726464860408
4.27773054452831,-0.816857405831933,1.53162847313236
3.5464212707517,-1.18568356653938,1.82586487168539
3.20653910309852,-0.352442530118729,2.05370910362253
2.98081415472689,0.473040601875538,1.50532285214588
3.0883407705075,0.33123519023321,1.78260472873371
3.12924358564201,0.060404874544731,1.95286317396122
3.40323730092714,-0.362408758360348,2.16551755933323
3.45623214246645,-1.12554607314398,1.83910273106321
3.39073997079279,-1.07821140110777,1.84378249588005
3.73860202099647,-0.809855952512236,2.15396736163698
3.88754129590361,-1.09950503842744,1.99531515116068
4.1809315924843,-0.87306290072442,2.12753111862492
3.20107203647675,-0.0566698966774314,1.9461627158758
3.53141357306621,-0.128600196815523,2.21890377799458
3.08726376201774,-0.439323070187908,1.94886011650884
3.13437342205503,-0.260090430564975,2.0048067950743
3.48307963235073,-0.64521355986602,2.14201756751576
3.87498698521893,-0.714054998666508,2.21150571865869
3.1957055743129,0.0620754655604477,2.00441102684652
2.89057045379531,0.138834707692097,1.13577037121819
3.03895639806363,-0.744209966619631,1.96597367407867
3.00878086278595,-0.65142387440013,1.60448547221573
3.76629396726025,-0.672297613982297,2.21297489581248
4.27057798416997,-1.05147394409502,1.99392589035176
3.42324380284106,-1.24589242173213,1.74524056626049
3.43523152643531,-0.119448413801584,2.17735654159846
3.40135128114053,-0.459760755465811,2.15203335766922
3.8390945489448,-0.551385014954658,2.25609466389129
2.92897896425134,0.0486287802751557,1.74835818262086
3.67358119390473,-0.964615165855834,2.1565537218211
4.11946926849854,-0.881518041624182,1.91340975779809
3.00996601378631,-0.0131495222353478,1.99753955187156
4.24037833982795,-1.14628924396271,1.92334628168544
3.60942297931197,-0.461124628664312,2.22976177681552
3.37926696942305,-1.19619047200196,1.68462389625876
4.07866021708553,-1.1806284129045,1.92238106859005
2.98136824488406,-0.180003182136837,1.86042675306198
4.30334300830847,-1.15958569869676,1.89132810012157
3.60752516991242,-0.446879672715643,2.23144085857791
3.72104276642948,-0.609508786516928,2.22392880331955
3.54824795938891,-0.521459769913311,2.19953387937238
3.47850555838573,-0.283606136462955,2.2021865385738
2.98848950030769,0.462766627639259,1.53146804934635
3.42467452834107,-0.93337434457072,1.97643247595209
3.37073677771835,-0.695040808691945,2.0714457033537
3.93718954336931,-0.832992090614595,2.16512222138208
3.05888230892963,-0.562187419406264,1.85796763591801
3.68162699522431,-0.817347112957761,2.13804437625522
3.69346293511183,-0.543498722474666,2.23481308773451
3.27285442602755,-0.62717517677724,2.03899224536014
3.41110060124244,-0.392412124892315,2.30483909515562
3.80075443970586,-0.705166687735995,2.20681982475167
3.52676505124891,-1.01019944056874,2.00565262259391
3.89041153846217,-0.611677240544945,2.24519517697941
3.42864818407079,-0.8759600293172,2.01406109119981
3.73141730312246,-1.45364617470179,1.68173754101861
3.51016663933134,-0.759040264648565,2.10973491615434
3.40738437280624,-0.870137016641941,1.9029312529523
2.85861316962553,0.310081432448217,1.54162165832846
3.40508831768355,-0.399801278052351,2.16248110804182
3.27969319283202,-0.866203254989016,2.13224720010012
3.00667448946566,-1.09326086449462,1.92916204107724
3.13991207774433,-0.757478932270617,1.88255783852338
3.31995225620466,-0.829309151230104,1.97881535163269
4.16599187455188,-1.41743905208543,1.66792287394064
3.75965489874636,-1.52834639702502,1.65232687186536
3.18568149984264,-0.888895091521143,1.84139281061981
3.09354888073984,-0.751558601173044,1.84256837124488
2.89706073091259,-0.162401278402179,2.20420083232148
2.91448455278731,-0.555919018883536,2.31866420821938
3.3617527265696,-0.228368194722208,2.14992312131128
4.0726240166095,-0.780133760178384,2.18526558443769
3.08749478055547,-0.0472104715038519,1.94487219244246
3.0666697211381,-0.518685815517654,1.91203561661377
2.85533397373541,-0.346044224859396,1.70174216345042
3.69270187358289,-0.844307199936717,2.12761133559066
3.57697360105241,-0.351537313163899,2.10741509521952
3.4040873938203,-0.355342090785822,2.16652033691088
3.81102102442199,-1.72034407774545,1.97356284698134
2.91958333039453,-0.250848627676897,1.79189830589348
3.22978060630061,-0.261878175264859,2.07367730228205
3.98033911192087,-0.711938397007848,2.21597218139088
3.29499690647774,-0.13504348572834,2.10792869175295
3.55928183276482,-0.828065496166942,2.09613056683185
3.69331131184361,-0.401062692922687,2.25237257519234
3.30122096953478,-0.12009733003986,2.10991001913165
2.81918358147627,0.297458424262909,1.75320853888264
3.90318500439496,-1.42520877922969,1.60533011582978
3.50107352729513,-0.729527397240752,2.1184813767232
3.49595625606134,-0.927659465158896,2.01483737779437
3.2284093333133,-1.0179682178389,1.67784675666817
3.39766629249765,-1.12627926846334,1.80190436081853
3.34372113227514,-0.482480586293786,2.11886281094012
3.95028966312029,-1.34232460764813,1.74523145198279
3.05765861958799,0.0658367589368998,1.88656966176491
3.78294173801118,-0.491603159973534,2.26137618412871
3.11031430553127,-1.73477343609881,1.64834214527005
3.31979703978216,-0.716434429687904,2.03389378707291
3.68739123818611,-0.694911414785092,2.18983482465603
3.71649855055411,-0.973267362192741,2.018266300811
3.72134942052221,-1.01335216988251,2.03387176266241
3.67950009281717,-0.401246259843754,2.25563479485646
3.81017659374599,-1.23350356592594,1.86128063770046
3.06346337719809,-0.293994633357976,1.95019493757728
2.72808110205178,0.101725094934681,1.54296990549901
3.25233220607238,-0.139594738314683,2.08248238083204
3.83428779281636,-0.92456440534997,2.10968431421918
3.84053402022323,-0.862615651565261,2.14391892142441
3.52941958456557,-1.01227048752524,1.77666068217716
2.93129877665301,0.259886117169809,1.63621438433237
3.38931490573845,-0.525144086935661,2.13321921756961
3.11320553300715,-0.0462662086458219,1.96685037193122
3.46079196020268,-1.13510566088533,2.10657947643485
2.78050845511506,-0.392563864244412,1.86863082782024
3.03097264912738,0.539260457658819,1.50198512274967
2.90463483695281,-0.425042964037023,1.75512566557007
3.33460397550056,-1.07566964823893,1.8073054074492
3.95395113130956,-1.31279995043793,1.78398557679837
3.26076899200758,-0.127898431182937,2.08654641450081
3.99465608758861,-1.23248506511963,1.80450033171117
3.05957040617333,-0.853773260398101,1.83931675632216
3.23992789703687,-0.736489709018498,1.97269804072641
3.56304871145127,-1.07101523466703,1.94013171254399
3.61547412939492,-0.995966912701296,2.01617447868804
2.88304906312235,0.0898994102641296,1.66665947754075
3.08867618676405,-0.405515585080063,1.95575190245674
4.23394928208813,-1.28204470066602,1.7816135307368
2.91396554950606,-0.371012579831007,1.77668325411768
3.07853684614512,-0.0204473028620583,1.93091827259379
4.53686771928246,-1.48827744944573,1.80268635331267
3.49020624986703,-1.44561559068489,2.04663550212203
3.60669208575665,-0.132444347114547,2.22785481188736
3.85442352390592,-0.842300948527952,2.15544767975997
3.41373905511249,-0.656476811655936,2.10744545873652
3.17189359411536,-0.235676396369703,2.08548769170261
3.22876084619207,0.062677055227867,2.02768476142851
2.84701027774566,-0.147124551678013,1.6851452021582
3.97077935346546,-1.11094724055147,1.9894402347697
3.53087345977898,-0.259612634508134,2.22184195296703
3.58068472541946,-0.507170645250167,2.21296826513623
3.55439453029287,-0.876090292362588,2.06910173902123
3.8723928516586,-1.32597583470244,1.76120809985577
3.33993514544257,-0.34509346199906,1.72432759804904
3.41842043991484,-0.620902901677825,2.12137258683793
3.88173878380619,-0.575928474906477,2.34525006179224
2.81033497301103,-0.476067340998522,1.60926331717332
3.22303860435102,-0.393601214470525,1.93603267421644
4.10238757982569,-0.867485581775739,1.98878893991445
4.08417320294978,-0.900063274096453,2.33774725377628
3.55655221527964,-1.07560300185979,1.93364204178428
3.5856905569792,-1.10823364176583,1.91768194080004
2.9836592197935,-0.168042099794994,1.86185751708997
3.67985298484473,-0.668368566104758,2.11963083019526
3.47001154657428,-0.470605847096539,2.04429121935206
4.37353540801066,-1.28301158120253,1.72308065390988
4.20679184879881,-1.28987916971153,1.83808811831405
3.62123623122197,-0.557016279994952,2.2139087277287
2.9483898659041,-0.319460277032033,1.82406940850951
3.8355856535151,-1.28603491557213,1.80611030011221
3.02883112900033,-0.262051379746302,1.62996598831443
3.71890315051561,-0.730949825192001,2.18334393408602
3.88851622689262,-1.37968794966073,1.98789059085066
3.48959477792559,-0.786203251840548,1.98663363588316
3.18856402287339,-0.769330536387832,1.91739269922053
3.6099345722727,-0.347709500568495,2.2431149208765
3.69438602065014,-0.709062405460664,2.06023035045569
4.19907954608502,-1.45403201057934,1.6087329319628
3.09424525904706,0.0894085661416106,1.91272642678785
3.81625524417687,-0.56844485214597,2.24958035536162
3.77158292785698,-1.14495293348352,1.94057732417242
4.04572231577998,-0.720310372377563,2.21081985274295
3.69233775363389,-0.457669692929615,2.25087693649745
3.06378900755454,-0.922458670650421,1.70520345041113
4.02362662407495,-1.26098373178112,1.85654533152528
3.42984476175972,-0.3921865003352,2.17458800358131
3.38753296986034,-0.304983636575792,2.16184093540064
3.99745184095085,-0.969091691089915,2.09094511043627
3.8587087994221,-0.484881566576082,2.21207712427721
3.088453189837,-0.45899122181531,2.2650205591072
3.3879468897212,-0.184770820943151,2.22181986441141
3.94757005755169,-1.10880802173585,1.94675512502564
3.62992212580254,-0.391945575944859,2.061898868716
3.51117055728536,-0.316432658699804,2.21333729821495
3.20638970086711,-1.31888838624808,1.47566420487446
3.8951091340285,-1.20348435762255,1.90300669030427
3.4722141565608,-1.13802652845295,1.83592552653512
3.46409553356409,-0.885011188898955,2.02612293627205
3.51362801747841,-0.859528759470021,2.06223291200054
2.93961074881658,0.751594832171221,1.88855756394608
3.22591182600072,0.0917476731388465,2.01677898720184
3.60024637534166,-0.449281917497752,2.22899227507332
3.27530867187541,-0.673037740984705,2.02384988688526
3.06059368734236,0.376779303354528,1.71727318677109
3.78800431544976,-0.970157689983088,2.07564761138992
3.54507761527428,-0.342530663527022,2.00980730926906
4.2732267949297,-1.16089168698891,1.90009295604
3.56229356092318,-0.954444875259075,2.02506057296778
3.65327377577733,-0.359815943262368,2.2535136001125
3.73028256703388,-0.979583955280258,2.05863354252685
3.05678153180405,0.532011342360897,1.55293121217722
2.90609754444428,0.0533905245042448,1.63968485003079
3.61151785368347,-0.698667184326928,2.04102333078608
3.73368673159786,-1.25022518864246,1.8258536769242
3.50075986507564,-0.877616805820281,2.04682272953455
3.56858225516684,-0.959787703373328,2.02395054808855
3.59758946342856,-0.330451877038088,2.24074025668026
3.86782178763077,-1.01142528189436,2.05882093144406
3.55027285363742,-0.85146094539885,2.08085934003492
3.4642683357623,-0.818597994859699,2.06231603472698
3.00605520793838,-0.22355616852895,1.88885145905718
3.32033222173008,-0.228547537034987,2.12803363746227
2.99769537082065,0.0445049391871904,1.83184073378129
3.02004005485172,-0.42887014988168,1.88734985379845
2.99541214528528,-0.65787465658478,1.78643358803415
4.0806215228732,-1.35871889635059,1.71517072492876
3.00782607263153,0.426981736124359,1.60196622581334
3.32313985179534,-0.0656486168620068,2.22153673163543
2.6907405230807,0.380102877450635,1.67450201968048
3.98331605554469,-0.671056155390548,2.4170045808336
4.21563093380539,-1.35151915933768,1.69435565874412
3.40991478628384,-0.701184681411653,2.08912059017081
4.06958500052274,-0.842587071532124,2.15712627864647
3.01469292059056,0.438813665874414,1.59963666567602
3.25472614323708,-0.958916160087168,1.84696889429299
3.51899695585775,-1.06769571033629,2.42657321443847
3.90970000514844,-0.730743283323366,2.2075176588811
3.68981819311177,-0.725130017485151,2.05601926339529
3.20331955188588,-0.817593820971604,1.90228178344781
2.88833635463354,-0.0927660532623278,1.73526458066566
4.46192428506532,-1.28371620423908,1.6697253421344
3.32829848118617,-0.0366748414256685,2.11261431521915
2.93753770930884,0.11210857288247,1.73286197541092
4.17521258334077,-0.888603389700451,1.9534535804194
3.15244658676557,-0.193923476342151,2.01718249643152
3.71882844047123,-0.561857559032866,2.23579395749686
3.41598796935742,-0.873456586306946,2.00899121811062
2.98097785013798,-0.49259813960413,1.83144081376104
3.76378586753665,-0.810471092241615,2.38622122363819
3.32107176444101,-0.685060374481903,2.02767397683277
4.29116359416428,-1.31679881053022,1.71575323168783
2.75936438031273,-0.000848811242258284,1.85220070574416
4.20438206861704,-1.15485475097162,1.92469879451364
3.61954674952876,-0.992062385172491,2.02021230279998
3.45152117500313,-0.544955676512955,2.04094920666129
3.68898588492566,-0.500966937674781,2.24265830752663
4.03467364762706,-1.15712722768184,1.94784275522076
4.08942335758401,-0.79984785496285,2.17523317255365
4.17380049712699,-1.31877087376066,2.02736088151645
3.05125848651532,-0.627816351208729,1.86006522809682
3.55489822188668,-1.03957786322191,1.96182082355859
3.40967079332801,-0.395842032750368,2.16507177915085
2.90712139952286,-0.152867359275808,1.77000907179918
4.2055514659475,-0.964157741779419,2.07035829106225
3.34913531577611,-1.07235498403844,1.73299334446131
3.60424598433892,-1.13422254677665,1.90157703000065
3.50796280608263,-0.34516510603321,2.21042402164025
2.69325993061702,-0.435739453626691,1.93295528782587
3.37671966055716,-0.45211105108582,2.13686513913997
3.88470353122707,-0.715792520052851,2.21158216722722
3.61633689968643,-0.985514218221949,1.88889433128015
3.85577275631831,-0.845818515245871,2.09594493965117
2.93983323723445,-0.289125067655257,1.60484624367914
3.90116114286976,-0.844224014014664,1.78877391672923
2.88050911568823,-1.15624865689946,1.65762043028892
3.29334742998613,-0.353809587165078,2.10876355174059
3.43167855570366,-0.320059903297745,2.18136745039712
3.44785417718684,-0.588656447483981,2.09331132437624
3.25083637151668,-1.08990644726729,1.82184325474003
4.05417966425467,-0.726242870902303,2.20809867885752
4.05422904978198,-0.930774521116724,2.11137444906095
3.20033754783,-0.253202607069034,2.05378073395087
3.56484959649105,-0.925957713613669,1.80968926494642
3.46694624786347,-0.343192669183017,2.19475662238678
3.54545955341663,-0.783141192312756,2.11249763823046
2.49614773020486,0.0840982485081717,1.42836175135209
3.51837300851503,-0.210972528038395,2.21673847065879
3.03628041193814,0.275200421203603,1.76310259699116
4.10400790195261,-1.3225593785093,1.76115853061783
3.1437768140937,-0.00423845882667229,1.98256209323705
3.4723511135137,-0.618462459601677,2.48097109313801
3.35913582568375,-0.718323796100819,2.12400697095277
2.82131923676754,0.129486753564478,1.06888216394513
3.25475539959836,-0.0940193479517561,2.0785111067143
3.69100663183313,-1.07262518337521,1.54359269268052
3.04150985687295,0.33934941104704,1.72414126259496
2.84674074641959,-0.238496365440198,1.69225077867429
3.83555390834769,-0.63078947104048,2.2351497434154
4.16887822541586,-1.18758996915894,1.90155109687833
2.92864137771113,-0.0564710718720842,1.78000276339224
3.42237402152205,-0.900947061513196,1.99587154551675
3.57540869190072,-0.642540155839579,2.17655375506898
2.7950111264687,0.101673306120222,1.83590516699843
2.99580805793827,0.478844650254527,1.52378083583091
3.47969634064306,-0.712735180147115,2.08353205246742
3.99421713817137,-0.74231369201777,2.20444965448594
3.29606705526624,-1.27816997155784,1.87205148569123
3.15238345036138,-0.186759842780673,2.0167090160231
4.28184091703074,-1.2586655081974,1.67314464091619
3.56341142677628,-0.416964891242218,2.22228469044739
2.84410470936234,-0.113508677754564,1.67503940225134
4.29810316492981,-0.898297701659009,2.08687526102403
3.64521256546473,-0.385513240655997,2.24918645272808
2.98555543467882,-0.467846316721568,1.71850162969111
3.90903317251621,-0.811408108443384,2.17400659097945
3.08222792948475,-0.37109052418956,1.95466904493653
2.96479233365983,0.28202895296524,1.66827398248581
3.35195843316892,0.363594021702999,2.03015563841365
3.85522728273736,-0.167929427467545,2.37733806766246
2.88273049909964,0.0487647843896411,1.68438486440614
3.20183443830438,-0.503898199526542,2.19164039115779
3.27592799989316,-1.06753265637134,1.77563929856612
2.99642070785441,-0.0970310902196918,1.86611188366197
2.93748004055421,-0.174737681433626,1.81005374458273
3.04425973029623,0.0594107243990734,1.87555818090575
3.8935073870083,-1.01252024775307,2.06018645425474
2.96960792199597,-0.19625633048985,1.88168342112351
3.73831919224687,-0.489027218822074,2.25464938687066
3.88815679185028,-1.03831459128481,2.0418041923983
2.9605336830356,-0.317353486430178,1.67748612090711
3.84960937973341,-1.14319821183016,1.95471140407574
3.22869670053333,-0.631534970627595,1.91477446748631
3.72624826865012,-0.87631931834421,2.11861942807495
2.79270753726437,0.13576331519976,1.51033747774304
3.11689938844435,-0.828340149518036,1.81896996115004
3.14509000309962,-0.200529323490773,2.01186988222847
3.16799876208059,-0.727833365456425,1.68375768154596
3.34225165545335,-0.749953786567913,2.03236413877939
3.53321742393279,-0.283969580284818,2.22231010535672
3.19472648583045,-0.565968547208801,2.00489785986706
3.21986069925994,-0.42671326403839,2.05374572038638
3.45529951082466,-0.758554738559993,2.7396670536529
2.97231692952305,0.336697775121548,1.63539715334678
3.39006549466269,-0.809283073144763,2.03033312432856
3.73373900712047,-1.19945041008387,1.88014546292687
4.17815336225966,-1.09396093895748,1.93245444375185
4.6262909055074,-1.64886411068689,1.72433306882501
3.49267227856703,-0.353542538338235,1.81619044727609
4.02324531796636,-0.781354651965992,2.18775784938341
2.97092487538945,0.208288228087445,1.72540707182058
3.38755822008476,-0.502112057415926,1.83979715263107
4.12706831512532,-1.1933336123395,1.90360653018312
3.01013439926428,-0.228409320353663,1.89315161363788
3.14900651538073,-0.00554047060826346,1.69554989659605
3.55698414523069,-0.255753789925801,2.2305805814395
3.52010010194366,-0.489337924030194,2.19613850551776
3.21273431535388,-0.160356707262996,2.05837898583737
3.12921394506917,-0.463005770651586,1.97982997825051
3.19322080566132,0.0914811021268883,1.99335042158373
4.25111384857958,-1.106103864221,1.95563198995482
3.09256000099437,0.407004681772672,1.62871811780558
2.96298889316547,-0.364264373169778,1.80224824600972
3.04038331899746,-0.232500249363201,1.92298897742165
3.06701527083736,0.0125275604254164,1.91186460473915
3.99185372898762,-1.67078563114138,1.37489614804555
3.40950483028478,-1.54817675578991,1.80144190479903
3.35078276505655,-0.352341517739153,2.14053749670248
3.43089210377956,-0.812575465701343,2.04960060338998
3.02188149910657,-0.177403744759416,1.90220623956539
3.29974645178132,-0.060182314478948,2.10059728259
3.60443404038071,-0.838305382819532,2.33021959768522
3.99902395745739,-0.70836378138858,2.21699815666394
3.52257028746669,-0.810800662908421,2.09084480125666
3.23041188949728,-0.796099610054921,1.89582777600223
3.40913594430388,-0.921395731961721,1.97588695698898
2.98808654134305,-0.0123159296358183,1.83850700905022
3.18928049338267,-0.783163686549921,1.91051721630588
3.52203008657308,-0.607299207324999,2.1687886173431
2.93208636411002,-1.00881605393633,1.83843949107493
3.41773126134813,-0.276050922865596,2.17675182006667
3.46433979121517,-1.34682474472525,1.91439531656949
3.2596135354742,-0.276404299344608,2.3642774537235
3.23137499763893,-1.01978340386471,1.55001848346525
3.26664062142245,-0.191412067105068,2.09540296024236
3.05460501089969,0.522137308388845,1.56226107571298
3.72240213336435,-0.586644261299723,2.23032979712006
3.14935296001893,-0.454073455242122,1.99764915910229
3.61077211304229,-0.626396950056242,2.43976623247012
3.11761544572646,-0.444337569970473,2.05154712738559
3.30170197114956,0.026228688902656,2.08389362731756
3.35478670994483,-0.342647900160121,2.14336651845716
3.40175785372259,-0.753439776831636,2.06317432285846
4.20608476923342,-0.949922253105936,2.07910560748321
2.98471440023061,-0.517188128048749,1.57972263373049
4.00544183670227,-0.96045199516327,2.09608795625163
3.08484395308034,0.183268742987531,1.86513343996747
3.47977206005127,-0.525055125439286,2.17348443442242
3.78817668289006,-1.00847335364659,1.75418343720418
3.63875959777779,-0.594741693655338,2.20905620353985
3.6458078484685,-0.555816717512796,2.22073424855629
3.69757000494261,-1.49093583651997,1.79500961910593
3.63577571210071,-0.913665623193611,2.0912602973838
3.20077263332803,-0.858376444341066,1.87496846469238
3.21294592121473,-0.360085939559683,2.05740332555152
3.58874985845829,-0.670070683005317,2.171778051752
3.20815791344533,-0.971878476670075,1.7971320821484
3.09068467100556,-0.742053615913829,1.84497497220284
2.72070261011599,0.00870995909625789,1.67688392269586
4.36130207024121,-0.98181592694798,2.01463772570095
3.36071108682163,-0.121107114150255,1.88083471369296
3.83567423339766,-0.555615485736357,2.25477594346397
4.52995080635746,-1.02467884175743,1.7175494968834
3.06304665280417,-0.871771397592806,1.71343164460859
3.06993872827287,-0.367177809106938,1.9441550384454
3.29753543862817,-1.01991217722468,1.86666914003113
3.37556771286911,-1.01533643028828,1.88819186713931
3.78701413039011,-0.814742718982866,2.1600805888808
3.74276724178791,-0.483186532638646,2.25646999599535
3.44721796326215,-0.228916978263149,2.18954740471436
3.1347748001047,-0.0431773213373497,1.886854775591
3.71613055427036,-0.441943135982656,2.25809719432086
4.26668514395547,-0.791238365202898,1.71562185434997
4.04332408466899,-0.894318323826965,2.13247970557463
3.93064468996658,-0.860193593677375,2.15163249298495
3.96722030812654,-0.824189017189424,2.1697515412568
3.19109780750884,0.182296718724511,1.95729771578152
2.90249581299383,-0.261470136344573,1.77018631979451
2.99571210349842,-1.00518894845995,1.71467390243461
2.97712274159066,-0.238272464108602,1.85867450279371
3.92382817346526,-0.929036714259509,2.11425464614833
3.1231204218051,0.0083029775736479,1.96257982760623
3.31099830834223,-0.430651870791681,1.99330929317847
3.13038482842164,-0.580288835416271,1.95002327213499
3.79859270989962,-1.0230737550324,1.8182658897464
3.7136205243137,-0.951812408781382,2.0725480841687
3.43881646037414,-0.42502876810149,2.17438275105076
4.20572805205914,-1.06369970702847,2.00097463529535
3.70672297757586,-1.35705006159302,1.94196460105064
3.81165725740123,-0.76827046555267,2.18390814449061
3.62031847348334,-0.375473910924423,2.24366969379408
3.05722214259843,-0.60957142919549,2.20491290365332
2.96005406131844,0.452762797569088,1.49403969545125
2.7366904015582,-0.437952033414384,1.56523461564493
3.10838409863198,0.340502870859235,1.79686488566619
3.02113507022754,-0.51396226125265,1.86863977636932
3.47492468428354,-0.461909232286428,2.18379754090204
3.50772173266306,-1.14678157349425,2.0979776450554
3.02722458859815,-0.402256029809643,2.23284811935715
3.39263937532292,-1.41344043757261,2.12238952070996
4.1434109130737,-1.14403614662967,1.94688176029215
3.7750494519074,-0.562537203870643,2.24540740482183
3.92105384397065,-1.07762321834012,2.01468803865305
3.36921061413781,-0.969033479403689,1.91985077992561
3.26398814832786,-0.385781257121925,2.44298475518705
3.06665793869744,0.213504472878493,1.83195901152685
3.8130957184547,-0.597514742552936,2.24184589941349
3.78956414790499,-0.554136159885419,2.24948658413009
4.00950022174392,-1.11432112889231,1.98599780176197
4.40173681438223,-1.04425130147443,1.9531007036394
4.49891736805113,-1.3975132845672,2.15546294319606
3.70917766478342,-0.529386592504738,2.24118764740315
3.50528895921027,-0.571791451695391,1.89972357855554
3.56554533721492,-0.438656929463591,2.22001207903815
2.96463494418491,-0.194270889567646,1.84304192133507
3.60778385429957,-1.06373448554401,1.96320007364739
2.85702139943616,0.135059881551309,1.60100589620451
4.04722850762153,-1.09450084314363,1.61201594222133
3.79204424497958,-0.982597310360193,2.06832828946937
3.04522472328753,-0.841268926829656,2.03714237047929
3.65346509916748,-1.25407964325539,1.7955943612885
3.29910099443992,-0.82707255683709,1.9666216429162
4.87591626742295,-1.54646418300237,1.46891637660812
2.99199977040831,-0.857291045826195,1.67961818649347
3.3737613713394,-0.126510986324573,2.14947732881413
3.25416073582252,-0.837078577139091,1.92970038816867
4.53053977233634,-1.08365991104435,1.71673689198412
3.46991164343294,-0.430385795263647,2.18666121843593
3.3409520817389,-0.0396004808638203,2.30703498454493
3.62630387058029,-1.25386776470258,1.78516923556034
3.97335017530638,-1.15614287546267,1.95066718229769
3.63668171446834,-1.05954702280824,1.7283993882636
3.91991759413162,-0.642584128429789,2.23782739298142
3.16620469895583,-0.0624130983521267,2.01217131712423
3.10088545609134,-0.826493473485106,1.80424156288445
3.44348363664179,-0.555890225108271,1.70543121525746
3.44954700356733,-1.06963451450669,1.83078563807869
4.19621011078692,-1.18234124136509,1.90065016018124
3.10709318971385,-0.676686382265104,1.97666888364417
4.21688246383988,-0.940949346218364,2.08229346574427
3.67221174204647,-0.919810029095321,2.08160407430986
3.16956942924,-0.0586970185530988,2.01403188813923
3.58544945093868,-0.952055322748046,2.0350999303574
3.29761994670589,-0.514929126721865,2.08605597414722
4.414310714041,-1.314174310219,1.65629535784209
3.91056601456789,-0.779738748889934,2.1879589712811
2.89473917381028,-0.271323019319131,1.75988431315002
3.93621359184725,-0.607446193950402,1.96959078827152
2.92188033254421,-0.295891391946629,1.79371658428334
3.40114347142017,-0.204766566563421,2.16836006247316
2.9083261396068,-0.12121807146856,1.76707306345258
3.55571066194826,-0.697817814674484,2.15110946571344
3.09224028784192,-0.46637948640673,1.94787458499645
3.39177411669925,-1.21135595343857,1.80955998050414
2.87852310451492,-0.0956635379282989,1.72222555415625
4.23569296667688,-1.63562637564824,1.93161090133715
4.15697862243544,-0.829052709987237,2.1534488530116
3.58008290971262,-0.733411401184609,2.14564528908245
3.20391369884287,-0.301150254937916,2.13929959935782
3.41792572459237,-0.116747089513579,2.16937147431804
3.27041005954883,-1.03261503923104,1.7973441721911
3.47016848290774,-0.338761410555874,2.19636244090458
3.57999693682375,-0.57290636434437,2.16605387288869
3.72761257103596,-1.17970848720812,1.89813756489843
3.81433935199709,-1.52005224069268,1.71246871060307
3.94354210262634,-1.03283471098602,2.02767906700548
4.22032809542923,-0.795365353988634,2.10044089246501
3.60749828262958,-1.22851365818482,1.80672556042749
3.95245206949763,-1.09914044921186,2.29371963395107
3.68753904560446,-0.425573038780248,2.25444613389961
3.03904975760653,-0.233650251885175,1.92174144992465
3.54971567415614,-0.448163353953099,2.21343626790788
3.72802060373102,-0.621472335362074,2.22189728758119
3.33803247195727,-0.302388546388318,2.13690307580904
3.32032546084916,-0.243742406004726,2.12825891857343
3.44433098005642,-0.154763673206354,2.18461476151915
3.62153125000997,-0.902511312631628,2.07709005012908
2.85929595353109,-0.209762322872254,1.62379478897725
3.49823923590779,-1.31395668507079,1.89646797845914
3.64161296981591,-1.01902071765288,2.00831682422658
2.73744213723127,-0.10666848166886,1.77355730807841
3.02446766246996,0.531490791510274,1.5019652857781
3.02278966048552,0.504820956472377,1.53508407644779
3.93114692724372,-0.666328673204333,2.23086005258761
3.41304863579638,-0.945225887090179,1.9622253072428
2.95909394205829,0.547032617447301,1.2940706001623
4.01357507208972,-0.771338372810862,2.19231816960973
3.09480565317388,-0.659707166080445,1.88881559934889
3.83551778049918,-0.723690789796281,2.2043036378022
3.41657595254714,-1.02344066656754,1.90648465403769
3.86597237147374,-1.30733208563143,1.78433766277016
3.69885407845994,-0.746955039322575,2.1727684749276
3.36008744978819,-0.888511644106573,2.10533818824011
3.1745096064943,-0.0630588408209479,2.01850743600954
4.44996403194348,-1.39335810590246,1.29453927299376
3.35155750037277,-0.376350843038731,2.13872244841865
3.24724302674454,-0.328107285634876,1.74645544762462
4.20213265307992,-1.15685197816051,1.91829934709115
3.23490023484207,-0.846413832231442,1.90969517364499
3.463123064362,-0.407039064616276,2.18699361977863
3.95822265471563,-0.882751852583333,2.14067584310933
2.97000995421614,0.306140946944307,1.65716956269245
3.17350579735331,-0.211746926444615,2.03379600977725
3.22655947304086,-0.907060082925377,1.86301406136947
3.55827741511141,0.0433742125570845,1.81208077713511
2.89113960098178,-0.117794420335006,1.74376604341842
3.07794292208902,-0.30426451948111,1.95642055881682
3.88713359674234,-0.896266219481116,1.7455479092691
3.62193039239505,-0.593644981021385,2.20479300291845
3.13984210659522,-0.140153736804772,1.79528223812102
2.86889551135508,-0.367648080224367,1.71640963661746
4.32311785481693,-1.10772616609613,1.93154658051276
2.86377323585134,-0.185358802065194,1.71438670699233
3.93794298332452,-0.981161514528924,2.08308813431403
3.52259913554045,-0.649263529003036,2.15609907554098
3.12326361809986,-0.472660710393433,2.42058675904437
4.05194051632484,-1.38848491570297,1.98724483440289
2.86093188925849,-0.0983670364940247,1.6974287365146
3.07958845337304,-0.812139119839386,1.79173673554064
3.25070257728413,-0.238641816222156,2.00207098056443
3.51907998245368,-0.372425452651633,2.21219449933414
2.99762325082954,-0.127732171618444,1.87208394718668
3.64136235472435,-0.333134345608707,1.99282289495798
3.42689584207402,-1.04457390951673,1.89518439929009
4.42353880677947,-1.04527100563237,1.94272501513473
2.84469761766666,0.102534728056617,1.59841773731241
3.77395008744284,-0.969406233682178,2.0737446584074
3.02027810295961,-0.328448747204046,1.90077839218969
4.22911220973123,-1.21896426904079,1.8550133211702
3.15938470353032,-0.757536964751631,1.89945564985816
3.78980995848588,-0.549276128041504,2.25062952923965
2.99450134001709,-0.647605822183,1.79023273772819
3.00473014764579,0.248553027685032,2.02169140650314
3.04371860709309,0.399719733295565,1.67705378661264
3.56834904393461,-1.14023280414234,1.79135422108562
3.34681028363744,-0.023607555678152,2.12014620310295
4.19686543242637,-1.19066081221261,1.8923437379409
3.47329715057796,-1.12329968676535,1.8508950530178
2.60463579395255,0.125923026421451,1.68437639373396
3.06619575245692,-0.233831116980447,2.32350434583875
3.05887124195411,0.100369561081062,1.87531910984911
3.3305633971697,-0.764449029799113,2.01873831426189
3.39898005705376,-0.593626941984515,2.12025083072854
2.65781566361889,-0.375451906014882,1.73380875024139
3.99316809944518,-1.30249287432193,1.88689610692661
3.77720002290676,-0.541830777446375,2.25046943386248
3.73307147364714,-0.534926249872389,2.09192577717204
4.04153143237541,-0.962332554899963,2.09332262081611
3.37277981882694,-0.214313109896263,2.09832094300562
3.52306254619984,-0.569540667114992,2.17943871549217
3.16547857931722,-0.825796092619236,1.86557836172129
3.09595139856754,-0.589007524717398,1.59740229933938
2.78443572753823,-0.868458191635799,1.73421662302808
3.26383576750505,-0.870055461628513,1.91654320763816
2.87430857292823,-0.0114676389050082,1.69406997301164
3.6365506928159,-0.415605355971213,2.24359245615785
3.89600333854694,-0.762435778049383,2.19433230352462
3.17838888818539,0.119386738065955,1.97245261306376
3.68351389590399,-0.490558055268411,2.243391438361
3.43999372746147,-0.898787025494097,2.00621800727026
3.84425962325653,-0.994278947600129,2.06785289646936
4.28622460649845,-1.05083051572851,1.9898407258397
3.50248456267682,-0.193828532694102,2.21025802801354
3.34463262857157,0.0458764250553999,2.13763279938551
3.15704375645112,-0.906916441960571,1.80200418004101
3.48058028601872,-0.271556002223122,2.20322526112491
2.84178348504278,-0.0876446937641703,1.66595991213547
3.35891356422093,-0.647828387698579,2.08251068653317
3.43750246118338,-0.831057267738538,2.04330276121753
3.72915000156008,-0.690258432633632,2.20028371601857
2.82190147774173,-1.09564021655372,2.00769744646854
3.97391588255288,-1.15715768139983,1.64945243987198
3.88159233771799,-0.744248195833366,2.20062263702477
3.83840501940861,-1.13058430414376,1.96427121223026
3.44152197496741,-0.945787378952148,1.97698750573327
3.64752197872202,-0.709090571049244,1.88195300220301
3.48746890243858,-0.458813447384296,2.18927267376015
2.83301007999248,-0.161567068446344,1.66541499195082
3.73476968249701,-0.541285032472165,2.24354366122761
3.55569770876124,-1.35277301345469,1.86724754031511
3.45096216241103,-0.994991684580732,1.94721753895241
2.95837181241636,-0.485164214378087,1.80752607214948
3.53377894135978,-0.359123905875557,2.21852242332799
3.37943628872053,-0.216841766506089,2.18192882346896
3.88017470180084,-1.24002210730737,1.86399118706807
2.99114143447644,-0.508282311503015,1.83835869057061
4.11959219950347,-1.24937876625882,1.84654007809707
3.38901771692825,-1.05193470688916,1.86609770426809
3.31798801380433,-0.649319470274391,2.08458214354896
3.84248452214719,-0.985738455768776,2.01194354224732
4.04645535188697,-0.859810022276693,2.15025900681045
4.01005227879068,-1.1286335198773,1.97398384873459
2.84485350928245,0.120801045065339,1.20330594713038
2.92437170608587,0.125881540118847,1.70857253898093
3.58888221723312,-0.990159594008715,2.01098301239606
3.53089396934114,-0.433101708548079,2.13022217536448
3.87171845902394,-1.33434911056564,1.75001092126529
3.2454667974151,-0.23386401703249,2.08368910926891
4.21461723263608,-1.36187443357438,1.67929855446568
3.55120744952024,-0.427793314595671,2.21688196525615
3.47737785821356,-1.08034780027634,1.89237425718456
3.19619746364361,-0.80270231069347,1.90518139788569
3.93963148861802,-0.733629001128975,2.2075524620854
3.33404201028699,-0.962581640272606,1.80354377974761
4.27764119096816,-0.97767560278115,1.98228453085062
4.43101131280326,-1.07518703978101,1.91475568477592
3.64323422203899,-0.658218363915389,2.19140249934961
2.86716846231135,-0.224988446311191,1.72174756352002
4.1542632024219,-0.85292607014542,2.14221391882852
4.31514053974153,-1.24241313705549,1.79983491725687
2.80338518763043,-0.604193128147611,1.77288292266561
3.57330793980603,-1.16203756856687,1.86238012553244
3.85540786283614,-0.260742231705086,1.94499463867994
4.06067503056328,-0.918574032274183,2.11789975201923
3.28411583517632,-0.786946945767518,2.32038772411833
3.60540712424715,-0.961725225004967,2.03576300864011
3.34216326525303,-0.468646477356027,2.1206374098223
3.98249898357599,-1.07335746215664,1.68194418916515
3.29732689986877,-0.337749318076014,2.11233897410699
2.7518054367806,0.328675327101938,1.46007516752297
3.28132502704488,-0.133507834390823,2.09970060372282
3.35749161773678,-0.763131886948593,2.03499255216851
3.11092120098985,-0.754966721224139,1.85738581361978
3.02430290719945,0.168443894834639,1.8858409565146
3.15459138906781,0.188701075722798,1.92518576472183
2.92829429280661,-0.0642314700642296,1.7813670175016
3.41967114483249,-1.12400418873799,1.97108590108262
3.24318671084103,-0.905168159453664,1.82772422329746
3.54987513027101,-0.548369713154668,2.1940455023036
3.16854516695992,-0.190545642541713,2.02910760139442
4.30651506194242,-1.32433042881058,1.69864012272323
3.36933945081369,-0.151317115903427,2.14964178754081
2.52232113250772,0.2917249935584,1.28585113625252
3.61750898552045,-0.55461881438344,2.26168280790522
3.02747328413907,0.511165985234133,1.53440799691447
3.26219396556671,-0.731257545148178,1.99060679182875
3.36312969374823,-0.461078497632859,2.27598481626402
4.25091518652255,-1.24563121993354,1.45388446303263
2.96117843892617,-0.336461911288349,1.71601316891748
2.99675521986314,0.502063495018395,1.49479782963282
3.55956608049748,-0.327034788956603,2.22933704115531
4.26562536346778,-1.0588649761833,1.98966958994828
3.51551753573838,-0.591801409092111,2.17074979652811
4.11947227349484,-1.27503036523688,1.77063535101242
4.10265327839706,-1.20207704651111,1.89861936687943
3.53205909341882,-0.972748108875878,2.00086965646998
4.16468972284198,-0.929110606428968,2.09928268989203
3.60645913551247,-0.83577922790787,2.10815059626925
4.3281937333587,-0.967679634739556,2.03548658929182
4.03685834646261,-1.03737295700293,2.04379426072931
4.00203757835947,-0.718069834725646,2.21342241598691
3.71305427622717,-0.565742625395974,2.23371358710083
3.49253900243036,-1.12458347174436,1.96531814555211
3.49504735919816,-0.636282955941029,2.14970793166359
3.78483393707227,-1.50793172342036,1.7085476888874
4.19343946211568,-1.33793474239039,1.720543660399
3.31055083658446,-0.370271923723064,2.11711217592233
3.45691621301906,-0.296448455089615,2.1931229290836
2.92650236492269,-0.104849683981841,1.787334549892
4.47225971633696,-1.1317153791631,1.84214404017367
3.59827200542589,-0.79445081692847,2.12535496366152
3.99431252291468,-0.77092079190279,2.12560293672799
4.18336099233708,-1.12517680620333,1.71366178526483
3.24802442035156,-0.126940265413538,2.07839830640251
3.95059286959396,-1.10712517818941,1.93999266012845
4.33786857247598,-1.07226108655958,1.95593726532585
3.33290209266942,0.00193367941023798,2.10730922864202
3.48656363629625,-1.14438936289086,1.83752526769831
3.62400287314725,-0.383730785223186,2.24386413591399
3.25165600935308,-0.578712304174807,2.04069199903507
3.79887651391747,-1.24103318483528,1.85107743777531
3.82273844849405,-1.3220802633966,1.7587275021634
3.05989777703598,0.298527498647121,1.77428090066944
3.74646792314803,-0.0378457445440362,1.80831133280412
3.26981265752117,-0.883950121342079,1.91196275734799
3.03882083331094,-0.637461566093448,1.84332182288651
3.78893811714346,-0.82074908676213,2.15758338985235
3.10151653488196,-0.568128753098629,1.92908785831422
3.74142912434873,-0.869608406977216,2.12522289651336
2.79198014026125,-0.0336364847133065,1.51697878060356
3.3540056718557,-1.08915005624718,1.80848187122883
3.53297828260924,-0.761662964729938,2.11469541369195
3.65285538543834,-0.935647761479816,2.06684837820911
3.02524409232742,0.225433382150478,1.78088197780156
3.71493240858271,-0.652090067964779,2.21009534772217
3.95785021979222,-1.4127990953343,1.7335973270495
3.19647794079545,0.182910861922837,1.68555699603347
3.67071811346495,-1.00261156441215,2.02845352400241
3.38654096927774,-0.483214665013766,2.14065955993599
4.17074140872964,-1.42034220973567,2.00974828353732
3.040875596745,-0.319331091519849,1.86598766324997
3.91678219335697,-0.824243517981675,2.16848047894353
3.99030846286137,-1.13751078737576,1.96691292401261
3.58253320534284,-0.838717758894026,2.09887147688762
3.60341561853238,-0.409876769529311,2.23527926981619
3.01244414635832,-0.463074480271921,1.98012000504062
3.64854745417415,-1.07303450036444,1.96951560640043
