-2.17902474231348,-1.15217146978519,2.18478746614502
-1.83227681056043,-1.64876002283043,3.8151555001469
-1.34266178547301,-2.06710117150365,2.36712856461854
-2.09300765490433,-1.30190893687431,1.6981391118092
-2.13429291350837,-1.23306191359123,2.57764341619851
-2.16764065901591,-1.17344871928106,2.36303547786031
-2.35516610206177,-0.727214242916414,2.34079798920785
-2.38336357100094,-0.628670034141077,1.73095698147431
-1.14249007297126,-2.18411637889638,2.15887620077179
-1.88590593948885,-1.58713789911337,3.72320076052259
-1.05153417452183,-2.22933259143045,3.40378153662988
-1.23819612451451,-2.13131843717417,1.73883044882055
-1.98775245444419,-1.45756238400021,2.19949669267441
-1.80109777893608,-1.68276401022628,2.30050913005118
-2.08039723826014,-1.3219664346877,1.6509607217037
-1.69512597040617,-1.78946804046785,4.16542648502151
-1.60933389989165,-1.86700088967864,3.96815033223472
-1.38590451995873,-2.03836124986697,4.14890989699666
-1.55801106636789,-1.91003912014296,3.89216817406077
-1.99756574876646,-1.44408413977732,1.98126914959805
-2.1715789078965,-1.16614448940959,2.09384081833151
-2.06371818565614,-1.34785576883932,2.75131078731256
-1.74136041939334,-1.74450904645736,3.40550105124528
-1.5179480165493,-1.94203031450473,1.61241343898938
-1.6595849775573,-1.82247788070732,3.01739734628635
-1.45499357985857,-1.98963353559686,2.6199355477605
-2.00641414234702,-1.43176471977458,2.76788997660936
-2.12240823259796,-1.2534078416867,2.98318651288062
-2.06888760888632,-1.33990745396761,3.95467877064421
-1.80693848169268,-1.67649075356217,4.00496543423277
-1.79721777709287,-1.68690728408608,3.21095390117335
-1.48284236280875,-1.96896583273074,3.63535823455511
-2.15095284144114,-1.20376484302275,3.32326300335019
-1.38386758595494,-2.03974469675608,1.7435209566608
-2.05833272817799,-1.3560657445392,3.86239866703137
-1.54608221445543,-1.91970771461332,3.76607866136484
-2.02067806027693,-1.41156229055496,1.65697635247111
-1.56592180957327,-1.90355898508664,3.68683087219277
-1.89878010063289,-1.57171309495144,2.04680219011135
-1.94238024620292,-1.51750021501217,2.26579297208623
-2.14560523819987,-1.21327082104968,2.09857923190765
-1.7294486436457,-1.75631868190068,1.82850026441229
-1.12402078397691,-2.19367846335538,3.81524977788164
-1.35348861678527,-2.06002827350355,3.54515697242855
-2.30601594681346,-0.870596563537521,2.74096458632376
-1.82444534605753,-1.65742182399362,1.99558055661201
-2.14103741876409,-1.22131351210625,3.89486514624628
-2.27441406398019,-0.950099252168114,2.40252347876245
-2.10773830872209,-1.27792298099167,3.3398194267381
-2.27164061083057,-0.956711481391654,2.31372210956173
-1.45604235490102,-1.98886615541006,3.14633270037969
-2.3224262460899,-0.825823379951223,2.83360306427637
-2.26571436481047,-0.970662835640059,3.65274516076186
-2.25524521239349,-0.994744668433827,1.65153856904995
-1.84232804012341,-1.63752108871194,2.16951029277011
-1.61764531862606,-1.85980416886523,2.96902733474386
-2.43015610026398,-0.412297528189402,2.42635268786931
-2.12932314689923,-1.24162428273631,2.82398856077487
-2.41651976768685,-0.485880783505597,2.34943721289572
-1.8404364246728,-1.63964681872009,4.25856143310922
-1.19261941980038,-2.15715248485505,3.63369488186777
-1.40813387349076,-2.0230686883369,4.29426783979699
-2.42393705677008,-0.447411519988134,1.97272009509166
-1.80970079287727,-1.67350857890262,2.06784697191925
-1.24528973254905,-2.12718156380907,3.92330153603142
-1.19073914226052,-2.15819095969054,1.64430832967267
-2.30901919008148,-0.862599735240369,2.03907042156281
-1.51659965252671,-1.94308348182912,2.25899467900769
-2.41130799426104,-0.511118068761119,2.46991193804704
-1.17632641847963,-2.16608034952265,4.02051485472944
-1.76614654446379,-1.71941103488372,2.76212846732698
-2.40236116324568,-0.551641880870354,2.08059364682162
-1.59169125516536,-1.88206452376943,2.47416695244446
-2.13589301193957,-1.23028816337841,3.33270925440856
-2.04961041765361,-1.36921329939755,2.0889099803615
-1.22776132146839,-2.1373464999638,3.48666486134912
-2.11304187031193,-1.26913434186849,2.51675936646493
-2.31631030772332,-0.842825297280516,2.55362595771529
-1.50735776492288,-1.95026164704329,1.75384413969038
-1.75412254470952,-1.73167607292562,3.02906835450443
-1.93067335126669,-1.53236690583879,2.44471180580704
-2.32211423105517,-0.826700321357366,3.00340135235546
-1.07667986567624,-2.21729754211037,2.32074709821746
-2.38789055013749,-0.611250066638332,1.61292098589749
-1.65871514407984,-1.82326958900803,4.24651157447651
-1.72243682381272,-1.76319576660541,3.10463467690324
-1.36280331654997,-2.05387804988556,3.52452656473509
-2.44836327471301,-0.284895065660859,1.67933043931044
-2.0850468799322,-1.31462064181509,4.03904865821259
-1.8449853088495,-1.63452657779885,3.25900419844231
-1.81349165662239,-1.66939987263755,3.13784926381002
-1.38461487408428,-2.03923749815118,3.95280956871425
-1.59570183356122,-1.87866537248406,2.02667110008931
-1.64753173907566,-1.83338132753108,2.09810283785694
-2.12084967367564,-1.25604322579728,2.67959354306472
-1.12282745870014,-2.19428950263867,2.85195922165627
-1.42397000794771,-2.01195361275222,3.29694303815179
-2.03965377112157,-1.38400159586283,3.08059644513754
-2.12422329538699,-1.25032928252382,3.49003612084382
-2.3479686462372,-0.750127428966818,3.12437217559521
-2.11062694034392,-1.2731464338778,2.6369267975288
-2.10905675500769,-1.27574587107218,3.95431515060656
-2.20020648213681,-1.11118826459087,3.5966846872588
-2.34289667668755,-0.765821836831354,2.26750730616931
-2.15246808998665,-1.20105330647333,1.71261597950111
-2.35965011814732,-0.712530170118173,2.45125260058796
-1.52633185517059,-1.93544800790226,2.44728348810627
-2.30134910716363,-0.882859111273401,2.90372252178008
-2.2850275890848,-0.924281797139071,3.44113277857999
-1.54179109817844,-1.92315577449644,3.13825563349194
-1.72101787352432,-1.76458080076009,4.08412329346778
-1.58071092545431,-1.89129608828197,2.18544346311853
-2.01334919979293,-1.4219961051615,3.50308292449413
-1.21801942727635,-2.14291311027272,1.7501575788093
-2.41359424173192,-0.500210715278916,2.3100825266829
-1.78611147287505,-1.69866233544675,2.22901946156321
-1.28871816319312,-2.10115525824663,2.7356783607795
-2.24827945705489,-1.01038972994893,2.61441311045599
-1.83099364060355,-1.65018490220662,3.24828058862129
-2.05748184770628,-1.35735639010558,2.13844086788294
-2.21154377694546,-1.08844937689133,1.65023329652662
-2.09068599942077,-1.30563393615028,3.88596353418588
-2.11650794539013,-1.26334557445766,1.91805048083195
-2.15239119395188,-1.20119110536156,2.46643439160572
-1.54415797089306,-1.92125586123471,2.11947724981921
-2.06089741169572,-1.35216485010785,2.03541722996884
-2.17294407983947,-1.16359870629522,2.29704673826483
-2.06473617727305,-1.34629582249266,3.17868804058705
-2.21731518507972,-1.07664353126566,3.18448850318692
-1.53045074883119,-1.93219264795293,3.55745365489761
-1.67412701239884,-1.80912870458622,3.52429007102931
-2.40269983873639,-0.550164891952799,1.68838953962971
-1.88876154088086,-1.58373854063436,2.67712602875237
-2.30919234682171,-0.862136084838904,2.83597578555137
-2.45303747756815,-0.241360844064183,1.73377515964606
-1.57431657436477,-1.89662206226799,1.97468834808268
-2.11059709504062,-1.27319591022253,2.04154758516474
-1.11450985726716,-2.19852580186261,2.74058803497936
-1.57593951269133,-1.8952737469135,3.20499422407362
-1.1883222072722,-2.15952269150038,3.29744863257485
-1.34153421083353,-2.06783313750519,1.89266279513244
-1.78566478137088,-1.69913189952193,3.96732132195965
-1.21825088238147,-2.14278153598963,1.75417792105415
-1.62254042371181,-1.85553509716803,2.50826813502072
-2.20794553963441,-1.09573008419493,2.42961995337174
-2.21782786429905,-1.0755870433117,2.81497101760324
-2.45485537768637,-0.222110328543313,1.68188130097762
-1.49382804127644,-1.96064420701399,2.19411334577732
-1.80550568214084,-1.67803371693135,3.85754707794117
-1.53526856419332,-1.92836675951467,3.29248975517137
-2.22624831148749,-1.05804838216425,3.65689568881365
-2.08049869816195,-1.32180675227045,2.21063260215
-2.07710914493904,-1.32712679251529,2.31789854591405
-2.29628168540041,-0.89595666451896,2.17488782078666
-1.21655847271918,-2.14374284975052,2.41341981499723
-2.44775804812079,-0.290049066988987,1.94449767046178
-2.28173256641004,-0.932386410660922,2.25032823073985
-1.17313362631608,-2.16781120446588,3.69303874665989
-1.41021255331978,-2.02162026054861,2.1185333774807
-2.18786647179379,-1.13529213200916,3.01020804310539
-1.20719969425134,-2.14902694762089,2.08791740898337
-1.79093639151705,-1.69357455251937,1.88568199767343
-2.40812379869995,-0.525916051795569,1.76736027735289
-2.23818891819238,-1.03254941280411,2.16023891875073
-2.28360105288816,-0.92780070847645,2.22940497940324
-1.60619039096742,-1.86970595318227,2.94901130890603
-2.35955955144092,-0.712830026447548,2.316237327342
-1.9724856458138,-1.47815706217568,3.17209929266343
-1.46031119031663,-1.98573390735952,4.18141574058451
-2.31463912665307,-0.847404057559327,1.80710222849875
-2.06363577429204,-1.34798194144557,2.62896668688502
-2.20574979074537,-1.1001435288307,2.64798266085501
-1.95432846213699,-1.50208128457903,3.7787980346179
-2.12205811260518,-1.25400051440494,4.1436789537577
-1.68244536213416,-1.80139543877366,2.63782807379018
-2.33292256848888,-0.795688514958299,3.02898983542595
-2.31102452870213,-0.857212663892931,3.10315627744699
-1.35976456327053,-2.05589110992655,3.6749841179726
-1.70709221781776,-1.77805626549537,2.81853753968654
-2.39573555805556,-0.579740510288462,2.00586899460528
-1.923182067136,-1.54175830143631,2.40984600275479
-2.18609432857579,-1.13870079914351,2.22316628744751
-2.20780401478499,-1.09601521691106,2.15913596713741
-1.73750726276069,-1.74834677202641,2.27569124367056
-1.56568883413438,-1.90375061341244,2.94926265480189
-1.66549365046601,-1.8170797515956,2.53590462908042
-2.25538256579424,-0.994433208070152,3.677535149535
-2.29983926097652,-0.886784808773978,3.05328927966486
-1.59609607235343,-1.87833044249921,3.31998450345958
-1.56494512953252,-1.9043620099534,1.59934535861769
-1.86705848024592,-1.60926708620511,1.73294564441816
-1.41596128081011,-2.01759797151164,3.06639188340666
-1.18030312891636,-2.1639159982013,4.2073026726933
-1.93644328523305,-1.52506895794162,2.30136342408822
-1.93301232881399,-1.52941533275119,3.15597636938881
-1.32737042629646,-2.07695345994918,4.09205488679053
-2.1486029275537,-1.20795421399529,2.091605682561
-2.21102597553257,-1.08950083016102,2.24672377349905
-1.98883627825451,-1.4560831644175,1.70809312602348
-1.82439386268967,-1.65747849373124,2.91303510158557
-2.41248591386267,-0.505529068220118,2.42113596163082
-1.12670108693948,-2.19230303199414,2.4709749994606
-2.39784733368955,-0.570943156294234,2.61542316124939
-2.04317587610493,-1.37879667199488,3.17364628962418
-2.39209325128151,-0.594590447766172,1.60711314972355
-1.3606754045246,-2.05528839020783,2.33249120008188
-2.01636990182326,-1.41770954092246,2.70867481182907
-2.43925023279903,-0.354550737118405,1.81404807971683
-1.68816052290858,-1.79604063770682,2.65719714072362
-2.18449164150009,-1.14177239046035,2.00420825025795
-2.22106104129896,-1.06889465066735,3.05312244129511
-1.25812582335471,-2.11961490276166,1.61852379287105
-1.29355880995451,-2.0981786217075,2.83868585793161
-1.25365947396165,-2.1222596087066,2.80333589786242
-2.39768141942204,-0.571639514344147,2.65974230979516
-1.79025445346469,-1.69429540377443,3.17964616357523
-1.66606468170524,-1.81655619229786,1.72615206504565
-2.05181072286804,-1.36591386292293,4.31062734274891
-2.15493196504174,-1.19662698843151,2.14948664494188
-2.19073891114108,-1.12973932684213,1.78889662885526
-1.51584357288845,-1.94367337429262,1.84822647436534
-1.61959250947722,-1.85810872304248,3.27341719488749
-2.29087802620115,-0.909684446646214,3.164611022187
-1.7124039932507,-1.7729411967971,2.4138755411531
-1.92281666645384,-1.54221398988877,2.42823094528618
-1.2735120556831,-2.11040635125824,2.14660490645966
-1.32595568269091,-2.07785693707266,2.20285957827581
-1.8886768989239,-1.5838394788843,3.25115726556869
-1.29510905221439,-2.09722208320284,2.68627245750468
-1.57238629900494,-1.89822265556569,2.38205267749971
-1.32938647761996,-2.07566363279856,1.61219370229014
-1.07078248367409,-2.22015152547254,3.95527187396516
-2.05515940658172,-1.36087021311365,3.48946480669399
-2.20287606385839,-1.10588650895156,3.90380035771131
-1.72817697519594,-1.75756998887781,2.73497116988203
-2.32641111295724,-0.814530083490085,2.84307932294999
-1.85792660354713,-1.61980142586465,3.62263914824929
-1.83033639258879,-1.65091387218302,2.76936715906175
-1.31551220396738,-2.08448448413851,4.08097685066687
-1.81361402839285,-1.66926692874985,2.76798275248273
-2.43707453143633,-0.369209495579022,1.90534918045255
-1.94363680956409,-1.51589045643438,3.04702595982128
-2.31537363503295,-0.845395087279073,2.87208794786877
-1.57177911029624,-1.89872545457148,3.50456549750871
-1.65831598079879,-1.8236326470067,2.2037454976773
-1.9391020987453,-1.52168688436317,3.81341216611232
-1.48212355520686,-1.96950696635028,2.32091644455959
-1.68077731881094,-1.80295189286126,2.72906187162189
-2.07290641626349,-1.33368171345901,3.62383683546727
-2.25661232432901,-0.991639420902448,1.78697468574803
-1.54906411731047,-1.91730234544853,2.21807277884459
-1.47837074045273,-1.97232549980335,3.91449005295272
-2.09377223518453,-1.30067895753398,3.03576895689195
-1.54535103621519,-1.92029635688608,1.70053226723219
-1.66258098034077,-1.8197451489729,1.92536735634096
-1.10528669378579,-2.2031770804775,2.18423758915967
-1.71377887834556,-1.77161222606357,3.59952893379953
-1.65683204234909,-1.82498096068059,3.66727739933682
-2.38484244467724,-0.623036465599886,1.72862336873088
-2.35074615050774,-0.741377406773594,1.72476224416409
-1.54111962908152,-1.92369389775529,1.94995146508665
-1.4296834532074,-2.00789769336644,2.38573757208165
-2.23179081105312,-1.04630669456913,1.86770498605474
-1.8965530720183,-1.57439968509246,2.92928571880378
-1.61141594798442,-1.8652041620109,3.44849449976698
-1.60798452577825,-1.86816318566098,2.82852100933886
-1.84899544610661,-1.62998888452601,3.89341791722812
-2.06639824568576,-1.34374335854288,2.71281024429289
-2.32710272149957,-0.812552058018793,2.02036313719111
-1.89931245187673,-1.57106974178339,1.69175436104588
-2.06525037233275,-1.34550690187034,2.01467325429658
-1.31531179814054,-2.08461094621361,3.49402628466652
-1.61292508358126,-1.86389929936026,4.3070391586558
-1.9591375843687,-1.49580341252295,1.79460688688843
-2.0755526157273,-1.32955980036585,2.94508229529818
-1.60714617613003,-1.86888445120396,2.72078355048249
-2.19157058187572,-1.12812512961028,3.73718547316776
-2.18291425532769,-1.14478525378713,3.90322781736099
-2.01188028611203,-1.42407360685994,3.2130911033599
-2.2480838158603,-1.01082495035901,2.48831048880924
-2.36279686602699,-0.702024852333828,2.85406757862743
-1.73479221896288,-1.75104079918978,2.79811825819474
-2.30594260472037,-0.870790805611039,3.42569175836504
-2.41302959430934,-0.502927529956939,2.00395699828107
-1.27046613735355,-2.11224139653574,3.96601129082784
-2.25161491010554,-1.00293480346019,3.17131705544249
-2.25594077511234,-0.993166221025892,1.8245764762245
-1.73561634882655,-1.75022393226904,2.46008707795319
-2.12575889554106,-1.24771673124526,2.53057268544725
-1.72001735261214,-1.76555606824434,3.39268567878457
-2.42432349221476,-0.445312843399952,1.94430877526576
-1.27423369783777,-2.10997071228394,3.11358380743667
-2.28734757156207,-0.918525454339935,1.69053605013588
-2.44892936835921,-0.279987271476841,1.84504913123993
-1.86015813351555,-1.61723827611062,3.26447433751123
-1.59088209049776,-1.8827485486742,3.89982293536293
-1.32395207603324,-2.07913415242225,1.86796032276102
-2.46356400127029,-0.0806246553257627,1.64462047276727
-2.20976457356817,-1.09205698239808,1.75974157852117
-2.36256051086061,-0.702819860222622,1.97069139330078
-2.09205419242699,-1.30344051623001,3.38857002950447
-2.42571367277613,-0.437676936916067,2.2715159520181
-1.66902739996037,-1.81383446366608,1.87099385125167
-2.29553309548076,-0.897872892426228,2.36554902776867
-1.21262374358431,-2.14597101096377,2.97156431136652
-1.82663228742351,-1.65501130205907,3.279206444317
-2.30838302083439,-0.864300730373867,3.17149062084512
-2.04949968538894,-1.36937904284823,4.15810605133211
-2.22244066175715,-1.06602318378624,3.01624957306144
-2.38486542143017,-0.622948509162694,2.64232126335454
-1.28008016209717,-2.10642889792335,3.4233550538553
-2.00120146138719,-1.43904156796914,3.37317705857393
-1.04660231371458,-2.23165219519723,1.91988255405356
-1.57087199109334,-1.89947600958784,2.61936723603797
-1.26509601903365,-2.11546212115143,3.04759020125252
-2.04849573205669,-1.37088043211173,4.02142445198951
-1.04748135662172,-2.2312397295968,2.9386566045362
-1.86924276104073,-1.606729418321,4.27033312057981
-1.68538558075236,-1.79864486978206,3.27173642338849
-2.18036201192378,-1.14963882170053,3.39130934923915
-1.69685558362758,-1.78782802632502,2.84473926057311
-1.65342090122773,-1.82807200262588,2.11508604530429
-2.03881827491274,-1.38523209798328,1.61774785363305
-2.36233526213162,-0.703576600442933,1.64686726502082
-1.99775249220388,-1.44382578703058,2.15801973520402
-1.13317315712092,-2.18896471405592,4.20897638521669
-1.58056931200125,-1.89141443722977,3.96240693090514
-1.57672761903239,-1.89461815118027,4.08478140887699
-1.67130119978012,-1.81173955717008,4.2106556612988
-2.03612349824294,-1.38919006018048,3.31879248942502
-1.29757132942501,-2.09569954155063,2.34159114227224
-1.74245556057769,-1.74341519518822,1.72090284749183
-2.20577544781225,-1.10009208579554,3.42503582248402
-1.12443451649104,-2.19346642133516,4.23444446041667
-2.1764721214985,-1.15698618303813,1.77420681544485
-2.325166271293,-0.818076851061497,1.85869527966544
-1.57019369925817,-1.90003675496324,2.49326428040468
-1.90277722039192,-1.56687165171845,2.58534536960191
-2.33652542047568,-0.785045783933799,1.64205659762067
-2.38825918680278,-0.609808150202516,2.7673415915332
-1.5705408161721,-1.89974984356856,3.8975301655076
-1.12591260903668,-2.19270807911439,3.9738912439338
-1.96508453914644,-1.4879820823548,3.53721787862859
-1.13487750808928,-2.18808157184196,4.14981534656501
-1.78378140294417,-1.70110900000906,4.1458394494044
-1.40955524940431,-2.02207861426752,2.17635341215415
-2.06395963743616,-1.34748600676805,3.76625655273227
-1.49008437440569,-1.96349089138537,4.0620384195316
-1.29272872798036,-2.09869015322786,3.71858832314449
-2.44494818809695,-0.312851851397324,1.70904460997561
-1.59720191677572,-1.87739019930575,2.58577901611445
-1.2373945372294,-2.13178392024992,3.85956934356289
