6.32590225108622,-3.36679374153605,-4.71998292470692
6.80046275803252,-3.66757910657958,-4.63929934813185
4.87669358275247,-2.83944773145399,-4.71844417202766
6.22963026912922,-2.87463609980923,-3.8868405755949
5.08478465242931,-3.20046886709338,-5.4599021231543
6.16573554443446,-2.79366520831909,-4.09358492274916
5.46921475094009,-3.71462680697226,-5.77357196874352
5.63516604625024,-2.72605354281312,-3.35403597599915
5.74742956903323,-2.47279492541661,-2.3243939719403
6.83879350404768,-3.92874223085914,-4.93937104272504
6.51011252366117,-3.65461242394767,-4.98825134386707
5.28614536101813,-2.94928581546123,-4.68443566548562
5.36645642347494,-2.55772374585673,-2.53012037677803
5.07247971974775,-2.71353242946074,-4.1640298447635
5.77021005424725,-2.77763598584476,-3.82370119005725
5.76648121255489,-3.36456505042496,-5.11173233439437
6.75042144161754,-3.29362638867157,-4.29893244700834
4.48508232290659,-3.53363175547962,-6.23647492477533
4.6953600331539,-2.58288725479748,-3.87560776192113
5.10911982734848,-2.7722267432753,-4.20649046917376
4.9850645825432,-2.68420159201554,-3.6106399370564
4.20981597663041,-2.67985542294003,-4.75046105295471
5.75481377793116,-3.239508665062,-4.91929866909883
5.26096205958197,-3.908494490149,-6.14143293593293
6.5441182467523,-2.95955635546126,-3.75733626842228
4.84684726719401,-2.71853266955592,-4.87256893402343
5.03961700660418,-3.06865068346473,-4.89086354196963
5.5364145734757,-2.67425820035426,-2.90687694751939
3.97917479103029,-2.63569304765072,-4.21797688022221
6.37797776250781,-4.06805224801101,-5.37025625632261
6.04258203115818,-3.39499151999206,-5.19837274085322
5.28453309197157,-2.84725167467037,-4.42464485727586
5.89283511305996,-2.98502171214785,-4.29214728149134
6.32493569632622,-2.76984744107448,-3.33817731934126
6.34362215206889,-2.94399966208662,-3.87021435152258
5.66884086474993,-2.57358253490304,-2.53486710738757
3.94586303875953,-2.58543220845312,-4.21300597145752
4.45684856004864,-2.52399099593252,-3.63578217509412
5.99859394297832,-3.34979992930107,-4.92516021728988
5.43343609657304,-3.09787185701893,-4.89323205895024
5.68933223650311,-2.77428337501123,-3.14045052962712
6.67607425402282,-3.25392677514668,-4.28333206808507
7.13343345910881,-4.23518812472552,-5.15139417385365
6.2174127913504,-3.80391799880941,-5.26959538396504
4.85984448816356,-2.53601845207778,-3.23452909342337
6.90231239124097,-3.19876734444856,-4.01853084462556
6.07062861989939,-3.6466319100232,-5.28146295919496
6.05301141867875,-2.90085960910763,-3.97840573601825
7.11124024361974,-3.49733404650401,-4.36176328474072
5.01329426362925,-2.63171775691674,-3.85795806834545
6.35520030268509,-2.86321265816797,-3.21970161995683
5.40448611333263,-2.61017091158772,-2.47632807872007
5.60739414475781,-2.69444130602675,-3.27959568953633
3.91470040072842,-2.49029099431682,-3.91825006329642
5.22707732599157,-2.66403938522052,-3.8263378238219
5.08794252373033,-2.54827260070561,-3.08900789318214
5.0257814394103,-4.02776108528859,-6.38531682339912
5.08120278980851,-2.5544850536004,-3.20041060982554
4.44535967350339,-4.33210248648105,-6.86590798973102
4.89361039376856,-3.30688643929996,-5.65521699667345
5.30256284795787,-3.71917114137195,-5.89258586884621
3.9301565746659,-2.51106172545535,-4.12772596278225
4.64195395929589,-2.94828098683505,-4.68037838759467
5.72271229598552,-3.48468473714622,-5.2258266106086
4.66058208871853,-2.71823260587205,-3.16345444810095
4.62001988901096,-2.55184791647389,-3.72579613725989
4.36689149317463,-2.92366211775021,-5.31354315369515
4.35489203146288,-2.64792837669676,-4.5069766473549
5.04539985083565,-3.42375144069261,-5.70352305312715
4.50735637781658,-2.53138171988946,-3.3861473805913
6.33041374000449,-3.41360927979221,-4.46790254958025
5.66913506277217,-2.79489465123657,-4.07704895159423
5.27897185893902,-3.49111912046135,-5.52386901158663
4.76801598298543,-3.69329231216125,-6.22914219572959
6.96856584819079,-4.3832441364946,-5.35864773241054
6.89124893281904,-3.36423258666155,-4.31521610422204
6.38864691510048,-4.31190474137847,-5.70812060121387
6.96318522793882,-3.9572724371064,-4.7566855180091
4.851014388581,-3.82102523900294,-6.3606786287051
4.45668722710574,-3.38988983330893,-6.06774008358124
4.50197863435439,-2.55070371505209,-3.84274986968525
6.55719174872677,-3.7743619966416,-5.01210498867304
5.40166735431094,-3.98509501563598,-5.7660611863319
5.82886048768817,-4.05683104849477,-5.87211523831672
5.67038157709004,-2.76760563085537,-3.86979987319291
6.79484428288067,-4.48830296382286,-5.56605214723042
6.1801283766803,-4.48321625908683,-5.96806714873591
5.20357971706956,-2.59527581470327,-3.45417376796172
4.90091822828148,-3.59260885931408,-5.91998008600637
4.52341266007337,-4.43794952384231,-6.87015181939415
7.2735233785878,-3.78060259330326,-4.61298835141218
6.8284152812193,-4.05116068624763,-5.19491653228121
4.96243431088263,-2.58526608835028,-3.62710701689446
4.07800669284746,-2.57392047224296,-4.40447619964514
5.40643276276442,-2.6204099062528,-3.42479413487087
4.86645780885717,-2.60994697754727,-3.29633162394623
5.88169371835219,-2.96906436921224,-4.28338239926847
5.1264558969815,-2.69592343847777,-2.67427066447054
4.79586288740414,-3.33235346641664,-6.22820529618744
4.54069150791373,-2.64339458714476,-4.32932979154561
4.41066849359873,-3.2161500975596,-5.83948227816465
6.43577115863796,-3.11730694123514,-4.24638595702884
6.44974592781333,-3.61851952399577,-5.06760743219077
5.57563725072186,-2.57936410731525,-2.21822699878123
6.81503385158127,-3.40402025307986,-4.43165271495448
6.72877620321392,-3.2210894165603,-4.51915833998456
4.483058978697,-3.01577544754851,-5.30096723838021
4.5011213406571,-2.79998249881413,-4.89975996207295
4.59578836192591,-2.51894720798147,-3.34121143295267
5.30873907262126,-4.32178109368182,-6.43167876286253
6.78977260031477,-4.52857230231417,-5.59639674896429
6.7313642983099,-3.00880379177692,-3.74380008676055
5.42277025363149,-2.6893863376371,-2.41836334527468
7.19091513087082,-4.20824863961889,-4.94825944533848
4.75534995224873,-4.36829297011548,-6.8303185729924
4.77343813684745,-3.01688263506743,-5.21398331018155
5.00135332635711,-2.72063530068405,-3.67302763455481
6.32963124890247,-2.78939317267147,-3.40828836535005
5.24717186326961,-4.40723942681255,-6.53226140752127
6.58109856093183,-3.85360855187884,-5.16647117037282
5.63015257931148,-2.96478342803997,-4.35636288190552
5.12113861465894,-4.27267226215235,-6.53774608621047
5.72343642753702,-2.8159162865633,-3.98772354835049
5.81928719552036,-3.03484244059163,-4.47997110791053
5.15626008101382,-4.28632250486535,-6.50682919904061
5.03428891504258,-3.38402311928954,-5.70328387429573
5.51458966102764,-3.20104592350033,-5.02510678604115
6.22244073992116,-3.78700389205836,-5.33916424284725
5.50452412501684,-2.56502963339771,-2.45491229484894
5.21560581761383,-2.88801653754886,-4.58704372302313
4.49835770542736,-3.8304292949905,-6.14890300275658
7.10654672503017,-3.6140148043915,-4.52440721231754
4.29792726554723,-2.80758054012376,-4.99049794984158
4.58997066108546,-3.43329895053917,-6.03419358912517
6.37985811274435,-2.79122095979055,-3.37365774158789
5.1151122302636,-2.89005956655164,-4.66890380693803
6.32412730084842,-3.51205646522093,-4.96564061294934
4.85848306227191,-2.79915845383314,-4.61873996528386
5.85220616624408,-2.63043151518031,-2.76302045090229
5.63385891783154,-2.64620681303721,-3.36531505742698
4.38844369842433,-2.50845209790506,-3.48922954376157
5.37039851004492,-2.69977998246309,-3.86000994659306
4.85651881462759,-3.53615995944499,-5.73804189034426
4.63682896797592,-3.82474213445734,-6.45685593170695
5.45044292008487,-2.65982139426602,-2.43357668188837
4.89617817609706,-4.07680221750079,-6.40168277471047
6.55606701024624,-3.77725870019009,-5.10042698481041
4.45583680752212,-2.79750966801627,-4.9118541014391
4.7394575994465,-3.47951395014975,-6.07086720070005
4.21403237596384,-2.35102198621801,-3.27736715236709
5.17329865820934,-2.87125789467381,-4.11012512548019
4.11210671223154,-2.6267474841429,-3.40752824618445
6.15350816015894,-3.82239869891716,-5.42440314698097
5.41264527828335,-2.56080033304162,-2.75245932028692
6.78133076926902,-3.36351010173336,-4.3920994060351
4.99821524166877,-3.3149201579982,-5.59971465627651
4.49761153132219,-2.83157033768825,-4.98892839762885
7.00008921174843,-3.43581929220192,-4.34944401220917
5.43358640108277,-2.79803662881069,-3.79968629694062
4.0606400598773,-2.50608492542561,-3.92612687767148
4.31085261021069,-2.53617215433012,-3.92827355509767
4.13982104431971,-2.48990667414005,-3.3562402726024
4.91891270214961,-4.10089355804257,-6.51945452221941
4.95183367865309,-2.70192373531504,-4.22011238759834
7.16648598952076,-4.41053096971576,-5.26549205667959
5.92409794793435,-4.46383197266256,-5.9835749773645
4.95852428632082,-4.25188946166983,-6.61240458541146
7.00143613336852,-3.72549465507078,-4.73542734132073
6.13613082268636,-2.68126846849963,-3.09619444917836
6.13799750765549,-2.95095117312114,-3.95711962219727
6.00372934212988,-2.62830911126882,-2.87278047315488
4.87900994964043,-2.75239238140894,-4.45754616969044
6.49672993112946,-3.23359200965301,-4.37624963854612
6.01093795700761,-3.6960088854228,-5.38114182832049
6.38838089497261,-3.10537187022458,-4.19759460155299
4.90836044224226,-2.46417176446416,-3.24060143344416
6.65698224898341,-4.07447334210311,-5.33163760676158
6.11175306855283,-2.63807388049067,-2.83718325835758
6.32889610156671,-4.23735016463715,-5.68982974477715
5.11040040632066,-2.92788532681616,-4.76584242125847
6.20652498211445,-2.86800770684949,-3.6525558266926
5.47355245972434,-4.32314403292567,-6.3596108337516
5.38856299416588,-2.56643424229789,-2.93449669361527
4.91887349649755,-3.72369902199908,-6.15956031480682
6.10892762541825,-3.40109175433651,-4.92524312484723
5.2622527632628,-4.35337855104221,-6.54696774135893
5.60086568999037,-3.01075769763751,-4.58935707325742
6.39897642358306,-3.02377114653121,-3.62192041055879
5.96898257437169,-4.44958011236894,-6.08471248552698
6.01911556849461,-3.06163382501234,-4.38965703640056
4.13451555823154,-2.70176288155088,-4.12573667737242
6.4088094643259,-2.89149952671839,-3.67597809399186
6.51028214725009,-2.9971776756373,-3.8770548817378
4.68425719333634,-4.25569391613599,-6.7971974597867
5.5969277494352,-2.91741087341494,-4.37157849171758
5.208767097608,-2.59486004781865,-3.44577108906485
6.23529200685267,-2.93674618575614,-3.93417206902848
5.30582809345706,-3.87121946431856,-6.03193387108079
7.31803884170927,-4.18998796339385,-4.98960190320729
4.29459387681022,-2.83194001414428,-4.69922365892505
5.82788987691613,-3.019157608347,-4.32220707861977
4.04809981758624,-2.48523580550451,-3.54349111992318
6.96383882933853,-3.32405378042985,-4.19774771017481
4.96531337596221,-2.57314682405146,-3.53146743264632
6.39864339258916,-3.9767439600657,-5.41443565430638
4.78331037033466,-3.27050437852963,-5.66171995617609
4.45329317097265,-3.07842630386049,-5.34399971147401
5.28050042403396,-2.84942970344044,-4.43384431737364
6.74872946575613,-3.10745991475414,-3.94804277108888
4.94002442893032,-2.53637353638193,-3.09123642013678
6.85921637439199,-4.49862271507245,-5.53058028471277
4.74775698030184,-2.81652663257331,-4.64086734148902
6.34573242296705,-3.4903992740091,-4.8877345916202
4.60500843311248,-2.89071522270392,-4.92113201502863
5.981097346281,-3.12251816242749,-4.5419295023068
6.24913670481202,-4.50769468369446,-5.91336234520057
5.48054973447604,-3.12134953922679,-4.52522233409199
7.23919869961913,-4.50062572131702,-5.28115646905181
4.11718921764776,-2.55748262697766,-4.0060305655289
6.65126364853509,-3.05040993457417,-3.89579655538736
4.41828934323936,-2.53781488253737,-3.82501614573713
6.03920955251457,-2.90219938866971,-3.99271073580527
5.78469871439213,-3.17424014534207,-5.02870062186698
6.0871723313883,-4.41347516193604,-5.94085964495105
5.70264867317845,-4.39755450859529,-6.02803573224751
4.34537024576511,-2.84777336002239,-5.14749172903507
6.06927189987577,-2.6428876853679,-2.91813594063784
4.98907591200653,-2.92251725376896,-4.69876924206997
5.36283980570791,-3.54617796143837,-5.64547447690637
4.33144826111539,-2.6587661081149,-4.57029482408745
5.24514067141282,-2.88212501801454,-4.54918056099601
4.38924196643818,-2.53093952717708,-3.83217458300164
4.73216037370337,-2.69181209224233,-3.54727855067942
4.59574427361678,-2.53783811865745,-3.62110724554045
5.49826374795007,-2.77202537128515,-4.22518694609962
5.23977645207735,-3.49269116909404,-5.22057594490238
6.63356545815029,-3.32420231203336,-4.4335510658895
4.70434160206885,-2.95781465410718,-5.13873030365281
7.54299730718585,-4.32925626914123,-5.27432525100353
5.99738009474533,-3.63970258471122,-5.29991799858042
5.01521601618209,-3.07071971256849,-5.1451908901103
5.59720962067201,-2.55455536599944,-3.64155128320447
4.55101530751748,-2.51233314293752,-3.20495234187343
7.25277966905359,-4.31348879595737,-5.18636354937512
6.12697214848814,-3.98997052848798,-5.61034247516152
5.85807422303156,-4.2393345331873,-6.00493672118124
5.0309375821257,-2.53961792856747,-2.73091873820131
5.68824218507195,-4.20315614140227,-5.81424721642782
4.86246824338151,-2.80253807324337,-4.62552005417892
5.64606359812294,-2.65383845445879,-3.39743023691781
4.93624670599513,-3.54609999232736,-5.940395332799
5.35856312018652,-3.6724865737592,-5.80141628506982
5.57742761717231,-4.16798450203429,-6.13498168805655
5.77770423557304,-4.1539344380718,-5.98973023385363
4.3346925972033,-2.51479648644383,-3.67906751874552
4.15924614398865,-2.63953231044387,-4.63811096668394
6.63165858058549,-3.04428527305792,-3.89652917765343
5.10986100242977,-3.67913415025682,-5.97944007496289
5.5879542598755,-4.0796557481038,-5.98112585860426
6.00913253875525,-4.03138745767722,-5.7280858271926
5.33399120080984,-3.88333861346357,-6.02180607283804
4.71795579788431,-4.25297748187747,-6.77283461601389
6.12121084312205,-4.11480153977766,-5.62090922638953
5.45090631524407,-3.06926593568969,-4.68968443416875
5.11176927638756,-2.65919243296763,-3.90484855094292
5.12254467797268,-3.52385523524133,-5.78335991132385
6.36219183672452,-2.81989205203963,-3.05662996884527
7.13553990704691,-3.72476203042055,-4.64233527023492
6.94926745021029,-3.96067457297128,-5.00368199523278
5.51323792628215,-2.7813809504935,-3.60383690182807
7.00498808120947,-4.51565216453484,-5.44591593064461
6.85189305274911,-4.16987296994586,-5.54612613720657
5.827089132629,-3.4493274685376,-5.19284562122398
6.58788430001745,-3.10188132784456,-4.05493357235514
4.07926208838868,-2.55518354915713,-4.29604239759122
6.22121876852615,-2.88138741494316,-3.3886526298781
5.77211892437882,-2.61326427226358,-2.9963866950474
4.433447055868,-2.99769470588353,-5.42439109660622
6.09467483907749,-4.24253212200229,-6.06194080787594
5.14255499189089,-4.09108590780093,-6.59284130627198
5.00844865674974,-3.10058574249924,-5.20770614082938
4.64881990763521,-2.53073336933334,-3.46711685872735
6.23826576947852,-3.71841418645264,-5.39097087568047
5.28609641571722,-2.87958117895134,-4.51114333608079
4.59837253212592,-4.16162032859284,-6.81711757325251
4.54633642801665,-3.69870459829957,-6.38647562245969
6.4060477161168,-3.25464757905293,-4.47861119405223
4.21260460449678,-2.66290782831335,-4.68539739399882
4.44589814418784,-2.73230821614705,-4.73879777333002
4.04270637879998,-2.50999872075492,-3.98940568048061
4.72633078073439,-2.94297526297726,-5.08903580630827
5.57745754722634,-3.37864974039373,-5.20094906219247
5.43522432777028,-4.02270034904727,-6.1059737002879
6.145202486208,-2.66337693528458,-2.98190887668312
5.5125148508261,-2.88329389168189,-4.34721654534379
4.72393588158222,-2.52223752824565,-2.95489561903806
4.47533966969632,-2.74984230315962,-4.81089128743635
7.17451878436401,-4.35552899720987,-5.21923810511906
5.4570462065194,-4.02932161634978,-6.09724468487766
4.6075741023337,-3.58876817509029,-6.41388092869574
7.2327770157808,-3.88735549093814,-4.98013201949506
5.6117307945771,-2.69813397111236,-3.64631715939559
7.25933563031328,-3.77980532007881,-4.62179764882303
5.88765998229388,-2.56080487122468,-2.49310046770524
5.83666577706328,-4.02746589176025,-5.86891224681567
7.29604972676959,-4.21864007452806,-5.02897087596967
5.70856982770557,-2.86544916631615,-4.14673030937979
5.18794760417961,-3.4021632127938,-5.57348743029483
6.60769940287526,-3.59105873898028,-4.81629651776031
6.86115332094255,-4.44675591631175,-5.49352475148842
5.21402359292389,-2.55146710230413,-2.55218910873638
4.81981208656868,-2.56631384262457,-3.63105218409158
4.41313560231108,-2.56078811519453,-2.93606430102528
4.89501311775726,-4.13450023198756,-6.56304283921073
4.85066132871212,-2.54461291110477,-3.37990140204381
4.38945271667644,-3.02860654835356,-5.51915904244284
5.28268960571146,-2.59256182906597,-3.35096361162684
5.45113778414502,-2.60075042797405,-3.23805454599305
4.25337758665095,-2.63041459974691,-4.40489787311089
5.08119025975753,-3.0038761672207,-5.03410400177536
6.97139673080822,-4.29755558104908,-5.272844348765
6.14215692479048,-3.21486071139381,-4.59815900210562
5.52855273981941,-3.99633770905854,-6.01931974945369
5.12962772550702,-4.35322114998029,-6.57260163141776
4.84715995262991,-3.51580211965476,-5.96377673921417
6.89936808535357,-4.15403714580399,-5.22420034057922
5.59246324328787,-2.93367497602592,-4.4157404601428
4.52854777418441,-3.39195558720078,-6.02040747042179
4.90620601141305,-3.78356815185504,-6.21869321665993
5.01547390703837,-3.50024791571388,-5.55738038276527
3.71629307632529,-2.4666139477723,-3.65089382973037
6.18805725711056,-2.91022273752161,-3.60480732842536
6.71634208431523,-3.63884701278392,-4.8263088091714
5.30268900542712,-2.5869708888586,-3.28259324123076
5.07773849579283,-2.98187046347758,-4.91436002104144
4.95630367434803,-3.3328645078956,-5.75855515096117
5.47310953115375,-3.11642133473658,-4.6439999628642
4.85679123750425,-3.46896810734257,-5.84095140022893
4.35790945564048,-2.69628044666563,-4.29708171152014
5.86320658017181,-2.97705892361432,-3.9109049923766
5.93531966742391,-3.06303319066154,-4.45448043601946
6.2886339637369,-3.61885215652236,-4.9515117986218
7.35355017788331,-4.44975511318216,-5.16994022550369
5.56292173661179,-3.31236845222845,-4.7651229787424
4.67515311365653,-3.01616041011136,-5.48192338306663
4.69286371494763,-3.6515378807797,-6.31000064731927
7.47091162535494,-4.36088591288812,-5.02640516320379
6.56715198101561,-3.44358616362059,-4.66571314782567
6.76890471629485,-4.39245650863832,-5.33789154553435
6.40867384429735,-4.49937914051934,-5.79369222135004
5.17136867114715,-3.02195975187455,-4.9314988732103
5.51537546981369,-3.91560070901727,-5.82605890290914
4.71829733653597,-2.68475957369268,-3.95651197402775
5.00670606997197,-2.55227311101358,-3.2717971749685
4.44104194219119,-3.00140841644473,-5.42645906962808
4.42598797733545,-2.50530571999194,-3.20601391689212
4.93457781055291,-2.53395189932905,-3.01499309379159
6.30430942121163,-3.53989832757459,-4.98405904103382
4.53068467948326,-2.68391822700435,-3.55566116873682
4.0484152617941,-2.54736788323391,-3.30737885523868
5.0619289953554,-2.5424893162123,-2.99913262038663
5.72787563003526,-2.95653820817542,-4.36922290536655
5.24187398775728,-2.8404949782001,-4.43877305295443
4.64915265851723,-2.59917294428471,-4.01651056955772
5.06204544218558,-3.98091738869488,-6.3190295122855
5.07245549146739,-2.55495011798434,-3.21879207829976
4.04560751488949,-2.58908963279211,-4.51167975767333
4.61925939533433,-3.22476041965177,-5.70507952991083
5.01817077003062,-2.54065372613994,-3.04317707467636
5.55319689073814,-3.38870096067769,-5.19449891413558
5.41834637197419,-2.94018964729046,-4.56327261264416
4.19726309121125,-2.50297193946182,-3.70104798697902
6.21851199081521,-3.92696213985516,-5.48763898790463
6.07686672047908,-2.94958920432116,-3.774548758505
5.39817518796517,-3.59745463639329,-5.52412988773393
4.4082865807904,-2.59723300793126,-3.60256748849535
4.66801114302637,-3.06069816583606,-5.37882837857688
4.65655816992807,-4.28009627045531,-6.83344330402602
6.75040736921721,-4.07910035578521,-5.27117202581386
7.29361026002197,-4.07931126215287,-4.90775896402709
5.46579848186982,-2.68537721815837,-2.44522793797897
4.15065414700052,-2.64379806976513,-4.66259046845962
6.25610277066233,-2.85125048108007,-3.67560593097631
6.63679406523373,-4.20549708792823,-5.45856384349051
6.22664826892111,-2.93869155266585,-4.23251960007131
4.14293233231352,-2.55498380591387,-4.23366186559677
6.57487715533194,-2.87574321854861,-3.59371276043838
5.38242886539262,-3.28882225542331,-5.3935623057599
5.66996452674935,-3.12076209409155,-4.76531787880443
4.96494968895069,-3.08122967738068,-5.20230098641666
6.3622122508395,-2.94265609490302,-3.85248814394376
4.32405298541135,-2.55950606272323,-4.08651250181419
6.77938708971507,-3.16233971963584,-3.96775364637341
4.14702365103324,-2.5575027316301,-4.24540447687773
6.31583638657912,-2.75830935781554,-3.29990243721066
6.41520343464579,-2.88089793105435,-3.63997508335792
5.7203059945524,-4.40027738709101,-6.21507723099541
5.35627783737068,-2.6668801788934,-3.72605731495596
6.40799781585391,-3.93930564615973,-5.37161079392963
4.91410488949557,-3.49992128235805,-5.4996360766997
4.34259291937773,-2.75633855560341,-4.56219788075678
5.42633802355055,-2.55993894148432,-2.56470851602092
5.65255609202377,-3.31640237052124,-4.83770500863316
5.5265179639294,-3.98078324221272,-6.30304162440357
4.81178699944927,-4.38499463644252,-6.51117302381617
6.00319534243881,-2.72015930087797,-3.40552884588542
6.11687102728482,-3.64818900427205,-5.25149295255157
6.70777937235357,-3.84214312355512,-4.85274694640264
4.06360626869701,-2.41334385071892,-3.670663531464
4.53564928884499,-3.79567530646979,-6.76064321971008
7.45339664994071,-4.55395953566991,-5.17590371038341
5.29942673647668,-2.55704039736612,-2.89657878007672
5.030179533849,-2.69440789264121,-4.12543789489407
7.38821605390159,-4.32490798456267,-5.0535839596864
4.52457075774567,-3.96794135592833,-6.66857210162014
5.29190399593359,-2.95271454725401,-4.39625153095314
4.54322642049812,-3.83854755640395,-6.53395787248416
4.43830007564299,-3.24596375661351,-5.86757736555152
5.14265930252858,-4.14121016357434,-6.46987146813977
4.71651601549064,-2.592203888564,-3.83136938878143
5.38779605998239,-4.0005190129391,-6.11781551839514
5.18265720711767,-2.67656195333572,-3.9215355898964
5.76289865542831,-2.95043987154109,-3.59124849482286
6.23991056321278,-3.52159985782925,-5.00432951882222
4.7543147846063,-2.97276292200109,-5.13450910351473
4.59735627965697,-3.13604950586813,-5.56994415273981
7.40846910133649,-4.10720562111168,-4.85609347269722
4.51575912432628,-3.17502995451379,-5.64408354656426
6.50083235977428,-2.94953277810392,-3.76437372697644
5.54815740610002,-2.58182735060046,-2.93512681798933
5.07609722303559,-3.08351308061061,-5.12576313563491
5.90921300272449,-2.7838455146898,-3.73235638467643
5.30162332408077,-3.24532541282472,-5.25280115991064
5.28424905561051,-2.72302205424196,-4.02439234624235
5.9534308492479,-4.45745146003923,-6.10028545143839
5.30853709873705,-3.38342341298836,-5.15713016576921
5.40863697413282,-3.27724014937476,-5.22872513734387
4.33053754040773,-2.50018532221867,-3.25125908136527
6.43834559215175,-3.55527754189097,-4.91130428213063
5.67158003310867,-3.06393387326984,-4.65064837372876
6.16924269023125,-4.41051604509032,-5.92551744058394
7.19965658532017,-4.29046630379308,-5.15197957691881
4.74857189126652,-3.9943076220766,-6.54173328713324
5.62501975104705,-2.84929811731228,-4.16565882823235
5.58146760754753,-3.36649005334902,-5.24503698999637
5.98009880520483,-3.10599183582504,-4.14372979384257
5.46143764836792,-3.86494043564644,-5.93848614461736
5.46918592394604,-3.15787330854873,-4.98060841238551
4.80891749937555,-3.16360907144755,-5.46642862889036
5.676259608516,-2.88949879458588,-4.08795082366065
5.33261620553262,-4.44070786414818,-6.47344238448249
6.83729494644805,-4.40732772946283,-5.48122695723542
6.82804459873335,-4.46367954782811,-5.37428010123238
4.77455253931303,-3.17559933237657,-5.51189260057338
6.6235750135241,-3.16482866137705,-4.15602735075849
4.16790705779367,-2.91479561851607,-4.82147106413408
5.92445123554911,-2.63333176296236,-2.99601866120648
6.52588224162283,-2.82987774595824,-3.39094962033153
4.92404341117067,-4.10447638544531,-6.51900494918379
5.23565097038217,-2.87791636268372,-4.54541763438956
5.40408197002827,-2.63405559272176,-2.34551629715406
4.94167569592476,-2.58727136123832,-3.35444321966429
6.58498308540486,-2.84456026497142,-3.51838594730182
6.69963972798836,-3.86966471370031,-5.10276165920823
6.1602976606881,-3.09944762823583,-4.36450324110322
5.53618723308192,-3.84399891307215,-5.86656874243253
6.01169537586316,-3.27370623811258,-4.7933797285082
5.59128517143262,-3.10663707841864,-4.79523149755552
6.53163239124343,-4.30621289848508,-5.60877565508573
6.24662650959471,-3.16521196980102,-4.2851767691277
4.69812745522389,-2.58110263077198,-2.58163966096383
5.41259296577909,-3.25192836535929,-5.3915971934989
6.33213143452609,-4.11861288453361,-5.16587457264232
4.1253221043922,-2.56793205185497,-4.09709666649817
6.64527321722057,-3.95768444416267,-5.22919515349446
5.31768719924565,-2.90539074065288,-4.55361255269479
5.80037778191211,-3.0473030834122,-4.52077097911331
7.39295527699617,-4.2005152333379,-4.95694032129018
6.55703639328844,-3.19328710779425,-4.25881315271851
5.07444164333621,-4.32072825571528,-6.93645433128547
5.74020667543286,-3.34445911127902,-5.29786163982426
5.07405262293372,-3.26272461121128,-5.59302972408276
4.15110002249547,-2.50274353117301,-3.76477952213666
5.64877223477428,-3.05688213236175,-4.66485383507684
6.12501285058752,-2.66696048844712,-3.51817356601591
6.22017833709686,-4.24203745771259,-5.76598460001625
4.74838608562915,-2.74766195713258,-4.54670860656511
7.22844107829893,-4.2686426024087,-5.04410065517752
5.47678431038166,-2.58691578132018,-3.08345274252991
4.68515250564261,-3.08889274437171,-5.42026556186482
4.74401436405305,-3.18749230628211,-5.14767257698271
4.22830754452995,-2.4953325153121,-3.44809694265839
6.28255146227455,-3.23813765782595,-4.56602846628552
5.40664134254134,-4.36139187696771,-6.39518582252532
6.04717697981533,-3.04489065551532,-4.33287126605596
6.38455571791324,-3.17219635276003,-3.84904617526017
5.32703158326061,-2.86126437990589,-4.29938308357576
5.28456159637885,-2.55280982416709,-2.6046983244466
5.81295470721424,-2.50804140677359,-2.7489327697188
5.9045686302306,-2.65703391119922,-3.17346778092034
5.76711473633739,-3.03831913381975,-4.52612782396548
6.17773726671753,-4.05046901047216,-5.63205365955653
5.70621589410828,-4.50101220103234,-6.06063098767727
4.11373800062347,-2.49022195722101,-3.56957675266277
3.99346777854669,-2.48172943201743,-3.52196591181152
5.88581230944444,-3.245239654033,-4.97666722214119
6.63626286153092,-4.50647138632482,-5.64142075936415
5.6232627337848,-2.82332012850975,-3.80476889410924
5.54899078252455,-3.5530380617062,-5.47570890940134
4.83135354539342,-3.18226939808712,-5.48266135061961
4.50616503433489,-2.51361912281,-3.38590723680602
5.74959964084146,-2.61596505090062,-3.04357032054765
5.69651115597953,-3.61427537136811,-5.49991463037761
5.29214684223122,-3.07251459922361,-4.94639458350929
4.51556329505645,-2.55724719982981,-3.8787858899672
5.22320190915317,-3.66415001901039,-5.64809461857549
5.30065718012585,-3.73367642542567,-5.76295258794398
7.08215698999105,-4.29734616661452,-5.074697388729
6.24495688953839,-3.21899451446212,-4.53150083722444
4.9208219115513,-4.1679643495792,-6.6106759811877
6.93734798614931,-3.58395274563541,-4.60245550456007
4.57904360597211,-2.67012606454402,-4.30347759352764
4.88416571864225,-3.96196987589653,-6.42136930678038
6.51979320881402,-3.89720113470632,-5.25350931921407
5.09321202017797,-2.84398709472648,-4.56369709496633
5.06221989056929,-3.10664639844652,-5.18013441138617
4.58536912092822,-2.46010432053089,-3.35265847401143
5.68648032153304,-2.67485419072611,-2.23774397822543
4.73154032494739,-2.65018947387577,-3.93210212992663
6.48528341150867,-2.82241803719366,-3.39837928081144
5.19878786780585,-3.86388526583259,-6.14588292379522
5.68693971370927,-2.892972636394,-3.94641136644629
6.01068552698317,-2.81741986990426,-3.25636434766856
5.09150960947478,-2.7890377280726,-4.40487441699557
6.36983097100663,-3.2087695420476,-4.42294080453228
6.74360417322997,-3.55817497966903,-4.78172959489987
4.53764566029049,-2.72871323301499,-5.08781808798082
5.5609789953529,-3.10587669009384,-4.91204310018945
4.92557513235971,-2.49481291374599,-3.67388842590095
4.05696167856296,-2.4889489529983,-3.66080248349416
5.57344885019731,-2.68081766842937,-2.86695313968753
5.08419092510656,-2.59742189862864,-3.56412633515203
4.99404936842506,-4.20251496990138,-6.82272497696878
6.14042406452442,-3.48859300326438,-5.02862656745019
5.24949919691668,-4.05884977797617,-6.26248765467769
3.8497960694066,-2.47385565450241,-3.58052788424998
5.1546567396586,-2.56649464295744,-3.2534484355663
5.4443264752455,-4.26184578559473,-6.11005176051086
4.88350993575874,-3.38365889952326,-5.73147358796222
5.19437195743971,-3.40106984236344,-5.56743078184906
5.25415664389771,-3.37803245777479,-5.49229906173298
6.54859799888933,-2.89557041027618,-3.57861448434077
6.21436274610477,-4.17177402932946,-5.71194305139365
4.87095900994956,-2.5393554975843,-3.2760013051177
4.67404024245538,-2.81183581180044,-4.81282964290178
5.63378013940766,-4.35198656589568,-6.2229172110469
6.77596728792912,-3.75951339084636,-4.75967561596977
4.39837922025766,-2.50418681085172,-3.17847168665873
5.08582657484484,-3.63177827392123,-6.03824620398928
5.4757686071742,-3.16669454057486,-5.18883597709219
5.30592795521588,-2.77014591162248,-4.08419963591136
4.92620041010989,-3.56222808059326,-6.04239561902797
4.72767934302293,-3.51412109096886,-6.04434231159258
5.18748423758426,-2.81794565701156,-4.37415323016683
4.45293391117532,-2.42585156719578,-3.56344574771518
4.32110878331677,-2.57422572770893,-2.97128015833404
6.77725964804315,-3.92206725664239,-5.10418721093153
4.68315539822181,-3.65973434827524,-6.24958898829393
5.00330156507284,-3.0104593344923,-5.03124106245161
4.68202456433275,-4.0255491332221,-6.61388078638157
4.46292853939259,-2.53348086931313,-3.73349112000714
6.28674347010667,-3.167764404519,-4.3055863183284
5.27193357018087,-3.68290011932588,-6.07917010739629
4.73688303507034,-2.95236408732234,-5.10234703354583
5.04555841982312,-2.54005385952007,-2.73878662670021
6.3662168295345,-3.22008890135005,-4.4460684976151
4.63655121947116,-2.51742130655111,-3.0125878382639
6.19581533368072,-4.30605366284695,-5.83175745498404
4.58273758125339,-4.0449483257752,-6.69711126085418
5.31481219270698,-4.13064138792826,-6.24745978539324
7.36055295785553,-4.50584522519753,-5.15141959650977
4.84520017876552,-3.82213823532472,-6.31302328010281
5.25532064221204,-3.00428384199707,-4.83162841262316
4.53393498384728,-2.94108499743107,-5.22826540622029
4.72624235155132,-3.22017052266707,-5.30770820103371
5.5438570807588,-2.65239597368249,-3.48380157994173
6.29940322987866,-2.91079894076956,-3.81536772482455
5.8998798006577,-2.58558443113414,-2.30890283229035
5.62476936087977,-3.12937204554477,-5.08202229444864
4.78877179817005,-3.10841553766962,-5.38163630739027
5.17283160434451,-2.61474634975294,-3.61466849446244
6.09217426262269,-2.87133168531874,-3.86475524833328
4.92526144852173,-4.12863058899424,-6.53808033169753
3.92150323607346,-2.47793509653352,-3.50038160458321
6.72229788457185,-4.00071785280595,-5.21892430678688
4.59477995970111,-2.75593299417659,-4.30764010048729
6.02991976524488,-3.33435019804359,-4.4890512146735
6.44038604089946,-4.06899239342177,-5.47226474585566
6.42950078194757,-2.97781032031926,-3.35595608793929
5.90022930381879,-4.36893328944038,-6.07399470458821
5.48463978773127,-2.61127451621617,-3.28411410015965
6.19697324480263,-3.29600482306578,-4.66076972914747
6.98404290852687,-4.16105476737194,-4.98366086177982
4.51539274564824,-3.80848330771101,-6.52280775646719
5.02986624107791,-3.84146782122224,-6.20734161001724
4.74935757859129,-2.95018010184586,-5.4834795225755
5.4568461264735,-3.38486062586072,-5.35989143945745
6.66548362454411,-3.19896793577361,-3.79819614679599
5.15325144144046,-2.93444383390067,-4.74923284179823
6.21883089940546,-4.2496887770864,-5.64777823811758
4.42462773986888,-3.00831964762128,-5.16817258004169
6.18865020447522,-3.8878925021754,-5.49766722935557
4.06200931642648,-2.51083575739749,-3.97520391309056
5.1079287066388,-3.8062536838003,-6.11849966055049
7.25789872925377,-4.27336931612107,-5.09947156842522
4.13874740801882,-2.3950775603397,-3.86576193272499
4.45801039742544,-2.65928884285926,-4.46608905660564
4.50582676169069,-2.54324310867753,-4.5466040389229
6.75398099633113,-3.55240718461013,-4.60821870529371
6.85907850787843,-3.97826162302914,-5.10478285619188
5.48086244450586,-2.99051241698408,-4.63356573462154
5.11089931354774,-3.32431422928638,-5.51321241115281
4.18592917028187,-2.57063272610921,-4.28644212709548
5.64077519934737,-2.62276883896007,-2.67560289712243
4.2665634261312,-3.20796514649246,-6.01054362775494
5.24827023726783,-3.4811589425178,-5.98667329256163
6.29334863012407,-2.7916349495944,-3.44629071227001
4.5617370202083,-2.52000658603748,-3.42471485448316
4.80995409442687,-2.85437858164119,-4.5921196223312
5.43947894785074,-4.01378156083569,-6.09508944041611
6.2066405365484,-2.88446312861106,-3.81336799369474
5.00569536915898,-2.54024552178131,-3.05870358893816
6.2841364536076,-3.17325037255646,-4.41907088131424
5.83506758179429,-3.71574325170564,-5.50054287370401
4.80394159114119,-3.65517795477542,-6.16168989954067
4.41862945441258,-2.51586176386496,-3.57619825280877
4.74287108593704,-2.66636435111458,-4.25413445386274
6.48194337864364,-3.21245982716024,-4.40414707948473
5.61407643819575,-2.87834453386171,-4.25564245239076
5.6906561359716,-2.79714757993779,-2.32902292213494
6.68466172447755,-3.47690372004336,-4.63149975866453
5.01173131888361,-4.0916928680104,-6.44971398882148
5.05389207043715,-3.71565350740081,-6.05857706997137
4.92398625344893,-3.07700348936525,-5.22395868814483
6.86331898423282,-4.44575653978066,-5.10342433802231
5.64646276373669,-3.61431116578373,-5.53446424548697
4.77435990118838,-3.64436896968713,-6.16822054032173
5.73456551986752,-3.52278025223079,-5.68886196436406
5.35386125601639,-3.89077965413878,-6.03697866392914
3.98285452127752,-2.48151862768845,-3.43895551422117
3.90768040813618,-2.58608922313939,-3.65701151573591
5.24966010337416,-2.57771618463195,-3.25686263657745
5.10068475268028,-3.13602990641099,-5.4535942363506
4.18139770424666,-2.74857813060771,-4.58477797470499
5.40640008619584,-2.78507498763893,-4.14189922311564
4.82135211553961,-4.43680319883589,-6.97525406406022
6.10025364671743,-3.23691622343573,-4.38101264853812
5.59960960533302,-3.73631636964725,-5.70862989724023
7.13920690282493,-4.30515764980338,-4.90570106080483
5.25842877118027,-2.58546031985614,-3.17097774811507
4.68641180275215,-3.70530118587602,-6.29809346043734
5.50755422101121,-2.93173559400416,-4.4752609674638
7.05376716456245,-4.02323384171055,-5.01672130340339
6.44630297283143,-2.81733252513865,-3.41247028131427
5.77328513979427,-3.9362315736698,-5.79774530112914
5.37951131383082,-4.20482063036671,-6.29639201278546
6.5307840687315,-3.63957719510062,-4.78394917314634
5.15239646382842,-2.96293934309609,-4.81624657060628
5.06128413750937,-3.94630885613942,-6.28763764698468
5.91168857978113,-2.8141321754031,-3.83209327537312
5.86853371435671,-2.67056642102378,-2.92267938800822
4.91088944714006,-2.65975483049539,-3.05386046364128
4.80985785653471,-2.97546048026831,-5.09919418610059
4.87292520759461,-4.14624371346879,-6.58726809444381
5.19411143285159,-4.12620607533434,-6.35659885954835
7.03931487590928,-3.4908471381438,-4.35891587739739
5.52243061855883,-4.35701533355742,-6.47848849696959
5.95236536981627,-3.98176049558901,-5.83508765805833
4.07234967227507,-2.60158901603962,-4.5478266291288
7.28181045660142,-3.94845047009927,-5.17634794505079
5.54995342571642,-3.02827845799463,-4.66524677794594
4.42116491498888,-2.5189047576727,-3.61697158956245
4.41001152861028,-2.51459725067969,-3.56902046286881
4.56891970567873,-3.06504467105518,-5.15744389157882
6.24784578649133,-4.11291806788559,-5.64036430985191
5.52617390534087,-3.42756787388047,-5.37271002449279
4.91991404322185,-2.81600819060682,-4.61960637204314
6.6507195367506,-3.68831955874458,-4.78107688789949
4.64714565645982,-3.56603741502122,-6.07496526861109
5.95301429697278,-2.77900168478333,-3.48511987239642
5.31113442123896,-2.82613206579758,-4.34355546408311
6.05793668610852,-4.17605469566794,-6.05009907519971
4.57180399097951,-2.52824264980802,-3.53836800406121
5.83779895298791,-3.46499547929145,-4.83795368104359
7.29843813392428,-4.15639589429845,-4.97397167851111
5.65450600035021,-3.43640594751725,-5.40514334161004
4.37992551466033,-2.70843435071718,-4.78658661119863
6.02762000140108,-3.39991037456302,-4.74269391369219
6.17392225294628,-3.3249316583815,-4.44922905816946
5.17284049989223,-4.35647357008143,-6.49496810418593
5.25249851839198,-2.79748787015855,-4.01336614840973
4.60970466216518,-2.5171980306434,-3.25862821838628
5.98682222961893,-2.63503155953545,-2.94434372385943
5.29291718081356,-2.98710777264401,-4.94003344918159
5.78814417714669,-3.04768310803675,-4.53062091522612
3.96657113172332,-2.52634084102211,-3.72766073622295
4.7961956955176,-3.52701679476939,-6.01325794060372
4.8721866946616,-3.33562556568338,-5.39677382811625
6.73550748487434,-3.10818132999975,-3.95931583425541
5.47246764001333,-2.64690240327255,-3.51951772725887
5.23905989703043,-2.64345285492971,-2.95922093452811
5.64376355184145,-2.85480032176109,-3.45119377086966
5.64969800471809,-3.19784544714611,-4.54686055180723
6.12077117132524,-2.88913843596228,-3.3899425659498
5.35912794436698,-4.29128867344165,-6.37597249323068
5.82445379239403,-3.17986656963753,-4.23483652935284
6.5064935857848,-3.06155842470876,-4.02846183995703
4.98970491714072,-2.74734518120384,-4.35178907519256
5.81319233692084,-3.09964151484753,-4.35725738319346
6.58537330825452,-3.65673710642743,-4.65308476066868
5.18606329749458,-3.40071400561308,-5.36627713949384
7.30100276673132,-4.55544553319576,-5.27732033452672
7.12565668537807,-4.31131446075092,-5.21768022209282
6.03252974893114,-2.83168480384553,-3.75875401555092
6.92948772002174,-3.26528072548924,-4.12113863618721
6.54075557471275,-4.34299585140608,-5.63054972323484
5.7814245323611,-3.53088464978285,-5.33551477026401
6.15990619570551,-3.69629113495513,-5.26186592344108
5.88338089525286,-2.86083148267522,-3.99735901315915
6.23689156806999,-4.1722226867267,-5.53660378533316
4.74982392672651,-3.23037420193707,-5.77971905387975
4.39817532669487,-2.58306015405726,-4.15913352948519
4.26758238864154,-2.80338289329455,-5.29221419343613
6.64551809198255,-3.09295406177252,-3.99349485618396
5.17038492898385,-2.54617673746555,-2.82723612683994
7.3202638448012,-4.53722230374906,-5.05849372074549
6.83721718648094,-3.68048426630837,-4.7943519769802
4.93975492740524,-2.60473269386304,-3.706655556698
5.84916105371139,-3.05361448642644,-4.37371523341698
4.13607226781622,-3.52489853439084,-6.30579710648846
5.10140829755291,-3.81874350268306,-5.92555277685679
7.13808671012962,-4.31362986206412,-5.3084980584981
5.89684339532845,-3.92006400449466,-5.69847587768507
5.64307804798496,-3.78268408888966,-5.72960316350396
6.64537507357059,-3.21457891244355,-4.40991269662173
5.41078355436635,-2.78021019568582,-4.40004247555327
4.74161876602706,-3.24732207771665,-5.38722147201233
6.09374140709593,-3.82440584556479,-5.07988540534374
5.57278882137096,-3.68298285994606,-5.66662411234542
6.73809666163211,-4.03941396181853,-5.24482673019936
5.14187342414865,-2.61406592745951,-3.61985295244828
4.53515650203568,-4.07911016525237,-6.75775632783387
4.66445768195492,-3.57365616752099,-6.16173655631935
4.84343592258512,-3.99585910753461,-6.73482274230693
6.44161322620595,-2.82006065403736,-3.19032935409915
5.91777804506655,-2.68279919089424,-3.3037977158897
4.46881230856276,-3.22071732645705,-5.72239942130015
5.90833825179901,-2.86162748246141,-3.61337010275031
5.33973428735477,-4.40550728033459,-6.46999757599053
3.91562660471741,-2.48215163574525,-3.50646991428098
5.26821585150627,-3.34461276272943,-5.25304174818153
5.90610176172896,-4.2882089473286,-6.01065108526745
4.70883710279807,-4.37769595740083,-6.86742790577016
5.26967386769952,-4.37948845893749,-6.35345071235497
7.04730528789879,-3.7498201743964,-4.73252179842901
4.79927064353085,-2.52621225774624,-3.07802602199745
5.90284162058155,-2.60258682953315,-2.62340977073519
4.29701217728178,-2.63907407289065,-4.51936377370694
4.47088290631384,-2.58404072469569,-4.70264592110445
5.27606908612174,-3.57076699800125,-5.49825661223853
5.93140723254017,-3.33087966078315,-5.05117809025873
5.49067975905326,-3.72389940383289,-5.76926725470761
6.51268788143444,-3.73583802202868,-5.08308208342828
4.64185951442747,-2.94453071400136,-5.15557068575962
6.01547850734731,-2.60031290583335,-2.53893127778818
4.25150516993763,-2.60910789465704,-3.87562957068799
4.52069215253508,-3.76412991378816,-6.47376510680187
5.40451241034831,-3.17420890485629,-5.05680209931457
6.26930309465745,-2.72785430807447,-3.20941035571348
4.4521999945117,-2.40235516739185,-3.89027317951346
4.07848944483806,-2.56242055635997,-3.03463146397777
4.70740493835716,-2.5281897490081,-3.33857591542421
5.72316866171586,-2.61681101890946,-3.07854378466534
5.53967063647956,-3.82420095415482,-5.84380371078693
5.0572046758279,-2.56804682996681,-3.38466521332014
5.6926078988571,-4.23722332935835,-6.11339220575998
6.06469909557032,-3.23683640708401,-4.69260177508065
4.41887286865684,-2.5241114175113,-3.68581991416544
4.33797834748869,-2.93464229804326,-4.98214140530579
4.7822330162845,-2.85816202929229,-4.8408093288046
5.72855580486535,-2.79892748473259,-4.02349357500689
4.47745794921901,-3.43478349084241,-5.99108449630613
6.76527087804021,-4.08034523104745,-5.26416226536561
5.40621675752827,-3.55779431363765,-5.52988467715866
5.51023081720499,-3.23064733420179,-5.07923934546889
7.00115048877948,-3.6836715291532,-4.62523280081656
5.75853551468721,-4.44178329408038,-6.21827470986411
4.28454781297508,-2.58570882437845,-4.27868906490014
6.5873270169127,-3.47481968692302,-4.56036252722136
5.68206620491531,-3.65920109461594,-5.56384671459904
5.92575066077654,-3.24856811527185,-4.81239169081153
5.76191874854577,-2.76650298360601,-3.79111969351977
5.60332016917593,-3.12199636196998,-4.81619222196461
6.19171856497136,-2.69334706837901,-3.72375453789824
5.03208523336054,-2.60466562834124,-3.68748083004067
5.05859088939049,-4.42030255965371,-6.50381016112775
7.13248241909125,-3.68620108893582,-4.59774141918198
4.53076616219198,-2.66884412211078,-4.4430530147395
5.31718978224523,-3.63245520763195,-5.78299187781268
4.35145368411273,-2.66586449563156,-4.09577366412198
6.51455222027295,-3.66938673584614,-5.00321705774429
3.91301465638434,-2.47978064798834,-3.3863041841047
6.82743173236624,-2.74693405224778,-3.70476969644832
7.1663628168705,-3.92397105211518,-4.84209735038607
6.73262799847144,-3.68545953805808,-4.64771431758643
5.21245259754019,-2.78398141513563,-3.64386483305665
7.03881647158089,-4.57652864300977,-5.19299421832008
5.66454543273244,-2.57861440721135,-2.20820766671687
5.7719384544859,-2.61488088079638,-3.01044885436474
5.69477363606082,-2.68554049059745,-3.51623041387785
4.0819458192643,-2.72611540859464,-4.44484088261547
6.52523742520584,-3.58567775962041,-4.80684679101056
5.54424634827844,-4.20676307281759,-6.16863792305629
4.82716801534244,-4.04759891116146,-6.53571253246571
5.47729591653253,-4.30760662760566,-6.30965845289338
6.48441114414923,-3.50658514373647,-4.70561302245194
4.98621628202699,-4.04970875578545,-6.43098831845144
4.76509299782106,-2.61203334680619,-3.98009717579814
6.47048862884201,-2.92300337002537,-3.71671033000304
5.77368672002797,-3.31682663282759,-5.02525005645576
5.54251879707442,-2.56611872792486,-2.5229118665961
5.73286988466106,-4.09661315386258,-5.97129179032687
5.90656224835774,-2.73402830905451,-3.54678172950806
5.66830774269347,-2.94441729824778,-4.38475870740047
7.21810439221474,-4.09085202541677,-5.18515975216776
4.50702280821608,-3.11788152213735,-5.60249511806951
5.19374500701834,-3.75769708901832,-6.00893790291047
5.20807989710932,-2.64456618967005,-2.37163293366488
4.81601743057688,-3.1377704861177,-5.41552365592236
3.76023006904078,-2.47056301128179,-3.77463462457306
5.49181932385984,-3.47570191278825,-5.49102072729061
6.58912553026054,-3.0008754589028,-3.82649525720951
4.61449962323738,-2.90137312816099,-5.07595050300223
5.29608677318394,-2.7970972862281,-3.85453471010493
6.42943201289506,-3.33365747266124,-4.66013922283443
6.34026174106928,-4.15662892275998,-5.61593465507144
4.43607009970782,-3.40390812671681,-6.03967212523372
6.83994284297113,-3.32129718842351,-4.33938752100465
5.38085697730114,-4.15185735072191,-6.25300002707813
4.50601323974844,-3.14125477062336,-5.4922912635342
6.15299140908826,-3.07177381753894,-4.06962213136535
5.54724256670873,-3.72742491569142,-5.76567548008147
4.22252293354239,-2.67274805073977,-4.48007860212147
6.94793286063063,-4.27039736132271,-5.24457037083483
5.16469070589982,-3.46870502704535,-5.68172069314757
5.5728604180347,-3.83499259505392,-5.73968452225052
5.69659784908312,-2.58125416430561,-2.16986514646487
5.59955164841518,-4.11249623607645,-5.98185153410421
5.37442980933296,-2.69091093137071,-3.81901458786841
4.68287716512915,-3.80335274445184,-6.40403975660989
4.29525499647169,-2.77264825379958,-4.9817992636541
4.97007002186324,-2.5903504908639,-3.65492883606276
4.20936269762453,-2.49381452732778,-3.42715671786963
6.78032647175123,-3.61898870809505,-4.75691956582773
5.29134148696443,-2.55557088827989,-2.50720938160523
4.5704836616821,-3.82988478988143,-6.50692080322864
4.72036629444549,-2.94152417275506,-5.09019250924913
7.3492909349692,-4.06704141251132,-4.85883300948963
5.12167598872316,-3.39033004728096,-5.60302553767139
5.42353184937657,-3.88774987844254,-5.98686364306583
6.37037322519585,-3.64121423537054,-5.20947086553317
5.02638515192534,-2.63193616305874,-3.63925400406888
4.67577884552486,-2.86421821818351,-4.9377082330321
5.68030604625243,-4.45580704349954,-6.27927196476722
4.55645439265545,-2.4826874230692,-3.42118693067764
3.70320993150382,-2.46630872376701,-3.61067225298051
5.02240027307767,-3.50987956281628,-5.83477886834602
6.20679619247068,-3.08427295649654,-4.29892165494994
5.07863830604946,-3.55883106032509,-5.85790299684139
6.03451977952857,-2.67131074384729,-3.18837495027886
4.19535536008808,-2.49281739207601,-3.3354866660995
5.22450647989714,-3.70526689818904,-5.93044603563158
7.139436755495,-3.94021549683573,-5.05816338153532
5.46723459608838,-2.54984840295195,-2.44111374457144
5.59401491871523,-2.76680823978445,-3.92917411910881
7.48251546480732,-4.43162555943044,-5.07147140484815
6.9547438513486,-3.71441721845822,-4.78972465087222
4.99358489743987,-2.61501334989602,-4.13907858597465
7.28978649807524,-4.2224879818496,-4.91049271451341
5.00343419587525,-2.78050545724783,-4.44816134667903
5.16762173222553,-2.66473494102375,-3.88158557452968
6.93659408890185,-3.62553185029113,-4.65706500058677
5.48218656506135,-2.50628407848628,-2.61672359594133
5.02984638135869,-4.15199008743587,-6.48726833411517
5.93689554640215,-2.96802031943268,-4.23925122054033
6.40517716467659,-3.21966653929246,-4.41720933745069
5.37579761769793,-2.56183803292644,-2.411311713612
5.07277628919461,-4.22962952239512,-6.51967227999193
6.40696100177572,-3.3201313728879,-4.56216823780746
4.76163547320552,-3.38244039155525,-5.57470644435918
4.49662021572149,-2.9054358182284,-5.17426719968332
4.59415877524656,-3.75120501765787,-6.3183854532712
5.65718637833619,-4.29724384229256,-6.18267959281249
5.61999991871478,-3.4680075175456,-5.36348610079686
5.25241576537988,-2.84608996696931,-5.10917976014008
5.0118311480257,-3.95616154790002,-6.21761919610369
5.0749241670373,-2.77498048606161,-4.37397583212038
5.58084244115121,-2.75040636790738,-3.48604491100177
6.07849325064818,-4.36110636191309,-5.95033159820593
4.64137757059283,-2.77934815663209,-4.73032531260967
4.38404454824436,-2.83733733852725,-5.09110809326494
5.3690793186418,-2.58565694656638,-3.19625954856582
5.47296234433876,-4.30344023936117,-6.1241183752862
4.70245029499325,-3.92692114949038,-6.40770232028378
6.14168733506259,-3.73849019823937,-5.10278403533921
6.32369347478796,-2.71855767530922,-3.11849162827228
5.69838219996517,-3.15991076525546,-4.89004118725013
5.35391847975856,-2.6219371578819,-3.63807908837702
5.23882845492852,-2.55485751463699,-2.4854932172162
6.09037386255149,-2.81420519815797,-3.68918069350769
6.08609661938781,-2.6454469539149,-2.91961122855616
6.70916743648729,-3.45379855099988,-4.58087729688501
4.78366962629783,-4.18392460330923,-6.50169170229676
4.35638586641174,-3.28327709564932,-5.78723510912629
5.54919128992712,-2.76538995110077,-3.88483005302798
6.60561531848035,-3.9520745678462,-5.25049731739215
5.29397735865798,-4.08817479126099,-6.14908996781577
4.39017175795881,-2.85441975148796,-5.13025951357994
5.64620955561777,-2.63335756119557,-3.43407020821947
5.85400993553862,-2.62608840331648,-3.01394877075029
6.53504001367435,-2.80193924433973,-3.47081004514381
6.04778522786439,-2.93425490726879,-3.98324388466143
6.57280812291229,-3.66629760815826,-4.95931377228686
5.65325244074289,-3.24788359117283,-5.00610329791119
6.83104761503617,-3.27883992227454,-3.99248955056322
5.01193999150574,-2.67566454966488,-3.48497799595257
6.49428369811237,-3.70068731072734,-5.00729741115217
5.74590475616931,-4.36617542124629,-6.17415326551837
5.52098794335216,-2.74479237740854,-3.91001447693917
6.52745997081005,-2.91783288357757,-3.65839677209801
6.84596363837135,-3.61340816252232,-4.42786616640938
5.33004989341614,-2.745174589536,-4.19228924803744
5.81099471490116,-2.8230256942057,-4.0175871433736
4.94609421905499,-2.84505316717697,-4.68016831019221
6.43329634623729,-4.30160295540017,-5.67059904689709
5.20976847467532,-2.68226013748536,-3.83932536397199
4.84219304600348,-3.41303845247219,-5.83059388485491
4.74313103773962,-2.76176131643073,-4.72390191634225
5.12045419743645,-3.41998687307068,-5.58796678540588
4.47095313582073,-3.04099210026594,-5.48406177848708
4.96540982333979,-2.5968942370974,-3.70284520241479
5.1255409188335,-3.60298605129283,-5.87961550611226
4.80304296536344,-3.29190331287617,-5.43316771748663
5.26345833157253,-4.40531418702012,-6.67533993532227
6.22187584390196,-3.71221364620785,-5.25522736936986
4.59873480459685,-2.51522693432643,-3.19917788983471
6.67456243883172,-4.51645806452314,-5.66429237989968
6.30152889752123,-2.96823911230394,-3.96396780271112
5.48422775907294,-4.46875168210218,-6.3855967827099
4.33007171184262,-2.78198270328152,-4.98161442104481
7.08481094904228,-4.59998016126031,-5.19260938289265
5.90770860600487,-3.49634993517512,-5.20157059472212
4.95655170338964,-3.26654507325417,-5.53263571194175
5.59490218788921,-3.23208547784627,-5.08847540720194
4.50333858700032,-2.64210544764574,-4.50589963083631
4.45828866093739,-3.28264005886361,-5.91039366454098
4.7873944483148,-3.65353199506286,-6.1711464373003
4.44314448555562,-3.0204342111721,-5.46357654716592
6.01780317023868,-3.3793564288187,-4.82387799027514
4.32325520902472,-2.56361142984649,-3.79347399971533
4.37229302013565,-2.78473649754089,-4.78083310993565
6.74473139513203,-4.22976340788869,-5.28359785599399
5.31833144574395,-2.67050490254426,-3.08551707064222
4.8758323264642,-2.90213229189865,-4.88057289737138
5.80841508944162,-2.58434506925362,-2.16865441656359
4.95817027807785,-3.14433372173781,-4.95148332307428
6.67921438358302,-3.53820466275905,-4.72077111560659
5.86036507277956,-3.22727675821931,-4.82261287428214
4.76868235238227,-2.83891713902765,-4.80021850517994
5.63175716398738,-2.60324744881063,-3.06290263437767
5.75872044883271,-3.18771204267724,-5.02798034734848
6.5001461229649,-4.55209355740585,-5.6416820965876
4.92579057505579,-2.61454670948682,-3.12673290563081
6.17168405603338,-3.47410391691322,-5.10980219979023
6.96861122216324,-3.84839289017581,-4.74538256814574
5.87807043407757,-2.66797585616357,-3.26120236945524
4.40207486927555,-2.54582372644565,-4.1864119309029
5.23225081215053,-3.21130153015137,-5.24524595736949
5.67719396609726,-3.87656043584148,-5.80396147324482
5.66501822157791,-4.37283208892491,-6.23238837444008
6.06826949577934,-3.79038024040965,-5.44804680587422
4.34804339760823,-2.59304363753404,-4.25971044241509
5.94467472947268,-2.7515075356292,-3.58890746046492
4.70688011372516,-3.36368871120246,-5.85559192022561
5.85586993480401,-3.92810952273614,-5.73405495285178
5.0127952607171,-4.01610205786752,-6.33261755343579
6.49902339032525,-3.97085758136297,-5.34094555206416
6.86267715133175,-4.06812677054782,-5.18750677860939
5.07452026671723,-2.89158760055478,-4.70367934747424
6.03088329234498,-2.71480427938822,-3.35765946232309
5.95645191764595,-2.68563876438166,-3.28345575376392
5.33522934119877,-3.12627350769046,-5.35520576254721
6.75448489349826,-3.05360639419938,-3.82600001122512
6.74464406242241,-4.17464521001494,-5.36065816601429
4.99861114136273,-2.74196545376934,-3.97108594041315
4.42212994022964,-2.44140645822032,-3.42317762996062
5.08788413439072,-2.55635687599212,-2.55856504995071
4.69753578905763,-2.59236565012086,-3.93195250437829
6.66533242922194,-3.50340883000993,-4.6825186132221
5.06361646036391,-2.65146039771082,-3.91086760155409
5.82961704720325,-2.61520704148522,-2.95014605049211
5.66252344349341,-2.77691778607755,-4.37888201309526
5.27006493710167,-2.71482599336277,-4.00481967094793
6.13150061919774,-3.21107947582405,-4.59906400783977
5.83616232658553,-3.11441386315936,-4.63180012071734
4.71916246564906,-3.07775638625379,-5.3744534377994
5.24604384795069,-4.24404523238346,-6.41554796757203
5.63596996407951,-2.61441362689107,-2.53018491792677
5.78946309826912,-2.88037136866408,-4.12571762205122
5.67940288809802,-2.9402348166235,-4.36608792233565
5.65896101067801,-2.59284908782028,-2.92667328008207
7.17199268602159,-3.75033885011603,-4.64752246491354
4.13421194108676,-2.66451756992319,-3.88487037592052
6.46366927374727,-3.4202737549745,-4.7628346360063
4.81526817941768,-4.25914027281739,-6.71286047338626
5.5053558408746,-2.81301022566068,-4.15147626700519
4.7959969379939,-2.73344102718359,-4.46111522969414
7.02300397885894,-3.41935264194773,-4.30825252192424
4.53730363682493,-2.52353668522107,-3.52048982082313
6.07555592876392,-3.65370432640347,-5.28661741357021
5.74059122974669,-2.91806759036382,-4.26375791752212
4.94612306555652,-2.57365193214121,-3.55604766335044
6.28763026514719,-3.8950365031421,-5.40880497785112
6.27698970427889,-4.16301866714673,-5.48767737620568
6.29373239974179,-3.0425867801875,-4.57814626704805
5.48975051362085,-3.24071452803792,-5.21286833323433
7.02575072153799,-3.96086615749677,-4.97482178569589
6.85899286188735,-3.46186193528787,-4.48740803871827
4.45746759027569,-2.96440924610816,-5.33639038380368
4.10281914160973,-2.49126493534701,-3.23425931930545
5.5213497553694,-3.87253561083211,-5.8686394707033
5.68966539526489,-4.43784593518743,-6.14457070047977
5.97212897978005,-2.61326548209152,-2.56603880530144
5.42941393837049,-2.61063320575588,-3.33564445983323
5.54874654903462,-3.86760396317109,-5.88199913758638
5.20606768267515,-2.74684037399445,-4.11432763724547
4.20562637967988,-2.60285229617477,-4.43646557105152
5.32261260079655,-3.52874376837697,-5.65101639933741
5.36136253385894,-3.49998681021422,-5.19739098103006
6.88775873071581,-3.76691244233649,-4.86167426566245
6.06234890170754,-2.7736371457493,-2.88928904453939
5.83623648536477,-2.75800601965284,-3.69897104612787
3.97228702325589,-2.81949726433404,-4.50555081749384
5.09620540199463,-2.82613076440374,-4.51127193892661
4.91267677205067,-3.4311469991409,-5.80636358589346
4.98308587200599,-2.97035425674441,-4.95921499558886
5.05062071911555,-4.072835451032,-6.0208866666279
4.85359594194939,-4.36845872979391,-6.61836322729026
5.43196355551229,-2.5602609097172,-2.64681348232618
4.51467985402881,-2.55114380837365,-3.99883074671073
4.86711458443782,-2.61867527605591,-3.92233700865464
4.27419464807609,-2.52503829651933,-3.86916202396741
5.04456985438906,-3.79548238640069,-6.1503781824124
6.08572596208678,-3.37277556345689,-4.89892976442609
5.3914483378099,-2.57211239465194,-3.01707562354273
5.14950280831379,-3.41469355044076,-5.62755097754759
6.45809283636612,-3.55542889876389,-4.89777902167571
4.37122370335246,-3.24839200823842,-5.57508462330613
6.6353088164776,-2.9971069431046,-4.07105439208773
4.11112323441488,-2.52293997392638,-4.03271003612217
6.69049912212885,-3.00617454354021,-3.76280651212402
5.26285576703272,-2.65337654120914,-2.77675669027025
5.58418112932935,-3.57033840509632,-5.52292978612811
5.56711563782052,-2.59447692468689,-3.05383238676743
5.89604170974661,-2.58750535539783,-2.46463276531186
5.54547072580495,-3.69588325333303,-5.32973794648052
4.62806783422161,-3.79650139520062,-6.43423646850572
4.88126775817832,-2.72182146907486,-4.35147732880647
5.19148649875332,-3.04232186205867,-4.95906701313463
7.1688579395754,-3.69263032039215,-4.91283556906167
6.75189755979051,-4.00420168778059,-5.02155078511643
6.2629431322376,-2.72537973742735,-3.26919727530382
7.40314295939625,-4.37850458284309,-4.9907170578828
4.79471293289542,-2.56645587226893,-3.65881025338423
6.12688910114151,-2.68815162509776,-3.14202005762563
5.0608601813099,-2.70278964097193,-3.7517692309848
5.87639281300232,-2.92545812494087,-4.17914510117635
6.56836050298378,-2.99706943057768,-3.87738395160338
5.31055594213785,-3.43063665736932,-5.52783697451973
6.59749504803088,-2.8898976176059,-3.52366394478827
6.18356384524687,-2.78892337468226,-3.52648463295195
6.48155829950854,-3.30804675106528,-4.51524601283976
7.05862388847916,-4.13841240033028,-5.43229354502316
6.21623514813786,-3.29090758548923,-4.37851529364823
4.47104222405554,-2.77815790104096,-4.8603996096916
4.77631186432622,-2.56749617401863,-3.6863216833558
6.12058200582588,-2.62165022981137,-2.67877646978259
5.91380605431038,-3.98574221807392,-5.72828586872368
5.15701430583524,-3.61584570409035,-5.87337727793273
5.80733297076804,-4.45686594393508,-6.19623501731384
5.90671940642629,-2.60869598954903,-2.79822857187528
6.75180761198984,-3.79619411548821,-4.9299484876959
5.33417049004291,-3.62133086191602,-5.59863629334531
6.06091257576739,-3.85848062620064,-5.59652746409241
4.37351989056036,-3.00557321829043,-5.41721614991017
6.90266459231157,-4.41039788896944,-5.44015543452324
4.18651333607071,-2.57557707255267,-4.31366298570631
5.8118751114373,-2.70448122645512,-3.50134802594608
6.43011210246963,-3.89706279301407,-5.31421912895663
5.01026701912907,-3.6281155409456,-5.9297034997837
5.18251802810298,-3.89758835535616,-6.04077893787619
5.39930237345499,-4.12988786882671,-6.31083712496859
4.4278459562552,-3.18047988834503,-5.49966444028928
4.58182475857982,-3.45093929859487,-6.06346405497785
5.76220502143819,-2.58556529601272,-2.36260745295806
6.42478702092799,-3.53631638479693,-4.74716677823004
5.8404906795299,-3.69509500871888,-5.49702186134848
4.88110881560613,-2.60880569378537,-3.46607691835729
6.74826244319979,-4.46743925407811,-5.58251669683388
4.94394380930919,-4.14980814380938,-6.54070781889587
4.52555696525511,-3.3472989378715,-5.6603943844379
4.44321790559758,-3.06955373343835,-5.5593350760546
5.06901620059965,-3.31730528708726,-5.45042357623085
4.68565469925311,-3.56457949499417,-6.06255505861274
4.05918494188767,-2.50738909868764,-3.94235084632653
4.85292698454986,-2.54820128382708,-3.4205001922863
5.20524950922519,-3.47878696270251,-5.50465105126638
5.79475610770429,-2.58244541343792,-2.21082508622756
5.81705686488856,-4.30210435746314,-6.08022634644763
4.57542145286329,-4.23194620838299,-6.77540247029834
4.28165646804797,-2.71763948211379,-4.57812926534138
5.29125985553286,-2.55626606709371,-2.48792901301574
5.9094748153075,-2.62780463088803,-2.96916542106543
6.9400778743266,-3.41289306974801,-3.89159432355159
5.62736467818324,-3.49947252197987,-5.1017146273388
4.87130426576035,-2.55066556691026,-3.42565525804364
5.18611701972277,-2.64561905330848,-2.54271686186702
5.47773361973604,-2.47451433850241,-3.20063368724362
4.35969556079223,-2.60329693246803,-4.30164441445765
4.9478193942888,-3.13509543164284,-5.30423915954876
4.51263120039943,-3.51052631211163,-6.18857137712857
5.06798292426184,-3.19331348425359,-5.33209187932997
4.23552680528205,-3.13778428751216,-5.50289366777119
6.73435610887775,-3.00779846533608,-3.73363114324573
5.76042866205564,-2.599081523134,-3.24327580325816
6.24458358019513,-2.89111615290904,-3.42542982442202
6.6795965619441,-3.83116623788399,-5.07537129642028
4.90581963853701,-3.5524698602497,-6.06762693400507
4.5989794688213,-3.00411842179588,-4.90252016273089
7.34469960029268,-4.01781006024846,-4.81504704076248
7.01576173870243,-3.61251121295664,-4.42105707831816
4.42876261057029,-3.28268671359762,-5.85011802771963
4.85556920991659,-3.06311812051141,-5.05211232369007
5.40132859611714,-2.68778356619477,-3.78228197815919
4.84630828901047,-2.89596147575236,-4.8877741130949
5.57094647070042,-3.59718665347639,-5.48136619150087
5.22194430427643,-4.05432973492304,-6.13807267106497
6.25818319859774,-2.9905022934633,-3.52179954879139
6.43820503311794,-4.52359971842883,-5.63679186884143
5.98335076127082,-2.85527973857818,-4.28358540650672
6.49961673428321,-3.7059354394543,-5.05719855097005
5.25535242205124,-4.64325931701211,-6.32591305877926
6.97944586225635,-3.39413358145666,-4.21126852618758
4.63360656375917,-2.70699301991442,-4.38447908954639
5.10165916897544,-2.54906049681929,-2.53585642357301
6.5116565943915,-4.44793355205442,-5.72532043095263
5.63758701661304,-2.61118398504665,-3.13060624587321
4.23356366637732,-2.67460605745424,-4.71182327917796
6.3034013885357,-4.2641174651337,-5.72796306461006
5.34285658360905,-3.47794702801272,-5.57011979370176
6.28680051812966,-4.38865582350401,-5.83225315794862
6.55075967881076,-3.95709750749994,-5.2925492000569
4.38384582030757,-2.55614000447563,-3.65149978889347
6.87087425319335,-3.72935373348265,-4.82970734203561
5.75989215123901,-3.10982730144516,-4.51603907488795
6.41262149729919,-3.64938034059003,-5.04907395336683
4.73095829971988,-4.18402507249067,-6.70335948684702
5.88958782158584,-4.27180733838569,-6.00912610500591
7.22968586152169,-4.09942584762309,-4.96923898931129
6.36822442597476,-3.74748502848892,-5.19539826555661
6.95769136447517,-3.60696369934258,-4.59282788022692
4.1299873454063,-2.50347027347048,-3.80428041967689
5.94179297609258,-2.72782960933059,-3.49116930565365
4.76592611110117,-3.32637779773562,-5.75947754046958
5.12957132005367,-4.00000869670226,-6.29092836885527
5.64855677476919,-2.72343617862628,-2.79224246480807
6.71775569980617,-4.03816521058775,-5.25736558236968
5.53569028859191,-2.63255709800781,-3.37656458349029
5.46622795166057,-2.65162333812172,-3.71071490025404
5.59149112012627,-2.79027078652614,-2.76629517142891
4.58374642316991,-4.1339862001898,-6.77020054097979
4.96808940273006,-3.84900760685879,-6.35293346139012
5.29504689137137,-2.55514798871775,-2.52407850911207
5.302260940783,-2.59124953816387,-3.31944231629187
5.86018335008928,-3.85665744845347,-5.6362817501828
5.01229363330681,-2.86626962006496,-4.68592093461754
5.34551615213077,-4.15276326512168,-6.27732480811001
4.66035158028649,-3.41915315693893,-5.96593362973386
4.38520986314857,-2.50538688916339,-3.09649289457093
5.389604389478,-2.60602148413057,-3.34276967785977
4.68548391525334,-2.8735877881263,-3.42365607450369
5.60759985277197,-2.58083088721951,-2.83822939982153
3.73139224896394,-2.71795789149968,-3.88058523265804
5.54443369897606,-3.54110745771488,-5.67336314913148
5.61515154750431,-3.99202395043141,-5.95707004390617
6.77076084922582,-4.18731852173737,-5.15315654076361
6.57783673161826,-2.92155335774005,-3.62972717106453
4.84844040683427,-4.31421821469104,-6.65151586171874
5.48725172540682,-3.20424587075717,-5.04252770450908
4.45904876492863,-4.38567497240304,-6.96231162320553
5.11661997400285,-2.68638360462827,-4.01988633271114
6.02522115168154,-2.74928603860554,-3.50823410208631
6.47985195177036,-4.09113924253509,-5.46559962509532
4.77123905353405,-2.56071956390089,-3.63694376431355
6.50651053228563,-3.60330421417912,-4.64769664372945
5.57104705375715,-2.53495161041611,-2.38763950210988
6.56091743911712,-4.4629200473978,-5.70312070027996
6.09130439972771,-3.25983788121189,-4.71310240882227
5.89733726526459,-3.31733308740415,-4.94588849336413
4.5813671016767,-3.76366400757923,-6.43203925776998
4.67512027298951,-3.62502819505635,-6.21244539056654
4.15681021803693,-2.51609848658481,-3.91712938159915
5.6150268180518,-3.63620495347198,-5.58259520092958
4.19615544328605,-2.53842479732735,-3.54564422325138
4.67459240055701,-2.6924606259038,-4.41416037287362
6.84605952819099,-4.53808759104392,-5.43071544713322
5.30282150619243,-4.43025594445289,-6.45927811289595
3.82770176442526,-2.48006228688013,-3.3209676386592
5.12137075746067,-4.29102997291626,-6.53342080658499
5.47287528811173,-2.68947574500371,-3.29101701075195
4.93294018791048,-4.24947529959925,-6.62757506010009
5.15508246860919,-3.1097653580945,-4.79824096156141
6.34708455089797,-2.87286056341361,-3.33114917865743
4.20909659467145,-2.70164648817843,-4.82732409805887
5.2222198377942,-3.44364248893084,-5.89795533268588
4.73056003348702,-3.41552863755935,-5.91197552147472
5.4242564014344,-3.9684448514665,-6.06375285336804
6.03137074767064,-3.41369680218296,-4.80819547341319
4.33706271839401,-2.94021350851953,-5.37284571059652
5.28144007903714,-2.5741280397761,-3.18240536654653
6.20530291570778,-4.23074976901196,-5.9154024535431
4.83975727439781,-2.99852371141164,-5.12670518245859
5.2298898745914,-4.31353655919023,-6.47793209173465
4.74134712474912,-2.80566411839923,-4.72907767697144
5.86878509932569,-3.85155193125784,-5.4648883530955
3.90651245736888,-2.48128822993483,-3.76827102325172
6.02090178229468,-3.20451821511027,-4.66699375492395
4.50906745854557,-4.22216383812197,-6.89095952560743
5.98780390628974,-2.82572478546108,-3.8085327602966
5.03379395968684,-3.08328372813981,-5.15613660904196
5.32261208275813,-4.05272413156677,-6.20891990018779
6.18877014315366,-2.86832923179368,-3.78033682587142
6.28523394492687,-4.39920999975015,-5.84082019805266
5.06727318744781,-4.07669097316725,-6.39986624727846
7.03127644910235,-3.81769662665437,-4.67008753340071
6.50946887575285,-4.15932881065638,-5.54897695360396
4.80786447668959,-2.73365076118447,-2.92040834500539
5.25593564265787,-2.92802913821658,-4.656431565438
4.94589832080289,-3.28220639391594,-5.56490645031642
5.18568117307793,-2.73278149429229,-4.96196953929333
6.30995408647928,-3.03890022097955,-4.12434563289889
6.47113658980476,-2.99186287916892,-3.89371611096108
5.49293121941947,-4.2431250418386,-6.25076074800454
4.46638575545992,-2.50891199088842,-3.57994991884218
4.90109471214358,-2.72600466091428,-4.35010578173444
5.51510289542181,-3.62709340877241,-5.64043443364631
6.07461116378442,-4.01465960353823,-5.48676408474442
6.85372762982327,-4.15127078528701,-5.26760859617414
6.51059567662277,-3.67564072270326,-5.01351065694794
4.18349476121627,-2.5291815596928,-4.00718611044162
4.2368044724603,-2.74191088775483,-4.25038863764482
6.99165282799459,-3.69961989915519,-4.71117628540552
5.53238906597236,-2.86032605100484,-3.74965257397777
5.98934393007308,-4.0959499045579,-5.77069610443516
6.31874013209288,-3.13875426502909,-4.32736596336585
5.43467133460228,-3.41992652936661,-5.33280430556361
5.26637985438699,-3.2518103167455,-5.28859323913842
4.95381924800183,-4.00582145698205,-6.41418577930189
5.29844317173561,-4.2032647257303,-6.34913760483594
3.97352831535901,-2.55096174958644,-3.7424168463802
4.40381150306834,-2.83995868262357,-4.47759916768297
5.19637948956361,-3.51666291087538,-5.81737710332465
3.97695210181624,-2.51286639307008,-4.09188901159157
5.8359477671542,-2.86186163778709,-3.79932548072018
5.1283590629043,-2.71775350618267,-4.13363394930562
5.17356554536004,-2.84671627790376,-4.50909076712716
5.44908039089434,-2.67686674436926,-3.69145439478606
6.34554505958704,-3.97086434408379,-5.47109219060704
6.04529227471817,-2.46340443707568,-3.16596823501052
6.09970333982774,-3.55754755277206,-5.10746195575924
5.97604190438919,-3.29805712661208,-4.85894203572282
5.24097959498568,-4.10975963364389,-6.52532478721677
5.85651201392405,-2.74235908131415,-3.62226503660639
4.83171305525319,-2.95578774048517,-5.03936513115767
5.33222808981842,-2.86094083569368,-4.42561325092707
4.90407557687776,-3.68476564448851,-6.12662616798889
4.47030087377438,-2.88281860074374,-4.92432445359167
5.27546512771806,-3.02164468878218,-4.85399347997624
7.00876820028958,-3.39122513158293,-4.27468525238941
5.31436998001738,-3.40528111082341,-5.72781164681935
5.80995053926264,-2.86581093760728,-4.23293531773063
4.95607975052277,-2.80387405697457,-4.89325844772359
5.78250960449962,-4.00969525419461,-5.86069788923553
4.52863089211469,-2.8144865098516,-4.91884785557185
5.16950712626634,-3.1069981646024,-5.10290186507253
5.11168705137333,-2.54358271134537,-2.70149830140808
5.05892923590224,-3.96616420855421,-6.30762166234156
4.53212743271853,-3.55070916785351,-6.22502835220007
4.8553570706444,-2.95366570160245,-5.01695434059709
3.87501892325196,-2.47740671682086,-3.72524607409351
5.20128748034672,-2.55482559337473,-3.02564774816832
6.85011494600347,-3.25962791267483,-4.11475900464736
6.38138330493246,-4.41859860164011,-5.79093922007116
6.70079029239207,-3.25690277409447,-3.69571908871594
3.85677867137943,-2.47611907051154,-3.44221747823547
4.9067580198235,-3.69759199282053,-5.87405808280283
5.57019062786363,-3.12105712528074,-4.5773170439172
6.5789681399173,-3.584508896908,-4.8267726371185
6.53841969070878,-4.17810659274601,-5.5032809046389
5.86357330577908,-2.59013344051249,-2.59771553422124
6.16955507740599,-2.71887588813475,-3.25538398393391
6.6514208746168,-3.03743903911445,-3.85063051071495
5.89847912052919,-3.68157825546967,-5.44149621576288
5.39353035686707,-3.6735733088984,-5.77869201632081
5.90739346075828,-3.72457218141643,-5.48492967037157
5.25863536573477,-2.94835067155146,-4.70289691517315
7.26156587213559,-4.23755617443819,-5.17282110542539
5.40751254926382,-2.72928918512278,-4.09986621475979
5.08416609017245,-3.39560475260884,-5.56949736608473
4.67848987989681,-3.5633872127387,-5.59267575481404
5.0008594941915,-2.62723822791715,-3.8457983119019
4.99943717854694,-4.16988533656225,-6.71093338559489
6.55680019718141,-4.24663170115162,-5.54536971937847
5.97526217337045,-2.60311506908834,-2.64216741585677
7.18651697213999,-4.3110193557489,-4.92717609170529
4.41604624119112,-2.53891993568525,-3.60262597187463
5.78300727509887,-2.58084099216319,-2.25266242875418
4.32804869300356,-2.53271482639314,-2.97314012288414
4.09683237915352,-2.65041377967487,-3.19589855754572
4.79059964619811,-4.06305155020501,-6.57341896537844
5.33598472628929,-3.38402915017881,-5.34023166777064
5.47957118541945,-3.47195386343901,-5.46679570805395
3.97152426561044,-2.52609064596793,-4.20638371550984
5.18681156956899,-2.55079512561868,-2.54723247698096
6.0018463494359,-4.3211587835634,-5.97182551582758
6.91806295273004,-4.64989252321458,-5.48210427983569
6.49883036312638,-4.01195418165269,-5.38034624096397
5.40765902954866,-2.72841208562317,-3.98954625591216
5.11323703925302,-2.65743573261858,-4.0924954275772
6.3697750901103,-2.88800748573572,-3.67905841082442
6.94561839021642,-3.33492970015969,-4.22883602487257
6.74403758170343,-3.35741406465762,-3.93750072700524
4.84273216893763,-2.86242331418042,-4.80563743531009
4.65645632446876,-2.81896326721454,-4.80792968423494
6.11117588592119,-4.09646865771704,-5.71764888164568
5.03180212540275,-2.5360860990195,-2.98237184979136
6.3148976661277,-3.38458831998506,-4.70717881667965
5.66374633051951,-2.57288394098235,-2.50125642030748
6.14258532230344,-4.4464699516504,-5.96803023604306
5.27801638847766,-2.71930363411261,-4.0154283997984
4.13358979174077,-2.52506646759544,-4.02647040413234
4.94761344368367,-3.03239928074458,-4.78921967603727
7.10132089185604,-3.83844413732687,-4.79562448300849
6.96607353857446,-3.79211899177982,-4.49004268694543
5.12386307980555,-2.59061359476352,-3.46105500389639
5.12040632190885,-3.75355082896296,-5.7476669504131
4.98713636785298,-3.06600570290291,-5.12068930491109
4.37342852854085,-2.72257940866133,-4.44180093986979
5.73667683957573,-3.32003654625282,-5.06409310811844
5.19370318652775,-2.54786586444489,-2.58137434632289
4.87513734056219,-2.9974823450996,-5.09835468559702
5.2994286244062,-2.82693406033811,-2.40403931990846
6.506266546512,-3.20972872808315,-3.83170987349496
6.64640023113111,-3.17967705456195,-4.16809785065681
6.87503447067201,-3.40448277195806,-4.56587230252926
5.15266221441882,-2.96358838494173,-4.81752769122571
4.43374153414503,-2.85233938126237,-5.09181127026106
6.04140599512671,-3.12032964273146,-4.59105551943796
4.60707680118064,-3.81468579387335,-6.46691673314289
5.34479808326491,-4.06609265768957,-6.20490783472949
4.08631671711016,-2.52698829330615,-4.09317355539168
5.21409504555927,-2.8485731815341,-4.4828726427237
4.646813190023,-2.81146828068243,-4.818979907757
6.66716659934919,-3.59844645307164,-4.80893839618624
4.5358649198084,-2.54714591672817,-3.7772301117296
6.22172998329608,-2.71715958666133,-3.13637610147256
5.86672503185772,-3.18470424070378,-4.74241170942785
5.85556116372423,-2.83111718253111,-3.9303297996327
6.29528485054995,-3.9941367983219,-5.50077897698166
4.82183632317452,-3.49508982066812,-5.95471281712907
5.80190110723044,-2.72222950157545,-3.38523463084448
7.50665293307753,-4.46791207369985,-5.0815680003027
5.0570707229005,-4.30720720324915,-6.16269094289761
6.12223633080323,-3.36969988381278,-4.76043062297285
4.34689525520555,-2.95607376507998,-5.35189040981453
6.75254579800239,-3.86833502755425,-5.2978810448799
5.25133828021683,-2.57319689483244,-3.20880042311713
7.45173602005129,-4.64516445614039,-5.16246920243435
5.61945124190719,-3.5921358515332,-5.5258128038499
4.99017538809553,-2.79787694563831,-3.99998301268408
7.13687814793451,-4.617683262813,-5.38969081813342
5.39830344556636,-2.62169128558284,-2.94393367554185
5.77956826337988,-3.54077412826147,-5.23736657894592
5.34455708086365,-2.85005137121343,-4.38593926845577
4.59369914563498,-3.41608187364555,-5.92494404454477
5.92302121625285,-2.9004987948854,-4.07763988239222
6.1140059792109,-3.87091993865599,-5.50198764450888
5.32781828491439,-2.82418091852606,-4.22435280696255
6.69443156079019,-3.35153225098631,-4.92033313954915
4.31006938574378,-2.50068477941348,-3.43832012326453
5.55731868893815,-2.60418935882643,-3.58136777900771
5.47264143001871,-3.11997678332886,-4.81780625988655
3.94295096766385,-2.48045793853884,-3.40269390401032
4.29417474680154,-2.76087504505822,-4.94792697742423
7.32691583605584,-4.69855646317316,-5.2178924387898
4.50724486675454,-3.81832132737348,-6.53821041531562
4.10204855616637,-2.49267937415738,-3.19855485470645
5.5354918504032,-4.03894769983436,-6.20345735215851
5.15741545958789,-3.81756655253156,-6.16478746137141
6.84772156687225,-3.20989687983037,-4.06162945579062
5.79887924284359,-4.05429456336401,-5.8485542565028
4.65679206397287,-2.68182925861891,-3.55162328624749
4.8732099766649,-2.67198076259956,-4.16676365729307
4.18527717795682,-2.9383589263869,-5.33253480823404
4.98190654032233,-2.53565888881969,-2.91710367120698
6.44147616573281,-3.15744235153199,-4.27438528304741
6.93481892024684,-3.55644324311118,-4.56740646841804
6.66368774792888,-3.8073473937961,-5.46340118780864
6.77347737339867,-3.45163991725852,-4.53251869314156
5.23375629552936,-2.70578682895433,-2.56112219308055
7.30364857530369,-4.43323168608498,-5.19110772409681
4.07171146874236,-2.65078510336429,-4.60117042432143
5.96503065660115,-2.59418928434518,-2.50292694042882
5.83143956149101,-2.65442711270327,-3.36563035433799
5.86427304043245,-3.20986474998108,-4.38459800299003
6.69744154994742,-4.2950045429429,-5.4898736538355
5.32401545435403,-2.55835879607983,-2.45959151806335
5.87409383462806,-3.99165773893518,-5.78235386384688
4.71443862594068,-2.62609984925002,-4.09782926465553
6.09340348724391,-3.41323627741204,-4.95413812651051
5.71095836351901,-4.08320057211295,-5.9743711346519
5.68235087104337,-3.21246370987978,-4.92459123224436
5.4385624521419,-2.57424667582302,-2.98178410116446
5.96613255511125,-2.76090674452755,-3.60239976484454
5.88429377599846,-4.50359404532579,-6.21138561982768
4.83199738337795,-3.9439785946687,-6.28844748133209
5.04702107339336,-2.7995856242387,-4.4720657691615
6.60247230273443,-3.90243673511574,-5.20275842402447
5.75455552677137,-3.94144521753779,-5.81542166515575
6.87698336308223,-3.1814244066368,-4.20248463506285
5.48396197373636,-4.08105137277114,-6.12460520191708
4.58567818217937,-3.20094632342533,-5.68984780923865
5.632007031013,-2.92558912065864,-4.36557026631709
4.40963585203239,-3.20724014603579,-5.82569992154389
6.57798884615285,-3.0257478365391,-3.89397962954563
4.3878615603171,-2.59081404544978,-4.21151289728771
6.37857226182424,-3.00927355777317,-3.71628545895819
6.45496927069186,-3.04485797568229,-4.02965855215017
4.67469117264146,-2.98924667036951,-5.22892188763261
5.87295595458619,-3.77338026949941,-5.56277654488949
5.96320717645356,-2.91206289364827,-4.14826709176176
5.40081800199129,-2.90185066079094,-4.48129540838947
5.7269715045546,-2.8682549921401,-4.14034818859229
4.07696114437206,-2.67399523137694,-3.96981662699527
4.53890525020558,-2.81430694210927,-4.91041257659321
4.08445087694521,-2.50377927155016,-3.86878378311929
5.14277986626032,-4.19370030600352,-6.44524377984552
4.78760651480868,-2.70849322681459,-3.36426983106266
4.38012502271323,-3.03679030342531,-5.54210304544243
4.99932480952177,-2.81273236668444,-4.54824100482836
5.70265057532041,-3.21962875532446,-4.5389615799634
3.97325049377027,-2.5042016830649,-4.01190526653031
6.96118919144236,-4.09789350557586,-5.14834577341871
4.95272557242196,-3.56373287315889,-5.95089921865331
5.91467663032328,-2.63684462569808,-3.03170462215295
4.9547871571417,-3.67790152685165,-6.2503070360843
7.49212992454,-4.21528163005229,-5.01803888457153
4.28664706671834,-2.64721472680645,-4.59212909685139
5.31538752471035,-3.33336780919024,-5.38266590945251
5.43672578493898,-2.62582171657798,-2.93958251086256
5.68754079621432,-3.39950327420709,-5.21922719110336
4.37082343824836,-2.61253063415058,-3.20830815266463
4.72837854280025,-2.60927347582448,-3.99888422947518
5.39324200436204,-2.80507224556077,-4.2156707934524
6.55028474929051,-3.0981294464754,-3.7077871343387
5.98374601489974,-3.17321162814751,-4.63672458494176
5.40809372579783,-3.39394530957874,-5.02582288689247
5.91320420603968,-2.70653839986822,-2.94647653043437
5.46180751673468,-3.1159683857319,-4.6585879442123
4.96847713016552,-3.54950233673045,-6.0223889656902
4.0304032896961,-2.32545135342682,-3.37652743844063
4.22685770145594,-2.61363034453124,-3.07120410359915
6.68973861862649,-3.59321652586981,-4.81513797808483
5.08358945255768,-2.61707485086384,-3.71305027253115
4.6757738926267,-2.83210199236443,-4.52800921931726
5.37263376117236,-2.96188139919503,-4.64899604829272
6.06783322614306,-2.73851837032593,-3.42862938385301
4.51637682926011,-3.08952446200258,-5.54378688904961
4.19990675464205,-2.51663344955498,-3.8715579981068
5.1240467144055,-3.5323833595441,-5.79321521546091
5.12783085558922,-2.72894690418379,-4.17526542525375
5.16356429589118,-3.66810920039652,-5.93006271609247
5.72333948722396,-3.45610345650813,-5.27487400499984
5.69561652494286,-2.60098650932087,-2.96890940341349
5.81736573860447,-2.91549228091939,-4.19845042424152
3.98212208347734,-2.65021887423262,-3.32568069094832
5.15721514507095,-2.72337968531064,-3.02481005857384
4.44486078531701,-2.94866266514881,-4.78563597733405
4.86014081227525,-4.27777782404187,-6.69685190971774
5.46182350709895,-4.18171742266129,-6.22318504464683
5.94941500062169,-4.08514437825909,-5.93949238766612
4.74114205787764,-2.67020998266274,-4.27144135216397
4.97146724148284,-4.14862495577035,-6.60315607570853
6.33726045278763,-2.79278448612748,-3.414419404036
5.41467673363414,-4.46861780343934,-6.37244355924575
4.52348465900686,-4.27969553773621,-6.9212932648035
6.74908097028417,-3.94457144085635,-5.14593443459998
5.71519020924778,-4.34856265053278,-6.23672444581747
4.56544094165984,-3.01368334384045,-5.36023529327754
4.43815982860909,-2.61414823582848,-3.28275811326707
5.17416070295626,-3.30383152508873,-5.27543313327278
4.40733117179059,-2.74604812490902,-4.81330391220471
4.78530373963878,-2.67388898679541,-4.24912585783535
5.73674076913426,-2.99247098410002,-4.44699287732448
4.52930110375908,-3.75830608291465,-6.46183477709038
6.02223258809402,-2.60834817751742,-2.64867657000302
6.6076878688812,-3.54146868556002,-4.69711261410956
6.77634907430595,-4.14202821502204,-5.31144888793303
6.02961191934263,-3.22876200113938,-4.70370359696655
4.98604177415285,-3.31184002440627,-5.24979683675148
6.12151019883133,-2.85504593974424,-4.15886305459309
5.72099866074356,-2.89372168797669,-4.1400572626336
6.48636383996609,-3.04045826348993,-3.99632247628585
6.71081381200622,-3.9101656227251,-5.17830743994605
6.06763701842591,-4.20963376860257,-5.96950125294224
5.01346955576403,-2.76596381897167,-4.39409321150565
5.15065387095981,-2.64269778466781,-3.79032850382217
5.87540302456946,-2.59271797005848,-2.62687679594508
5.88310396548739,-3.6521631387841,-5.61814370084188
6.59883326249724,-2.89583429408427,-3.72396171015525
4.68736871326082,-3.59057845974981,-6.16629160674744
6.7716782058804,-3.52345845640303,-4.6360833199814
4.65606450918909,-2.53158285596973,-3.46894591553295
4.39850053238062,-3.71479687739152,-6.40545715066905
7.01248035479178,-3.57230325019269,-4.53469380338232
4.92527164771274,-2.59298395110194,-2.73250975658175
5.23538465695389,-3.78106931072402,-6.00550760196796
3.80668877824836,-2.4243245899462,-3.727020863792
6.47559905593523,-4.1672503129577,-5.5252937783316
4.8337085341047,-3.34649199065554,-5.92909695413527
6.21728868737693,-3.24423593913395,-4.76090637974631
5.94890778314894,-2.65240423340086,-2.76798475357988
5.15176834527518,-2.87076515710206,-4.59086745089942
5.78824470216033,-3.38224933241238,-5.1229495698566
4.422402055785,-2.6001311055265,-4.22919527662659
6.64173251143745,-3.57550214559003,-4.79668475283029
5.09847778692764,-3.67209521133181,-5.84750730482156
5.83362699189359,-3.53542833348619,-5.30522762529493
5.23810573002937,-2.65033654180768,-3.75034790702005
4.92768219067686,-2.60912937462126,-3.81335287420588
5.52605813397211,-3.54002461423242,-5.52454750064664
7.13253259731059,-3.73151661948185,-4.65244102452764
6.7513459929675,-3.18384399057784,-4.09975240387402
6.03130001405697,-2.99504104316427,-3.99852956397972
6.27112549245407,-3.05067934473607,-4.17934907621624
3.76394332208623,-2.47347558212416,-3.42767054528987
4.90142818159425,-3.56230680896894,-5.91549154484779
5.92643593774212,-4.15433123076204,-5.89068604154653
7.36166569803216,-4.4355887749553,-5.15439034520628
4.57777670613134,-2.60760010944155,-3.51244539833972
4.81101626549734,-2.88946472723185,-4.87254428592222
4.60057466263869,-3.45939370328803,-5.94851798655649
5.36576253020873,-2.8960552783379,-4.49314365092745
4.70310200855143,-3.30832852679508,-5.77666297594472
6.23983944176646,-2.82482286105809,-3.55012397821586
