2.98459076675202,13.1589800087256,-3.02086675006403
2.13259566359679,13.4719141457594,-2.7614721041152
2.30504488171943,13.4290044140407,-5.13349983842997
-0.600698480328665,12.8972531526521,-2.11291718817508
4.58732120757618,11.3153390436829,-2.94930496548605
4.21783681426915,12.046405939643,-2.98205082671747
4.63683337820891,11.1678156564761,-3.99422592745925
-0.398416702624633,13.034461752255,-3.421291330059
2.40079828020992,13.4009689560915,-4.56020137388606
-0.193191484685151,13.1533127674936,-2.68068759882001
3.35798168117543,12.929496309752,-4.59122593786714
1.21073181835858,13.5464904778926,-2.83534370720163
4.31922746315878,11.88505095654,-5.15533622569046
2.90463193866799,13.1999084874089,-3.40720172952569
4.3783896794609,11.7805543743552,-3.88396013590706
4.69273589676393,10.9657424763098,-5.43125234994718
3.74900995047947,12.6062740276798,-2.40897402591266
4.42319695842442,11.695158608988,-2.92706843114579
2.35699744420911,13.4141734067726,-1.97134285946119
-0.380694245918302,13.0454953366685,-2.05437064455474
3.55527935810333,12.7787424554045,-5.74936084508426
-0.667244761969168,12.8472518427631,-3.63394051390065
-0.257124481902957,13.1183297599659,-2.81094270319102
4.44476198547112,11.6518326869558,-6.35358197286667
3.92393216214349,12.4251330533371,-3.52973646985529
3.88161087979658,12.4714801910536,-3.89864072856742
3.03267665467271,13.1330580949876,-3.76856927784587
3.62842812742116,12.716720471359,-2.41147638217892
4.67692852464927,11.0280557674776,-5.10339622735308
3.83888829479523,12.5165692114378,-4.87515394984894
1.94366050880818,13.508103086326,-3.71790037979606
2.2701659966681,13.4384612764777,-3.68446201234199
2.99231207340221,13.1548848852543,-3.96057672022821
4.20629734468401,12.0635587923604,-5.86389216377007
2.8564026815988,13.2233207206335,-2.36316220663692
2.77845391383701,13.2591973597194,-2.57686830985942
1.50131069258863,13.5503552073369,-5.01059514458873
1.60942284078132,13.5454246588763,-4.72206950201309
-0.198741089603725,13.1503466095342,-2.59558959216454
0.645164861855606,13.466443878866,-3.71018028021529
1.78487355207409,13.5300258841844,-6.18099393990615
2.97202780312973,13.1655885984301,-4.47228325830023
-0.275102992210646,13.1081672912812,-4.25536076150639
-1.58269337485539,11.7687568103091,-2.29498055730792
1.5511005942513,13.5485143918342,-5.87508421379764
-1.06830362520377,12.4834988989235,-2.60503081065054
2.59856300367152,13.3331383785972,-4.06617661061819
-0.797548364559712,12.741572112047,-3.086221518884
4.1559925169842,12.1358042516251,-5.50737284784578
1.2000743371444,13.5458740473798,-4.31605066819763
-0.47637980869501,12.9840891308297,-1.9960141415396
4.43037069166341,11.6809173676299,-4.1784025818501
4.33391410595814,11.8599038542223,-5.1070925623523
4.49286280950997,11.549115770204,-2.48511494796951
2.76832438167305,13.2636851783575,-3.74934660150463
3.83825401779785,12.5172262707396,-4.57728897899965
1.37767346998983,13.5517589125816,-5.25096185223631
2.02334629069578,13.4941951994211,-3.168478559683
4.39384279107607,11.751764914209,-3.69211034478737
3.40483890307888,12.895737230497,-3.77279734203497
3.65816617365127,12.6904653565335,-5.67529959427864
3.83542083127887,12.5201568994691,-5.46279460714391
3.51705658205924,12.8097686929245,-5.65396972629324
1.15658336250158,13.5430089164123,-4.15193884552139
1.37893412654463,13.5517673714152,-4.37656369564372
4.60837094883527,11.2553349596347,-3.20936745632112
3.03527931091843,13.1316263819848,-5.65261586730527
-0.351152579661326,13.0635532206605,-2.49248577315489
1.57036690427911,13.5476052246252,-2.05836762671148
-0.771225913156886,12.7637930749402,-2.36400471842263
3.71431643537579,12.6391585413093,-2.93726684935644
-0.991557741368457,12.5625807215343,-2.73271670867568
4.62266873234691,11.2123808232131,-6.04947047610833
3.08448076207904,13.1039962469717,-3.18666953133668
3.88936830283805,12.4631130751663,-4.03563460691475
3.659483778143,12.6892876540422,-4.64031756597204
4.68594165136317,10.9931365829999,-5.08362036152746
4.60479830833555,11.2657776658421,-4.05613437883317
3.74290674026249,12.6121266561511,-2.66928824197161
1.15239372663873,13.542703219046,-4.0470807798119
0.43219533985251,13.4103576538377,-2.07328156039745
1.35307983934027,13.5515000405697,-4.80158734125143
0.880523047905685,13.5116158913665,-3.31675910865046
4.60754203369193,11.2577677715826,-3.24121370017379
3.46651100082693,12.8494121753153,-5.01669481017694
4.23692325089674,12.0175289056476,-6.09610718766873
-0.851495921397333,12.6945656402262,-2.55517539875986
-1.25665392670424,12.2650592966159,-3.16589696388168
-0.854039214710735,12.6922995941734,-2.66323510588943
1.24787517741616,13.5483756921533,-3.71753984202922
0.871825918740813,13.5102520686771,-4.4004435790187
4.17596261464519,12.1076014234521,-4.93979647670064
2.85894664727896,13.222109266533,-5.97752047455193
0.468580076483463,13.4209945706473,-4.60122544058497
2.38504024465849,13.4057938125652,-3.33004198560932
2.40186842245227,13.400638253112,-2.28149178824952
0.189755367313262,13.3279072849262,-3.40965156260843
2.53723363501413,13.3556388421868,-3.64491866791205
2.6770753270172,13.3023498916718,-2.58296200030549
-0.214785262945541,13.1416965152205,-3.956090820783
-0.712933638669303,12.811407554008,-3.31469690789118
-1.18958747599711,12.3472123446935,-2.28790996722548
0.178826211406437,13.3237016193574,-2.84810808005927
1.12694802573382,13.5407343213816,-4.6007758353193
3.55998947311985,12.7748549158062,-2.59057736207822
2.88693626350507,13.208608250901,-4.02154565169495
4.0923571110936,12.2218064486684,-5.70153606271823
3.72578342745936,12.6283920486057,-3.57947637698715
1.39125410623648,13.5518253433568,-2.97219007992248
4.02049992628779,12.3125259113101,-2.29046875799653
2.25255854282666,13.4430839951008,-4.41835351114817
-0.749223066640629,12.7820197498669,-3.75853360556526
4.29152340831917,11.9311811573233,-4.67732012763835
3.3372614170028,12.9440420624107,-3.11978846155616
4.11503532655035,12.1918046219463,-4.73849114298117
3.81880741545721,12.5372008172285,-6.05784004436885
-0.0276686184395667,13.2358618688973,-3.61611302399304
3.24156747800555,13.0082980035518,-5.71647990942424
2.81661299986841,13.2419331900382,-5.038621940478
4.52222187115779,11.4816318631971,-3.71105632275903
0.573299929804274,13.4491687785424,-2.70574685390504
4.54818274665106,11.4183673944808,-6.35698330283202
2.24800295539858,13.4442635839159,-5.17334913499086
4.73550463015576,10.7635388705805,-5.64919273469628
2.86496238551887,13.2192341926653,-6.38840370142842
-0.728148696602736,12.7991868737715,-2.71233014297774
4.67512147977423,11.0348770468828,-5.94287698127005
2.83487958737345,13.2334666591904,-2.52449192953636
3.6775577789262,12.6730070972388,-4.22714478388887
0.926126879564733,13.5183890038209,-2.31570907092944
3.2774374957591,12.9847641430597,-3.6015465648989
3.46886218838055,12.8476022099091,-4.89597244126806
1.99509302440277,13.4993508319888,-4.15493301152752
3.08254016223574,13.105106540754,-3.08081053615388
3.72137152089481,12.6325463010688,-6.13367654035412
4.66022592056632,11.0890570650514,-3.67397302080103
2.75015041525183,13.2716380261883,-2.92859009448516
1.25111516416456,13.5485207595003,-4.69751242074516
2.10758194548051,13.4773468055875,-4.10121380825092
2.01728548113446,13.4953220302738,-5.21313778428451
0.24633489309806,13.348991422168,-2.17389382505078
2.6503756515316,13.3130735554463,-3.92644500251459
3.77416357882851,12.5818410779637,-5.24991504182761
0.20846504798802,13.3350066059406,-4.37133303466178
0.247946961095153,13.3495753849837,-4.42080096386287
4.34078014846054,11.8479747865682,-2.77043900998449
-0.940740743950799,12.6122164980987,-2.1704613849886
3.90535422686075,12.4456908197218,-5.95810776981947
1.82391269086984,13.5253446645168,-5.62929290230996
2.47664943169657,13.376561947691,-5.91755224062891
2.9003283216865,13.2020360617027,-6.34882514456243
2.25392768245008,13.4427281606832,-5.02246844163656
2.48203261254789,13.374754628034,-2.39071934199515
3.96640348165071,12.3768328106148,-4.73202104091599
3.85343396484471,12.5014031703811,-6.24898449216536
2.90477638428196,13.199836946316,-5.25603881273488
3.39926565496475,12.899816447464,-5.84267327615849
4.20678740799937,12.0628349134319,-2.96382071346648
3.70274856495746,12.6499189153493,-5.63310044147788
1.45403574997238,13.5514248877063,-5.74065985988158
1.06911235259269,13.5355407210533,-2.62424966340823
2.14462842475118,13.469230172033,-3.85047058157076
1.32247002605114,13.5509283785553,-4.18849311630596
1.90317274374226,13.5144214624148,-2.74973644468307
0.0967224950052639,13.2907051845817,-3.54773119834625
4.23870486695385,12.0148003572933,-3.11154087929908
0.585905685741416,13.4523191326962,-2.58414007675928
4.15921000949003,12.1313013584877,-6.01211277387921
4.34245026115077,11.8450560928922,-3.42411528926333
2.88445747103521,13.2098167119242,-4.21065797206069
-0.267618753798693,13.112415379565,-4.01114812393687
1.83275369800673,13.5242206400577,-3.92779122779343
3.23978080887301,13.0094533037912,-5.7075394341104
2.62339967021338,13.3236421210987,-2.08892005581124
1.54207658233867,13.548902437448,-4.8818299531859
2.54506939831561,13.3528386323473,-5.62819614780807
3.84280392291243,12.5125050767259,-2.54908249835578
-0.633507984205826,12.8729205155606,-2.71496465772794
0.0741598895587718,13.2811976366619,-4.02483105595401
4.57514592405079,11.3484885918488,-2.70095129625135
0.395188331680869,13.3990832171451,-2.41310199514488
0.140402701669727,13.3085696715093,-2.86994926234298
0.33400610997435,13.3794229733391,-3.38155842162466
4.08432157409528,12.2322728809675,-6.14715365840416
2.61079667490704,13.3284887765893,-2.49156047296775
4.20972357522544,12.0584894149467,-4.98570934282316
4.23226415455691,12.0246373447445,-2.73694683019827
1.65328086741421,13.5424361838912,-5.76542812215448
3.87377425217722,12.479875661689,-5.28516654627539
4.24877196509906,11.9992738688381,-5.74057954376193
-1.5008870166811,11.912340252439,-2.26017467697661
1.7569950316835,13.5330879994195,-3.1589462536478
2.30843760968343,13.4280631776309,-3.71075689829742
3.44641748635075,12.8647473801719,-5.89818337415394
-0.647235398364218,12.8625563467709,-3.72354363183604
1.14868362442349,13.5424281503405,-5.44615863383108
-0.285753138096561,13.1020787649838,-3.81242429148706
2.78022739954568,13.2584075489025,-3.50870724850251
0.355033134678013,13.3863243208945,-3.2080289480129
1.72025609541242,13.5367671758119,-3.73526348472892
2.9461800278047,13.1789753013428,-2.64727467442048
-0.0129710360981676,13.2426546892267,-4.15472704767662
3.61009214795807,12.7326036290901,-4.25485318916672
3.26490200494604,12.9930624667072,-3.32683969374917
3.32124922819808,12.9551254401135,-6.0853709752697
1.08589765399486,13.5371509864994,-3.09102613878962
2.6510830506604,13.3127928260343,-4.67689983252654
2.08780229309241,13.4815028686758,-3.07052449959013
2.62083503223027,13.324633062829,-4.0836741358292
2.20537365539209,13.454975623908,-4.69861540340549
3.6333663718609,12.712403352097,-2.58171941728749
4.37392430774228,11.7887510927623,-5.97120731234108
-0.80536976179036,12.7348804768104,-2.13804729696734
1.38806490047665,13.551814634166,-4.46417342907608
1.43263653948207,13.5516920880472,-2.53263806483666
3.73006089665311,12.6243501326198,-5.90946467175126
-1.69303826482918,11.5440883810054,-2.16892105851734
1.76977859486909,13.531712875354,-3.87843209293775
2.03280344386235,13.4924141104406,-5.29706620011756
1.47382253622998,13.551057506648,-5.64212777901085
-1.5384924083319,11.8483512032117,-2.15307948412862
4.71720909200685,10.8576146420779,-4.65990777023219
2.89257810439059,13.2058484200133,-5.50429526850339
4.58027160618128,11.3346627713476,-3.49081508692558
-0.538775185581222,12.9415412922464,-2.01279612049809
1.18930482662043,13.5452169007605,-3.22248719635622
1.14252345539399,13.5419623835208,-3.62476284742703
0.118723500427893,13.2997920048129,-3.79538647703091
0.0279148515944163,13.2611058207956,-2.66733238413661
3.59188644621122,12.7481486501339,-3.23678256182692
0.319204180403397,13.3744732966738,-3.03256582232917
4.39102430207214,11.7570657827961,-4.04928154617635
1.69528771668915,13.5390370768976,-5.31279323458573
0.595422362113398,13.4546634969661,-4.06850861098747
4.12908838711156,12.1728600412583,-3.10804447534637
0.230649375374327,13.3432611615324,-3.2692785645271
2.85940443606525,13.2218909887023,-6.31638654061796
3.91556696654225,12.4344315687685,-2.59783171148378
3.74182923146592,12.6131568933042,-6.28733743930431
0.251252780050024,13.3507700144094,-2.17545402129625
-0.681700776260481,12.8360471515199,-2.70663581742779
3.78543244581545,12.5707293677072,-3.46033634300341
4.04740131056088,12.2793045873858,-2.48882024077052
0.333035829366281,13.3791008377211,-3.91451595683642
-0.100800603440721,13.2007791305615,-4.15005027828983
1.06689264736775,13.5353214640499,-3.79477584873908
-1.7357739957805,11.4439947835279,-2.34578150636649
2.85052034782685,13.2261120003115,-4.31530585367998
2.94857001791003,13.1777493082817,-4.54513165147154
1.2171117740376,13.5468433763854,-2.24066348682973
-0.72386080459245,12.8026454989693,-3.74492432884006
0.889557873008091,13.5130081636813,-2.5538321994947
1.56543398434154,13.5478484769681,-5.82531114735853
3.93047428080767,12.4178126534087,-2.23844283971893
0.339720095444944,13.3813134413036,-2.09481494063219
0.64193416572994,13.4657027931019,-4.58999357089213
0.109418018586199,13.2959707459706,-2.06972585010452
1.23224937891047,13.547632414676,-5.77946288388884
3.47954449460012,12.8393374357606,-6.11312316888387
2.54671247349286,13.3522487042055,-2.06867122991924
4.40543644979244,11.7297180967636,-5.46076973778259
1.15647520349953,13.5430010902433,-4.06147936325743
3.80591900001564,12.5502596981508,-3.37682428729033
1.5189732666485,13.5497861042366,-4.14482475109871
-1.3507262191892,12.1402592565403,-2.47638110861067
2.97529872752663,13.1638744369472,-4.83403843379612
3.68745199604707,12.6639944175754,-2.94737660212013
-1.05922963426289,12.493120868313,-2.09184847867204
1.75893993283713,13.5328819517285,-2.30634563092279
1.59848438722333,13.5460809828628,-3.1431062938981
1.83754264453509,13.5236019138053,-5.03575738736306
0.530288530006652,13.4380315251676,-2.08108577464322
3.45865406131258,12.8554367896797,-3.58313873722173
1.8578245026557,13.5209045242251,-3.0307019916003
0.38922797582373,13.3972240756247,-4.10531406716751
2.39779564594555,13.4018947828325,-3.93105551860377
0.58252055341449,13.4514781845126,-2.80783917025672
3.63956157839993,12.7069634443573,-5.23159494967192
3.19583786152489,13.0373719787249,-4.00707441152495
1.7028423598761,13.5383699301536,-3.26661900843288
1.3164427160489,13.5507832030666,-3.48452562755327
4.29488189769465,11.9256764591225,-2.0703029600539
4.47152594752811,11.5957887269213,-5.74935063893912
3.94580070835264,12.4004941859094,-2.93591253311126
2.5886443676719,13.3368684897649,-4.59002141048615
2.5776911154896,13.3409466228927,-2.37510112385636
3.76600365905477,12.5898227537748,-2.00090215252157
0.7354526730212,13.4858174131777,-4.21628912277979
4.28861156390114,11.9359347951658,-5.73738160726245
4.06403920379335,12.2583213327775,-3.89837855971145
-0.456261925084744,12.9973785563021,-3.38151723338061
-0.535315666646276,12.9439540838206,-2.54946599786955
-0.83528723990009,12.7089002794613,-2.0234551611651
-0.361493415814972,13.0572793274368,-2.03240112406821
-1.3588757265371,12.1288628362969,-2.25814595842226
1.7537449800661,13.5334297845364,-3.61011632054141
3.82640832129323,12.529432668778,-4.08196449900358
3.25646272204723,12.9986042526201,-4.63189114059832
3.6880138246642,12.6634804956581,-5.6220920245783
2.48970009425847,13.3721630370434,-4.86822686137801
2.34000527925898,13.4191228788606,-4.12349204351447
0.559058738362956,13.4455478157788,-4.46956082242915
4.54339500071458,11.4303124571699,-3.33754460870235
4.75882238775203,10.6150368481278,-6.09347325374855
3.48584629331325,12.8344297744783,-6.36516964296974
1.35588913569517,13.5515386447609,-4.10848896048998
1.39677543936613,13.551836785884,-2.09925676944132
4.64316298123108,11.1471826643636,-4.39819010242619
0.170063002135224,13.3202980512315,-3.51452587775996
3.72902247702327,12.6253326614745,-3.09712129125366
4.16121014393823,12.1284943046378,-2.91947430789949
3.74314240828899,12.6119012061789,-4.0033021273487
4.67476689190277,11.0362088547645,-6.07347608284492
2.40575492488122,13.3994339572295,-3.37054724663882
2.61395781500813,13.3272785318462,-2.75484819070615
3.70872540065129,12.6443718575367,-5.3987802488881
3.4841744563398,12.8357340805264,-3.23535371415158
3.3922127555332,12.9049537170224,-1.98008394457073
2.48030639974953,13.3753352708905,-5.84079969676877
3.68343424174089,12.6676628322004,-4.49166122576393
3.75684387888423,12.598718701634,-5.96943549782811
4.59944336631489,11.2812258285726,-3.44203665394623
2.07167050563534,13.4848013775947,-3.41853818938481
-1.11566278560663,12.4320284257823,-2.90621588954001
3.55187384494648,12.7815443537466,-6.23819011850326
0.870016760165202,13.5099654590339,-4.74900414553554
-1.10318883855812,12.4457932338069,-2.28138497619352
-0.297074622710474,13.0955501547822,-3.72875891996474
0.549485375044164,13.4430766846599,-2.29490487100262
2.35237152577972,13.4155303854044,-2.86545876485355
4.55260425885662,11.4072177605837,-4.29315340244307
2.9876854422815,13.1573417603053,-1.99922960826968
2.66977278220781,13.3053090696454,-4.64967060804369
-0.635148358670142,12.8716877843523,-2.58715233120867
1.06111748553751,13.534744092367,-2.27667121432676
0.996035962131081,13.5275453068111,-5.18877016322309
0.140176337651304,13.3084789179663,-2.28628516916414
0.0969221429999525,13.2907884575942,-3.94953277177339
1.84359209887467,13.522810408513,-2.49114507377861
3.32428359952795,12.9530355391374,-6.26691773504636
3.69270813635458,12.659177383407,-3.18190525389128
-0.448632185874367,13.0023650272258,-3.43982376099511
0.946255351658295,13.5211771108392,-5.39270381863986
4.40201616605765,11.7362632374537,-4.28256761180485
2.64975947529546,13.3133179334352,-5.07311567819501
-0.69282957940977,12.8273357827057,-3.69089341032326
0.1164021020688,13.298841753734,-3.0803527628659
-0.174429453799654,13.1632429559479,-3.82541929001956
3.67096196508243,12.6789756856185,-2.96827820660721
1.66478788193148,13.5415573539124,-4.76976887360827
3.94856975207724,12.3973396979217,-5.44296215654177
4.54001743242762,11.4386610862587,-5.54923099810573
3.91756111136265,12.4322211943382,-4.87957556475888
3.46540419220719,12.8502630720763,-2.0867796523291
3.93973767418882,12.407373757739,-4.55821777382695
0.746155151178217,13.4879438404081,-4.07021930012658
2.83920141169416,13.2314441707817,-5.38780022742021
-1.22168893650632,12.3085440897812,-2.34866658942269
4.38805915587575,11.7626181419827,-2.98316380775657
-0.816856195429251,12.7249782124904,-2.78463357726881
3.95589592233992,12.3889555548241,-5.29561526665338
0.458978175581764,13.4182303856569,-2.88642420032078
4.47884645112533,11.5799852080423,-2.89260574967137
1.40318475095798,13.5518387835022,-4.46794698640119
1.48485254618625,13.5508025159366,-3.80458348496929
1.76489397470685,13.53224410607,-5.85266834765907
0.0801252450395638,13.283730034235,-2.28109889851939
0.458031246509784,13.4179561226839,-3.06173587020806
4.57569363264155,11.347019992802,-6.03156761374338
4.39656936664989,11.7466152409972,-5.89223123202637
4.40940233789972,11.7220850543445,-5.35900974884457
1.38822315461697,13.5518152363657,-4.84305676490756
3.2108639729455,13.0279317786695,-4.51615637001168
4.63640927771849,11.1691815606607,-4.32906728736006
2.20431004663055,13.4552353857515,-6.01065376720183
2.86692822645719,13.2182915122495,-3.42455307766684
1.21537402369806,13.5467484510887,-3.97528007457661
3.56716710655416,12.7689032522115,-6.22086783942314
4.18898504545718,12.0888763180553,-3.20543762482201
-0.0462007496897472,13.227174841443,-3.36237125099221
1.4725544957959,13.5510845178949,-3.09831158753271
2.03668523964436,13.4916749865481,-4.49928708572023
2.10813328140047,13.4772291937274,-6.26827889569385
0.83806831591518,13.504738680171,-2.16574724821688
2.16262299137865,13.4651304771701,-5.10340615069511
-1.53446927573394,11.8553525148932,-2.58021066470298
-0.322638253634081,13.0805933319856,-3.54516864361148
0.817632324356494,13.5012306688439,-5.15060677071696
2.28911359670583,13.4333734890595,-3.52164338978533
1.62738465724413,13.5442698655229,-5.6921602492483
4.58399650496978,11.3244978395652,-6.192056416443
-0.355323137845032,13.0610289754506,-2.94889609379225
4.04659092816659,12.2803179657906,-5.2858751506544
2.39775620103805,13.4019069249124,-3.31284453075214
-0.588429608539488,12.9061958657407,-3.68155000186008
4.20833617458615,12.0605445613953,-2.41572208107257
2.70614700116128,13.2903724294353,-3.96893722255907
3.5958193101437,12.7448093593972,-4.48599419554355
2.43826864653644,13.3891579687393,-5.87464438112698
4.72666277655562,10.8107789960413,-4.87696649681439
0.477365755141715,13.4234969488135,-2.40184087171016
0.828868182997431,13.5031753334494,-4.88971039045292
1.95482035485626,13.5062731993766,-5.72645683411856
4.15177302397047,12.141685977482,-2.20757640949671
4.50650674539476,11.5182516750881,-4.59357881470523
4.21891087233754,12.044797846667,-2.30896471710776
2.53263914155612,13.3572706589829,-5.70935348110923
1.43819118800051,13.5516357217798,-5.3876081903802
3.28666167247155,12.9786065854351,-5.88800486831754
2.47776576024778,13.3761879826257,-3.28631278995643
4.06246388919552,12.2603227368179,-5.61515985040867
3.18321789571557,13.0452160715709,-3.0856314984651
2.1624441660931,13.4651717264329,-2.47557479388927
2.91882229801068,13.1928393069853,-5.09610268023189
-0.0917411062341411,13.2052425270251,-2.29654069174798
1.46729604645847,13.5511914629568,-3.49331886523503
2.87078237026075,13.2164388142755,-3.65127177866153
4.56183290770378,11.383566109212,-2.82865034459014
-0.138668288467852,13.1817567750421,-3.59822941325802
4.569032216297,11.364742725666,-3.55340301179352
4.58560100768766,11.3200880527212,-5.58854472805658
4.51168194657428,11.5063229186304,-2.8758641895902
0.285684319745469,13.3629830053399,-4.82176629313243
3.49125719587709,12.8301968253515,-4.90320060737529
1.95098518882389,13.5069063684061,-5.62030510708045
3.00983012530109,13.1454988952565,-1.95285336138206
4.5300655277771,11.4628971073388,-4.02273528541087
3.95399654549097,12.3911345653201,-2.69253430948145
3.99331901137981,12.3452417934828,-3.07643564571342
4.25038888607856,11.9967626785726,-3.73140556643339
2.15092494283935,13.4678073643491,-2.60478843646578
3.68216577287977,12.6688185547332,-5.97561567813638
3.68668840265246,12.6646925282763,-2.30718710799263
0.706403467878637,13.4798647693093,-3.87859130894955
4.59183858440951,11.3027611312139,-4.42930902576213
0.259522560533476,13.353741514632,-4.11936730662849
3.36036064049013,12.9278114257999,-1.97140527395228
-0.246546826409745,13.1242415309654,-4.10528815357806
4.73172343534073,10.7841968527265,-6.03989849364995
3.464516268227,12.8509451694671,-6.00976928315508
3.84774510754423,12.5073570935358,-2.83893177587973
4.4578347579895,11.624788090547,-5.39422203528834
2.24709597073038,13.4444976258197,-5.01705942889997
0.616366446571958,13.4597202641481,-3.9325171321737
4.0946357007382,12.2188231247321,-4.2111247401691
3.55258803528466,12.7809573668566,-3.72642898859763
2.95927181128304,13.1722301966366,-5.38981433151356
0.788992970209405,13.4960973799728,-4.52676506471762
-0.45395885831847,12.9988868299129,-3.82076773962589
4.45419582911743,11.6323779221603,-2.99435687130936
0.689347557997631,13.4762460589081,-4.83699149162527
4.15819100944568,12.132729136204,-6.13528169591163
3.62618565249862,12.7186753310913,-3.79733905795821
4.50371481692067,11.5246354293467,-5.25207464737929
1.70599462735073,13.5380865146671,-4.71691170583069
-0.868901032100635,12.6789656343604,-2.39499379550203
0.728787322513814,13.4844749856091,-3.36228336314826
1.15364006938599,13.5427947043386,-2.00409048592583
2.7514250983962,13.2710843605537,-5.1720338910788
1.62458620394192,13.5444560845659,-3.11560837481516
2.68297448150774,13.2999449478282,-3.49328476626131
3.7514967926076,12.603880885878,-5.90922654615271
3.92919583615967,12.4192465476162,-1.97004304692316
4.52883888601591,11.4658478700476,-2.30555572983691
-0.786806130328116,12.75069592673,-3.37584112280724
4.28477895421816,11.9421649611459,-4.06840660430855
3.23376420906208,13.0133320890131,-2.72659561521407
2.42025633325364,13.3948952344265,-5.18732686203347
3.82067073105189,12.5353011116616,-2.28771261703584
2.62898325128735,13.3214764204394,-2.64405796419413
2.88379968720876,13.2101369755961,-3.11759251341159
1.18764641407093,13.5451126466557,-4.30207114886198
4.11505549166089,12.1917776344282,-4.1783092865554
0.834284357699987,13.5040988416925,-3.95540503579603
0.501995564383925,13.430375930742,-4.96654585135635
1.44240783426368,13.5515868512654,-2.07697229494136
2.84673842573191,13.2278992872861,-3.2848718001931
4.50801731632817,11.5147827676562,-3.45796638953689
3.85850267430629,12.49607379541,-5.24484581494183
1.77035388373027,13.5316498375087,-4.53950707340934
1.42898599157248,13.5517241722878,-4.76567825563101
3.56159572630792,12.7735259109045,-4.0680676384895
2.78135966161785,13.2579026659091,-5.10401275783945
1.31965547060022,13.5508619220404,-2.46196629829559
2.88728008528723,13.2084404336302,-2.41794097709532
4.70792262501441,10.9006109847629,-6.32417081549995
1.50175092138797,13.550342143378,-2.77890690940011
4.497624994668,11.5384372982099,-4.36543403508506
3.59327705247244,12.7469691007914,-3.75547261222189
3.70539705094308,12.647464178031,-3.80547878711901
4.45455828772933,11.6316240950303,-4.54432941072238
1.02681403374854,13.5311084220382,-4.43990472230475
4.71741451979423,10.856631935414,-5.22049206116609
3.63212266592696,12.7134922162945,-3.47654737953815
4.00476013022602,12.3315725867393,-6.16503019855185
2.67516805171835,13.3031246765192,-2.82034596079575
-0.27363877763206,13.1090003648418,-3.00334422672465
2.28720854927695,13.4338903524505,-6.40824730759872
-1.00073686117257,12.5533898017787,-2.32113823523471
3.58736238881422,12.751977187494,-4.82183308321123
3.53395685142975,12.7961639384611,-5.68488176270324
-0.515648292935371,12.9575498087156,-2.5567088873862
3.71228689951779,12.6410536934608,-4.72870736422779
0.786577254963501,13.4956527696445,-5.06391913656963
-1.57554642084821,11.7819738293035,-2.48697878203574
0.164508843492537,13.3181263486842,-2.43916627024462
-0.0187735813674059,13.2399830931285,-4.54058894242499
2.04459333595553,13.4901547008425,-4.98445171439164
4.06501258731557,12.2570831203772,-6.19185231046014
2.57945174968138,13.3402940014577,-2.85150682729745
3.55294728835822,12.7806619763881,-6.17760285634406
1.44345734061846,13.5515738717547,-2.35680853365923
3.9674586744051,12.3756089877546,-2.78693653465358
4.53138597897184,11.4597118728368,-6.3902111674331
3.02974022420011,13.1346698502433,-3.0738364353667
3.48117989651967,12.8380661235894,-6.14182576276226
4.57315885062284,11.3537993006228,-2.98222913136476
2.54401055667546,13.353218291511,-2.9660244182708
-1.69099086130708,11.5486690152285,-1.95347404321021
2.54747421270342,13.3519748857584,-3.34103212070474
0.910318823528884,13.5161129845683,-5.05713186277164
-0.905772552985572,12.645190984596,-2.91949787856627
-0.503671957809547,12.9657289018222,-2.92083580241658
3.95940219500596,12.3849231925532,-3.65778671524813
3.01559760278212,13.1423797243381,-6.36989779433685
2.95470043010953,13.1745936339354,-2.42561175266966
2.02992336554117,13.4929594686091,-2.79829839134264
4.35609027723051,11.8209633261867,-3.05531541185594
-0.497406285150555,12.9699781023771,-2.45275682371623
3.51629214431892,12.8103798625395,-3.29714143249838
-1.08735492296448,12.4630495566958,-2.22690653490994
3.62371145917715,12.7208281733214,-4.6965172936618
4.58252795423566,11.3285174060278,-3.20854405337429
-0.808936278023045,12.7318154294846,-3.63271106110833
2.79592600732322,13.2513630431465,-5.23099613969668
4.10754679064577,12.2017882286485,-4.36618279891406
3.2590624494116,12.9969009360531,-2.5515064616045
3.41834892952169,12.8857761323917,-5.35767053257077
2.67073104296739,13.3049218845316,-4.6393818871177
0.191552903058488,13.3285948479232,-1.98904893259585
2.40474950122069,13.3997459946458,-4.35238980414663
2.10468520156298,13.4779631681247,-4.67186057879012
4.1769013769178,12.1062605237449,-5.91030728639545
3.23805122183982,13.0105701786317,-2.16072802839315
4.05347189831263,12.2716879499177,-6.01521653188141
-0.0169348268155143,13.2408311241885,-3.88670596601139
-0.615695556208081,12.8862068649062,-2.57726097528343
2.63475291763674,13.3192266015101,-2.63149097910577
3.52231070928622,12.8055581958697,-2.26265371884721
4.2509646338928,11.9958673267282,-5.87675054825294
-1.53990659406937,11.8458809387965,-2.24636630828594
3.86611996757376,12.4880210014199,-5.22552514529676
0.881734196288788,13.5118039788617,-3.64681009305746
0.463429012767583,13.4195155007809,-2.83452458327487
0.110546441449664,13.2964358494437,-4.59188190159451
-0.423822990497914,13.0183780822026,-3.46992506599339
4.69052413035819,10.9747680774206,-5.71580216858433
1.15759163902334,13.5430817058522,-5.4217924525869
-1.4097825428015,12.0553263936718,-2.04550110899971
3.35619830646588,12.9307573601437,-2.10190736238007
2.82082644952354,13.2399919557901,-2.12706486709228
-0.0785126634639024,13.2116997548201,-4.44197549438092
0.828630311259869,13.5031345668643,-2.02412413624574
4.33235260669792,11.8626012389096,-3.92629803060321
4.7371715229177,10.7541948201612,-6.2885469916824
0.919645127469894,13.5174649709709,-5.18801085564697
3.69685546026786,12.6553621334678,-2.56569049229631
4.14121431607037,12.1562889548295,-5.55229768356421
2.09007848276421,13.4810308704869,-6.37458820597691
-0.157467456386666,13.1720915131987,-2.67603217207328
4.37434388289378,11.7879831964049,-4.19819671349191
3.6914641872546,12.6603192502539,-6.01606275470733
-0.172782521797116,13.1641074576269,-2.05020447971865
0.142725064801761,13.3094996579899,-2.47453041215657
3.87863515691334,12.4746748396426,-5.06826824495931
2.57815689378493,13.3407740789225,-4.60538889245567
4.16751123823589,12.1196114321374,-5.7051571548375
2.61083490339544,13.3284741624125,-3.07675289876122
2.29762087926449,13.4310508020099,-3.36919334118562
1.9232920791152,13.511344412429,-3.28106145781221
0.617942214700562,13.4600950230365,-3.96268247320795
-0.900653833746544,12.6499398963374,-3.08967798792214
3.67815563885229,12.6724645313351,-5.89906993920548
-1.48527994216703,11.9379856089195,-2.83650557815444
2.12949500897112,13.4725983201951,-4.23959106276334
4.2268589341564,12.0328357236634,-4.24349015812582
4.16227277501802,12.1270005119437,-3.25649697393703
1.16599399267793,13.5436765294717,-5.44523330222279
-0.626439840037013,12.8782144401395,-2.36535051456287
2.31110174987581,13.4273214090143,-4.45585081311483
4.25508702833755,11.989438412286,-5.48738871254394
4.27612536080466,11.9561221668461,-5.10023930483165
0.230417592083165,13.3431758284042,-3.9152774065894
2.75823371007305,13.2681164655324,-2.64034623652081
1.0179886624603,13.5301158894753,-4.01280827392472
2.07458733632803,13.484211012764,-3.64793023718636
3.50320476217182,12.8207873308232,-3.88835645843688
4.75174312449733,10.6649125864652,-5.78648187540729
4.7021967584057,10.925857244481,-5.33267900935184
-0.00867540221908669,13.2446239436491,-2.37141804060688
0.0308481882310185,13.2624046219522,-2.71219452559212
1.96329467707342,13.5048580892286,-3.36832849134828
3.34552966968255,12.9382653972536,-2.55424995501814
2.43062933898463,13.3916047547611,-2.35458368508993
1.39684071658198,13.5518368673459,-2.66411084373206
2.82909392196869,13.2361625814476,-3.7345341891509
1.74989092320845,13.5338309814017,-3.95049999667139
-1.26340700881736,12.2564892903847,-2.57150562950199
4.54916825475668,11.4158922109963,-4.48098268909183
3.15999259794119,13.0594527482249,-4.17274354206795
3.53558227210768,12.7948460401736,-5.18031729565111
4.41143442455354,11.7181555042574,-5.07630007825494
2.99719365527389,13.1522826682054,-2.58982855298176
3.40721792096052,12.8939906394769,-2.28331836692954
4.55293097570233,11.406389291698,-4.53384094283155
1.67058193483529,13.5410999146843,-5.70530910938012
2.43896117753163,13.3889351723574,-5.87638513744906
2.78255335353609,13.2573698529608,-4.08870626632013
1.20370268204926,13.5460876944147,-3.48020492951598
3.65709857291751,12.6914186942434,-5.31448463412955
4.372174075798,11.7919492522922,-2.16977636486001
4.6484201020051,11.1296791512899,-4.0608039484778
2.19142098208546,13.45835432013,-3.43866304856001
-0.0506627127795414,13.2250628341283,-4.25412017722471
-1.36717205879059,12.1171578699615,-2.15275582691468
1.17011610159231,13.5439606686252,-2.34372596446975
0.443984150421834,13.4138524824772,-3.77050205720605
0.263648681353315,13.3552150656896,-3.84016236706103
4.24581466423651,12.0038542194686,-4.36159305640655
2.17938446733531,13.4612187945675,-5.40542593150625
4.04584610540304,12.2812486609907,-2.1987036951451
2.87061083256497,13.2165214003153,-4.1912408753114
-0.180502526153221,13.1600451206275,-2.50561605957607
1.33600246369069,13.5512152315362,-5.70971843160515
1.02105049726569,13.5304628883357,-2.36334003758663
4.49023867972509,11.5549579840699,-5.65412585714516
1.71480550832543,13.5372785926549,-4.95405046542889
-1.708656735435,11.5085293408732,-2.41338947827211
3.27849120006786,12.9840629540346,-4.0740070392346
0.706275197238915,13.4798378965861,-4.80361983477321
-0.939504940744296,12.6133979179317,-2.67271603345793
0.0118588735479981,13.2539376676135,-3.40699932194126
-0.769505571944135,12.7652294767191,-3.32199480941353
2.62985511218617,13.321137226799,-5.63002705856187
-1.03209277421642,12.521453829382,-2.25588788605437
0.622776883701651,13.4612398684376,-4.0398749926832
4.7326284774973,10.7793175334477,-6.18514218949688
1.26794438876048,13.5492242884758,-5.346086620551
4.76208474992651,10.5900527915819,-6.38495475739594
0.347784574836701,13.3839624263221,-3.17320959785534
0.632439357882515,13.4635055173377,-4.66249936675479
4.33580778117393,11.8566249582524,-2.30100073706981
4.5023812205785,11.5276721394879,-4.56698569542435
2.76139753292505,13.2667312950574,-2.34684647637088
3.29704581612991,12.9716222800017,-4.30143322208412
0.637712536641221,13.4647293819943,-4.19141613168497
-0.26245189549587,13.1153334710002,-2.37857666672227
3.25637985901044,12.9986584876534,-6.08979798429416
3.44119580328929,12.8686938574574,-3.43050727277296
-0.473537307956356,12.9859793200332,-3.81746172479386
0.412938008624565,13.4045484101248,-3.75367505127214
1.06560430920663,13.5351935283517,-4.73656063626752
-0.20696351474709,13.1459274694125,-4.10585433575853
4.23026223765994,12.0276797888,-5.07251129768606
1.87598251456303,13.5183837194797,-2.31756192797265
3.19729257151909,13.0364628454607,-2.58323535926397
1.70753754370089,13.5379467112471,-3.45690695590125
3.02363231451317,13.1380102898926,-4.09712885248419
-1.87689290605323,11.020298837798,-2.11139078062602
2.11444882404663,13.4758751070241,-4.8782722044591
1.73423472493017,13.5354149593083,-2.78235052011014
4.75530938610969,10.640453140216,-5.91284196035873
-1.46452719774855,11.9713140828957,-2.44340012326301
3.19845714475421,13.0357342971079,-3.47093108297123
0.362100620965959,13.3886098603724,-2.17298930495209
-1.6169365866774,11.7033968315998,-2.46382621710953
3.9214928805031,12.4278516268886,-2.46118286013477
4.58915498553471,11.3102519691193,-6.16728046936026
0.518479051251288,13.4348680159039,-4.66611445322092
-0.540794435137838,12.9401300341853,-2.05353085431125
-0.530718924572033,12.947150126596,-4.01236174933763
0.849378796513551,13.5066249294427,-4.96022016339965
2.04416614436458,13.490237324077,-4.94220783102192
4.40368939118223,11.7330656542813,-6.23298707667302
2.80866879902023,13.2455742714854,-6.12501509220987
0.812927730627188,13.5004048387232,-2.96824864325872
4.59365963933946,11.2976461423208,-6.07437034082716
3.18320517797717,13.0452239377855,-6.2040869656153
4.47303372585017,11.5925510941221,-2.77772237358534
4.7596505332424,10.6088298280912,-6.08568793486875
4.35079602624458,11.8303693371859,-5.24918802385536
-0.459214820590955,12.995440795203,-1.98239944076575
-0.561459965935622,12.9255605182859,-2.80842519852291
1.96487106082663,13.504592414614,-2.74956985352769
4.01379504084271,12.3206740793685,-3.54367318232341
1.43924303288313,13.5516240223795,-2.45924469652854
1.63591896100387,13.5436875911595,-5.91254453086998
4.66350463967785,11.0774279870812,-4.62555759057774
4.31782615439113,11.887424623888,-5.72042830294118
2.89608292555918,13.204127425709,-4.28016824430123
3.41275825934029,12.8899107332659,-3.04124916900954
4.41655344105549,11.708200429421,-6.32607211640623
4.67897687286216,11.0202533009465,-4.78816867316956
-1.21931766520145,12.3114406668206,-2.80558847258109
1.67304024668033,13.5409028091092,-4.06984019099144
3.74104483600146,12.6139063058443,-4.22509562307238
-0.439831472413925,13.008080519066,-4.05962856620335
0.230594201604981,13.3432408505472,-4.59367614537345
1.58107513019672,13.5470523668324,-6.06164081927181
3.89566533457317,12.4562793701574,-3.98769216763564
4.43431335358146,11.6730186787722,-6.37700536058162
2.18267261924407,13.4604408835684,-5.73784757473525
0.543326965526023,13.4414712766219,-3.19025683129901
3.21630945573286,13.0244834619666,-2.48287129581542
3.72359793039795,12.6304517741152,-2.87559853540607
0.732113877319356,13.4851467065919,-4.9402218285184
-0.544073582336005,12.9378335694493,-3.10923393748135
-0.0957176767075698,13.2032874985502,-2.80773733161892
2.77155082737283,13.2622600237786,-5.12254506394193
0.0897189772186813,13.2877745439745,-4.00061716419852
0.626178721893491,13.4620409348612,-2.68518440147982
4.02273095080907,12.3098031348201,-3.67698432914914
4.13948078440313,12.1586709183394,-5.60128233912613
1.5122776139461,13.550012697968,-2.07411658840353
3.46089966473065,12.8537186053013,-5.0727527503276
4.70869896837543,10.8971176048083,-4.7114380143143
4.15176614376804,12.1416955464459,-6.21393786209026
4.33974330249308,11.8497834068724,-3.95911438994432
4.48719812822431,11.5616905976428,-3.64140231453754
2.71930864382843,13.2848456964723,-6.10887545464372
4.63058607396444,11.187734373678,-3.44628787880016
-0.645217347406623,12.8640868408026,-3.41892113096429
4.46618517493986,11.6071858047237,-5.12452724984583
-1.71763353544864,11.4875760011969,-2.3144516528617
2.258341803179,13.4415767894966,-5.94001391579973
2.09659083593874,13.4796714458503,-5.36286634759879
1.36452896792485,13.5516427676548,-5.7769296983616
-0.229812098205571,13.1334934492929,-3.91267813451278
4.45119644169447,11.6385977235817,-6.19400654025643
1.51430467402999,13.5499454973879,-2.14798344458382
-1.36815606431818,12.1157625799732,-2.61206748931538
1.44037972238339,13.5516110120682,-4.41683381617024
4.53447511388989,11.4522241152424,-6.17739279389232
2.10505531198844,13.4778845643518,-2.80686492087245
0.812735146181345,13.5003708873443,-4.19415646432794
0.908970014495853,13.5159152617605,-3.52819814264616
4.45595511510005,11.6287145615752,-5.88775952777754
4.53134005309335,11.4598228106996,-5.42041591711626
-1.48346611505986,11.9409331718502,-2.00264756003917
1.83502523247865,13.5239280256213,-5.08511804340177
3.96141793374641,12.3825991814845,-3.62467710197331
-0.111981581250308,13.1952241433043,-2.69377021729516
1.16686827474806,13.5437372162589,-3.53994965792889
0.0700307491673045,13.2794368496954,-4.32717251310675
3.57021124594704,12.7663689759538,-2.58426618238057
3.4625209455784,12.8524762620131,-3.84807965792674
2.38100052508124,13.4070172234189,-3.0094281163159
4.20757518821135,12.0616704290941,-3.4505307110828
3.09265665282043,13.0992997968894,-2.12839670385213
3.83146061049281,12.5242415280055,-2.60910730801902
1.29013672738554,13.5500239249889,-5.71967263943835
3.30313976396259,12.9674975218146,-5.93512654076819
1.01830470062118,13.5301518367441,-4.5871264279422
4.30661006758605,11.9062663512869,-5.30218533434964
3.3556821810908,12.9311219982934,-6.30485475146486
3.14000662584036,13.0714994739173,-2.7278183663212
1.88579684247818,13.516979509873,-6.23907639471977
4.53139784763452,11.4596832012643,-3.09607995305666
-0.335580348828497,13.0729061696781,-4.09932709696706
1.67660414805641,13.5406138597695,-2.66444856924726
0.0612311087683546,13.2756628197473,-3.14024284204559
0.621969128612499,13.4610491136621,-4.8471033080516
4.63998885652869,11.1575881446692,-4.63038063736533
0.0397751402449962,13.2663368234755,-3.0085988037311
0.946035716225318,13.5211473516312,-2.17458677694107
3.19911967304896,13.0353195310577,-5.4689450103408
1.01246468165947,13.5294827182473,-3.62449218022057
-0.689563048157197,12.8299005155023,-3.25053029695464
1.86858222275019,13.5194231637724,-4.00777083509011
2.36319609569536,13.4123438623627,-5.37076743695904
2.26539657271567,13.4397234465578,-6.38203963245901
1.83046315006877,13.5245141232547,-6.07230305201753
2.76758727983286,13.2640102007666,-3.33925300858614
0.364253541497066,13.3893026897448,-4.9663939883504
2.93117055237658,13.1866201455103,-3.04160199490242
2.33239493243836,13.4213084404183,-3.40969099621903
3.13129430411107,13.0766923933609,-5.53280785925498
4.63245755306334,11.1818123209453,-3.93284887074958
1.47923359066042,13.5509369051446,-5.82962406399932
3.0599267238923,13.1179198382507,-2.99514285169585
-1.14467609969331,12.3994157273995,-2.59838909957273
4.49300413617339,11.5488002880343,-2.52083692949769
2.10335684423942,13.4782449279366,-4.26707673531836
2.6558458280386,13.3108979395961,-5.78442571501722
2.77730715438526,13.2597074137712,-4.08485855248421
-0.196023248344718,13.1518008996529,-3.02097358394969
4.09918276048838,12.2128491695287,-5.32920268214034
4.04531865008303,12.2819073383721,-4.08624714546082
2.05585783534502,13.4879554799845,-2.398093432571
-0.938147062943962,12.6146946650979,-3.46375798342256
1.34749560346887,13.5514163847834,-3.29049727400542
0.00870063146410649,13.2525158963593,-4.2694779779107
2.30700053682732,13.4284623248886,-5.22080711533822
4.00099630971453,12.336085533772,-3.15356702663428
4.54627494119526,11.4231429855158,-3.49414571995646
3.02344580475651,13.1381120364194,-2.81344790259028
4.55171335624921,11.409473622363,-3.84799654397839
2.45629990217241,13.3833034951938,-4.09671239614184
2.89415378036016,13.2050753262214,-3.73729223063881
2.11268169810078,13.476255257487,-2.7995025830782
4.57549504926396,11.3475527044084,-3.62628712923518
2.43698130486041,13.3895716876217,-2.21252630209828
1.95615550757283,13.5060517106555,-4.30030615221761
2.47366512034397,13.3775595609779,-4.5371708692455
4.1533625313264,12.1394734112183,-2.73338013901668
3.04980007757518,13.1235838383988,-3.44783660849266
2.50875918886724,13.3656324731506,-6.10639975993571
2.30210773098582,13.4298161953587,-2.08221060138835
3.3930883701118,12.9043174375691,-4.26502825969719
2.58202585189327,13.3393378502046,-2.37158429382584
4.31747073371187,11.8880259679441,-3.60205087431221
1.49801375717471,13.5504512244374,-5.40247480452612
4.60977392782516,11.2512034646975,-3.80123929515267
-1.3232717705062,12.1779349694272,-2.53134585307845
4.67319029910194,11.0421042432772,-3.85994387520858
0.990233274478642,13.52684155907,-3.87609995924276
2.48839053182763,13.3726071117335,-4.50011738963263
3.93857937656044,12.4086837870791,-5.45719567810533
3.90582001803901,12.4451795028724,-2.46550658813532
2.47217314774807,13.3780571514133,-3.64082405541261
-0.485145751509881,12.978233933803,-4.00312914545573
-0.517522609610688,12.9562629503321,-2.08389463487373
2.78698401799427,13.2553873607887,-4.37022588362326
4.1734667311682,12.1111597761227,-4.85210721184174
-0.883852080685627,12.6653908127812,-3.31050645431124
0.0529146522615302,13.2720689096255,-2.7299855425373
0.562681342292075,13.4464751364187,-3.06856773767974
0.22907190534799,13.3426800224318,-1.98858927486777
4.30330766578162,11.9117615843012,-3.04504473529733
3.01622114249719,13.1420416364515,-6.20840588352711
4.51238297591011,11.5046973595119,-2.71265005023911
4.3481583086988,11.8350296094096,-4.44725475086186
0.110095018723578,13.2962498430406,-3.2251457792508
-0.701161429131266,12.8207645937888,-2.94427140295416
4.38914380076226,11.7605899777654,-4.86925979369321
-0.964642794696195,12.5891292209294,-2.29209677083994
2.59409156136561,13.3348243420944,-6.17472400778067
1.93665530021265,13.5092322045547,-4.77255623496429
0.904465319348346,13.5152508970378,-2.79054577601727
1.5486819781773,13.5486207601925,-5.61050038269343
4.44270731719013,11.6560283397849,-4.57815671016036
0.401327323763872,13.4009854894224,-3.96131349891251
-0.568421538356942,12.9206002813303,-3.21494828587089
3.56784049556932,12.7683431680677,-4.85301225080617
1.86865479331541,13.5194130513197,-5.81552821116709
1.60504485581183,13.5456916064642,-3.84493698555562
2.36499213167312,13.4118113557382,-5.71582191698297
-0.770068994219672,12.7647592590155,-2.76097364784648
4.47805053011993,11.5817138101796,-3.33269316263102
-1.20799115542182,12.3251868825223,-2.86689369253993
-0.223144042243078,13.1371456701942,-2.58423438261773
0.269970632916043,13.3574611478871,-3.16724956044491
2.97325858623695,13.1649441271588,-3.14764434187983
3.5616626437296,12.7734705076658,-2.24790559044752
-1.40936619544572,12.0559449671872,-2.5337120709986
0.428471317639012,13.4092439735599,-4.66848061468557
4.39246145409612,11.7543656930779,-5.66488007759755
0.166758775253973,13.3190074409905,-3.21789106057979
-0.817613546238709,12.7243221563504,-2.42153993300986
0.125170674226639,13.3024206031017,-2.3448697943213
2.42043376935185,13.3948392570491,-3.46975289677509
-1.0310072626459,12.5225736131474,-2.58100226957164
3.06075266600855,13.1174558647429,-2.82899868872837
4.14144968221578,12.1559652134755,-2.95557709118107
1.64173415548301,13.5432784312761,-3.63705220855567
0.0977488838537637,13.2911331312418,-2.23270442564137
3.51122983224767,12.8144180708923,-4.76323300282998
3.99429622941508,12.3440799607123,-4.60363679929255
2.38914211525123,13.4045459543832,-5.48380189633709
3.37344994445102,12.9184858181689,-2.93618894823475
3.29157909937993,12.9753061007216,-2.40877665274423
2.2585164966402,13.4415310921651,-4.21252958422789
1.97132046855784,13.5034974989397,-3.55343793811472
-1.42420224503914,12.033719355612,-2.16026597348892
1.9388741487365,13.5088761933437,-2.45452772285625
1.02614659766585,13.5310341785665,-5.15393961542441
4.57843250090431,11.339644776309,-4.97542008153278
-0.580729685980384,12.9117654555807,-2.23177186451539
1.35193584878314,13.551483652687,-2.18975959863029
3.08808364150994,13.101930385862,-6.02658124078292
3.26949490726505,12.9900313103393,-6.24485265603955
2.48581746262769,13.3734779082933,-6.00293029764206
4.52364085577691,11.4782658386158,-5.45444446387282
4.61446515931647,11.2372599215188,-5.52885008350245
4.19700449988262,12.0772097839579,-3.20039901238895
4.32055328628226,11.8828010843686,-2.90633047084813
2.40567684249131,13.3994582026914,-5.70664507866209
3.50711703000805,12.8176872211513,-3.06778135925644
3.12522598204279,13.0802885345465,-2.25332006224101
2.4473013258467,13.3862391372751,-3.05702379764027
4.24320493805582,12.007882847324,-4.03600893001861
3.50469414724676,12.8196082371895,-3.5334751855962
-1.40020133932741,12.0694874356359,-2.07301489015262
0.22024137221233,13.3394104235296,-3.58766119776858
2.42443211155268,13.3935750216737,-2.42485335225738
3.1889599108275,13.0416565651804,-4.77047152903725
4.25036693572647,11.9967968015758,-3.03243675639173
-0.709021121950535,12.814526849794,-3.07644271201335
2.44147024351168,13.3881265979909,-2.08966703402688
3.09139782647829,13.1000248724363,-5.18984884164035
2.3635680735795,13.4122336633609,-2.59406844664655
1.03171728118421,13.5316497382759,-5.4949123109378
4.18575684220575,12.0935433207908,-2.43198913976494
3.7005099638968,12.6519896655607,-4.96599376480023
1.23615283631998,13.5478248680109,-4.50489138987622
3.14468781050523,13.0686946599979,-5.27604786486375
4.66837887786599,11.0598387504448,-5.48404502302624
-0.908763243613373,12.6424072559794,-3.6118394456249
2.65317009259325,13.311963516968,-4.05107690148045
4.04147620811154,12.2866955932389,-6.23331919108519
-0.15457592359995,13.1735878053966,-3.17765850063016
3.18607170815134,13.0434489588886,-4.09868664621249
2.3913090579773,13.4038844435497,-5.37784430269381
0.34098264578976,13.381729636708,-3.14936329200951
3.74236986793793,12.6126400886673,-4.70850667586862
4.29241220010927,11.9297266833219,-4.81061031331629
4.67187357173872,11.0469955948659,-5.17984274244018
4.57212704250618,11.3565463067675,-6.31451293204615
4.52073941693227,11.4851376594813,-6.06444572329135
2.23633621615453,13.4472537263431,-5.53128185652411
2.04907158629916,13.4892851347209,-5.72146600923738
4.67278738637948,11.0436040721403,-3.95898655505691
4.44651269371695,11.6482461220464,-4.00817159323471
4.11076098710183,12.1975124904485,-3.14783571920004
4.53600506043085,11.4484967650216,-2.86902762399698
3.93480990949358,12.412937625385,-2.7263285633872
0.74911194744483,13.4885249991995,-4.22334668213853
2.52630355288221,13.3595086553745,-6.07180897740792
-0.375089601982226,13.0489532159414,-2.81762437586975
1.04991242452457,13.5335953530482,-3.88203817572446
-0.490540598107706,12.9746108018492,-3.02926609185047
2.96499131861565,13.1692607601242,-2.52875270049995
3.3715564686712,12.9198406425135,-5.51874432276787
1.38434215473967,13.5517983358056,-2.02849882870798
0.633215575575887,13.4636862289605,-2.14835734487394
1.03446806643721,13.5319502599781,-4.92387741292861
-1.39391116289789,12.078701317942,-2.70135789329013
0.514492861983378,13.4337898814791,-2.14479462657139
1.32569735886186,13.5510017014236,-3.99642442899446
2.12504461513151,13.4735749971662,-2.74014786374036
4.52703738467206,11.4701673220855,-2.15643665180468
3.76960604371344,12.5863056901019,-5.30435246338492
4.38853204783171,11.7617342941397,-5.80490274494902
1.60342735124394,13.5457887946922,-6.06403942350692
4.59757379400167,11.286563173754,-3.07853562633564
3.61260754627377,12.7304382878834,-3.10123800054795
1.09158794599593,13.5376777454686,-2.14338789299809
4.69336413043974,10.9631591282787,-4.92806816367009
2.80332250389114,13.2480107103395,-4.4633395624793
1.7841365188326,13.5301098454421,-3.21643098204123
3.14251752224491,13.0699963004429,-5.250387865354
1.54282458933523,13.5488711881576,-3.09749980878123
4.59190178670809,11.3025840419142,-4.30741688791326
4.54937500809101,11.4153722135145,-3.98500582264739
0.220124439168282,13.3393669405014,-3.59066023352809
1.5930915582366,13.5463914953271,-2.478922820552
4.02931636040723,12.3017323966096,-4.66914017896107
1.47653272520746,13.5509981830752,-5.38726204165769
3.50208375963982,12.821673893468,-3.97580490335255
4.62085923608112,11.2179244782947,-5.98578364778487
0.809008533444293,13.4997116526839,-3.38805986912104
2.5177823103582,13.3624964577718,-5.95945743334043
0.0918940463304083,13.288686682128,-3.26558324552692
0.168802590718294,13.3198062128525,-3.2072058994871
-0.8947584232578,12.6553851396954,-3.01897121991431
2.98407571128256,13.1592522696552,-5.05484686877293
1.79610940844019,13.5287256701259,-3.53236621939173
-0.694032049199592,12.8263900264532,-3.6764686993592
4.43990637002472,11.6617244308934,-2.1665200603054
2.38650963849817,13.4053474500746,-2.96360758282769
3.88648776188738,12.4662266115937,-2.16322233563203
0.925065961381432,13.5182386349364,-3.46282467613111
3.85158099740255,12.5033456578073,-6.24826041970607
4.07441811814991,12.24505722013,-6.22491005033685
3.37044715238711,12.9206334696949,-4.4741988618934
0.937029075907907,13.5199144013909,-3.08502385786989
4.51948608879006,11.488093069571,-4.79531140463174
4.3200638626479,11.8836320796824,-3.34825745693846
1.84924113028819,13.5220612863607,-2.4140735969517
3.82411790547678,12.531778731569,-4.55303445355984
3.04650430414447,13.1254174137243,-6.29305686365183
-0.305004000722491,13.0909428798306,-2.40805702067583
4.65876859437717,11.09417558708,-3.78193928875687
2.31337988405369,13.4266852557677,-3.07901488849074
0.621872976886412,13.461026393111,-3.71761648694894
4.17031532240381,12.115638877606,-5.37114344050365
3.78494991583309,12.5712073003748,-4.18815252882386
4.69341284425072,10.9629584435791,-4.51301239535519
1.22472991959084,13.5472489560966,-2.26131714607251
3.32273433089217,12.9541031944186,-2.21548834865526
3.99824109435053,12.3393790664406,-5.7825732524802
-0.213294708762658,13.1425048361127,-3.12698586181204
4.72362134055849,10.8262231211388,-6.40199713628184
2.82202653250722,13.239437769278,-4.29955110753023
3.83181957973232,12.5238718472323,-3.3761226033186
4.52509249359192,11.4748118234734,-3.30530729169787
1.72903095659447,13.5359251776049,-4.98830474161772
-0.0169337381433079,13.2408316258879,-3.99154371158371
3.47287432761931,12.8445060448419,-2.61933901682615
3.07421496100089,13.1098504634851,-4.04488701296863
0.192263065563677,13.3288661647816,-2.48821236647963
-0.51192734490472,12.9600990397354,-3.62505850583284
4.5098557704456,11.5105465608415,-4.98552912175985
4.64217395334276,11.1504377818306,-3.84565600924043
3.85689473474709,12.4977669356012,-6.39965967576282
0.540717942579771,13.4407874147509,-4.70074158639264
3.15342289537225,13.0634334171623,-5.94796526331666
0.443036104311239,13.4135731516158,-2.55577008376428
-1.43857949363471,12.0118124181143,-2.79382895977668
1.34342341902664,13.5513495751512,-2.12701884100692
4.32238575427639,11.8796849116978,-2.58405634539416
1.970399405145,13.5036546521276,-2.34731835896631
0.280503864429911,13.3611721580093,-3.85231987742336
1.63078938914051,13.5440401645731,-2.86126209463709
0.549095468917111,13.4429754080508,-2.41900448123468
4.27079090003622,11.9646513968555,-5.38323567576865
2.42694990679191,13.3927761257422,-4.29319659981209
4.2674427741561,11.9699760690338,-3.30030482886486
0.489657703543681,13.4269550792864,-3.1574932556954
2.9191727408397,13.1926636776634,-6.31750751223393
4.72237435784538,10.8324480691114,-5.82196927790067
-0.194235132554973,13.1527559690393,-1.99971412538268
3.70723041634556,12.6457618541543,-3.06536820620552
