-3.29047502543804,1.73326505758235,0.889742107254671
-3.6249630037699,0.831310335655039,0.534904165397482
1.17148445790261,3.52973905802682,0.468610165247958
-3.70287766369827,0.346598702467051,1.47889896741783
-2.64109924488755,-2.6184018850287,0.688144099697644
-2.80818257261821,-2.43834868132324,0.0781708949709553
-2.75601481274093,-2.49716158964934,1.35196511977382
-3.51044402307293,1.2280946273553,1.60669033928437
-1.41646325868546,3.43875929510362,0.309231021083857
-2.15661565197932,3.02992451762502,0.886312853845381
-2.64841911829047,-2.61099786034783,0.573151234666867
-2.98561468383017,2.21755239229316,0.863005191180541
-1.68158865012729,3.3171815242206,1.34892664558257
2.00587268074649,3.13175804325658,0.0121219039257105
1.38444078859943,3.45177597125445,1.25680798032049
-3.63283646550803,-0.796199012648576,0.401648559732947
-0.150337184607745,3.71602373294246,0.534862784264515
1.82281482785417,3.24172481192071,1.61460498995506
2.17784871734209,3.01469876061255,1.73412238813475
-2.71233166684846,2.54454133035376,0.227659396733612
2.1956259581527,3.00177619164944,1.68263833175642
1.70333234954948,3.30606904946731,1.28372333263051
-1.96228690105853,3.15925050776312,0.844261627596913
-3.27834201849274,1.75610570941853,1.51899984528647
-2.11434974027081,3.05956840562262,1.64454375203209
-0.1607243774441,3.71558896103466,0.127953269678348
0.361568039847401,3.70144596143566,1.36868881826751
1.77643289610614,3.26737200491455,1.44096485382826
0.923609792278544,3.60255167963967,1.00393438761634
2.04697381802318,3.10504941042732,1.1769237655957
-2.09482571265009,3.07296906695909,1.18770310247624
-3.51661630068901,1.210307170348,0.416476979136714
-3.12934873665627,-2.00962935320303,0.861092947926113
-2.83328256680104,2.40913751154407,0.77484048865812
-0.750498240396353,3.64255213333034,1.15130634866338
-2.74935419116374,-2.50449299947071,1.69128450371627
-3.70095378728199,0.366571571825398,0.702471986791217
-2.26316829240355,2.95118669913081,0.545007393418873
-3.66935161319009,0.606046525975287,0.968335953535101
1.00608072015437,3.58039596097989,0.170707307409175
-3.10952781008102,2.04016431965667,1.17230505808979
2.22021050407955,2.98363854554171,0.390322101371355
-2.52453012629948,2.73096709871682,1.58014763315323
-1.781078618387,3.26484189632393,0.726751027353686
-3.12856042070316,-2.01085637151863,1.63799186580238
-3.34738297832752,1.62063593976889,0.866588421146711
-1.7134562881726,3.30083341012375,0.335582807921024
-3.38327425768491,-1.54430856701438,0.342288887349016
-3.71712179201945,0.120163372795399,0.953580336394642
-3.69408364214405,0.430325106996073,1.80050852804362
-2.63010149647072,-2.62944856788071,1.17751750791647
-3.69780290176853,-0.397098668519111,1.22866943679614
-3.29261866460921,1.72918940036495,0.921445573301365
-3.69677068155035,0.406595844662973,1.16073966395606
0.765972503831564,3.63932957785379,0.386635909829767
-1.08230904379392,3.55809510645645,0.18110262245966
-0.947331354326669,3.59638665301397,0.318424576732781
-0.782022995264535,3.63591442250019,0.952892735973305
-1.3885696100481,3.4501171126381,0.854985493855894
2.517118336836,2.73780001666144,1.55993632496183
-3.65626939092559,-0.680534932129154,0.81146934749508
-3.71897134468073,0.0261875984208338,1.0968257282689
-3.08951009000424,2.07035288215063,0.314452048650922
-3.42673633262222,1.44530680464538,0.593707981807408
1.71746944793174,3.29874708765138,1.21038114269286
0.304344276620999,3.7065898362451,1.10630531904932
-1.89436461653957,3.20044002482007,1.28388206462525
-3.64367768037424,0.745014506174212,1.05145317016128
-3.71392628995227,-0.19541024965135,0.840793822664846
1.22672226636736,3.5109238291461,1.59560090939461
-0.526560016103704,3.68159859331626,1.0752591364648
-3.71405584837838,0.192932133129197,0.386633870915688
-0.623887402412003,3.66636034262578,1.40604913151604
-3.62445651139559,-0.833515836603937,0.884339421715567
0.952075785239059,3.5951335652558,0.435311411111767
-3.62213175283827,0.843561033919984,0.824757446626371
-3.5555421029957,1.09066677160917,0.120128484699447
-2.15829461694597,3.0287287761253,1.43701291346287
-1.49697469966621,3.4044823984604,0.726746132610493
1.58489086732537,3.36445457563868,0.613458109382414
1.35744003327655,3.4624832431256,1.05918318339491
1.64306847188237,3.336429176466,0.108507083652656
-3.44359622803003,1.40466318780153,0.320166431975949
-2.68527344884105,2.57307989728588,0.646307200457592
2.09042998806075,3.0759610072112,0.714564487651324
-3.70389976028468,0.33549995324967,1.49086527781665
-2.87051914767247,2.36464658579525,1.61399068119479
-3.66885421282104,-0.60905042314467,1.18996484306384
-3.57993030338483,1.00773641185304,0.356673954499503
-2.22949500097028,2.97670718975111,0.545299211864142
-3.71600675587002,0.150756237667951,1.27839617482766
-3.3814507634909,1.54829725406792,1.07057612561413
-1.1516765144747,3.53625152652846,0.655129687111393
-0.810511557589969,3.62967004945085,0.847014006924164
0.124629192097374,3.716974739939,0.166064787636231
0.85623709218997,3.61915621310071,1.52138017409977
-1.82301681668825,3.24161122575476,1.37356794540937
-3.47922711265796,-1.31393011663985,0.848670394909517
0.501999179794017,3.68502787999678,0.374282194226685
-3.69281098311696,-0.441113019347852,1.5569404530896
0.437199522889573,3.69327635441115,1.30930806839443
-3.23269617318151,1.83877924307542,1.16069357983509
-3.31583263945817,1.68424688213197,1.39065876018579
-2.84590874450026,-2.3942090699946,0.41891546684704
0.778019706271324,3.6367731561813,0.981102651479371
-3.54947478662676,-1.11025330081399,0.542014287576355
2.24820030526593,2.96260511041712,0.749324139378554
-3.71870269247057,0.051806735851514,1.65478413201357
-3.17526962929203,1.93625835935267,0.651665364109013
-2.9440839661574,2.2724003285254,1.79719973896467
-2.94554532526634,2.27050575636114,0.865878865231251
2.45877585652458,2.79031448769475,1.51241069335651
-2.81385504550342,-2.43180045146849,0.473076746354475
-3.2418631431574,1.82256879538333,1.12758746134574
-1.45984127115434,3.42056970633576,1.70859457754829
-3.51871083630008,-1.20420417843978,1.04921586088812
-3.71001006907237,0.259343286493154,0.446126836555961
0.757864073060881,3.64102673701128,0.449376096619228
-2.62805385718495,2.63149512190366,0.459750789896515
-1.87936873681292,3.20926888932006,1.65334316018337
-3.25128066124409,-1.80571529170232,0.49402167581833
-2.44567814944358,2.80180157081148,0.444690579976837
-0.747455474143038,3.64317772926892,0.364441408727016
-2.81786449298749,-2.42715334332789,1.6477262139326
-3.70276456149578,0.347804909393769,0.883497898144375
1.13968794120134,3.54013347905805,1.64705801535568
-0.815706907186078,3.62850601411054,0.396104515567224
2.05220645365165,3.1015935137374,1.38026056848745
-3.05205813896606,2.12517640896901,1.35359928098642
-2.88236751333719,-2.35018960318648,0.59122428861684
-3.29461896651455,1.72537518190973,0.430791621524723
-0.9366049309938,3.59919502890654,1.45613102107577
-0.658058130727513,3.66038155790497,0.0966706757550352
-3.57713927792041,-1.01759925276431,1.3969860418953
-3.62285078453032,0.84046763524566,1.46401358341649
-3.41953151804574,-1.46227146931041,1.31939753995326
-3.3199173858101,1.67618083877106,0.316479317598753
-2.42043231965018,2.82363967936071,1.29917209403747
-2.36753037380291,2.86814113704122,0.230175438189537
-3.60939719395838,0.896485108137781,1.02883640342572
-3.18412472506647,1.92166162164097,0.109608882887302
-3.1985283686341,-1.89759055855322,0.407031937237218
0.0610618328670888,3.71856223632661,1.23936978671702
-2.76439387813148,-2.48788266190683,0.362044774938308
-0.545953034755809,3.67877274871775,0.881775490746401
-3.57351707442588,1.03024723812012,0.733386734194677
-3.58781103994336,0.979308732998936,1.69086560420199
-2.48026623987546,2.77122951633412,1.61524403381631
-3.55824311249515,-1.0818223538309,0.914858769125063
-3.65072403147265,-0.709681406615342,0.966249222843673
-0.712940517548201,3.65008896758771,1.24173742725459
-3.31422426500067,1.6874096047339,0.798438337376186
1.92024806930329,3.18497739477134,0.431084009275578
-3.71447675205501,0.184651323608252,1.28520638958093
-1.76247527185079,3.27492207067312,0.546745305347147
1.76738105382867,3.27227716788093,0.217218292718004
1.60396843589792,3.35540145280868,0.658050040258944
-2.15630308100834,3.03014697262383,1.31455236916579
-2.72654292557479,2.52930767758007,0.465574960277153
1.82950541167699,3.23795361324279,0.00537738752958469
-2.32058525460533,2.9062549318626,0.560767104062234
1.60779235472776,3.35357084269087,0.119545956649036
-3.452103763633,1.38362323555884,0.424824221779989
-3.70242884077184,-0.351360686315848,0.899506267826221
-3.21959618153291,-1.86162135804415,0.60911044033765
1.24402091282476,3.50483175363983,1.46538196174918
-3.65072506148184,-0.709676108049194,1.11309315995899
-3.70916817262328,-0.271118276893847,1.64437280115264
-0.35533715621516,3.70204931872609,0.726429431408527
1.86299030283371,3.21880424760733,0.262091159450779
1.21102704951222,3.51636845882469,0.927650799486761
-1.44322217558451,3.42761482736444,1.01616889487304
2.16687861579079,3.02259337610867,0.241113249596726
-3.65296041322607,0.69807870062813,1.41665376761238
-3.54502584483377,-1.12437778896954,0.509849544174095
-3.49828894249661,-1.26230270841561,0.300439162017862
-0.548303619561231,3.67842313955905,0.300359634779231
-3.29270430504364,-1.72902631917924,1.55609228623036
-1.89182082549273,3.20194434946946,1.03982681428934
-1.08341047157246,3.55775988551146,0.306523452925807
0.908715503741518,3.6063374476229,1.34689866400735
-3.23809699961528,1.82925161581177,0.152508921782324
-2.73456835133383,-2.52062880741112,0.59349894849262
1.9752563883563,3.15115785912497,0.767735001699537
0.840939632316001,3.62274125320421,1.45066728508398
0.573944302141489,3.67450970755375,0.319768262211248
1.06753850278178,3.56255458876715,1.60412907616357
-2.05570705180674,3.09927445864665,0.319819990924781
0.729301625173773,3.64685519213285,1.08559651986335
-0.0410172773793806,3.71883735000925,0.681841898623738
1.66301389087922,3.32653249670136,0.398658323505614
-3.533040214042,-1.16149063656555,0.849748780085853
-2.04622704532938,3.10554158430217,0.954747591122445
-3.05821090182615,2.11631276819356,1.29619317256085
-3.20815819714766,-1.88126410557947,0.0939560829380141
-2.60167252954307,2.6575804224686,0.144789222919125
0.78422995137149,3.63543904311973,0.297888199965167
-0.246586561332373,3.71087977717383,0.888301992465884
-1.69609636838314,3.30978711732718,0.361149520157363
-1.01999996612952,3.5764554690312,0.146974929721191
-1.84278754674657,3.23041293187468,1.44217725053309
-3.51927466491602,-1.2025553982032,1.69617061658324
-2.75165300824091,2.50196710112387,1.12227794086043
-3.23472337444207,-1.8352107082582,0.842991216392453
1.88158106773025,3.20797230948562,0.686074906286191
-3.11502100712512,-2.03176715645189,1.14931647017936
-3.51890230114905,1.20364456873088,0.825103433906874
-0.788464287242031,3.63452303894353,1.47745825159104
-2.3607492391165,2.87372522744925,1.61151048798448
-3.29496793887982,-1.72470865209794,0.579219529170815
1.42352350519237,3.43584261616161,0.436559810364814
-3.70694437575028,0.299995079894269,0.800134485860638
-2.49693335967256,2.75622158946296,0.102802745953474
2.39327941814216,2.84669058374185,0.705746319808421
-1.2655574413475,3.49711281137989,0.00687406764462924
-0.93762300883672,3.59892994460401,0.00672092114091883
1.34971731531794,3.46550094814564,1.0754960233581
-0.753001218448868,3.64203553221024,1.45808803003893
-0.566449412744211,3.67567255283562,1.63350669381818
-3.4964558103401,1.26737146062486,1.17485384949021
1.39727856032821,3.4465992336961,0.816223526555578
-2.16764281589747,3.02204537946661,0.81752785590351
0.387863477428744,3.69878298575955,0.705241394999557
-3.70840100465483,-0.281417201930618,0.152015130193059
-3.05391504139816,2.12250714316572,0.95050417010406
-3.42463402109989,-1.45028117080538,0.157644473092895
-3.50945075523628,-1.23093015619852,1.0743702283165
-3.71379743375272,-0.197844064654806,0.572173387009261
-3.67390360970677,0.577811318209472,1.63196574010928
-0.547003996732612,3.67861662591061,0.634821984415494
1.71499043990957,3.30003658220423,0.367219546851162
0.0190025830581243,3.71901499791336,1.44035377483321
-2.8548506240729,2.38353971376564,0.777025420133998
-3.29466186159278,1.72529327090596,1.62634043606917
0.517636573042468,3.68286383553835,1.03505861033032
-0.692445353484854,3.65403244174223,1.01296094518105
-2.745973071077,2.50819966226522,0.339500241512222
1.58469703010167,3.36454587955854,0.875954401978436
-0.937360596500027,3.5989983002214,1.63768731865644
-2.48170790650863,2.76993854076945,0.570018022030343
1.74092494646244,3.28642875834121,0.757259643931206
2.54445046418271,2.71241690899238,1.48598120231689
-2.9597675926648,-2.25193460168776,0.420241597269952
-0.623738810345362,3.66638562474494,1.33924192476096
-3.52497879420154,1.18573106280338,1.28570061862731
1.6403169466435,3.33778279212737,0.219587592318736
1.33639858547734,3.47065879533002,1.77818746057583
-0.623669441320479,3.66639742537964,0.0434302880020508
-2.88022869950263,-2.35281029652388,0.315386796295414
-3.48803873096858,-1.29035633223174,1.54240177263598
-1.65860776745196,3.32873157923787,1.07229182889856
1.8463735260924,3.22836467193725,0.394990465589695
-2.22304911716934,2.98152415310023,1.23792994772851
-3.71904814547272,-0.0107025475171595,1.43872998066086
-3.26921261239362,-1.77304330117285,0.394929432765265
0.285508749274777,3.70808824152756,0.929682294638627
-2.81168003353593,2.43431490195554,0.652408217538646
-1.03110117010582,3.57327077477678,0.125574929708123
-1.76168881899068,3.2753451967557,0.717793098026444
1.13489940771962,3.5416714962324,1.03469618072305
-1.56042360560129,3.37587200941471,1.5321113164359
1.32434041184708,3.47527784880808,0.227363022713708
-3.64051946638222,0.760297091773716,0.500538559026286
-3.10366720377148,2.04906894493591,1.45221022516522
1.08790471461771,3.55638819376906,1.00969841215719
-3.60234462159555,0.924417048809144,1.40661712352637
-1.14807892241043,3.53742115682941,1.66243302455368
-2.72954322734019,2.52606956019598,0.0682807022402996
-3.41289873676225,-1.47768598337877,1.2555766297275
1.15163362753464,3.5362654935396,1.02213301630502
-3.55600454809454,-1.08915807245705,1.77341976771026
2.22823955761656,2.9776470789434,1.16558415500383
1.08139869566303,3.55837189089135,1.42484320751101
-3.52143835774313,-1.19620464197512,0.83808319247415
1.04816291075885,3.56830326140828,0.904966168645858
-3.15943324377301,-1.96199266843925,0.145787161469727
0.27683468735329,3.70874590781647,0.612898990722279
-1.05426484115544,3.56650519382363,0.859526581719701
-1.09566367826758,3.55400545258341,1.34149425572174
1.6291650869328,3.34324016074028,1.20130812157879
1.78748145412387,3.26134078317961,0.780776183659741
-0.719106058787365,3.64887929768617,1.46024387664255
-1.51992355259723,3.39429905092755,0.343147339989862
-3.17568047244465,-1.93558445690214,1.58432980919685
-0.540083588746925,3.67963902713753,1.76899182067905
-3.56883176387612,-1.04636202817966,1.49120166708345
2.37326328189635,2.86339921206771,1.00828226056527
-3.25861868720693,1.79243909359654,0.299916272423244
2.30755125918278,2.91661461957376,1.20860017453557
-3.54232411717273,1.13286076009537,1.72907752084838
-0.202324354455356,3.71355604622599,1.23418727276324
2.12177160389425,3.05442611856555,0.510785551331034
-3.08596931085335,2.07562690899369,1.46127304844217
1.94576259245335,3.16945446199762,1.30290380513155
-3.6674624952326,-0.61737549265395,1.55007925426712
-0.75167013334169,3.64231048422694,1.28449929891096
-2.9785333909922,2.22705466740534,0.70357743001083
0.968040642409373,3.59086771790762,0.892476421856659
-3.21469171260201,-1.87007776463851,1.08770524376811
-0.0762787405202987,3.7182812167199,0.560659756988209
-1.99135183409385,3.14101122661452,1.29376961578142
-2.8090428077912,-2.4373576177623,0.86497138267743
1.43492714866605,3.43109570412843,0.264379959730588
-2.60082029674136,-2.65841445920789,1.22248049163665
-2.88786753329232,2.34342799399161,1.13784159378356
-3.71261475695857,-0.218918522014241,0.486007672208042
-1.93493815337791,3.17607430572238,1.32388679892578
-2.94047301433057,2.27707094857871,0.0122006298894899
-3.65293074689368,0.698233923027399,0.442381834085584
0.380701380005625,3.6995270119475,0.695215052110663
-3.53725267115951,-1.14859792496867,0.431452801406535
-3.49759183542999,-1.26423297125208,1.342036998762
-1.75927940083971,3.27663999283542,1.40923462735973
-2.24628412966486,2.96405824195194,0.114521810654171
-2.55453966557369,2.70291708157651,0.0542226135242453
-3.60274079098863,-0.922871846907259,0.519791050737231
-3.36543474374826,-1.58280846549401,1.09578045905398
1.75036834234506,3.28140889237895,1.31774033892131
-0.562825650731306,3.67622917399695,0.304152717749469
-3.26926215166553,-1.77295195551224,0.504206099979531
-2.78518620293902,-2.46458342683414,0.599001892852519
-3.2110586828319,1.87630908655191,1.15042901747843
-2.77453076320773,-2.47657277237746,1.38701282230207
-2.85029433392166,-2.3889863672448,1.0121104505253
0.724855101238838,3.64774159379135,0.218651902269374
0.886810230392775,3.61178643722717,0.103252450975574
2.28131926271703,2.9371782503661,1.16666645153057
-2.84904086535738,-2.39048108137067,0.56458248806515
-2.66920694039877,-2.58974283707754,0.613601473191657
-0.805839317857466,3.63071021243261,0.297026387833012
-3.62336435756779,-0.838250788949672,1.54685838367953
2.55155732686228,2.70573259222023,0.677502331211641
-2.81948639624138,-2.4252690807985,0.608261868012157
-0.849715355948929,3.62069295394293,1.60596275071658
1.21041550937317,3.51657901198541,1.58642952676618
-3.53529656122846,1.15460464100645,0.819979500134845
-3.43841124412482,1.41730793024783,1.43425923843105
-3.65896887046009,-0.665868198573455,0.74248474384435
-2.75085632063048,2.50284301467646,0.481262179137415
-2.18779743840098,3.00748666188124,1.40888004437938
-3.19506799441633,-1.90341119149904,0.66043609466001
-3.66915244372089,-0.607251181641017,0.0242005182199222
-3.14168112397901,-1.99029479427079,0.186903877862492
-3.58181448777193,-1.00101879505557,0.70456296386124
-3.48306932816351,-1.30371074555441,0.546325218394697
-1.43280188967383,3.43198374090183,0.865594913149804
-0.424083464378639,3.69480538974762,1.09271190109418
-3.36596680311109,-1.58167668416194,0.901184915835482
2.33775660000622,2.89246049791432,0.377565360626965
-3.17481551690517,-1.93700286176495,0.23787483043151
1.1882898274742,3.52411704385492,0.436401176995691
-1.97152339365397,3.15349475362534,0.212279789798937
-3.13022563639174,2.00826320937853,1.59472643893919
-3.25847897686542,-1.79269306078691,1.65563510210994
1.39930241806405,3.44577805374454,0.568414196254064
-0.0906655444525881,3.71795823159924,0.974731488145366
0.629023522300483,3.66548265051959,1.4097166548427
-3.60297242438011,-0.921967115478594,0.149868734011576
0.165822601768574,3.71536492388165,0.807441178909497
2.09244423418402,3.07459115651129,0.0723116020834755
-3.52537828509216,-1.18454278093621,0.920196759445059
1.06561416972452,3.56313065914649,0.150152467224532
0.206221670112489,3.71334165888939,0.238052414187129
-3.5675052620542,1.05087575768166,0.718250213461407
-3.67962569685487,0.540174401385973,0.050680084993769
0.547974095421517,3.67847224314856,1.02615385268904
-2.98547565299446,2.21773956501766,1.37849378573514
-3.68952412118177,-0.467809162036497,0.0852416898107955
-3.47211923054648,1.33259960293284,0.160000981167916
-2.55519456829641,-2.70229797968617,0.96352955454664
1.43608887127751,3.43060962609567,1.12760884070828
-1.91491772528813,3.18818502572306,1.75841291626049
-3.29613532825877,1.72247657478176,0.216969335209843
-0.664279360277733,3.65925765482241,0.0669639271959419
0.441940262481176,3.69271207343133,1.76533294945556
-3.61293815525674,-0.882106308308398,1.64813593308882
-2.33844311977684,2.89190550129768,1.29888550480718
1.40161115418124,3.44483959355761,1.61302371004552
-3.54300278967989,-1.1307364348901,1.70107864009927
-3.71742936263188,-0.110238771354467,0.808789593949407
-3.70694799608343,0.299950341224052,1.32908137930139
-2.62026039795369,2.6392554063188,1.7703752552164
-0.801454850252791,3.63168057183912,0.680499451451905
0.626371605222057,3.66593675136915,0.660331783663698
-3.71905817094192,-0.00632250089172478,1.5842777520947
-3.69558659024753,-0.417221052740652,0.842664766501656
0.0923964240905952,3.7179156194947,1.24383349299615
-3.12396166856023,-2.01799334642951,0.129603162891145
1.65065835927147,3.3326806978519,0.886234204957095
-2.68450515710522,2.57388144916251,1.54515232928279
-3.67975425803001,-0.539297926361152,1.13185686625853
-0.729014644632361,3.6469125710358,0.740904982271733
-2.75552057273943,-2.49770695360308,0.356957365547803
2.19113466847289,3.00505615879032,0.940912021248066
-2.14688613788571,3.03682623207546,0.7923444739158
-3.12367980766653,2.01842961533065,0.415954374153318
-3.67821887867264,-0.549672205449388,0.314368058854018
-3.18161760467549,-1.92580971814103,0.740691051499392
2.13266770561147,3.04682820492218,0.910719133133148
2.21308805259382,2.98892537951918,0.203658198308665
-3.65454233136943,0.689749230587674,0.679700863826744
-0.646319389122356,3.66247251185752,1.72699362435161
-3.09442076888089,-2.06300600047261,1.24008396634279
-2.59196367361506,-2.66705042463155,0.804282133933557
1.01440913296358,3.57804524340142,0.437567610735411
1.42796438133466,3.43399932709762,0.853604179846495
-0.251024651416238,3.71058220192583,1.12315195092876
-3.2125317214803,1.87378589794839,0.345766876343858
-0.740685915896275,3.64456005943932,1.42133507638374
-1.4115131067527,3.44079415285669,0.254211483834099
-3.53379681573482,1.15918666226362,0.206482059639836
-3.41214375460332,-1.47942848789286,1.46664921621324
-2.79448051997217,-2.45403999078326,0.254321605437066
-3.71360144026805,0.201489443163905,1.22509830708996
-2.61468704243657,-2.64477698927182,0.331960696455007
-2.67083277783301,-2.58806605899468,1.71214562307741
-3.35594585458995,1.60282908444036,0.222331999610907
-1.78460756459447,3.26291426385365,0.34691965683465
1.85574349637046,3.22298770220213,1.08273067431682
-2.82838651758589,2.4148837156281,0.649964199360678
-2.40410090481955,2.83755748704995,0.187542403775477
2.08268669806027,3.08120914100134,0.44520589937703
-3.05241200698578,-2.1246681134889,1.41431954756868
-1.20462293825034,3.5185674967959,0.421709444046914
-3.45818399317378,-1.36835562710285,1.40936308535602
1.67010187890652,3.32297959171289,0.840553899271031
-2.60276625586012,2.65650926409515,0.604265351719374
-3.25949292879343,-1.7908488210938,0.87844048358071
0.646150281366726,3.66250235040977,1.22013558432298
1.55131965612092,3.38006523271375,0.747324492099013
-3.24647085237333,1.81434854908251,0.41060575500356
-0.283862283001466,3.70821464550754,0.764563463219519
0.927851740233289,3.60146148126194,0.077811259913624
-2.26882848960797,2.94683744675722,1.11355517281427
1.47194594721194,3.41537827792966,1.17324799929851
2.31326232132109,2.91208706697166,1.2035605686147
2.52928056983896,2.72656807211969,1.24081607121421
0.698762860019195,3.6528296043376,1.37681590925629
0.368004140402609,3.70081161443189,0.0245063312058236
-3.34645191711004,1.62255761664663,1.07690697541953
0.980701466639946,3.58743059670813,0.0258766709808031
-3.55566734830141,-1.09025839189185,0.956427661198517
-3.66297677793722,0.643455342009128,0.187938841386274
-3.65013514590269,-0.712704054649187,1.34527538242027
-3.71328298247608,0.207275528997013,0.833116278606625
-3.53825453356361,-1.14550796967282,0.879678602365336
1.30087511066306,3.48412938900449,1.53005117224291
-3.22044906456355,1.86014555221337,1.13042683112991
-3.63133226483328,0.803031528178219,1.8014657564876
-3.56126484881086,-1.07183316308629,0.251622371570187
1.28768148782561,3.48902709057678,1.78027459982598
-3.65857744993303,0.668015490620495,1.01726747836968
-3.35316786180855,1.6086326315855,1.00293254892609
2.33724719934731,2.89287213371255,0.294728094200106
-3.07267408503222,2.09525836593934,0.146179109975687
1.32555981229574,3.47481292113603,1.30677475785574
-3.71527213817072,-0.167888630347037,0.332413059703118
-2.79920890640436,2.44864516644898,0.298749114548348
0.776280112326252,3.63714487477117,0.263556070339624
-3.69793066630564,-0.395907110398056,0.935347113234731
1.18240117787085,3.52609714946101,0.453177838412958
-3.71361514939279,0.201236614630193,1.45572395300214
-2.7251749785115,2.53078149775168,1.62222301300352
-3.53060090539406,-1.16888446807119,1.28497037303672
-3.22795770136488,-1.84708492795177,1.79675658368257
-3.4363709074498,1.42224774188608,0.809406239444071
-2.98080689351716,2.22401077255214,0.848135470170163
-3.60688453753206,0.906541552152791,1.62722682298305
-0.158527707863138,3.71568333132778,1.62710682028746
-3.69429046489266,-0.428545929709472,1.78912879783622
-3.62706976070467,-0.822069707414901,0.0803189560552182
-0.139587582430276,3.71644305212641,0.685968295238806
-3.37959174911222,-1.55235088243606,1.5522200061942
-1.26090894256535,3.49879154729546,1.31178848313384
0.5574235645773,3.6770521647811,0.75354518004142
0.415938819538541,3.69573112540243,1.14413871069668
-3.71810552645185,0.0844094013461888,0.684727209114722
-2.81355265518322,2.43215030567169,0.974352621663301
-3.42580283061364,-1.44751808922273,1.55758339509942
0.284306994728296,3.70818057618773,0.368443336698098
0.583660688501242,3.67297888008707,1.58976973080369
-0.108168683869163,3.71749017331552,0.71516863118763
-3.23587089723222,1.83318662151811,1.15613749980991
-1.8009717420218,3.25391063757234,0.707879806673275
-1.2360279228435,3.50765856759443,0.705817086013207
0.414690180411819,3.69587144082927,1.6879570495799
-3.10493863660525,-2.04714184066062,1.1932513010661
-2.91141583806666,2.31410705688437,0.935653325390095
2.24544778834528,2.9646918697704,0.0205387305735738
-2.42113628697325,2.82303608421302,1.42752708543197
-3.34791131594532,-1.61954421780719,0.738729105276315
-3.69341785580235,0.43600251754752,0.626274950522498
-3.71890477861614,-0.0343642321820186,0.701216539144336
1.01191826633085,3.57875049076258,0.80908222095452
2.20389140279777,2.99571299318568,0.392591642814668
0.314086531411127,3.70577701753,1.28526038110463
0.679707943208265,3.65642322014383,1.3270603107341
-2.58818483035958,2.67071768196565,0.0894986447097514
-1.14193087171384,3.53941062001773,0.777087034412556
-2.19073967577693,3.00534412769057,0.602833130900012
-3.2991391687505,1.71671616701297,1.52807012719387
-3.56463927983991,-1.06055667339839,0.0844284964946827
-3.38545982512861,1.53951142422119,0.967836601952832
-3.66696900152513,0.620299923199406,0.216128325689292
-3.71704067925096,-0.122646816758571,0.67855180004488
-1.10073219645879,3.55243892059335,1.06561661517438
-3.69324695718313,-0.437447786741441,0.127659829926955
-3.68837215368533,-0.476806573765555,1.05911063073724
-0.237742765774423,3.71145686088217,1.0305390476805
-3.28107369074151,1.75099659873779,0.518943736333868
-2.662684706771,2.59644830589698,0.533415815914098
-3.69221572973767,-0.446067996997252,1.47936599509647
1.63769655244709,3.33906927975002,1.64532242329749
-0.76317160325097,3.63991796018245,0.513305721550575
-2.95303488256079,-2.2607562087157,0.186120733870806
-3.42085680788394,1.45916837713181,1.54816388246283
0.550250494958849,3.67813241274223,1.52374117457257
0.580707531069229,3.67344693935096,0.428363320687437
-1.82315405045367,3.24153404442739,0.513446997033956
2.16951909892346,3.02069868280068,0.58333381121271
-3.4024790623469,1.50152252169536,0.247141382238675
0.374860258196586,3.70012343573727,0.542341961744396
-3.17575842560143,1.93545655468909,1.50097810357643
-3.1906977076268,-1.91072807887791,0.60936198841187
-1.82015618379408,3.24321832744322,0.593491571053115
1.95169795453546,3.16580301773966,0.480703578147387
0.233435586797702,3.71173025416501,0.207040166397131
1.86538205132422,3.21741875662228,0.819787162675047
0.168582403136443,3.71524072251317,1.612838192811
-3.07194646234865,2.09632501901089,1.7855732183612
-3.53815426426438,-1.14581763607267,1.0184569477611
-3.70045783041661,0.371544745859486,0.850776105708608
1.7357113199796,3.2891852891806,1.56734935529186
0.0451265670574464,3.71878975552706,0.205972059157826
-2.30882885230745,2.91560336527794,1.35076671153003
-3.63520296525468,0.785323534774689,0.303399789441406
-1.36920438519722,3.45784803084579,0.460257909945768
0.393325550549379,3.69820614138158,1.73492637101191
-2.65845047150023,2.60078348646088,1.07115728663384
1.77731524295028,3.26689212862072,0.331662946042816
-1.38873857062413,3.45004910621983,1.42632881395696
-3.52927826049812,1.17287195074432,1.46952817759075
-3.38378233952678,1.54319497522967,1.57192663863833
-3.40720849636944,-1.49075950949016,0.337731488405171
1.85638502311702,3.22261823659183,0.0910098571176851
-2.45311280675868,2.79529447647005,1.25775496811743
-1.39361905484564,3.44808056501564,0.0967466936296028
-0.0600302955904157,3.71857903189898,0.444478627806867
2.02859851036898,3.11708545545292,0.709086190892177
-1.16128563982158,3.53310760034443,0.594485841557309
-3.65445459200604,-0.690213943522845,1.5496088095434
-3.6662985486616,-0.624250434480662,1.49921604484053
1.03473755980454,3.57221945507232,0.214610920229505
-0.301639240384684,3.70681095033555,1.61492649666036
-2.81216657771571,2.433752820655,1.57987323708522
-3.71860936340584,-0.0581210397176437,0.745339001713068
-3.11669054628137,2.02920518715771,0.871839231624887
-2.45210551665639,2.79617813954167,1.73589370186616
-3.24103690553406,-1.82403767226273,0.652721677744165
1.81863578186149,3.24407113759863,0.414528489236794
-3.68154637705376,-0.526924972334531,1.1307965594619
-3.10390229513999,-2.04871281420606,0.967874866476726
-2.95733024591049,2.25513446816158,0.342195396278546
-3.4663083794196,-1.34764233817171,0.6415022681539
-3.15604227358555,1.96744271078178,1.48369413779885
2.50249979331047,2.75116855851263,0.88151351303332
-2.8512980877191,2.38778827952497,0.13304349239466
0.191217614368177,3.71414451480052,0.637096905462085
-0.407408630655279,3.69668119541502,1.20100098436564
-3.57747433198192,-1.01642070860346,1.16999890313141
-3.40224115402018,-1.50206151097713,0.236870929856929
0.341292001601634,3.70337054890679,1.26441358548419
-2.30065187814528,2.92205999056385,0.822481976738609
-1.62099659994078,3.34720834066956,1.68887406835744
1.13612315658147,3.54127912285191,0.846115238763743
-3.32402720787292,1.66801581952569,0.80195226628161
-3.49463900123555,1.27237254918157,1.08532166022109
-2.3731235357089,2.86351503176287,0.755636227900781
-3.42690306357399,-1.44491143179595,1.52798966782257
-3.43315380274889,-1.42999602081203,1.43388686939791
-3.49190057601787,-1.2798687511122,1.11241112681975
-2.58829546838683,-2.67061045852735,0.66169100013251
-0.795171678703815,3.63306147130141,0.364985983003713
-3.70398524204386,-0.33455489772045,1.69000472739468
-3.34629541254086,-1.62288036061671,0.763585369254222
-3.24497836387585,1.81701653015184,1.61306109857722
-3.71763735942622,-0.10298600228107,1.51737060849602
0.772962377689977,3.63785140097053,0.44648064583666
-2.65681590286858,-2.6024532485968,0.379005794610771
1.16605065852157,3.53153783989763,1.43871360035429
-0.888675340790648,3.61132798171781,1.43076439177275
-3.65178747724391,0.704188805585539,0.494664237998934
-1.45079502900819,3.42441636438569,1.13926790242925
-3.5753321560095,1.02393047960877,1.57567431146008
-3.40920696333881,1.4861835465344,1.75117496536535
1.74430006015305,3.28463863355126,1.66043615859885
-3.67685091310705,-0.558749510649675,0.19380268890721
-2.85745417872572,-2.38041787704393,1.27366732469183
-3.49995166791291,1.25768516534985,0.685052966276523
-3.62838977140596,0.816223817113933,1.76855059624652
1.82772707628043,3.23895776253702,1.34623730897673
0.0027530877324703,3.71906252614491,0.389379984194101
2.35138261636699,2.881394357653,0.39918332877385
-3.50947135777096,1.23087141564531,1.55110275834315
2.42145755240488,2.82276052380799,1.11986980709439
-3.23953789940522,1.82669862078687,1.79629651981841
-1.89088506376813,3.20249704582003,0.196767444084539
-3.55188839945637,1.10250734722028,1.48687164656977
-3.19829617170267,1.89798188899143,0.868325671004018
-1.59783445467105,3.35832677211934,1.58290705051417
-3.71862009392586,-0.0574303919387816,0.321869887964104
-3.08348983293335,-2.0793085636971,1.0560302157181
1.4985723361534,3.40377945909884,1.33219602856145
-3.55636508963227,1.08798023976188,1.70044835368805
-3.60462356036943,0.915490382744169,1.68476677858575
0.486415313111039,3.68711727451657,0.18959909875284
-3.36415175849957,1.58553353753607,0.370502982094366
-3.69672416756141,-0.407018527630918,1.17016840261097
-3.57030649848925,-1.04131895196084,0.41594506682031
-3.58377700487567,-0.993969834648823,0.414689243634244
-3.04656324681314,2.1330461870374,0.40179561314889
-3.023801680359,-2.16519215099388,0.496556412135076
2.10735367245436,3.06439131836333,1.721627504152
-2.62012987039949,2.63938498804319,1.73740372852925
-3.48088830504733,-1.30952291337424,0.790866041218942
-3.71813713251184,0.083005522129743,0.452539585626472
-1.73486081962893,3.289633959787,0.184403985981255
1.06141081439202,3.56438504316791,0.136019880352284
0.562624375671322,3.67625998329387,0.784289488899062
-0.499272812732907,3.68539825681475,1.17184189179528
-3.70731455146181,-0.295385289726715,1.65840768555375
-2.83950620547111,-2.4017989428673,1.66333248534815
0.763379425983374,3.63987438036709,1.03515799774324
-3.65517366987771,-0.686395728352169,0.630855878310762
-3.50836596547628,1.2340186000037,1.58286100064466
-3.22226936380049,-1.85699052231836,1.2844350429044
-3.66111215152274,-0.653981243492482,0.151069355451017
-0.632446281925943,3.66489363465646,0.659213243752605
-3.20191660301967,1.89186778612418,0.83570943232306
-2.72305396525541,-2.53306351187139,1.75547599103226
-3.52161009262417,1.19569896227896,1.72671110112242
-3.59667859958936,0.946222333346328,0.281255845732772
-2.91298622056369,2.3121299556196,1.06104326630577
-2.64802961771203,-2.61139288437939,0.709811137493991
2.30375729467877,2.91961229961818,1.69463342466021
-2.63471284170728,2.62482797428901,1.52877633430604
-3.09674897084178,2.05950952036104,1.22125301473632
-3.00515501944175,2.19099907850082,1.26355846277403
-2.27101547762237,2.94515234805724,0.822322954277119
-3.39189429970503,1.52528250252074,1.06318895875107
-2.59657781810395,-2.66255841013826,0.981697006833495
-0.728283383735901,3.64705867321073,0.68468685915749
2.45292914139081,2.79545564804437,1.07697666704648
-1.13126391165718,3.54283440412469,0.805666262414019
-2.69780453100773,-2.5599383518635,0.144038277409787
2.05721921672574,3.09827092863128,1.04714522271507
-1.57874248429348,3.3673440307094,1.59697889731021
-1.66347800283805,3.32630043545999,0.00777896686201101
-2.72243443290967,-2.5337293484852,1.78112711376414
2.1866328252768,3.00833351546822,1.01527230692682
-2.57262421659527,2.6857100165608,0.319716882746221
-2.64659287216461,2.61284898566199,1.71008988395639
1.29713156924593,3.48552483062924,0.735234574070257
1.37128151166379,3.45702482904542,0.718121008246515
-3.09985247898635,-2.05483533680673,0.163053332910728
-3.70412157299898,0.33304207738808,0.605226594401147
-3.58934920284579,0.973655972557926,1.4345105480677
-3.698178466876,-0.393585670473547,0.422275669817109
1.61604466897183,3.34960195855495,0.251062185447746
2.38679765406977,2.85212738344459,0.896270690829146
-3.08760383744988,2.07319468353364,0.633390563257922
2.42551602958603,2.81927395672869,0.901369190005581
-3.42432928073251,1.45100056167646,1.23882234495734
1.34071350056577,3.46899422920651,0.369888602310924
-3.62092023537007,-0.848746311894763,0.259310790620305
1.42809914280865,3.43394328595808,0.937816472595058
-3.38625467361689,-1.53776231527346,0.203868456289044
-3.04601278963066,-2.13383217200273,0.978402263969182
-2.81836298409865,-2.42657448736485,0.405085542124384
-3.49040962200282,-1.28392925174932,0.53285207574604
-3.5652500754995,1.05850155976182,0.808767250004265
-3.20459347192911,-1.88732994797856,0.211412666954872
0.808934882775109,3.630021764163,0.805974520541727
-1.23609815490273,3.50763381844706,1.54939807323833
-1.09941884121179,3.55284560098746,1.11430906188829
-3.64658485867255,0.730652120620695,0.474930345426017
0.689123540831417,3.65466036702994,1.66372492756928
-3.71906046731543,0.0047846963264058,0.255506604897993
-1.39383030423598,3.44799517631055,0.163521092986027
-3.50638268037962,-1.23964275160276,0.872077143309067
-3.63642505034845,-0.779645115463234,1.64477593093511
-3.43275016703503,-1.43096468984682,1.49349154477908
-1.40668617637532,3.44277034582065,1.39508805617023
-2.97837544759381,-2.22726589028742,0.0708757487193716
0.863309221789868,3.61747575533548,1.3787505903671
-3.09165013774701,-2.06715579447615,1.48574396178147
2.28788492367239,2.93206688683939,0.476905029694059
-2.60505018259297,2.6542696168701,1.49939855214685
2.57661576362059,2.68188084364859,1.04285029880361
-1.88122424380057,3.20818157176373,0.968586486567785
1.19821997407377,3.5207531220746,0.466629894626058
-0.804566115632737,3.63099256656401,0.0469211212690687
-1.80489352773983,3.25173692146064,1.31559054654737
2.34681028360796,2.88511960681344,1.23274846876451
-2.71425621507129,2.54248831891403,1.15535489550266
1.74666257214295,3.28338293714614,1.11532045236671
-2.74290453498867,2.51155496949718,1.19264821575026
-3.6108302662609,-0.890695481700488,1.50994927216864
-1.84690743980552,3.22805925621858,1.53709725477352
-0.101818441635708,3.71766951971397,1.59516006990521
-3.41832134899128,1.46509822465862,0.984438877582024
-2.46758096379415,2.78253083360961,0.197868204090108
-3.67234425082033,-0.587640499229142,1.25386881023117
1.22540241226822,3.51138470989361,0.0125107393811887
0.216342205616451,3.71276577539392,1.46886823295454
2.25036935919282,2.96095785178944,0.0343348988863448
-2.06651350108764,3.09207949488527,0.122614680335605
-3.65221138928947,-0.701986909288009,1.31465338629141
-3.43656514798528,1.42177833593016,0.358958107310763
-0.51973107477917,3.68256884019516,0.719535994469167
-3.63582371127245,-0.782444626421877,1.2409066071549
-3.35787487701614,1.59878390133603,0.233159747318967
2.05989974867765,3.0964894119414,0.339123938243433
-3.30199320137175,-1.71122019359349,1.4129803346832
2.11636171734962,3.05817702793746,0.375798443092299
1.78448443067142,3.26298160729703,0.301655440307916
-0.841923404575027,3.6225127513504,0.97728443558155
-3.30256046609872,1.71012514765126,1.12847928124333
-2.7178230600153,-2.53867514016986,1.76854462091795
-3.71514618378192,0.170653115992872,1.52464427094128
-0.971834215972138,3.58984288089789,1.08601407593898
0.121918538978831,3.717064637953,1.18246198978143
-1.56100184002419,3.37560467298949,1.62923873979941
-3.55718111246725,1.08530925821799,1.38572156431899
-2.11964930321039,3.05589929223251,0.607389322540635
-2.62924187541464,-2.63030812138683,0.84026076314185
-1.23720923252613,3.50724207431131,1.60150997926946
-3.17612536015836,1.93485434837518,0.139893767004231
-3.70052194041229,0.370905677220915,0.717861452617909
-2.91052301621703,-2.31522988598073,1.01171472452598
-2.82686904405205,2.41665989759579,0.922531369428232
-3.2535555518758,-1.80161314485813,0.923335398206345
-1.31919742372184,3.47723335571731,0.040828938906593
-2.62067678726608,-2.63884194857368,0.565993143024989
-2.31653850798832,2.90948156788708,1.67165015438628
-2.87689575702076,2.35688448085674,1.19151851556641
1.18146346065242,3.52641145415713,0.187042635019956
1.64870413727262,3.33364789991498,0.15697168244821
-0.375558623036789,3.70005261767047,0.155940846141166
1.8615590919164,3.21963218398792,0.733212509305147
-1.65272495700191,3.3316563252188,0.0063918883389606
-3.6819916704169,-0.523804345006816,1.17348806303215
0.0909978976039386,3.71795011202397,0.399932170404746
-3.02931450351421,2.15747243126439,0.417255308408541
-3.14244362837228,-1.98909067047479,1.12685038530192
-2.45013608568159,2.79790400380505,0.102350662130924
-3.52117589208945,-1.1969770214317,1.65642115975876
-3.5380316644848,1.14619614114266,0.0515517922543659
-3.671127587408,-0.59519399345029,0.0194930986211133
-2.11349489211294,3.06015898179816,1.76592977755799
-3.44593252632375,1.39892196955064,1.24541359489562
-2.02767786382089,3.11768441851291,0.970632651449157
-1.25517934509004,3.50085110573511,1.39041181987906
-3.57373644251411,1.0294860330835,1.78599762590515
0.348777396459254,3.70267308583765,0.518597787661868
-3.36513606797835,1.58344336711441,0.240625961659409
-3.53346766365209,-1.16018960639737,1.57449644099642
-3.61536669577615,0.872099368157122,0.490568468580062
-3.71096195047866,0.245346805495859,1.16688559304754
-0.438923481631306,3.69307186907323,1.504332181666
-3.33127814788583,1.65348708924072,0.88873474305002
-0.340503153780517,3.70344316213074,0.553981987837364
-1.97122719466117,3.15367991398869,1.66414047533729
-0.00275612964388021,3.71906252389185,1.59218427356295
0.975393519181231,3.58887741997504,0.610181822716223
-3.60366662194925,0.919249982712167,1.38892288398087
0.256593879572908,3.71020123899407,1.56651287330045
-1.08437286244594,3.55746667560755,1.23361180589714
-3.68096085270451,0.53099986226393,0.979833107079713
-3.62758147908277,-0.819808676145277,0.128953941501316
-2.49905137227255,2.75430134364599,0.884941779308225
-1.98768205567907,3.14333480532998,1.52094935245902
-0.0583088166716955,3.71860642375148,0.928076045023301
-3.43209855824955,1.43252683721066,0.808269039739355
-3.03057618286192,-2.15569980580263,0.505325071492872
-3.71146092162203,-0.237679364144199,0.430909047449164
0.707052728829873,3.65123405049877,1.57016443675141
-3.63383929336117,-0.791609526781844,1.66777321234477
-3.29390671060749,-1.72673455825797,1.40913954604972
-0.584672596200451,3.67281793833014,1.19381269319057
1.69519841420492,3.31024711907503,0.696886311360341
-3.6237045948593,0.836778741402418,0.157513410778073
2.35800452783513,2.8759777988671,0.504774891121947
-3.71048155237587,-0.252508024319522,0.367610874989511
-3.71848072938893,0.0658385755508915,0.958616466965522
0.738459605463058,3.64501180573764,0.919613822894367
-3.70536271158617,-0.318937028979341,0.320984539716154
-2.90186837275351,2.32606827072644,0.116558387721383
0.432648374991199,3.69381226329722,0.999254169646514
-3.71292590340921,0.213576423465607,0.00438159702132056
-0.054717906984762,3.71866099604718,0.781991251899741
-3.00233497936407,-2.1948618007871,1.71925325494717
-3.71883456995112,0.0412685619316752,0.639090320679629
-3.59361296216743,0.957799316667975,0.191468609719041
-3.65039129116439,0.711390943334693,0.0430738924257576
-3.70923755068393,0.270167439680812,1.02496005431499
2.12285663586523,3.05367211017005,0.757841667694075
2.54782864517474,2.70924396238037,1.16832639736719
-3.71905507858783,0.00793569766719923,1.29739109399448
-0.150994309728402,3.71599708978587,0.129959919000475
-2.06197109330775,3.0951104767408,1.31742060239659
0.460821182240766,3.69040343199299,1.05162059591035
-2.64426489605151,-2.61520492741527,0.547349750765506
-2.0537258232122,3.10058766944894,1.1517095433615
1.50073073622342,3.40282836919844,0.451689026946096
-3.71011320062806,0.257863707009819,0.620269166831145
0.03221702818544,3.71892399975615,0.957936255771004
-1.96710740318239,3.15625127599379,0.240190669468802
-3.65653806490546,0.679089856178751,0.780886074211684
-2.74470314687915,2.50958926686801,1.02624387408772
-2.07075028364627,3.08924374493925,1.00741098965112
-2.54315017420866,2.71363609282635,0.421679174572547
-2.93864829281485,-2.27942533635208,0.384357959911113
1.64087008544646,3.33751090118884,0.323010471772259
-0.922690288350363,3.6027872938395,0.0701560010114803
-3.28199404155631,1.74927092357254,1.26746387866744
-2.28250747816865,2.93625497274531,0.979035799527561
-3.3057508138823,1.70394988464565,0.657964147488366
1.46134199950905,3.41992883161891,1.63879095092868
0.280290416801727,3.70848634015504,1.48975281401318
-3.71792520290231,0.092009991257501,1.45859274240308
-2.88561184540524,-2.34620500607351,0.268662989832796
-1.89384031019985,3.20075030771373,1.51457823648084
-3.54365367614606,-1.12869494390819,0.988425706540946
-3.10067453384316,2.05359467472137,1.57109791511115
1.16438054579306,3.53208884336819,0.179537827347972
1.94044846845589,3.17271073281738,0.324840443605161
1.95857153165643,3.16155518823448,0.615506182960034
2.07724885925875,3.08487776574302,1.52593280054597
-3.44935978864199,1.39044981979469,0.173252478820649
0.623830259384803,3.66637006592942,1.63007610740663
-1.34273859223059,3.46821088254478,0.220094011183082
-1.83415292947858,3.23532327351573,1.57976750959221
-3.61230359471107,0.884701301290404,0.0434404114712829
-3.33482293596827,1.64632610336086,0.764373313219116
-3.2605762162833,1.7888757337152,0.899054910762817
-3.49624777585614,1.26794524435734,0.624699451150917
-3.67282864874813,-0.58460531113087,1.38209180637332
2.23596665683428,2.97184904771301,1.34014793315559
-2.42318584717095,2.82127701634168,0.676358902611103
2.20565991164071,2.99441112859415,1.41756519395005
-1.36048451552951,3.46128813245472,1.5906402290798
-1.16349315223957,3.53238125597437,0.738207726694604
-3.71431206229276,0.187934980176352,1.18321080720384
-2.79868883299046,-2.44923956953213,0.953849931540102
1.0270937787361,3.57442471211089,1.75947801913536
-3.71641769301763,-0.140261127519248,1.11397524935795
-3.14967002606061,-1.9776279679967,1.27405789107385
-3.50430472720454,1.24550472972179,1.5851682873652
-3.71811895095812,0.0838159853101871,0.0735072252270989
-3.1275054401997,-2.01249680108782,0.959502507139721
-2.1601009924509,3.02744072696395,1.08696673170308
-2.42226183697693,2.82207038289136,1.30694539078025
-3.69355699588797,-0.434822229186172,1.75936150558388
-0.293141942420251,3.70749261016951,0.774082999710366
0.893087281033521,3.61023943268637,1.06463388221131
-3.71717111758528,0.118627717912742,1.12001075177158
-0.91845304391171,3.60386981715443,0.93647733010732
-3.22693736266708,1.84886692606326,0.512660894505262
1.11456465287801,3.54812334726716,0.468913860429299
-3.51837266266056,1.20519187663635,1.58485067881642
2.56552942844866,2.69248814382372,1.53933042087031
-3.71653285459847,0.13717577613247,1.6270105467048
-2.43880691539949,2.80778462177338,1.08364293009423
-3.55299135642279,1.09894771215575,1.26266957739143
0.796606792831639,3.63274706943408,1.34047677136989
-1.65517706921518,3.33043878826975,0.914168384796349
0.0747982948314632,3.71831129250332,0.483767707449255
-0.540242084749092,3.67961576020287,0.357937578273128
2.48733544610074,2.76488626012686,1.03812960133915
-3.59155589389987,-0.965484289805124,0.3962490980059
-2.88800178536486,-2.34326254196938,0.0321325049607802
-2.19048398670042,3.00553049508343,0.415368221163909
0.807461413512282,3.63034980663795,0.831336440199443
-3.67518630433795,0.569595717394543,1.57464920638083
1.37714478278235,3.45469331491563,1.27096402412039
-0.147626795619708,3.71613239566118,0.522421654338913
-0.483007912449246,3.6875651871362,0.323134207687555
-0.67226741531699,3.65779854217949,0.835265658333481
-3.41415913228017,1.4747715322501,1.04533221845042
-3.61965581983699,0.854122590023036,0.485234594117915
-2.05212923653067,3.10164460398729,1.69305191130135
-3.34654914260225,1.62235707814758,0.32144341209627
-3.57970195102282,1.00854726944791,0.634075372891467
-3.62847660030338,-0.815837737493339,1.18158209509122
-3.70792316757111,-0.287644635369435,0.501393346955741
-3.67625823676133,-0.562635787620975,0.482626487856244
-2.70703629550857,2.55017414065523,0.313708406666456
0.116912196054465,3.71722546952443,1.63943510465824
-3.6859172263906,0.495426940188426,0.076601762970714
1.41767659831658,3.43825925657926,0.466423474709903
-2.58270891447824,2.67601351191321,1.18706536016753
-3.63622118081489,-0.780595399077237,1.0689921243175
-3.42653975153599,-1.44577279819863,1.61991799236227
0.434192101080738,3.69363112292315,0.590540629870853
-1.96338173738379,3.15857021548916,0.246134689555131
-3.64825154457118,0.722284099507536,1.52812051551853
2.14120638796934,3.04083357929807,1.23998960524011
-3.2494588782613,-1.80899161174292,0.759571727881272
-1.65452651860129,3.33076202273782,1.37292656852451
-3.71832972209563,0.0738764552997049,1.44556939070936
-3.60916011336073,-0.897439094865699,0.577176631469383
-3.26738747405246,-1.77640444360864,1.12226243529727
-3.71869458236355,-0.0523856465779209,1.21624403352419
-3.71513259061057,-0.170948784876098,1.71767704613921
-2.9005176102787,-2.3277524020674,1.31369569717873
-2.86813076324325,2.36754294106888,0.305274113355347
-0.185501228970105,3.71443440471332,1.38893974794081
0.808055032893395,3.63021772304129,0.876763113411755
-1.12025057733631,3.54633223159437,0.636061928223969
-2.62020481310588,2.63931058995417,0.71735645841254
-2.35910882541323,2.87507203435407,0.686450894127094
-3.47877024596177,-1.31513924307601,1.02185364448514
-2.86386364714645,2.37270281818446,0.695979753122828
0.157959955484317,3.71570751073477,0.467405402011213
1.13604829956378,3.54130313781885,1.29194858610045
-2.66374056771538,2.59536506888236,1.71895362094412
2.55339357899974,2.70399979356329,1.25972428954153
-1.68992442037691,3.31294266570993,0.820069058263578
-3.61266681670446,-0.883216918061404,1.37607714192335
-3.71457883291092,0.182586272642685,0.212482508298269
-1.46205398398023,3.41962451166717,1.29204029476746
-3.55342075999738,1.09755845187719,1.75158374899578
-3.2650934692092,-1.78061739017534,0.241848165297278
0.569350263683894,3.67522433738547,0.376550327527624
1.78139317376795,3.26467027635569,1.25853262600969
-3.71100320971193,0.244721945021592,1.08919861849203
-2.70375180900742,-2.55365616482652,1.67472383531446
-3.68717628021718,0.485967829666981,0.901272250976852
-3.03695733594478,2.14670067604187,1.55949992007121
-3.53197857415487,1.16471498856088,0.204691632473807
-2.04371403777488,3.10719593599588,1.2218561318379
-3.63452143861911,0.788471664098031,0.925015892878343
-0.949356034897376,3.59585271832306,0.760979186576446
-3.70167359822555,0.359230044772626,1.72454215750962
-1.56575275979291,3.37340361475888,0.830664056242115
-3.582457462587,0.998715265539765,0.123338078726753
-3.34006870152133,-1.63565727522151,0.714512255305904
-3.11354026719694,-2.03403555952462,0.488095023034777
-2.57776945253324,2.68077196017377,1.09045287910832
-3.43796363189966,1.41839335820594,1.51511280159535
1.3333025376517,3.47184936250969,0.383895734377279
0.929814308530538,3.60095529054712,0.236837878990124
-3.47873655556569,1.31522835653675,0.106202484676306
0.197770909681447,3.71380133019406,0.537792666801763
-2.84215622278937,2.39866247273915,1.53268058883533
-3.45203963897643,1.38378321416432,1.62848137649262
-3.58250910218157,-0.998530012395028,1.04219178949698
0.31676581300496,3.70554895698043,1.6378100416495
-0.22728534268614,3.71211193606382,0.73896355100897
0.739084142000341,3.64488522232334,1.55193640398737
1.67393404765444,3.32105080614113,1.40432673348356
0.0858191892933124,3.71807325366465,1.59951976461026
-2.60717061115544,-2.65218684432202,0.433179586152027
-3.58746268836456,0.980584067002679,0.0994096754822523
-3.60794342387102,-0.902318071975342,0.612737516977391
-1.08372316582496,3.55766464871575,1.01460938972994
-0.470986590685765,3.68911985224953,1.34234602805806
-3.50019015141469,1.25702130324312,1.37360155631927
-3.15419838397726,1.97039747446616,0.658004954429485
-2.36787690845797,2.86785505199599,1.30633722419852
-3.66983674846135,0.603101892311782,0.49969483419652
-2.50856853296666,2.74563609538426,1.20482642972753
-0.495077961815387,3.68596411602068,1.62596158402547
2.29495606921661,2.92653554450194,0.908048743054113
0.0716254541148938,3.71837376378307,1.63924279292551
-2.92257898916692,-2.29999254454172,0.664675284577715
-3.71778068043372,-0.0976753042544779,1.23942559072648
2.23251673574646,2.97444157405712,0.0432565985684639
-3.19693835720134,-1.90026808454024,0.574449932298952
-3.68260921295516,0.519444932139298,0.0522185521801415
-3.66440898753299,-0.63524831755375,0.95952613639248
-3.58619089554194,0.985225108084191,1.71259393739615
0.229177313302428,3.71199561044122,1.73098353287368
-1.42943918961908,3.4333856841387,0.14184429698984
-2.77811754441239,2.47254859654881,0.220035699977428
-2.37010233019503,2.86601615439821,0.584058828285704
-3.70059933105824,0.370132738134214,1.09984641165585
-3.5116444824337,-1.22465778152935,1.6155460554518
-2.81827873164441,-2.42667233956878,0.930552124122437
-1.7121879095902,3.30149151371324,0.333574875584141
-3.69832568348841,0.392199938446448,1.72875922257257
-3.31215931412791,-1.69145923116792,0.327706001985111
-2.64888263040091,-2.61052762161747,1.32585369105004
-3.0252030787602,-2.16323368712843,0.786681380830038
0.739755254183823,3.64474907459688,0.537863093670615
-3.20259796617235,1.89071412961774,0.542608487833381
1.7116920769852,3.30174861042653,0.80298234926636
-3.30929424317956,1.69705782604071,0.835016201081875
-3.68986126594339,-0.465142441579002,1.02548821442388
-1.15515901523514,3.53511545814114,0.241419683331506
-2.98536708257192,-2.21788571282729,0.928638391851393
1.83659666205427,3.23393666508769,1.04444692224015
0.93767910561086,3.59891532934136,1.05346525285556
-1.13327284903609,3.54219230173985,0.914358925129114
-1.94253401351776,3.17143425900554,0.491069570571811
-3.71821127962364,0.0796149040504166,0.816229197387159
-0.916924493178673,3.60425902602414,0.491801710124353
-3.06992830888072,2.09927935997099,0.256745409196178
2.41267121179316,2.83027406387649,0.570775639343967
-2.08943970251601,3.07663377450376,0.934333299658245
-3.68584332369427,0.495976457148721,0.782557789291343
1.39172035138048,3.44884736055698,0.714710712574767
-0.234492042075341,3.71166366136141,0.605613693135668
-3.13770419763311,1.99655854435149,0.000624676428726585
1.96394480552274,3.15822014016244,0.414215054321386
-2.05602430031055,3.0990640086,1.20616264356632
-2.82578448592123,2.41792797493935,1.05844235041741
-3.59493236050828,0.95283523037186,1.52867952586875
1.36189111168517,3.46073492957498,0.848557724306024
-3.6079779358982,0.902180063479129,0.869453671984654
1.94963337341742,3.16707489051403,1.22598239787617
-3.71782872671973,-0.0958290751546564,1.57174731728565
-1.64122585973614,3.3373359630401,1.40158731578809
-3.71325112361144,0.207845485555481,0.430846520194828
-1.13679963923241,3.54106202051143,1.27408548479422
-3.70459955465303,0.327682456857184,0.31544267783216
-3.66113998645521,-0.653825399052476,0.43286268537602
1.09157842405691,3.55526232463947,1.21782860942639
-3.68868778854187,-0.474358568521258,1.55793107713106
-3.57732420945,1.01694894333511,0.574132791993078
-2.57536329267047,-2.68308359236774,0.814013515644939
1.89846060557037,3.19801203593182,0.478177342483476
-3.37985707729563,-1.55177311161203,0.581102709598252
-2.59217185165621,-2.66684809172713,1.71677222799493
1.24259311501944,3.50533821526165,0.575236220119333
2.51164483181571,2.74282224937761,1.56957403942469
-2.63680332933701,-2.62272794152666,0.504143911519601
-2.86392540848929,2.37262826997338,0.373096929403328
-3.63524605699342,-0.785124039869634,1.24616473650303
-3.71878223782709,-0.0457418898726414,0.53591547711784
-3.68816722151382,-0.478389171092366,0.475884590874952
-2.41321185078775,2.82981310621126,0.912891219765003
-1.22419451836974,3.51180600746409,0.915756223540194
-2.98327969194205,-2.22069266953209,1.03524035253238
-3.6759315332416,0.564766337335637,1.03958258622013
-3.09221524235515,-2.06631037063988,1.51184666226126
1.99512339434019,3.1386169397083,0.112121817025854
-2.90436615302302,2.32294875148844,1.01227020377292
0.311288346287883,3.70601311631958,1.77030604864272
-3.39049494655779,-1.52839054898724,0.073549964902272
-2.81955588087834,2.42518829938456,0.36036920718678
-2.32402947246324,2.90350144893879,1.10066645536769
-2.80113280436801,2.44644408584395,0.905163346241734
-2.3364381793149,2.89352558086274,0.38306839208867
-1.23293792926688,3.50874588926621,0.234540772441969
2.28816253849277,2.9318502434991,1.7420305546516
-2.35888581401384,2.87525500944032,1.67919986231766
-3.65523067282504,0.686092108471178,0.0556241190894131
-1.34060665843421,3.46903552017406,0.571307363088708
-3.67152140816194,-0.592759818371635,1.41890403058422
1.1005597777506,3.5524923403809,0.454806496861353
-3.05158244078676,2.12585941678873,0.380597076410842
-3.02872704943146,-2.15829704000854,1.56973176801182
-3.69123485027543,-0.454113348162698,1.19414902601271
-3.39433449186548,-1.519844403286,0.102014512261793
-3.27155509203111,-1.768717312821,1.3194973905996
-1.59454828375915,3.35988830523102,0.105756614063028
-3.66893687142129,-0.608552287312066,0.0619071112326171
-3.6480049870585,0.723528345860545,1.67408614130919
-3.71086115132679,-0.246866701766402,0.451869839345442
2.45727054645021,2.79164021937206,1.36222829665143
0.971602599478231,3.58990557557641,0.203540935272896
0.203714886915203,3.71348002522116,1.09696973822885
0.503664944464861,3.68480057487303,0.661093494628443
-3.62883211504394,-0.814254956198087,1.20037915668879
2.4976256572283,2.75559426063097,0.985901238486254
-0.159196792162602,3.71565472484091,1.5127998206171
0.00859424280429578,3.71905361508248,1.61581216063495
-2.78235465825127,-2.4677796110218,0.833697666600174
-0.275635347973672,3.70883523600265,0.814397147306334
-3.71896482101838,-0.0270982083385224,0.464166097679551
-3.70551447164117,-0.317168966523005,1.57144731628684
-0.655484122592674,3.66084337522057,1.25251086043293
-3.4779793195234,1.31722948108328,1.38264647766192
-1.79820786226827,3.25543885473894,0.456817614272075
2.51734630946082,2.73759040236326,1.38924619485886
-3.63655246112233,0.779050608351328,0.0471077011676894
1.93728950525798,3.17464061362616,1.23442660128076
0.676299581899435,3.65705517163606,0.963084259691065
-3.66202621040778,0.648843345618848,1.35223810519665
-1.21968981088437,3.51337308267885,1.27372855318563
0.711775343053804,3.65031635805557,0.524646359553622
-3.28475558357498,1.74407981727913,0.787819747501697
-0.094551020083491,3.71786144947181,0.493966586845666
-3.5974344707063,0.943344519166499,0.162568617930531
1.03326217333931,3.572646488811,1.19367774916248
-1.95764978322057,3.16212602201808,0.8479872418963
-3.35122665714636,-1.61267279548552,1.36910533105713
-3.69142717414027,0.452547313422801,1.55425780684933
-2.52583623555095,2.72975914029887,1.25975534303312
-3.71690795191504,0.126605410066708,1.13769455156455
-3.48541818341098,-1.29741810516714,1.19405831052555
-1.64197847797807,3.33696573712171,0.921952799288911
-2.62474038144559,2.63480010302039,1.41923490994084
-0.706866775369299,3.65127005502831,1.6148076976678
2.32839067860959,2.90000525872478,1.77042363420078
-2.2809177127204,2.9374900920115,1.12879737635275
-2.25573935389566,2.95686888788695,0.902777948959036
-2.52222498291607,2.73309619084683,0.314111008107001
-0.408194700308551,3.69659447863942,0.977705219242107
-2.79094477460566,-2.45806039754291,1.06971910041242
-0.0946321778947044,3.7178593846156,0.0456808055719585
-3.71887105088859,-0.0378386010602113,1.71528428762363
-2.13582769314003,3.0446138865353,1.28530379482102
-3.58580652729294,0.98662313052695,0.626631687109696
0.998669494015404,3.58247022242899,0.811137394522617
-2.83485153653609,-2.40729109554005,0.724020843706379
-3.63736287579044,0.775257997500797,1.72066464503932
2.27024668710959,2.9457450046695,1.27303561912069
-2.31513238532885,2.91060057226494,0.864187780016629
-3.71874919583552,-0.0483536073121841,0.91731444680199
-3.14767076083355,1.98080853043926,0.62164531123042
-3.22295900705631,1.85579333216336,1.26747600489554
-0.330721204094066,3.70432951261493,0.765640993868424
-3.6937165027352,0.433465166177266,0.166727399153101
-2.55652703025912,-2.70103742965955,1.76165869223953
-3.45135435331711,-1.38549153036257,1.369865089182
-1.34772496649752,3.46627625378398,0.289883181399225
-3.71840340862571,0.0700695624939017,1.52813263875531
-3.48768778422548,-1.29130460102634,0.329790595822902
-3.25983391545838,-1.79022805711861,1.48745078568618
-3.36689626443795,-1.5796971853432,1.29138461639803
0.956548431704155,3.59394612517658,1.28239597093188
-3.67597079473966,-0.564510734254462,1.21323564357417
-3.67444070233839,-0.57438591370819,1.74803399144195
-2.76227022216741,-2.49024032426484,1.50965569420652
-3.32703928670107,-1.66199977064229,0.166912142792413
-3.69857271788362,-0.38986344198243,0.567891000414558
-2.82352160853713,2.42057005248584,0.629115598255661
-3.68775380137686,0.481565731025339,0.281839245775653
-0.810749706851242,3.62961686210928,0.520593635920946
-3.46306129946429,1.35596463413325,1.43471615856637
-3.23598119275226,-1.83299191842764,0.849657676936637
-3.13049957378191,-2.0078361664784,1.35143931506146
-2.54280901428095,2.71395577888789,1.37603706753005
1.92792953053405,3.18033353253431,0.399918748987028
-3.59376378182224,-0.957233270070644,1.48093703012935
0.831227772226559,3.62498193699592,0.839433228681848
-3.2171140737202,1.86590747078702,1.29808416523011
-2.98929468311834,-2.21258919602077,0.111701234790262
1.04284601872653,3.5698607583621,1.73340227668506
-2.56031372645752,2.69744828958418,1.45674288109069
-2.41652638246938,2.8269831792384,1.09169905485288
-2.87422476571791,2.36014102311731,0.647147497730181
0.670070733989401,3.65820158880266,1.34650807741208
-3.61933951256795,0.855461948675577,1.13906029257389
2.20826626003835,2.99248956182702,1.69373125464927
1.95850965148712,3.16159352192834,0.128985604327367
-3.46366720495933,1.3544161643146,0.00218882330242109
-1.69306938536236,3.31133654423952,1.3215841856465
-1.414842697742,3.43942637564952,0.00773162222032326
-3.49126364122022,1.28160518115415,1.74174595846138
-3.47512369913175,-1.32474485415129,1.51828064187875
-3.64268771048996,0.749839914056874,0.0429799661763323
2.15530641320429,3.03085597118502,0.729566006215273
-3.12486683869788,-2.01659140464144,1.64375889798223
0.304654416538727,3.70656435791298,0.151209550602345
-3.71612731997569,0.147754507876059,0.132428109931064
-0.346540824979848,3.70288308072098,1.62827285283181
-2.73640680290421,2.51863285571498,1.7991047244233
-3.53210899022992,1.16431942954003,0.325958237866638
-3.04234308546839,-2.13906105643811,0.0984048478557296
-1.5534734651279,3.37907588639423,1.66538946738918
-0.894554836610902,3.60987607781257,1.69327330459435
-3.67750970419169,0.554396995341238,1.14030927736861
2.18967334288845,3.00612113932741,0.683891281565821
-2.69240221712747,2.56561960432066,0.224578910370942
-1.26574935680774,3.49704335383595,1.56025905096779
1.07758078368713,3.55952992788313,0.0868583610210356
-3.55491586287358,1.09270620971842,1.75854704868234
2.52788352056214,2.72786336889107,1.2106246516251
0.428124077947616,3.69433937622803,1.71032326747241
-3.43389814628439,-1.42820767881006,0.523034992074619
-3.03251959120162,2.15296506749316,1.4717341637513
2.23246974264998,2.97447684492917,0.762928497490112
-3.3315236024185,1.65299248013893,0.451940272682309
-2.30464403133886,2.91891239020317,0.520899888770716
-2.80296148050837,2.4443487050038,0.299934987660977
1.29201332776694,3.48742529866089,0.39667326886785
2.37769394125933,2.85972117077279,0.982350071489036
1.64001405231948,3.33793162917728,0.445268670543676
-2.93895593520897,-2.27902866672787,1.49609777350528
-2.69260051317199,2.5654114931787,0.867628138372041
-2.23094935511002,2.9756173523828,0.533826349453311
1.46778170705684,3.41716995674736,0.997420423968164
-3.42625927647204,1.44643735545537,0.773642254541158
-3.70617023832422,-0.309412051199096,0.741065783448976
-3.42629349601582,-1.44635629497959,0.516500342646453
-0.167524752258384,3.71528856352346,0.17284777736035
-3.7162264715015,-0.145239338262378,0.928034905777411
-3.39280113493933,1.5232642947374,0.319174800950579
-0.477184292536642,3.68832330521929,0.16391751633693
1.81620693558546,3.24543156144121,0.0471430693701622
2.17849710880394,3.01423024996438,1.39210126527584
-1.43535977310034,3.43091474313087,0.833666273417514
-2.50066527278274,2.75283614593493,0.175106922920203
0.709577320423744,3.65074426373687,1.64887252009549
-3.1227278578273,-2.01990207159079,0.873392663081152
-1.83332202883274,3.23579418249431,0.55741489887495
-3.63442056965069,0.78893648398801,0.505889235980254
-2.27693808769735,2.94057589557905,1.4016384583819
-3.70333231756139,0.341706597204093,0.224281278997057
-0.34176427369444,3.70332699529673,1.61249461108555
1.57741938722897,3.36796403330879,1.37680963913685
-0.227415986646118,3.71210393468249,1.38118799231673
-3.57692911104441,-1.01833775704847,1.15183061379939
-3.71789102846175,-0.0933806904613653,0.118025479019177
0.54442716711884,3.6789988736843,1.69161563494597
0.829991220297163,3.6252652629976,0.766458304506964
-3.62493304935318,0.831440942325135,1.02354530767461
-3.22646235738851,-1.84969573422831,0.0222517506485421
1.10408144396952,3.55139941684255,1.5504168173271
-1.70812036706703,3.30359780610143,0.961731875649186
-3.31463465500115,-1.6866033193175,0.0962324779097047
-3.29808204241669,-1.7187461983539,1.40281742457751
0.872183509466953,3.61534639815901,0.436308320349487
-3.63790509799894,0.772709616104732,1.57273459438801
-0.426959918890465,3.69447410067096,1.37706570185777
0.210478079587953,3.71310283063645,0.000750983789203709
0.90379523521388,3.60757367570949,1.08771699656943
2.40923664918174,2.8331982671721,0.842704017192628
0.421176201121626,3.69513792171228,0.843358224558575
-0.382272454361889,3.69936500274082,0.623542673892593
-3.71675020236437,0.131154817265038,0.835044438746596
-3.70057800014501,-0.370345943288362,0.373149905813297
-0.0932517356501607,3.71789426512719,0.288750289505744
-1.17120112753467,3.52983307986779,1.67975899385687
1.15372239780055,3.53558457425088,0.540638846402497
-1.54759172415658,3.381773722204,0.271782680144453
-0.431679229544499,3.6939256483648,1.35404907756942
-2.69288586601853,2.56511195963549,0.438300483080104
-3.41303728299741,-1.47736595254427,1.30424961735126
-2.55806340848958,-2.69958242160044,1.50846663035786
2.5464396178031,2.71054956157422,0.846223760150899
1.65550369613799,3.33027643971801,0.186083434126189
-3.1703095315577,1.94436908198568,1.2500372230487
2.30077984454254,2.92195923308561,0.80250785550707
-1.21365201459266,3.51546333224265,0.335028237751809
-1.16061495435537,3.53332797523724,0.923150470291896
-3.36426989703946,1.58528284944407,1.73048273321265
1.17129468398868,3.52980203639344,0.173859185832344
2.16872324823378,3.02127011792024,1.42258813956574
0.94958113117196,3.59579328218261,1.00407803290303
0.111639697840258,3.71738755455139,1.29731643837733
1.98681343825278,3.14388390600633,0.590531412386475
-0.673089798385376,3.65764730068072,0.960536935351445
-2.39462070708055,2.84556239117831,1.41852965560617
-1.43529965665351,3.43093989286868,1.52916636046312
-3.71901283140062,0.0194219655277498,0.186827229975222
-3.4611987884269,1.36071179897124,1.58138425378877
-1.09152773610457,3.55527788705494,1.60949131041574
-1.65414443213497,3.3309517934825,0.39360419509641
-3.44960975952997,-1.38982954344157,0.35768861231656
-1.76339951639315,3.27442449881683,0.89700655997782
-3.70615687668652,-0.309572056646975,0.943107333223613
-1.60590268498104,3.35447614676839,1.24965201640046
-3.70814071359272,-0.284826440246561,0.99861708745237
-2.93344288993846,-2.2861203958534,1.15469852044543
-0.342999740553269,3.70321277147936,0.83814925354932
-2.07071289291834,3.08926880798178,1.42373879062774
-3.23935325249595,-1.82702604207257,1.3351651691107
-3.23621114714214,-1.83258589538946,0.0892325536082862
-0.744723343409848,3.64373720164447,0.390611523351198
0.921021786313804,3.60321419318957,0.0772399670717053
-1.17905959127595,3.52721591812687,0.298422645225841
-3.18027335612463,-1.9280287946997,0.742926812003616
-3.65316426839075,0.697011105378169,1.66301312669152
0.183795079584209,3.71451921809378,1.5109262997286
-3.28438658176186,-1.74477460848387,0.0623422259232464
-0.233849298966129,3.71170421211611,0.708512646851518
-2.53552042703629,-2.72076640249565,1.77703799011002
0.326738094026572,3.70468296494846,1.78060213617735
0.978077333183301,3.58814692887296,1.415279189609
-3.58137092014635,-1.00260460062656,1.27890103311346
-1.84478166083887,3.22927457437425,0.951243807690798
-2.56208277019813,-2.69576807821469,1.45707163109539
-3.08841997026855,2.07197870165545,0.326125177506644
1.39819683832377,3.44622681409231,1.15360827051723
-2.71912736708467,2.53727807195794,1.29022415742886
-2.67418078479646,2.58460650449789,0.693539596755591
0.387986139851367,3.69877012102005,0.516266462300333
-3.48851837805715,-1.28905902844863,0.113575637983903
-2.85017868814124,2.38912433718568,0.404707767519392
-2.77443875996427,-2.47667584073398,1.10388141241681
-2.99158261817732,-2.20949475932548,0.333330959243473
-3.23221319827898,-1.8396280857115,0.551428629669508
-3.20629283524476,-1.88444153730635,0.602281870204474
1.06854633776976,3.56225243026182,1.32863580388471
-0.0512694008888711,3.71871013947039,1.142327049973
-3.71903680972309,-0.0141018010243609,0.00342404048846283
-3.67714967098211,-0.556779983533507,1.55286810520237
0.680798402173062,3.65622034189216,0.583580955947282
-3.26681606030329,1.77745505738173,0.505050641066243
2.03951869030681,3.10995131228072,0.98044245267833
-3.41825752159517,-1.46524713578476,0.921392621690343
1.93396436933309,3.17666735290579,0.381619187806023
-2.33490612040673,2.89476200433725,0.805481132326411
0.830269401790771,3.62520156312962,1.14082990015636
-2.07495776630817,3.08641927172975,1.51555662905502
-1.1519820382362,3.53615200980509,0.0966783108860261
-3.40601099789351,-1.4934934667068,0.650299265049871
-2.4091010205842,2.83331359462513,0.552321773513056
-3.11094547506341,2.03800193916736,1.60446333494697
1.06419700920108,3.56355417785038,1.2833028767553
-3.63898508610186,-0.767607449153323,0.734011297626285
1.31183090739542,3.48001915558945,1.03159025346176
0.5071127690491,3.68432765811278,0.993819817277491
-3.53826312884369,-1.14548142016041,0.669216471467726
2.06182741736553,3.09520618923315,0.303834131813511
-2.19987014635013,2.99866720261934,1.53062633599932
-3.16003216466625,1.96102788637545,1.55552165233387
-0.471559225028783,3.68904669937339,1.63699459664905
-3.56579371259866,-1.05666875228678,1.10018229583281
0.477516464043642,3.68828031465,0.397826711304546
1.86576860705135,3.21719460987505,0.681440772689266
-0.935392197348267,3.59951039587433,1.43789357261813
-2.40081143882344,2.8403411921954,1.54794030664851
-0.845161432958981,3.62175866190807,0.737103009680944
-3.70818261999302,-0.284280336374322,0.356790493017709
-2.73691366357128,2.51808205804025,1.31137687009527
-3.4108893857807,-1.48231820161395,0.112121821632483
-3.36346247166603,1.58699522827313,0.623838202389979
1.26761392143173,3.49636791528865,0.0512086149253461
-3.40272761176211,1.50095917766579,0.398675906653851
-0.0230822201655378,3.7189919150194,0.497486375703868
2.45399123950241,2.79452333132376,0.176227397272485
-3.56691429246596,1.0528798996417,1.26787159844796
-3.38075446238599,-1.54981705950238,0.998363701394446
-2.27677616790667,2.94070126570511,1.26848824730777
1.18398085788114,3.52556704390066,0.471440939356995
2.52499747099842,2.73053500697555,1.14876097216915
-2.98999525405798,-2.2116423837452,0.267876109253837
-2.67237484240144,2.58647372972688,0.692526392976844
-3.57012547325537,1.0419394215023,0.118198222958601
0.606032715597675,3.66935389414713,0.723182105931161
-2.25563782183734,2.95694634201643,0.664175555178905
-2.74371619718081,2.51066825410987,1.6540318198845
-3.71761514607829,0.103784770157787,0.901897736988378
2.03033002521799,3.11595790112218,0.331368025926727
-0.277882653112371,3.70866753483871,1.69955043646244
0.00330216397850379,3.7190620791512,1.30529500648399
-3.46812955091542,1.34294864791422,0.792729799991509
-3.71345768978327,-0.204121628096873,0.164767171447344
2.29202943135021,2.92882821938943,0.107593511946569
-3.50391100798496,-1.24661192878507,1.42914663028188
-3.71611953879399,0.147950080300611,1.29768658434838
-2.02444189044533,3.1197866409544,0.503090641811699
-0.309809785652284,3.70613701171199,0.998065518279186
-3.46869386394055,-1.3414904141024,0.230654376158097
-2.77367025087368,2.47753647647936,0.0365902910886828
-0.639422483689852,3.66368292026198,0.288756441352831
-2.97826919906875,2.22740796235127,0.538075445305776
-3.27044649443293,-1.77076632561124,0.451349936205799
-2.81992468697131,2.42475945460105,1.50227094061644
-3.61401720438787,-0.877674939402931,1.43236393855283
-3.38859929458347,1.53258881426683,1.65240937595697
-3.71183366980803,-0.231785376041847,1.04628811392982
-3.44547418043557,-1.40005047223992,0.604622628308787
-0.210581551591419,3.71309696385602,0.923526057432625
-3.20957271153419,-1.87884982429211,0.183455968841291
-2.08918349496779,3.07680775759903,0.667608800683464
-3.70990197362384,0.26088503017487,0.0204920508588412
-2.77482771617385,2.47624005266469,1.79945848348389
-3.64508569202717,-0.738094811420765,1.45998645722159
-2.79532648853478,-2.45307632889057,0.967270588390779
1.1870975788819,3.52451883114279,0.137967230413162
-3.30477717126133,1.70583747794957,0.866009694974423
-0.9824490762506,3.58695239241362,0.350449323252303
-2.22255201885088,2.98189472925677,0.740317623445777
-2.11199807677551,3.06119221489993,0.939424643902006
-3.57639765801776,-1.02020264878723,0.550070018748919
-3.64228484103016,0.751794379913367,1.16037990689918
-1.36649468595818,3.45891976289065,0.30064057846951
-0.174614163253702,3.71496211916873,0.0809204673420128
1.78360785653831,3.26346084195325,1.58679062660662
-3.66037592186254,0.658089479870614,1.71316396103554
-3.54786002847966,-1.11540256014755,1.29045133358603
-3.29824141133419,-1.71844035259525,0.524838380643991
2.1558179501704,3.03049214131806,1.58870846653611
1.61588314269633,3.34967988351383,0.294375894158045
-3.41305971782638,-1.47731412212106,0.448501123301443
0.688161213950721,3.65484169239672,0.346328155376672
0.147903225498177,3.71612140393107,1.14045264315899
-3.71626749156681,0.144185935483255,1.14661324868346
-3.63657848988074,-0.778929098059736,1.42684738632717
-3.52172951214931,-1.19534718643748,1.34521121082499
-3.65662512078194,-0.678620939062336,1.52003317729829
-0.296089163284506,3.70725840214206,1.03054790890527
2.01353711795167,3.12683576919196,1.7773611720224
-2.75334893140279,-2.50010066093558,1.25962022880163
0.974968997160909,3.58899277060326,1.37011815450012
-1.882296330166,3.20755267740235,0.202277108650615
-3.27834186323948,1.75610599924917,1.07339611922179
-3.38864200880453,1.53249436835266,0.917394121326296
-3.54543547520057,1.12308545714774,0.422844053472623
-2.69478605200325,-2.563115640543,0.416243223531362
1.07199068167014,3.56121743667524,0.306735365945677
-3.60111251438655,-0.929205204244991,0.491399260916271
-3.31783745078024,-1.6802941120731,1.6623400743362
-0.571143325566329,3.67494611586734,0.987613548798354
1.178896617532,3.52727039196586,0.785002619860966
-2.74089939777972,-2.51374305451416,1.49078665715991
-3.71801631992182,-0.0882513323548024,0.44175971771621
2.35751847963904,2.876376239477,1.73994924369979
2.24042333435352,2.96849068311687,0.308541495826041
-2.91542815521531,2.30905009141103,0.82239909063177
0.444470661080406,3.69240835828138,1.03048869009918
-2.87234421133398,-2.36242933957475,0.0557518437665263
-2.60479069668712,2.65452426610111,0.761554789485358
-3.70383197210021,-0.336247491166391,0.317598917309728
-3.65308571183696,0.697422708864611,1.38060739494442
-2.38497507060532,2.85365161949713,1.64966984027062
0.979309848301793,3.58781073551637,0.986863126392892
-3.15017241576611,-1.97682761105103,0.516418276858271
-2.53047176440578,2.72546258503259,0.909401835621994
-3.62471520007951,0.832390155624157,0.308072262638615
-0.264512391845212,3.70964511071177,0.485687227040546
-3.57077566150929,1.03970901123357,1.37497354406939
-3.21303457581211,1.87292350818269,1.63723210772891
-2.61956168220599,2.63994890973018,0.998113401379088
2.32191572408238,2.9051920802464,1.26341133737889
0.683174976526347,3.65577701786031,0.552480625859796
-3.00292033239918,2.19406087657818,0.58209282487294
-1.99275716937581,3.14011982522463,0.920198784064095
1.56123862707639,3.37549516400069,0.578227279925863
-2.54160173819638,2.7150864180104,1.44842398911709
-0.433988308069992,3.6936550734098,0.809187493211283
-1.02415528226237,3.57526776768979,1.48960556759254
-3.11253015308723,2.03558092420571,1.47404905500199
1.5677062445216,3.37249622442419,1.60941255286569
0.0408050406666248,3.71883968483768,0.454754547295206
-0.0769057488324838,3.7182683010595,0.304919359576049
-3.47996605031313,1.31197177619622,1.67855820219835
-3.71463004619296,0.181541380373557,0.837607629435096
2.46493524021211,2.78487484717498,0.936734839453585
-3.58033321649972,-1.00630398573004,1.65036590727238
-3.6932677099123,-0.437272541770623,1.03492304491649
-1.9823696506528,3.14668781753737,0.334387916949235
-3.20807923190726,1.88139876014437,0.00553545130991977
-1.78324867654535,3.26365712207436,0.739265264640639
-2.55414092224681,-2.70329388009732,1.23041307387451
-2.28772136021531,2.93219450768226,1.4395747505296
-1.55820667053942,3.37689585636778,0.874280935942474
-2.77212146820378,-2.47926929122093,0.0791264579452721
1.23739625135034,3.50717609623634,0.0216253025664705
-3.68242427334816,-0.52075437964906,1.72483379339714
-3.06319852510857,-2.10908711262482,0.438584773241752
1.23213740357571,3.5090270833348,0.807763814276032
-3.31462808670242,-1.68661622775037,1.78087073763711
-0.458474483073704,3.69069570694168,1.6260323232915
2.36322527322157,2.87168939143394,0.971550570035713
-3.35134047395872,1.61243625625126,0.271920231557458
-1.73042847189068,3.29196764208543,0.395077303136572
-1.12001013184364,3.54640817693551,1.10806786274753
-2.53459685584703,2.72162679866248,0.527442003604582
-2.64360367026407,-2.61587333168748,0.78993862226332
-3.32059305687622,-1.6748419040294,0.0186906625297949
-2.58724300210883,2.67163008309652,0.710876889262714
-2.83696416856996,2.40480102277041,0.549581846886966
1.01171647339349,3.57880754306957,0.019553408282602
-2.65268305524365,2.60666573639403,0.689581401368262
-3.6892710436725,-0.469800829274547,0.274398992320598
-2.76055772082272,-2.49213858420303,1.30107937617177
-1.53855936957834,3.38589260301477,0.914644856472309
-2.67011065036138,-2.58881107222874,0.0620220549684975
-3.69867380626403,-0.388903236967488,1.00507801845147
-3.0863686506068,2.07503306128336,1.7763494173277
-3.56669360637596,1.05362724485667,0.559127328596614
0.331084147869092,3.7042970912033,0.0898620457144228
0.112175005889774,3.7173714397301,0.894326818560409
-0.731438692094106,3.64642716814351,0.436542977546808
-2.30520990273562,2.91846551413531,1.63186238069842
1.12641533877192,3.5443789494701,0.108414861914204
-3.71904718453267,-0.0110314136461652,0.302020690491301
-1.4992118868029,3.4034978142106,0.041873434353166
2.25459828985896,2.95773903585703,0.120023148841992
-3.68814261322796,0.478578851767869,0.405659725781018
-2.83807997176132,-2.4034840808199,1.77486633179919
-2.98086127152838,2.2239378886942,0.21698835215503
-2.16923489673416,3.02090278156351,0.956545033789068
-3.51256829839959,-1.22200556543152,1.4828251487706
-3.63129694234919,0.803191240834257,1.58023822007111
-3.4072741096567,-1.49060953791747,1.59384244322729
-3.40509442103487,-1.49558203944305,1.66437262675504
2.28418642210099,2.93494906973816,0.51077751146471
0.668650089616749,3.65846152235102,1.14266939428244
-2.63096604887521,2.62858351637025,1.73920452926469
-3.04984223594493,-2.12835523085641,0.623109276732191
-3.71398065519085,-0.194374241440491,1.21344839873834
-3.17057953450855,-1.94392877138618,1.29917935797433
0.342955742201198,3.70321684644022,0.395213165414463
-2.89201193056867,-2.33831149471491,0.857146724471422
-3.27488119467878,-1.76255122297388,0.253379698691296
-3.70386657360378,0.335866130784264,0.442481604267727
-3.45047658188359,1.38767611881892,0.987400711454354
-2.75058041756641,2.50314622412826,1.28826285526918
-3.49072311292089,-1.2830766936498,0.102413188095924
-3.12109919329878,2.02241773094905,1.12306121548167
0.633356306198657,3.66473647651039,0.246732346672194
1.25165765025842,3.50211175998382,1.10081477481877
1.33866156175688,3.46978657498441,0.598916173323567
-3.5878291920584,0.979242228195339,0.490752925177375
-3.71456272093629,-0.182913764101635,1.0473059885931
0.220819140743277,3.71250219662545,0.295283266018534
-3.33436302574884,-1.64725737678921,0.592530609878553
0.699480552032676,3.65269224137423,1.5368241536132
2.17144238222432,3.01931641825553,1.06638673159337
-2.74908053877634,-2.50479337355172,0.920159908800452
0.142215772974299,3.71634340808068,0.866414365929267
-3.58456288928927,0.991131951658078,0.107549488653849
1.18151901570387,3.52639284090663,1.68828892943085
-2.54032604382901,2.71628003782958,1.12110027132034
-3.67769094570032,-0.553193420768296,1.79879823352442
-3.70682381812921,0.301481067759512,1.67147770989872
-1.61963640231683,3.34786672033963,0.328776874588676
0.517652735052829,3.68286156388748,1.10186316315192
-3.51925194781735,1.2026218776703,1.31464995397652
-3.51309832957651,-1.22048096240545,1.09236455376978
-2.02480668638074,3.11954989311844,0.679964627744497
-1.79627474336585,3.25650590345133,1.38620346762213
2.21916012863388,2.98441987266354,0.496884417810637
-3.58263349411312,-0.998083613594703,0.456594280922483
0.479025939767241,3.68808457087111,0.547841213363429
-3.49026278739144,-1.28432835669776,0.359509555666849
1.02156092806753,3.57600991652893,1.52592808919548
-0.441777989940208,3.69273149043791,0.324375200892695
-3.67570419997024,0.566244017353451,0.696829325025766
-2.20407262978426,2.99557965934864,0.410280149264303
-1.85476218128278,3.2235525284615,1.46104904575597
-3.6871011800288,-0.486537296718025,0.851890648639682
-1.29100063412494,3.48780031188089,0.271482342160188
-3.71753562573065,0.10659514196659,0.509692202494537
0.659509993966212,3.66012024675776,0.338020466403619
-3.1191529216983,-2.02541815532704,0.313731847064575
-3.71497675338922,0.174302537689889,1.70957413652538
-3.56767842865588,-1.05028771418641,1.52195988496146
2.49359045638717,2.75924632620617,1.16299826275881
-3.09507810022097,2.06201969107958,0.45804079267011
0.149691784252268,3.71604978742142,1.7684425132704
-3.68969411169186,-0.466466520785581,0.474003720169281
1.77058914567772,3.27054242138451,1.61652100928469
-3.3482443048015,1.61885568480695,0.918087264479003
0.120690991548344,3.71710469820619,1.65753258324224
-3.55592739099579,-1.08940995168638,1.09138531120794
-0.168778924753816,3.71523179995897,1.40038021491102
1.9564044551588,3.16289665665861,0.988271554417013
-2.95394186650246,-2.25957099959072,0.210236357982949
0.846962983075166,3.62133778570404,1.38274932600612
-3.56082643916055,1.07328874169192,0.663536693165619
-3.59459212657096,-0.954117967790923,1.72724011258009
1.38952178991613,3.44973373584335,0.0681038904108743
0.871057747349236,3.61561779695397,0.277483673841856
1.91242495843564,3.18968092937521,0.44626236676225
-1.58624938890015,3.36381428278693,0.88132950063018
-0.475583845141754,3.68853001331257,0.548559499972866
1.92096539904912,3.18454480083472,0.0717241744557813
2.25490927346455,2.95750195626495,1.21320822102126
2.16780845044403,3.02192656678664,0.338350326136165
0.371539105428009,3.70045839674022,0.914722746098042
-3.33609129439697,-1.64375440024237,0.645677068267185
-3.69264900056075,0.442466960941842,0.699708492578973
-2.69179470382788,2.5662569873868,1.41729064795889
-3.69500396190272,-0.422349824660345,0.777974625569509
1.55571547442653,3.37804425896069,0.420920994798246
-3.6074063228018,0.904462976067582,0.27846323137115
-2.86568404780832,-2.37050386859088,0.395217162441018
2.33802005541404,2.89224754703832,0.472510606672338
-3.67720871664261,-0.556389887682246,1.20721259089035
1.32592437955839,3.47467382534823,1.21826585298387
-2.32207043242461,2.90506842599737,0.0496606991439134
-3.67178190120988,-0.591144079573662,1.06055328380256
-1.18689996430391,3.52458538378669,0.218944334133813
-1.89278265792435,3.20137587026707,1.52622630025867
-3.36341504460538,1.58709574083911,1.51738844175988
-3.54892453393864,1.11201092857753,1.38583231889099
-3.4686989893935,-1.34147716113542,0.696109223924329
-3.48399908287189,1.3012240558087,0.526482604944601
0.551954537955226,3.67787708344067,1.7325894954476
-2.14549918946579,3.0378062612466,1.728368089692
-1.49670379588319,3.40460150388504,1.76331005725592
-1.61228981737364,3.35141092641005,0.397437826601855
0.681993194053674,3.65599766631926,0.125570368027154
2.07896958364312,3.08371839232349,0.412431239754872
-3.70048353581239,0.371288639805824,0.142108945673529
-3.69890206056574,0.386726258754118,0.74245884450615
-3.4775513583702,-1.31835890514116,0.564533103118644
-3.71835357858836,0.0726657929605377,0.312277627427303
-2.52091926815444,-2.73430058631364,1.41855795779804
0.357619983981089,3.70182949363214,0.278354658442163
-1.77241199701713,3.26955491859323,0.711472378615435
-3.26579731645377,-1.77932614793094,0.623875240866626
1.70841473230945,3.3034455883661,0.630657452835464
-3.58729614190235,0.981193173213082,0.509556538399263
-0.787418079468318,3.63474984297322,0.954452038408333
0.448501336448307,3.69192093686627,0.473374958161747
-1.26054131761587,3.4989240116714,0.160562589382779
-3.17496386452705,-1.93675969387399,0.0891407685741802
-3.71734761389019,-0.112961809353005,0.691265865954721
1.13968992992129,3.54013283882165,0.173279493092221
-3.24096399740934,1.82416721282998,0.818387025094542
2.30075668816239,2.92197746650166,1.33146648992854
-1.14734010050122,3.53766085805992,0.202034141645448
-3.56388986654791,1.06307227975549,0.469935576449203
-3.44041367852854,1.41244021942917,0.877895765064531
-3.4598581918929,1.36411691026064,0.448589045350376
2.38556772036277,2.85315620049632,0.266993720691924
-2.68952524470317,2.56863535967481,1.09394546343795
-0.244745126450274,3.71100168094091,0.757973398074716
-0.0668254816185782,3.71846312444723,1.27141520058316
-3.65504236701127,-0.687094570070305,1.61942901914428
-3.31731083312073,1.68133354493606,0.431225712798498
-0.954413058657032,3.59451378719464,0.889787379516741
-3.58855360013173,0.97658420622547,0.921492074157591
1.46563440158573,3.41809149288837,0.107268979542523
2.21973296423147,2.98399383718727,0.65632861439156
-1.47744772856241,3.41300188429968,1.33570921765986
-1.14195986774341,3.5394012648089,0.0130185182008349
-3.41273495508484,-1.47806419996207,0.542181051756883
-2.14178208150423,3.04042812252071,1.47335608885457
-2.24788614548155,2.96284348722972,0.409878618556379
-1.25190621186815,3.50202291391038,0.439749955882862
-2.35678488640029,2.87697734647018,0.24768893877323
-3.7176135969827,-0.1038402445913,0.578787318548784
1.47073304781673,3.41590075308507,1.62490636489097
-3.48387792489556,-1.30154840758723,1.35944932515143
-3.60567522202323,0.911339588822504,0.885985762760387
-3.54386876530716,1.12801942675988,0.830675512955336
-3.50413072260542,-1.24599419411177,0.13354785340412
-3.1409023733299,1.99152352084478,1.35461687749169
0.240265502984099,3.71129440235388,1.67959282617199
-3.02284473284801,-2.16652795365313,0.633714106057261
1.7749726809394,3.26816548460848,0.290208498430729
-3.25697893104828,-1.79541691413861,0.101380636772106
-2.99251291903682,2.20823460761423,0.346364400484194
-3.57726716946989,-1.01714957164634,0.555321805825282
-1.84834323724253,3.22723735262952,0.431298496874303
-0.188358905107805,3.71429058848847,0.145516594228827
-2.13454555981619,3.04551291344109,0.925695044014396
-3.41810027113468,1.46561392915613,0.0839410298652972
-3.71891227218697,0.0335434739488205,0.744313628925392
-2.89583110875642,2.33358004842902,0.28352992136016
-3.64134534677236,-0.756331751552631,1.27772508873162
-2.8205588023431,-2.4240218017568,0.974650297333633
-1.92457215389724,3.18236636440727,0.582403826983084
1.84856348782558,3.22711119801372,1.64635598488542
-3.22579510489617,1.85085915025842,1.54158383182262
-3.71641543883452,0.140320842570976,1.72321803406099
-3.37202611802807,-1.56871715494029,0.968791919376425
-3.46614434531442,-1.3480641788551,1.04327952942666
-1.14928474597524,3.53702957657072,1.19790089030262
-2.17795496080763,3.01462200641488,0.767622444883112
-2.65890176641344,2.60032210493833,0.10682306184854
-1.2692382837329,3.49577857307556,1.48127859950992
1.04651263127084,3.56878760441946,0.203539185751974
-3.61676246774015,-0.866292620777527,1.46498798468103
-3.00663323934104,2.1889701270134,1.09375525218671
-1.06100901927532,3.56450466599272,0.78035057017277
-2.80559395013107,2.44132673762759,1.62935758630223
-1.4925438644245,3.40642722887723,0.0679105380671547
0.889519968149636,3.61112003111645,0.630478765513387
-3.28604582996432,1.74164762688712,1.25218033443362
2.44059498472047,2.80623052749141,1.47537864018063
1.48228059327357,3.41090572951994,0.158537914014383
-1.17556439929685,3.52838234832526,1.13734010017539
-0.814060906482576,3.62887565141108,1.25404014918463
-2.84809581479793,-2.39160696658082,0.611903947751481
-0.0743140736154657,3.71832100165251,1.093173127559
-1.17018214247964,3.53017101657826,1.0171575679881
-2.48502107973809,2.76696654951316,0.719656173473674
2.41019623273044,2.83238199623557,1.57170985811434
-3.05338650127218,2.12326741761754,0.679392623766137
2.48936900495799,2.76305548442695,1.30421568300184
-3.11267889710976,2.03535346717836,1.01134423369752
-3.67870484127352,-0.546410416864667,1.35748954652594
-3.69308727559044,0.438793832841129,1.5229971818462
-1.8368643367485,3.23378463433311,1.14617247145724
-3.63162777217257,0.801694067118087,1.45936297579769
-2.97122673848188,2.23679353571083,1.42455570200096
-3.55182312230967,-1.1027176250944,0.442811894861624
0.999219153804543,3.58231695073699,1.59103403094734
-0.291332757648916,3.70763521360828,1.388668505485
1.38832200524244,3.45021675589042,0.628583987975278
-2.28930507069047,2.93095819591108,0.358911238562969
1.64111909178065,3.33738846696942,0.62025487812645
-2.08711059449676,3.07821425817093,1.07920006196859
1.9239833645825,3.18272236704322,0.258357030993777
-3.42742545944679,1.44367183695027,0.857488391254049
-0.250114965776612,3.71064363106483,1.7780352842418
-3.70200630199864,0.355785037388843,0.310111335854375
-1.32577746095971,3.47472988545565,1.1578793298706
-0.616462818572478,3.66761601673145,1.51599650604708
-3.55949475973109,-1.07769694641598,1.06835261622333
1.54561833564786,3.38267610234509,0.223870333922159
-3.66780798406913,-0.615319628214613,0.9334190716388
-3.45887284764354,-1.36661343352892,0.785257357613262
-3.33654335807535,1.6428365933807,1.37478656869623
-3.47889184168298,1.31481755644615,0.436954245123184
-3.3807771846067,-1.54976749253241,0.230990357728159
1.66127593561466,3.32740077517198,1.35595452885135
-3.14495386004191,1.98511935940258,1.67083238966092
-2.56812953235896,-2.69000824494892,0.62703599445874
-3.71900839379544,0.020253882256676,1.69650073573742
-1.16468360679655,3.53198892253738,0.465898146406554
1.33990607155233,3.46930618024478,1.3224774900599
0.295948098605708,3.70726966591305,1.46891543215525
-1.14753736159072,3.5375968759344,0.059883515775402
-1.01796527531399,3.577035134175,0.63267199416015
1.90974454939091,3.19128648180309,0.411545855875594
-3.25490262198982,1.79917830529139,0.167299367018387
0.715182471386676,3.64965035112799,0.952708992291371
-3.43471958746897,-1.4262310501193,0.579208007403593
-2.60536785111891,-2.65395780170361,1.5512722885182
0.80849710971358,3.63011929231702,0.269012016274902
2.11408201276633,3.05975340446992,1.75714350801576
2.00931212480937,3.12955243412879,0.659305681278095
-0.815882081540357,3.62846662956803,1.63081242920473
2.45570263247033,2.79301955484485,0.486300083905743
-3.44591426186304,1.39896695913674,1.71326722211105
-2.22881287565398,2.97721796618697,1.49932766094208
0.929116092819647,3.60113550688265,1.16517801062259
0.756359906671183,3.64133949865263,0.554128364715944
-3.64906937059314,-0.718140920339762,1.62069132913239
-2.76972891463609,2.48194185916919,1.71797313013545
-2.68423922604308,2.57415878108539,0.0477154831604615
-3.70564665878796,-0.315620805843104,1.4695677911847
-2.94200176993026,2.27509543505204,0.215532159685939
2.28573516454501,2.93374307164581,0.917428906668239
0.392536343707333,3.69828999292055,0.646485276152153
-3.69946140256439,-0.381338411130779,1.13135899693705
-1.64485391625576,3.33554931713586,1.59575056107107
-2.76333774344716,2.48905567806503,0.857538435387071
1.62750082809707,3.34405064366716,0.667443732904636
-2.84822390802637,-2.39145441575088,1.58912712068599
-1.43333558409603,3.43176088272938,1.6145786872
-3.67805474768399,0.55076939448982,1.78399574620462
-3.51648393351265,-1.21069170238125,1.57793630568423
-3.0048536051002,-2.19141243602928,1.12045016867608
-1.3323368705423,3.47222005585202,0.727682521518972
-3.45264155374511,1.38228070746139,1.01513823803866
-2.13685161652844,3.04389533686807,1.15413714841719
1.02425015488878,3.57524058953768,0.249417172760237
-2.49870959975546,2.75461140434678,0.409738070702334
-1.28649659732753,3.4894641648729,0.829106893596647
-2.99061107795996,-2.21080958774168,0.310400079678573
1.57602609470404,3.36861624434713,1.63817002650438
-3.35083053451783,1.61349570244559,0.0375144060700531
-1.28365834540776,3.49050926157379,0.195257015949476
-1.78728004775056,3.26145116225587,1.12862911808696
-0.185860582861521,3.7144164409239,0.158041760193629
-3.60328549846993,-0.920742781336733,1.75386762001093
-3.63899796298058,0.767546401392499,0.479834255235797
-3.30391702577583,-1.70750283737862,0.00950310467102928
2.5591825495735,2.69852150831264,1.64568514648154
-1.1428671159278,3.53910841995527,0.916737454019208
-3.37175306953778,1.56930395109743,1.57318598306921
-0.0362005355327563,3.71888735700539,1.07435630240928
0.748878873517369,3.64288540660652,0.530280904162334
-1.15712865157088,3.53447123861281,0.532703043186913
-0.229479987057809,3.7119769110822,0.50129751052675
-2.79949357330269,-2.44831970663644,1.42154057810286
0.783645582116805,3.63556505298643,1.17437265353851
-3.37253401027721,1.56762495590971,1.66138121389889
-0.316383969793076,3.70558157871681,1.20943490512889
-3.1395664947648,-1.99362882147547,0.342979476773712
-2.90609673001742,2.32078336960809,0.0291019399507679
-2.19429849244328,3.00274670575601,1.40799198995332
-3.71889641353956,0.0352578818144667,0.206876234948129
2.11938608783889,3.0560818483055,0.514489306427671
-3.39801336019583,-1.51160142127417,1.40603429581299
-3.25294592939099,1.80271363042664,0.825066883421099
-2.92080994330083,-2.30223867745775,1.78483295917414
-3.69616894672189,-0.412030059772581,1.38391090790627
-0.906034397557831,3.6070119660613,1.58216960221963
-3.64800795184526,0.723513397347383,0.829060438044204
-3.32400869302357,-1.6680527154653,0.235381865477342
-2.65044265309742,-2.60894373176374,1.29151715784435
-3.70404407262522,-0.333902921396881,0.319961186033933
-3.57427977250275,-1.02759805407809,1.317417338125
-3.49446296347551,1.27285594226738,0.140272517245151
1.24461064102377,3.50462237696414,1.59696232658051
2.33076331734433,2.89809868903554,0.137675991866623
-3.50233041979156,1.25104567601271,1.52052200615861
-3.50844104464198,1.23380512607903,0.0993572406703462
-0.205068801247887,3.71340550433456,1.54007152530067
-2.45288121318674,2.79549770288994,1.32986567189267
-1.92991432674292,3.17912949473592,0.810032514002551
-1.41705486322342,3.43851554707584,0.644415288983549
-0.908094499826699,3.60649386970946,0.213441805912325
0.194201442021548,3.71398969476009,1.48538734439249
-3.52091062670999,-1.19775707536548,1.6824515515416
-3.42322011002189,1.45361540003165,0.435776894569553
-3.58684892339563,0.98282676683281,0.85450803098462
1.69115944868637,3.3123123904587,0.285763213291
0.653563587472413,3.66118673246771,0.779424120703202
-3.0273767985058,2.16019058713257,1.14724358733931
-3.59225789701681,-0.962869074271144,1.42601251206024
-3.03747251875499,2.1459716565406,0.936989555637998
0.759877976245471,3.64060697055924,0.173158275029078
1.90635840095421,3.19331039831375,0.0724362172624245
1.70880071247384,3.3032459457201,0.504865518745698
-3.28733783045963,-1.7392077625449,1.62314935592295
0.999883149205103,3.5821316755255,1.00870153884376
-0.197252645779708,3.71382889301598,1.79218450556653
1.94026578133817,3.17282245810187,0.930445381838112
-1.49725300141657,3.40436001366138,0.467601953715668
-0.85370298230874,3.61975480811402,1.42882376953371
-3.35227253946978,1.6104975858362,1.63971675422656
-2.68293775319495,-2.57551522328031,0.314723500268382
1.80240605735078,3.25311636085963,0.695776302718993
0.868843688334388,3.61615048056755,0.400121495197098
0.306020882080242,3.70645179013545,0.463428799348806
-3.59803350938209,0.941057128037932,0.0811890710623526
-2.14544575290998,3.03784400096317,0.302159309079344
-2.84611608625922,2.39396258876448,1.08635594396323
2.35777516758317,2.87616583527368,1.58141970852873
-2.77928060785639,-2.47124117715387,0.366824472437231
-3.05173616234255,-2.12563873890137,0.875201671007739
2.10763033083818,3.06420104454625,1.15937117405348
1.32788306995187,3.47392576279382,1.15988460106069
2.56640761374144,2.69165109421659,1.47289513682477
-2.60429777467793,2.65500786320399,1.62670220231922
2.24532570357156,2.9647843324175,0.732833764202387
-3.6835364987347,-0.512827958829035,1.25060160670517
-2.81260495574081,2.43324618890273,0.150566427205151
-3.67674390663163,-0.559453213338328,0.603512558797523
1.36317042079848,3.46023121434501,0.914359110011559
-2.96208544390108,2.24888494056427,0.0495904572600623
0.558793066110288,3.67684429397472,1.17561821355649
-3.45341938837513,-1.38033625644701,0.00356471119954765
-1.99580706519404,3.13818224636317,0.708633990228884
-3.69464387490141,-0.42548829657335,0.951485517375136
-3.02962431451516,-2.15703735845395,0.18209970094967
-3.54511893852542,-1.12408423375467,1.5677882676319
-2.86548365241237,-2.37074610420958,0.72393978643886
-0.59771779983947,3.67071751632055,1.08690596767524
2.58554144539229,2.67327684444133,1.59552719506328
2.56150903135413,2.69631324870806,0.897630951003881
-3.67583875996977,0.565369846712137,1.77748223305116
2.0061697817484,3.13156773193029,1.41122536811089
-3.55609874783571,-1.08885047114317,0.17452110549143
-3.67028021744636,-0.600397183778649,1.60628895706581
0.237363129931422,3.71148115951254,0.0372634061412906
-2.57943951160104,-2.67916506749002,0.891725402974593
-1.95995320330087,3.16069882996436,1.32449364510903
-3.4182802958133,1.46519400494335,1.62478048258411
-0.537620738759807,3.67999967311449,1.32405646293152
-3.37185581619756,-1.56908317422694,1.60338131883516
-3.25188009063343,-1.80463556681378,0.489586611864904
-0.912601145290643,3.60535612699795,0.435781863780732
-3.05004471241138,2.12806506130776,0.936733474035588
