8.83311578288976,15.1027047358332,3.72439048601911
10.7935856624874,27.3125317031728,-1.4328211438753
6.13431836965311,21.9009275666793,-6.22985075644018
10.2406890954684,19.8353173992032,2.93570182345491
8.84790782910008,13.0347341509388,5.24597383798318
11.7001857724447,28.2760509229088,-0.434779953080479
9.28595258085284,25.6977089192815,-3.08346022487887
11.1076949695513,25.7014582486555,0.318006031119896
9.70646463082776,24.9234013984889,-1.73830104389751
5.91725929428495,18.1880031572915,-3.9531661291472
6.78818886127141,16.3924670965666,-1.02858473849859
8.24527369052316,26.0288218710096,-5.26731355464841
11.1036355033032,30.9849735919056,-3.50649444138788
8.06761357093532,23.5181027398367,-3.7855031916281
10.5894904083985,27.0047286805643,-1.5918381211147
6.38687060746105,18.9193542177948,-3.60397546139915
7.63716151389096,22.3303361612754,-3.73179593722313
10.5546706783311,24.3178172656795,0.2841737997448
6.11068951547483,23.4300122207074,-7.37864515833894
7.0208417917623,20.1317141499856,-3.29514610724507
6.43377246540821,18.8532275287152,-3.46856171092091
10.3044379266213,27.7000976534063,-2.62684581903965
8.42072801775872,10.9653976849659,5.94265905709075
9.76491348571446,29.1996207556002,-4.71830584967546
9.33198739912514,17.7312451255795,2.75769136097998
7.9707809435713,24.8169706838467,-4.90477580381778
5.94650242132939,19.9995747412755,-5.20723608421409
10.2564168734595,20.8190915675994,2.25439363077463
8.09623680608613,12.3429540206793,4.34112920633412
10.7216780147889,24.1293529029251,0.732400193556593
8.91099943020106,17.8367657524229,1.89478759084024
10.430474384709,25.0362933928479,-0.46694516764968
11.6121782155977,29.3897684617937,-1.40380544052117
8.2566680372251,20.8096579743834,-1.47559559814391
8.62395620719924,25.7072297334015,-4.32736902417749
9.3210813819516,26.8984876266098,-3.88528327457236
5.88435402450405,20.7157414351323,-5.84074168928169
10.085639451607,22.7719780078123,0.524469304194106
5.15968180163582,21.3417072445347,-7.6471008054511
11.0837070047733,28.7307035503314,-1.9152048059652
8.02025744616662,21.8875915237316,-2.69608140088076
12.979737978484,33.9227545591435,-2.12305075899404
7.0212079257197,18.7162271196075,-2.27188642488531
7.87804573880797,21.0435281113308,-2.35205551385611
5.75388685878906,21.4354165688366,-6.60444482472702
4.8201255957588,21.185370654026,-8.16866741298662
7.89301114617319,25.8919144516931,-5.8266597069008
9.35921977900481,15.6710268487577,4.29692075913719
8.72041629022782,17.6939261176522,1.64184706983644
9.24633585783312,21.83960308431,-0.370318389424416
6.27204533041515,17.7091830519414,-2.94429088278348
9.70489957426545,27.9738555101959,-3.94493326891868
6.68409569117258,21.0778022334517,-4.60787479135675
9.26414967121224,18.0609678983964,2.39272910812087
7.13766774060295,20.7045267786952,-3.49065188599366
11.2417168739685,28.9153724424625,-1.75335017052588
6.55437813817282,16.802205714598,-1.76149524720664
10.7080404664437,25.7402999002883,-0.456863044372882
8.03835188762446,20.8294772080714,-1.89786698857829
7.63462246201113,22.7913546528131,-4.06958927659958
6.34719171674871,20.1812288586622,-4.58972381313452
10.663863554549,25.3210102128918,-0.23651057759846
9.78180696434853,17.9278956505205,3.4561765635189
6.3953650837443,22.7474148438616,-6.35356822555987
9.6421088856614,20.0089506196881,1.69173678922116
6.40175389566342,23.3817384148996,-6.79987760866672
8.90832417547315,22.3569404891999,-1.37567411165038
7.24417422701327,17.8404518284882,-1.22256619558903
9.64528964384291,19.3128620183892,2.20054848875094
8.87665970174387,14.1615611727486,4.48565876895136
7.83845661203383,18.0583413831301,-0.269475943943026
10.3527655449398,26.4403278119211,-1.62645668496792
9.40236592283103,21.91623116894,-0.13411249683411
7.37260567118073,20.9305895495784,-3.21495039254335
9.26217635731305,27.6509388104796,-4.53894082019458
8.57742686834247,16.5965850901348,2.16739239295902
11.0771403355465,27.9205518865627,-1.34220612101172
8.52861238155329,25.108973323945,-4.07333987498218
8.51167578069746,20.5039173294582,-0.778205726860691
5.87023996247602,21.6617630357741,-6.55054024882073
5.66029016504377,21.4466275013981,-6.78744204676247
8.7737966360584,23.2716886514436,-2.28788918128493
8.62639006549092,26.4277634528568,-4.84334867620483
6.69241445517842,19.0329531599107,-3.11509108460492
9.28689474796092,17.6121305182437,2.75948029582674
8.63420669928871,17.8952160072839,1.33533690422463
8.57471978303794,16.3303406752924,2.35467400553591
7.91821536380699,15.7435107413573,1.55184311650227
9.51013014953415,21.6358630107718,0.269803141695211
7.92695441845831,13.109738331853,3.47086192827115
11.2112477145142,31.3407308002852,-3.56241226899758
9.37499106316239,26.4193211162356,-3.43838640373449
7.97853599092752,14.2835611326125,2.7192566064521
11.0203337744715,28.5793844689751,-1.92431049199195
11.6928770527914,30.33551628256,-1.93623534470979
8.65451210673746,17.3159562338012,1.79174892351421
9.04009882676023,13.7577324731883,5.08280088001469
9.55778017760112,16.3306348533605,4.1914443031551
8.77149197805004,14.4355374440368,4.09121267554132
10.44152224052,25.3634674330265,-0.682657662460314
6.73177390335972,22.0089157188294,-5.1914361201155
8.86100651705342,19.3842960656388,0.683402833576596
8.37738888862506,22.0465702668164,-2.14358180240929
11.107461535774,30.388623146574,-3.06852975286062
9.62967941754551,23.4634028310561,-0.82705320239095
6.68205531015508,24.5746111836744,-7.13785068907457
6.45915915967255,16.9939947215704,-2.07797706242269
7.89407895630411,13.3784440024799,3.21531139921087
6.00720454457008,19.648755362342,-4.84036708393796
6.92618827846045,20.0228943785267,-3.39340561336431
5.93475160410423,19.7990694505193,-5.08434515058658
9.68109301722831,27.6236674688006,-3.73643638805579
5.78205541912244,22.1489245626205,-7.06726014418908
7.47942032153547,15.6047628643516,0.832128737945395
8.79106609264926,26.1417707025658,-4.32902223836252
11.2712318720638,25.4199434851393,0.826968873528921
8.00687098638124,12.5345007492085,4.03575984565141
9.62197851015714,21.0497625068934,0.902217568332134
8.82890633023575,19.4038517545176,0.609291831540865
10.3384091524207,29.6929182455415,-4.00301850270009
7.80705577914383,15.0087069007034,1.87496289109496
11.7593175068121,28.3096609894291,-0.348564788241498
10.3193359485203,26.7378613361734,-1.90386849489701
10.5095096945703,25.3518692595334,-0.547235057397067
11.0853179061993,28.9902433653445,-2.09969125403654
8.32161207873617,27.1174247519818,-5.91109284327452
6.40806388709257,19.779731625864,-4.1859263839348
8.90116788094095,14.127431173878,4.55611183279898
6.14172494432425,18.3923217573938,-3.68132511017468
8.76266066663077,15.6313608233349,3.21082396828608
6.50829467099764,17.0004538304967,-1.99082682498631
9.60004099097938,23.5233657247871,-0.925755023617774
6.78739810434752,18.1314206548419,-2.28631643218294
10.8499202223472,26.3335100576948,-0.620287931186964
9.37322179664747,26.9229783936825,-3.80554438661339
6.8610219944263,19.5691865481337,-3.18741031995925
11.257671910767,27.2120853155281,-0.49304807307947
9.98212741325478,27.0565577958069,-2.76422132358585
8.89971592064861,14.4403246336309,4.32735829234083
9.58900521693063,23.9893537827547,-1.28301576258234
6.8298630318555,24.6673450276306,-6.92864448513903
8.09516448906165,19.9692201566328,-1.17023835502042
8.7780303793716,18.0151798479251,1.51742689933553
10.7028638592995,26.3088784677587,-0.877288518765515
10.004271788842,20.7946198572969,1.80090489194621
5.94659393595862,19.5621527201153,-4.89106285461897
7.13769634897366,15.8356914108315,0.0267434538006786
10.1257108309269,27.006432149219,-2.45970431993405
8.05535131821796,20.5147105032771,-1.63870760431319
10.9187342007982,29.0087458979033,-2.42434228548839
8.91145629637256,20.8563656599517,-0.285776714518361
8.97013235235431,19.9517561967758,0.477375088315702
11.2109735126823,27.5536326779789,-0.827050911343327
8.79469778973465,19.7856181561898,0.269572980200619
6.00872614931085,18.1920953874721,-3.78520410611663
7.8686321863895,15.0786906487683,1.93946920276267
8.4804649024846,20.3037568504102,-0.691927677802496
11.6778272110363,30.9804147293404,-2.43024528177732
8.91298104875647,14.9223745335336,4.00390372440776
11.4240435011078,30.6542324219391,-2.66883438076599
10.3154991708228,25.2046329632327,-0.803403879539291
8.30985383038021,16.903162002622,1.44591841410605
9.34573722484298,25.706490529001,-2.97808844637987
4.78044625435605,21.3999273511525,-8.3978136437539
7.42134853399286,20.255729613191,-2.63633567084955
12.1308557442748,32.5488131187273,-2.71674116573258
6.81469132819201,19.3587803495874,-3.12198395489362
6.85152608319881,21.8779590681089,-4.87305714611239
10.2315630007717,29.5653781354284,-4.1105376826463
8.31271962853639,25.8150615536512,-4.98685696030924
9.32964663556139,18.7670856262408,2.00500589025443
5.41162946965268,22.3202625839644,-7.88322963759066
5.81611532646652,21.8478129185371,-6.78608560834166
8.1129077855807,22.5607713423314,-3.00926983344823
8.39425330244004,12.0506368170776,5.1091894589249
8.47359222764759,21.3478929098562,-1.45907451853897
8.0895244269432,15.5769539728241,1.99228140056078
6.90247730038729,17.0849766096768,-1.31530357126363
9.77782977980099,26.6974944406819,-2.88658500773186
12.126579019798,30.0942308037947,-0.951494546089936
8.79101775578097,17.9553876563848,1.58489063708828
8.12257989964549,25.9533692693097,-5.44207525091538
8.88672762191342,14.4455497512028,4.29931315240476
9.50795266454232,26.4992465387786,-3.2476691522803
8.49360525798898,11.3761894848973,5.78207611974056
10.3871943242965,21.5639210932259,1.9606897717274
7.95570154135577,22.8326007672124,-3.49940609686273
11.821233192328,29.701123689044,-1.23808672519592
9.25098814053201,26.7439179235035,-3.90459790786718
7.30729847211866,18.975684847448,-1.92472444168841
10.2399829063799,26.4028981664594,-1.81016656454314
10.6676958858738,22.6988644922818,1.66494000303612
8.23666391134715,21.9410425933306,-2.33031041692151
5.96748901738319,19.3765719271639,-4.71795034288054
9.28594064394894,18.3916429397784,2.19456240507747
8.17551043865957,20.3467256867313,-1.29281833504183
6.76120443984029,23.165091423447,-5.97168507531735
10.7201849939557,29.3751262289803,-3.0600389533587
7.18242246123158,23.2261870043387,-5.22871822736731
7.83293678465964,22.7929835459657,-3.70018858207867
6.68213508224024,19.3952719313833,-3.39604566478318
12.3948886869977,31.3460108987377,-1.35443165100655
7.81386198723812,24.1318953273349,-4.7030885038985
9.84147772757757,21.0364189327214,1.32202153974895
8.68798474882121,13.5625967866918,4.56579739643993
8.84264854019194,26.0012365110364,-4.1311087311503
7.78263320881153,14.366575572698,2.29321420613018
9.8090855315813,26.199684102128,-2.46855143674694
7.7335559799619,18.2017719759061,-0.569114189109451
10.555714278288,30.414586437628,-4.11830136477409
11.7262318087065,31.4244985607352,-2.66060951386635
8.00074040178766,12.0368714835567,4.38380112253309
8.90159988540238,13.3359205182715,5.12872186804357
9.34388923371333,16.4171226054511,3.72927937349308
12.5873608972087,33.4287065140524,-2.49935103861692
7.88282370157724,12.4466336502128,3.86743743645744
9.85784573333035,22.6292552524006,0.201911291754149
6.97277481916642,25.0554934121556,-6.94200024533121
11.397543549655,27.5970116643463,-0.509757104851751
10.1486426757452,21.5835606961254,1.5007353523349
8.89353068973497,13.7868321323886,4.78789610443692
8.75059440899189,12.3268821622362,5.57549652012853
7.77960657491193,19.7332976052807,-1.58946641735897
6.58688562039141,21.1207552261927,-4.8205551876468
7.68942855031578,23.0911800569587,-4.18377633893675
11.1651399099271,29.8004974863265,-2.53587634315581
9.47720181342632,26.3411138149041,-3.19089315186717
9.39995216531361,18.7169425752503,2.17260571011006
8.51409590274381,24.8244981296866,-3.89495545798862
10.219080894888,26.8859322682659,-2.19817811315734
7.33038771569149,16.634042078709,-0.189930504156536
9.48639559419841,22.1095212519842,-0.116728097507135
7.32392314889171,25.2303401261547,-6.41214424390757
5.30606869468644,22.538642307375,-8.23824616767539
10.8185679267532,27.04457749374,-1.19256300502183
8.76235564598682,24.2330479593047,-3.00377299985879
8.77417074767137,15.7166439484491,3.17072193182847
8.26477708471528,22.6971148288812,-2.823978475112
9.48203871210961,17.2083799561811,3.41581078757798
9.69395364327208,26.3679629448983,-2.80525904541077
10.5401696672835,25.8281126296633,-0.833990228131735
8.10696281366106,26.0082325288607,-5.51089220386488
10.641853099089,30.0768200586745,-3.71333015812481
9.54388779461238,26.8806957028322,-3.45608578172224
8.87256089071334,23.7631497831471,-2.45837579394567
7.64161632324498,15.4698625200796,1.23266880023896
10.1697802080079,29.6317347294624,-4.27392458319025
7.42289975235426,23.460013947233,-4.94827467071485
7.97394505286004,26.6161426058412,-6.19862021254472
10.1398115084573,21.0414226127688,1.87588426133822
8.37473950887042,16.7860230756967,1.65178963140859
8.72607011050618,18.3438713321244,1.18287887360889
6.17474206198459,23.2806616388497,-7.15106043267302
7.93768599539704,14.1188668317194,2.76190118564175
9.94261283647697,24.1807357176984,-0.760509608689079
12.0743298247426,31.0939062899488,-1.77131443421036
7.13480535586084,17.1795465489323,-0.949485993497922
9.78907393069182,23.8601949654896,-0.815853148693703
9.45762589188457,21.4095251049748,0.335202683598045
12.6299055798862,32.9235535876946,-2.0549181270502
9.40383255110624,24.0562214025338,-1.67734269412278
7.40960431137182,21.8984382318298,-3.84500618699685
5.79706305828052,20.7790518110854,-6.04959345362291
9.54007644430052,24.15030727528,-1.49072181757532
7.68759622647711,18.7000324025809,-1.01494935106288
9.98350537903984,24.9172951777699,-1.21620125689756
7.46335633359681,15.6039870494153,0.802671443010644
7.98650591359811,15.2510037750884,2.03525001362003
8.78899344715387,19.4821902966884,0.478115855123564
7.36271172134165,22.6332384704674,-4.46346546739776
8.98192784554443,15.3280828816586,3.83964860084334
8.31578874219226,20.4884498839604,-1.13307346810693
10.4646453100702,24.0265173591566,0.326389833725601
7.54860756500878,21.9200316631008,-3.60085911068514
10.7472591073239,28.97031325083,-2.71700245748676
11.4976247053841,28.6419371628208,-1.07761638942085
9.46802184709389,19.8877089885674,1.45401866996279
9.66301224451554,17.8779539864829,3.27027121460257
8.47547196900183,23.5700697357603,-3.06090595899688
8.59969313981393,12.8548378228946,4.91211136368748
5.94092237857248,20.2998703513118,-5.43460257843778
10.0763324768692,27.6630893460927,-3.02635652896328
9.03905139288556,26.0906210608072,-3.8286762821319
7.50875107236562,17.0693439413982,-0.171104752387071
10.2081200889657,28.5230631000719,-3.40135520575835
6.11222194895297,17.3976326665503,-3.01787264202646
10.4006512242092,29.3518575832908,-3.64032178568273
7.6088382573853,18.9954672975739,-1.37554733486845
9.19175172003091,21.0278440268944,0.114114299910279
11.6752490773922,31.5380095458875,-2.83788027653922
6.32642181536183,20.9109461258411,-5.15569723856771
8.27554755630729,15.0293205701306,2.73551214264054
6.30540742585356,16.7732142418394,-2.2057870723979
8.9061448873757,16.4348410192192,2.89849405581498
6.62747956128058,24.3248560667899,-7.05940496066004
7.16741953997682,23.1697909037596,-5.21601159204444
8.85029064087883,26.8971975469082,-4.76408819374784
9.64587146778061,28.046612250384,-4.10779625208201
8.85094766255033,20.3513432726062,-0.0340073251714461
6.29880452512053,18.4585812226521,-3.43566756035916
6.65901309807214,22.1321589300515,-5.41643294340477
9.43410235383623,22.4839467363338,-0.484937462071132
7.87793304923215,16.7283299976878,0.76511741242166
7.1275670915163,20.0695288663566,-3.05079142102482
11.9359800840455,29.279487607123,-0.719068311294511
8.05795859731658,21.1759413025554,-2.11152160662044
7.99620356263881,17.7212263047901,0.268834336041893
7.92118205038589,19.582369795365,-1.2158800743642
6.88827883806704,18.6760850796272,-2.49128321353074
5.16462921575016,20.2671395171588,-6.86156714571449
7.56038482712121,15.4623388053693,1.086311916914
7.63805644223711,15.716635983129,1.04774270019975
9.41031154889418,16.9826554237605,3.44484658805618
9.05710515241476,15.4133670693424,3.91851671710769
6.337859414449,21.7874302359004,-5.76751378114408
6.86170609380054,23.1305846208951,-5.75895559856998
9.85473089242191,23.8031582698879,-0.651959710379127
11.7113915207884,31.6578803306357,-2.856940176227
6.34643493123756,19.2775723468763,-3.93831883501871
9.42559554748335,25.1415127687501,-2.42071126460803
8.06934706687198,12.948431372645,3.85347337109864
6.68430641710703,15.9832632617384,-0.927086442867042
11.2609280871985,29.1919171749405,-1.91723271340125
8.94636202135162,24.4730602045228,-2.83332145716891
10.4773200760197,25.4647187166784,-0.688910417439332
6.87962789482376,18.5598305163534,-2.42346411442313
9.05956233327403,22.5813198781555,-1.25516098469228
5.12404223741202,22.1949386399571,-8.33008925147433
11.5310044495387,29.9077829233113,-1.92971350287196
7.96212398376963,17.4108561678731,0.42936943754569
9.00830763450091,21.0049152943809,-0.212111902013856
6.19521855431075,22.1244674061996,-6.27753998247546
5.55001245790721,22.8822924889439,-8.03066348897942
11.754469387551,31.4686983608769,-2.63977453520917
11.7738873248401,32.1373766454643,-3.08655573222465
8.09786966328975,16.0100791447742,1.69497752210135
10.2048311125218,20.7039050490477,2.24121157368095
8.29076850341585,11.2561194888757,5.48978881141678
8.3735510659471,18.7979282631751,0.196129212456393
5.75061211389071,18.5661052112069,-4.53771749860054
8.65563378064442,18.475822267601,0.955935020328591
11.0465450356144,26.3971097159498,-0.29881320861388
7.85500833176143,20.2765182925797,-1.84100116800099
7.09502374599662,16.2979450203596,-0.386937188958114
9.43728618170738,24.2095947302347,-1.72562990049446
9.20431522004788,19.3168971518463,1.37361239878639
4.97151353512881,21.0280344705399,-7.77211560459498
10.4971891518595,23.7802543251006,0.565107685241928
5.96099183492755,20.8349411600241,-5.78364566965616
6.00059795571819,18.0352941115054,-3.68711643962988
6.99426903028288,21.5736514362458,-4.38648463995971
8.61718144760663,26.8036786598022,-5.13212473496659
6.65606673172673,19.9779095507452,-3.86566675340562
10.6771675935757,23.6573016650233,0.990245428401108
6.69730682944955,19.2635687701477,-3.27255024064971
11.3734908880179,31.2678446675853,-3.20658433889849
11.5105211038888,29.1379604634032,-1.41185463695962
8.42026756018563,25.5488263842341,-4.59355544612282
9.38403687819397,28.3717742618927,-4.83197339416696
6.99759626415089,16.9217639125275,-1.01965273229749
7.07814049962804,16.6792224064872,-0.693928083935953
9.61657270784522,20.8083491650004,1.06651780635305
6.84655767327963,20.0460827104757,-3.5589579960696
6.3809671396713,17.6632414394817,-2.70756646380555
8.78819331544678,13.9633674783735,4.46352622560807
10.7500518217077,24.5622353934485,0.472697756677809
10.7330732645313,28.0868318694783,-2.10526641858416
9.02954354751324,18.2626257804583,1.80865387732968
6.96464880047459,21.4111143223849,-4.32441410152307
9.02528612988,17.9956014807467,1.9936018859647
9.17737590808484,16.0468855892723,3.68559290818866
10.5245819287496,23.9607815924298,0.485878407672252
7.10668978296146,22.2909908821999,-4.69463112935142
7.62155431810175,13.6609793224627,2.50195279455732
8.09528141896875,22.1910910125026,-2.77514281106176
9.82694665782907,19.5384400109057,2.37703751475892
11.4861727011967,28.9536030950514,-1.32416958989111
12.1404338788825,30.9190641748853,-1.52148060383517
8.25001495122146,11.3704500313758,5.33104060489852
7.32381526082095,14.9077819812033,1.0448720168106
7.01103225100237,15.264182474328,0.202923492419226
6.47589276479861,21.8126248182124,-5.52778064372895
6.10805668706552,17.6134320131587,-3.1815536716236
11.2383896583108,27.8377464630364,-0.981069447298156
7.05614082780436,20.4350293015782,-3.44830582685436
9.10061044397191,19.301151470167,1.19120082752825
7.33300083270071,14.6197425950632,1.27012179957517
6.4631999487497,23.3842911475128,-6.68690139738256
4.66562925002985,21.715717897547,-8.84049818795278
7.02679168922323,22.1072866593933,-4.71122012361993
6.49951709995493,19.8317565070443,-4.05261733757101
10.7654001535836,28.1877038019439,-2.11773106106693
10.7247712365123,27.0216605594328,-1.35127930946072
11.1013605811229,29.5854218127197,-2.49968187076427
9.11529758430667,21.7738338730733,-0.567668363573378
11.2081335771628,27.29636214446,-0.646500454919923
8.07809608575494,21.1726939536143,-2.07154600653891
8.48441046718417,25.3138380114234,-4.30393545466885
7.06320665535044,15.3703168406068,0.223744962063461
11.6344861501101,27.4172811073969,0.0628434239029181
9.28846868441618,27.3583062986886,-4.27840656151495
9.072785798419,27.6116864076688,-4.86448628236604
6.73372099289273,24.2566759588568,-6.81162366994228
5.53525696418592,19.9610533795275,-5.94787588909943
11.0864259063285,24.5264266643869,1.12712767168302
10.1046595641721,26.1062171840016,-1.84870859659473
11.276666410658,29.2835364678843,-1.954011072074
8.95446541407984,22.5308540029355,-1.41509141901796
11.0745469194704,28.5359194529122,-1.79160583730731
8.07151983038773,15.7109120046247,1.86186344733489
6.1586285293965,20.6201028741627,-5.25913109288575
8.28999422243408,18.4105180142265,0.31986456057411
8.79264852817756,26.3025465520881,-4.44221285883081
9.1981960176375,20.7458480732074,0.329875742938303
10.0778166428417,19.5041038422235,2.87062751734056
10.2585205091222,29.6948431364633,-4.1536919393142
9.11559785214591,25.6438004116937,-3.36284677778717
9.46211152180303,21.6703553682116,0.155155813909967
10.6854190139201,30.6070479024711,-4.01496825009845
6.22608452567933,21.2843582887066,-5.6129514378559
8.49686939974079,22.492674235069,-2.24259035429967
6.51696738152855,18.3969043146667,-2.98344381677321
9.38624738371988,24.4861341649467,-2.02078037144294
7.78187805871097,20.2784941202889,-1.97908246307753
6.19429174489134,22.8680945311329,-6.81648262953338
8.16773983751099,22.2464780234854,-2.67975700445219
10.0922869116705,21.0328409659011,1.79327760098532
9.09053205371956,17.180358535485,2.70447026543915
11.0312135786586,28.5855321202925,-1.90842127317797
10.3375496274523,20.6372706096137,2.53735229516326
10.6170386516019,25.3902904669663,-0.37405872415384
7.06611483542213,16.5309827228848,-0.609308436163582
10.8907426097654,26.323733259017,-0.536942765751219
7.2817281209873,23.5167586277103,-5.253066641272
8.71126312066376,14.8834942976647,3.6550540259821
12.7463803630948,32.8279691059054,-1.76821696350637
7.38945538227607,25.4403028491102,-6.44136947878001
8.95917641113201,23.2353449390393,-1.91522630537312
8.4872811050566,12.7113527454952,4.8057105259859
10.1007063242787,28.122748635015,-3.3128775201205
10.0270055108106,21.4269305674008,1.38659233914705
8.50923527590257,21.4676275462644,-1.47896925013587
8.3176247098373,22.5327400100041,-2.60647787512635
12.5324839947932,32.9295444756081,-2.24129161943306
5.65622898458242,18.6450589343505,-4.7711229997051
9.57555264632781,24.3991445756447,-1.60419461325087
8.71469120575829,25.5406395397216,-4.0374702543261
9.63329869866745,22.3567510390879,-0.0208231851485872
10.7649318132642,24.0757105129809,0.851978144073637
10.1417028152276,25.3467229918239,-1.23081475839988
9.61015203173605,17.8156909512454,3.2164747106342
8.81488835992416,13.836246502881,4.60524424634316
5.19538365458444,20.5727390851241,-7.02486937391064
11.2032493812822,28.2476352902823,-1.34284556596603
7.80492826357426,19.2793371595031,-1.21419947505375
6.69960597471883,22.7705646736643,-5.80177639417582
6.58124788539546,17.9629799900366,-2.54985148490833
7.84038153089506,24.6652238677008,-5.03882007597817
7.90364473428013,19.851157885402,-1.44282872086001
10.3343336310036,21.2461682122077,2.0914632306192
9.5871637994571,28.4858337979922,-4.53480179590782
6.45306372686922,20.4845062782326,-4.6109810188273
10.4465374853113,21.5845095522828,2.05670708005012
10.808705895003,28.088186044771,-1.96491478566266
11.4629572945106,26.3082022703085,0.543538534463151
7.31778138879588,17.239081558496,-0.650579502258067
5.41171548740179,19.5189246423277,-5.85932759169901
5.36182953848603,22.5330795710724,-8.13003077416404
8.13849292125427,18.1879029612826,0.197585123380803
6.88166655763694,22.7226737646831,-5.42697396221488
10.9990702357626,24.11577909956,1.26055148322297
12.6826961457914,32.8621375534049,-1.91190358938916
7.0385081032793,22.5382706507673,-5.0006776646746
6.23017767010383,19.7841211185259,-4.52150216832459
8.06444036633897,26.1164658254246,-5.66854106319438
9.4567457260098,23.6588571176065,-1.29140345895712
10.6410305947764,25.2508151627685,-0.228466809304493
9.7124422667985,17.6564177307496,3.52268009599041
9.17779536525575,15.2562231852013,4.25756670360757
8.25336971882058,14.9889402066069,2.72324138390431
11.9754468457202,32.4309709273484,-2.92201244718743
7.36072333574242,24.4669863589536,-5.79191637195577
11.4294508389366,30.5430412175544,-2.57840332995514
8.00244459479908,18.4492235971458,-0.245422921853685
8.27784803544562,26.7225844267863,-5.70763157240582
5.43660924958169,19.8903150401186,-6.08110987791461
8.24960434006195,20.2544514012215,-1.0877029968515
8.06754034314227,15.3699448185601,2.10074859399149
8.06983983996177,13.7182555887066,3.29825811721799
9.60465286409805,17.6189962040207,3.34829489549949
8.26949259951831,17.7647936650023,0.748038370984656
7.19470234386568,20.4398539678734,-3.19287011389065
7.75788825764868,16.695943183912,0.56419416632642
10.8552933329521,30.4177746585114,-3.56080015557895
7.31369361657745,17.4540298327363,-0.813500900487272
8.57604861448653,11.3877923488486,5.92775067276069
6.35564668399804,22.6426376687239,-6.35209440820057
9.43731692598659,21.648847255707,0.12436160110667
4.77394697032422,21.5112607627351,-8.49038787867049
8.42112579309416,16.5673148733218,1.89646783083801
7.57442363716973,17.3790905457643,-0.272153586038007
10.63877280609,30.5467464130904,-4.05857009490636
7.53677498812808,16.4417915719721,0.334617871166341
5.23948073847299,20.8967166266215,-7.17651565218169
9.55652823064686,21.0169765608234,0.80359997686653
7.96813717333765,26.3726002371739,-6.03353326021525
7.66625726193392,19.1672759514383,-1.39237000198415
9.16672210174998,17.8655980506664,2.35181136621812
10.1364331741748,23.3136859052578,0.228043944398755
5.95328387721818,18.2262784349543,-3.91350007729105
8.89840587746991,21.3375438538796,-0.657775744235611
9.14410026362506,15.6896452910799,3.88149019216865
11.61144795087,30.4185867494627,-2.14840848988856
12.4765565519818,31.9414323459763,-1.63196817125416
8.82260690600083,24.5207785761419,-3.09904750315718
7.09535705517157,20.6961584921607,-3.56366977545819
7.44333597667262,18.8732902249359,-1.59654787854276
10.4080617074855,27.3577870526572,-2.18591873809987
7.9054130065294,20.1297892728809,-1.64081322531182
8.8294845494142,27.5010872765172,-5.23922897155951
9.7534115899715,18.9248709470597,2.68288147202117
9.80141263691112,28.9634932971323,-4.47951909950344
10.5552674499425,27.3636636136315,-1.91509001498008
7.17133927914035,19.24020314751,-2.36987598397744
7.43981686442647,25.5190342121484,-6.40413923683302
9.33505567854537,15.9730070149077,4.03361045475121
6.84728140539176,22.8393418322026,-5.57551061609558
7.6823327367411,24.2538095086353,-5.03694208864494
9.84699057781577,23.9144591548793,-0.746829482835691
11.9735576109284,28.7627557657072,-0.275552375107902
7.82682995218133,17.7334632442333,-0.056503627639958
8.98780670100998,14.2110522961466,4.65759878524442
9.23973913767336,14.8837869801986,4.6423723130881
7.71734187929989,23.8791937321709,-4.70089295432999
9.79484289113632,27.6562544299346,-3.54742064706863
7.15608163038156,19.6926572619302,-2.72524868785879
5.86321201825552,19.2891672967232,-4.84966336528831
9.76048669435839,19.3463199849851,2.39163924580636
10.9698204766747,24.1948252513,1.14878982157993
10.8907012895951,29.3330682994119,-2.71102245968549
8.1755717684494,12.1930524118221,4.59766928914556
8.7167509414961,15.0131667984976,3.57163081948998
6.59006744783395,19.1636020419008,-3.40072377484258
7.1848998501005,21.3177872225226,-3.84542356573082
10.3124170811917,26.3068566119095,-1.60543110369261
10.9899641395291,28.1013501009056,-1.63571893348308
11.6412226990284,27.650015892604,-0.0927005729928698
9.34706598004924,24.971815904478,-2.444862170003
9.68799818055898,17.3993964962675,3.66268014311638
7.90041075659473,23.1766825351289,-3.85129588903171
10.2075432890493,27.835830102186,-2.90596247860078
10.8338805990951,27.4229565571394,-1.43729761687379
7.69000103320129,25.5553094523035,-5.96284183827214
7.12110516910979,15.1957450269164,0.458050346824441
4.89151554209698,21.6045433219254,-8.33808406532768
10.1711788883399,20.1777004871422,2.55846825518716
10.8767786590378,25.5384194427334,0.00428974012821826
4.92898935221168,21.5842181806962,-8.25337584569216
8.87066709288529,27.8781384639275,-5.43466290695029
6.41194628419574,22.2739492038002,-5.98054314728621
6.57244118212178,24.4663875313079,-7.26449679833413
6.87422849230949,16.6511875579169,-1.05471263938676
6.03621941311993,23.3528194694705,-7.46203717814897
6.45124719896295,20.6981045138843,-4.76868299210466
9.64750424050832,27.8522908797998,-3.96436363478028
6.4444262737551,20.2410853876602,-4.45126926995561
12.3178576336097,31.847035412919,-1.8603246178616
7.8352077733894,21.2881799487558,-2.60884538352752
7.86642313753677,16.9830212603461,0.559615619305818
4.59673686504367,21.6231569385896,-8.90236518611058
12.0766067871989,31.50696105763,-2.06545845997165
9.16525348692159,14.3394489626382,4.89642611451612
9.33144761741861,26.5915589475824,-3.64418126582796
9.51998359730505,28.6291338033465,-4.76385991917885
8.38814707452209,24.6011031774462,-3.96892318969805
11.013581079848,28.2985133028524,-1.73402200266133
5.51786609757258,22.6693681447342,-7.93691265043432
6.99315255076869,23.6271152857681,-5.87203337558968
8.86287547976182,14.5328631121437,4.19166528273958
11.327870960716,30.2300233062683,-2.54208896700407
8.17321643791342,20.0751464201019,-1.10091081620737
10.7279718871068,22.4613190949971,1.94918139660619
8.27648438035167,15.3686252838598,2.49214236611965
8.97855688564646,24.6659120785639,-2.91248091445725
10.2724100926332,25.8791447540151,-1.37120222410557
9.72427913021197,23.6854103966962,-0.810663306052681
8.85635002935868,17.8407286216409,1.78980485579368
7.02168786877404,20.1845705731162,-3.33174961030706
8.33987336408669,16.42353943177,1.84850274346622
9.89973083339075,18.6996266091604,3.11901990740511
5.25726620662939,20.2292101206612,-6.6610613189254
6.58378649058874,23.658047841991,-6.65933613870299
7.86435271367784,21.264200156806,-2.53706060529936
9.50272564471393,16.4383003233416,4.01078773674205
8.5337200354267,24.9150977097168,-3.92373599004788
8.57482576771121,24.5135823314042,-3.55686174548909
7.52958101151607,23.8535587487168,-5.03323060577622
8.2905203269057,12.827439809243,4.35417253263194
9.20409670604225,17.0205160837918,3.03215466539383
6.90091881277016,21.1377844235718,-4.24604343707121
5.93413764012371,23.317533644709,-7.62729976467066
9.4889030451618,24.8540361201238,-2.0947337928705
7.65755997631425,20.3529565569207,-2.26518092555057
7.47583977769454,21.6724338019341,-3.55796613825491
9.82016322845572,23.6205146482157,-0.58460879498253
6.00100557996925,19.5774430133666,-4.80043326180333
7.8529160053852,25.3899668417147,-5.53896619280697
5.57082744646738,19.2148931471675,-5.34236683413691
8.0498274707375,17.062449382289,0.844951274780384
6.47106259530785,22.085878326163,-5.73421015381914
7.8572467891642,15.1872393691769,1.83977631234436
10.4571801251748,28.7290918692599,-3.08479167161353
7.56064544400283,25.3312094700616,-6.04266624140878
5.31692931435555,22.6071886509643,-8.26747083327799
10.4235426773733,26.494057115404,-1.53301503111664
7.46908657247095,23.1431851696175,-4.63308497492538
8.9476252066644,18.1986547059802,1.70179220722377
11.5877571994267,27.6673744829779,-0.205148357548476
6.32972115675477,24.048106838628,-7.41587821481191
11.6388061009567,28.8125357975909,-0.937043429804872
4.74101817253534,21.5208554553246,-8.55885123514013
8.53485805223701,13.7048111733296,4.17692076410732
8.51165639170022,17.6976648772891,1.24904969062031
8.78153670101228,21.6235226919299,-1.08275849168962
8.6617756861386,23.03828949826,-2.32860353683146
7.62768705466799,19.5563304700277,-1.74550430247804
7.0575231559477,17.2709179505896,-1.1599068426238
10.8750938444131,25.2416444995024,0.215537456045048
11.9403569834743,29.7448668897662,-1.0470885704062
9.08645667231388,17.954065493445,2.13791382134176
7.62394258026568,19.5529007245,-1.75002364985719
9.16463955832535,26.9689990440244,-4.22855504811309
7.18665120973377,19.1086744240024,-2.24624462524123
6.4511633153959,18.9096413296718,-3.47681896186631
9.98848466108902,28.6802925516822,-3.92535967663327
7.50131409783419,18.8026284668343,-1.43716039260804
9.23062761153268,26.2545045267725,-3.58908253295804
6.21954250601102,22.7556416274306,-6.68805995171137
7.97072650375734,19.1025657775509,-0.776679681011482
9.64880226391951,21.7921808776774,0.416003872144238
8.61421642163432,14.3947821279097,3.82676422240091
7.78480096443285,26.3391727235935,-6.35197335515976
10.8971489362826,29.4974519835588,-2.8177281378876
9.84671470239713,24.7139068309692,-1.32488162841511
8.00381762560313,15.9915485894394,1.53261526008531
5.8032842032541,19.4165241172558,-5.05365174264399
7.87410421958533,17.3399026631418,0.316150667497348
5.53623640610771,22.4386275386825,-7.73589369010113
6.38424318763225,23.9043799042647,-7.21016519418215
9.36679994796394,22.3931956369801,-0.545140844735405
7.2162319452851,21.2829399066686,-3.76170087761801
9.22419302089731,25.9980975192733,-3.41587300940581
8.59753939869155,20.7372867616784,-0.78634845300804
8.28832480276051,26.2017934492027,-5.31182471317203
9.50013819146252,27.7244455948841,-4.14737932138246
8.64648813392616,19.1424978210012,0.457225671627943
10.2068745587112,27.1687542463062,-2.42530344957461
7.50442961623501,19.5253714366657,-1.95346227515309
8.40987297799315,21.4575141983807,-1.65733521501879
8.57107743425779,13.3201262648751,4.52250553425685
9.02055109234302,15.93235078218,3.47528647270433
7.21020364850391,19.4866954635505,-2.47532346299365
8.42075284012386,27.0527619976764,-5.67912113119742
10.60534365924,27.9046191474647,-2.21231262428181
10.3992166190024,22.1822814139484,1.53643948599124
12.0620589312125,29.7669731905739,-0.835641857751221
6.07442187735454,18.0653012415559,-3.57084408140926
9.66870805433993,22.1011145896481,0.230020809597825
6.93956699379456,24.3824783895705,-6.51785439614693
11.1952370693242,24.9032459831919,1.05823456903812
8.42545273773934,22.3296130158389,-2.25824354267741
7.62221214599649,14.4887146544876,1.90520984551761
8.53660159987906,15.4643350900392,2.90906433597378
9.36668030144642,15.6381409598476,4.33461917506662
6.97874762437498,23.3514827344576,-5.69982860583412
8.86908381405337,25.0364966105988,-3.38476383609896
10.6174785836504,24.1422792611513,0.528351049334299
7.23246331460814,17.8083453921237,-1.22125531984459
5.74952293332507,20.1014787214727,-5.64893662993497
9.60406999453862,24.531172291643,-1.64628545117736
8.29131162460205,14.1032236476151,3.43399998747834
10.3038068444999,25.8973838354557,-1.32570936766259
9.18359838469767,19.8505964772453,0.949345328827308
11.70732601009,28.160082750989,-0.337659767161078
8.25185496162753,24.7163766301043,-4.30687944210182
10.7047183521713,22.1735696030919,2.11360484575805
7.90175759079074,20.2214366483979,-1.71385172589742
10.0781677195422,26.4513550687774,-2.14754658926558
9.01776718938651,22.2083204791468,-1.06379886815085
9.50769961211622,20.5232868279822,1.06900814123876
10.6046507368444,29.2615703262853,-3.19389551168928
10.5773429423253,24.6130053844435,0.11329035682129
5.02891020437393,20.3189189144384,-7.15258313228929
9.59592150292896,21.5633664043266,0.482488986884365
7.94676313150471,19.7158886328612,-1.264534944326
7.30112078006904,24.2588878041109,-5.75295743467361
7.30023301854954,24.9845881285953,-6.27887644418158
8.59688125525258,21.921327937088,-1.64295278341171
8.20608326288052,11.5113814662195,5.14713661144447
7.00801154857814,22.4046819008597,-4.96115752338349
7.91437221908435,21.2435630270933,-2.42868365133539
10.3022103367892,29.6813488458383,-4.06230298066437
6.91696244322239,16.710754612299,-1.01789081157148
11.3927731216156,25.8374401438846,0.752477573101467
7.77728953470284,18.6354287059076,-0.800674161900703
7.80557397754572,22.8602340806364,-3.79990283140937
5.72543882249478,20.7461190096861,-6.15964183574748
9.21529840231085,25.4572169172016,-3.04175109690374
10.2736407838939,29.0678519935717,-3.67248697503208
8.82118614156655,22.1779359239767,-1.40918704899808
10.2426536741315,22.1705671614269,1.25234281274412
7.45809404759769,14.4353183399461,1.63710727116033
8.1892147412479,17.0078976681869,1.14482468120526
6.55192158498817,18.9245654442875,-3.2993198249056
10.9945372580382,28.3972058116978,-1.84090538701835
9.05870986249343,26.6400399692758,-4.18885270615029
7.71013624757487,17.2518911800301,0.0733352995162173
8.43969720762667,11.4412507247651,5.63434004172081
7.40043219497301,25.2413453621946,-6.27712702354963
8.70834947684663,27.5695623066546,-5.51505412523399
12.0152406134888,29.2071144247493,-0.518675367956609
7.82946724087581,23.6499493953797,-4.32576078704514
7.3773914642706,23.8918281025295,-5.34526412199287
10.029928601492,18.8979179495524,3.21906270458849
10.6786025003219,25.7333029831935,-0.506817201081115
6.84427162342533,19.7214623741843,-3.32871771394982
10.5443382213172,24.0211061350324,0.479216113509513
7.28737406686536,19.210851825055,-2.13184514169092
8.29079255979677,12.6818140216238,4.45988415375479
7.62997496827533,25.150671756679,-5.78269056728233
5.82805826682963,23.2068590088198,-7.74557006276334
7.93963563717077,18.7968365032288,-0.613912411681013
8.66370464113434,19.3298039157876,0.354083484654133
9.09751077718134,17.3482246826301,2.59624117746394
6.7622314788498,23.1681454002295,-5.971972164991
5.11386312275101,20.6898137930008,-7.26177869702833
6.14173630057329,21.3570483289212,-5.82308034077326
10.5299662624789,25.5620006802124,-0.660812209532634
8.50883733045644,14.3124246166528,3.68934565264875
9.9986456962229,28.5701487354449,-3.82680234584111
8.23541829090827,11.5109400390671,5.20227201958639
5.02374805277699,20.7494266661554,-7.47323653720212
6.01877142856009,20.333018539827,-5.31307787936469
7.70822228375691,23.4603745035239,-4.4153709651505
7.75257311532498,17.7352687350559,-0.196567006589701
5.76705522449132,20.840083864554,-6.14975794467848
8.27109754330496,26.5690693402926,-5.60934348984132
8.83019299674873,18.748499944455,1.08513510709183
9.07610139685351,22.4468109200281,-1.1270835803466
7.72585794458304,15.0970540356683,1.65940993241904
9.26079004812378,18.3113005005026,2.20560602574225
9.48564613011962,24.3128538494519,-1.70985912883268
6.96732134873589,17.9521937864843,-1.82062824426216
9.78078900163744,28.1093443912691,-3.9010033103587
7.9278848998679,22.653833190328,-3.42224010306176
8.66490962598265,24.7956207061352,-3.59227777120635
7.87864924342479,16.1704183484974,1.16950200472573
9.16981731866312,14.8467697562178,4.53845579632272
9.44643033914513,22.4917086511896,-0.467508294285417
7.71357797984856,22.772087249835,-3.90813094270229
8.04586992692031,17.018422315156,0.869362077073593
8.41904018331771,26.9569492803414,-5.61310448406329
10.6847602346131,29.6124603800169,-3.29768979369688
8.49208335297174,25.2764953689978,-4.26262056288618
8.34904716386947,24.9941255060569,-4.32591373697784
12.0286635742812,29.1882201323064,-0.479943123278924
10.4268279975768,23.6450186250327,0.531325158238651
7.26970001672727,22.756633051064,-4.7264132183451
7.8070997520723,13.5674348552956,2.91624817059494
11.3311736823184,31.1161178369807,-3.17604939672431
8.4349264191877,15.6390933989096,2.59282153318482
7.08882956886808,17.7906519503414,-1.47687253271628
10.3611277788365,23.3201776491631,0.643226785875679
9.78801282126692,24.0074995785166,-0.924251709832999
7.7978224404968,22.5224497003422,-3.57036559690896
9.36758969441661,19.1958329993941,1.76617219922424
9.98354545885818,20.9941646973936,1.61801981462944
8.93261998189319,26.0867280990281,-4.02474558033992
6.16165365837912,19.9817345823281,-4.79230848809557
8.00177529355115,15.8943013989359,1.59905215539563
9.97205536662418,20.4203401470932,2.01109108202097
4.66877706272043,21.3350940363055,-8.55964594879535
10.6509398940882,24.4008304959032,0.404095616951758
9.14714054701158,21.2777135011252,-0.149758373576556
8.14887370019675,18.5316535600214,-0.0313491258694745
6.64891560002731,23.3833363734956,-6.33917655197108
10.4415077023257,25.1613345988582,-0.536660116899572
10.0280676620171,29.3173310073085,-4.31160246274382
6.39925953854337,22.3572591589068,-6.06443480764358
6.61813349234997,23.3141281948638,-6.34669978914522
8.76477023301578,24.2114207127183,-2.98363706784916
9.11758323057595,14.8825083706296,4.41503098383247
11.4276408259415,30.179067014181,-2.31884350469238
8.51855727186387,18.9273486122378,0.373597352234421
11.6172678318218,30.5186160651342,-2.20979637998475
7.46361721929963,18.5076514637815,-1.29450501125078
6.47438036301035,22.1800149076291,-5.79601655835536
9.37169422539223,24.9004653145408,-2.3472958632929
8.11556007358438,17.9123851147882,0.353771440716597
9.9398386591837,24.0450801800478,-0.667693325254688
8.97100641060297,21.5734311762404,-0.692521331745568
9.41777845245168,15.7440679846477,4.35357930566069
10.9726909805509,30.4689027907913,-3.37836255509411
7.24058963593324,23.8278564608202,-5.5546826860668
8.67410290583667,18.2772258196,1.13391706473897
5.56554964008876,22.8627195293338,-7.98749025000409
11.9388499524383,30.6138023367877,-1.67764062323645
6.46943655751503,17.4761777099823,-2.40711075878236
8.4417342337398,15.2925180440271,2.85591567964144
10.1545102247604,25.0534422974657,-0.995010653006641
12.8616335918299,33.4367725610292,-1.9926620617127
6.00150381888858,20.9759557043963,-5.80981515052441
7.13549243022053,22.9894961002949,-5.14542327211671
11.3805098497209,29.4330506304894,-1.86797735655734
11.7271579689099,28.8919156559668,-0.829291441089152
5.67723178943445,19.9921824138345,-5.70506473086216
7.31435867423723,23.658228084622,-5.29429229121957
10.3424398015641,25.7394892606846,-1.1394522743969
8.34849621777941,26.6558875408712,-5.52743264526661
6.90997028288423,20.4778702502454,-3.75239462342356
11.5460472937926,28.6176033980502,-0.969552971851475
7.04358856595206,20.6512768117027,-3.62798287521043
9.90440639291126,24.2050355109775,-0.849458220509138
12.141221976029,30.2452654115144,-1.03324253353854
7.09462224114582,24.5197490803582,-6.32727948824314
10.2103805125569,29.519079230174,-4.11667282483173
4.84733913711063,21.093562020931,-8.05149083660815
9.05543028375318,20.9190679538058,-0.0620389884973882
7.55780003397823,13.4143608416114,2.560981207142
8.83679573406151,22.1007611902114,-1.3242658533793
8.36490618115964,21.5983134298904,-1.84307794400736
7.17767394434773,18.1112733811497,-1.54247785578806
8.14741555344514,13.0964025145145,3.89245777055088
11.4414422488423,29.5084856224484,-1.80861254735174
6.91073041547052,24.738482731486,-6.82892398558988
9.82039803842511,20.8051643376495,1.44969409885604
7.53389022993835,20.2000349013262,-2.38580116870261
7.58134311484296,15.9477803374856,0.774782888612149
10.1917057904769,20.7893652851639,2.15494696829164
11.417586805251,31.6204664573505,-3.37892596231946
7.07622249493239,24.5047767819585,-6.35084564974684
9.48793323282262,26.7917802387547,-3.49641026429505
9.92968015135359,20.5408508732905,1.84484789066354
10.6439453085969,23.0141404909578,1.39279725386113
10.8823612459299,24.9159243092813,0.464424224831245
10.5012144952292,22.5319187824696,1.47445159748155
11.30530997093,30.3952876947734,-2.70363748852644
9.00944381175599,22.5917866343451,-1.35637568708733
7.41215497165415,15.1473600574564,1.03687096297058
11.2181527667588,27.3962703220549,-0.699953849886107
6.36902808594981,23.9714557596935,-7.28705360255976
11.0647099669456,27.0783040545016,-0.756977660795957
11.4413251342941,30.3341727582103,-2.40532392531504
7.99347952272701,13.1961430233098,3.53275274662391
6.56548737549885,16.6616595510634,-1.63920282070251
9.80027603825681,27.0105760078113,-3.07081734992892
7.40577037992894,19.0447470968282,-1.79060813170272
11.0747473303775,25.3085989588256,0.540248093941622
7.74453958686759,18.8571044660521,-1.02201482327212
7.6771743871962,16.9472252924857,0.231838149614545
5.38734283705472,20.076808943581,-6.30789775155041
8.84861620589743,16.0236545327,3.08804300399337
10.6874240281892,25.1480752183149,-0.0675529879505579
8.27978144238442,23.5693949577875,-3.42609300319506
9.88650465493431,19.7863507044572,2.30923424615675
9.50410881893659,21.8779519876447,0.083661650822358
11.2220456836228,30.0803027398294,-2.63167690780531
11.0775967616912,25.4174258022012,0.466954006325026
6.60968828931131,18.4260178844648,-2.83121432966648
11.5037777071776,30.8387011406264,-2.65310391979806
7.60535489994846,22.5355483488979,-3.93948024344014
10.5281682452073,24.367482997157,0.198770882605416
12.022831066799,32.1054594638105,-2.59831270180824
12.0967268420213,29.5714298974196,-0.629595825391556
11.4349847622409,28.8213226916335,-1.3242593054917
6.12092652825969,18.1908015926796,-3.57460768778353
7.51349976622175,16.4440476299186,0.289495114896762
8.9554952488004,17.8456407555727,1.97152263853612
9.71262092190046,17.5552567269943,3.59609462482991
8.47261451850541,26.6352022683772,-5.28055717717305
10.5959992207499,22.6379339567682,1.5749823874132
9.0957464297913,16.2872238875069,3.35943197558022
9.30238094469128,21.3232454268533,0.107436390897704
6.74232533819402,22.8720377596964,-5.79525556173115
10.0318949523004,28.6422765849499,-3.81677813173997
9.51400093131754,24.9870965144824,-2.14396039042835
10.4545549427343,26.0723962896095,-1.17044834495384
8.79987889809416,16.7250259184679,2.49028627312248
9.71792678441231,19.9439756132719,1.88035211921654
7.37665145244727,18.5523768230663,-1.48932291660753
9.54216646683595,17.3421830225548,3.43150577030538
10.8000028900964,22.7221532971698,1.89534945029952
7.99307534763149,23.9632436706661,-4.2463665710508
9.43188539190004,23.1860968228128,-0.996327111909306
7.8397533861905,13.4187504540599,3.08467847157003
7.85088398167847,19.171968340743,-1.05075959530996
10.4875948996169,28.6668841078925,-2.98301740190623
9.26672934222509,23.8302411247885,-1.77028622217267
8.9071857642473,24.8938960117246,-3.21054766907127
6.73457816258064,24.5972144921922,-7.05603362693513
7.66143492379864,21.2001401366836,-2.86996204105693
7.90411124396302,19.9355230287525,-1.50290401304445
10.6735542230522,22.5185718973038,1.80613400368384
8.92266290152309,26.8071541489376,-4.56380161359687
6.24911027429354,19.7606238949785,-4.46914915386747
6.07745724705301,20.6939060130564,-5.46412756793799
9.00155453810438,20.6495035512851,0.032025407015559
10.0840070785583,19.1581819889585,3.13209590464546
7.90230482969574,22.7152892142249,-3.51443699666444
9.10612999047979,23.7905072945303,-2.04168358290718
10.9396299169149,24.3152583641979,1.00537139511822
9.32302320109626,17.7669519150113,2.71514524783139
5.92955634836145,18.9703601722843,-4.49537740835641
11.6396947264991,29.7943001284357,-1.6446286626959
12.0054177453481,30.5532532849735,-1.50950777745917
10.0070444810908,23.1549144380045,0.100963085379211
10.7511893064704,29.2321781013238,-2.89883463161428
11.5168612344025,31.7623930013796,-3.29594862276827
10.5551345044415,27.1362558144724,-1.75105460070028
6.88684465144217,21.6985435236411,-4.67744627236804
6.89601944683575,20.1170670527148,-3.51781238337957
7.70653749649238,15.6729703201007,1.20725384629297
10.0246773704366,20.3991426696546,2.1247359664006
8.30468563667582,25.5378877589857,-4.8016338035753
10.2037050157794,22.127755677032,1.21048977044086
7.92717636491485,15.4839803753229,1.75607778443513
11.3793799783448,29.8220519725069,-2.15111085227595
12.5070292519213,31.3671791569921,-1.16017402973406
11.996485250046,30.0606529895115,-1.1703352804109
8.83234911765414,15.7015626426544,3.29033120443975
9.44820994541193,21.9586238823109,-0.0790719948928444
7.97455661337439,20.3034892138414,-1.63709317204053
8.06638296152127,21.9821279520631,-2.67818453055916
9.56053865743913,26.1995340826026,-2.93288689214661
11.6157654700904,27.4606308836987,-0.00345545358571187
5.62928020985349,20.0315192106658,-5.82308648775822
7.70499980498998,21.2759164714205,-2.84329740746072
6.0488237852025,22.8760495915868,-7.09405630164478
7.88365261992773,14.4077667385395,2.4522254902845
7.31636563339663,18.3008098993889,-1.42023835072572
7.32393877006872,23.1662816308831,-4.92099883339382
9.68842419011323,17.8098975154732,3.36692223650837
7.27463920208661,21.110343286918,-3.52787175562062
8.04251042570716,15.9924818815855,1.60424382127369
9.59346356111924,28.2890061593596,-4.38083769434751
8.24732474465388,19.360186574256,-0.44592833410061
11.0545455751109,30.4374621086613,-3.20269268487212
9.27585119577556,28.529682862274,-5.14820940107498
8.42893125513221,22.0995864007079,-2.08556773210768
6.72572626769165,18.4430393605378,-2.62667814169333
7.79007484976809,15.119734043626,1.76302352256446
6.39684319836213,20.6562854353051,-4.84013338886514
9.23966729160769,27.6782530932482,-4.60073446043397
10.3728313585464,26.7710224464721,-1.82786123831454
8.16648787598134,22.8554153661453,-3.12200471009537
8.54936188697928,15.2706390343658,3.07283849626558
9.1222388605072,24.8985748248345,-2.81207160822171
8.99214244367371,15.9017414234254,3.44431382605653
8.78134591516243,16.7854405612188,2.4120101400863
9.99954551796155,20.0110463046597,2.35814206572975
7.71275854329388,20.8137864770132,-2.49494739860436
8.16857103941834,22.1004672409687,-2.57272274541976
8.9656409535489,26.775785548575,-4.46082995420321
10.12300570912,29.5932761388573,-4.33354589460744
8.26765786299599,25.2335881726986,-4.65099329183767
5.02017630422172,21.187849591698,-7.79663613283932
9.25806132583225,28.4290814017122,-5.10877574409713
7.60653785392099,24.155775012495,-5.10775315788341
8.85394823260147,15.2010647932356,3.69226153899893
9.82422868237624,21.1461713328461,1.21050205924862
7.76408875725863,23.1070638230954,-4.05573827294996
10.4907780479746,22.9992096814558,1.1173695847831
5.75242173111186,20.2631177048913,-5.7602909922668
7.83201759164449,22.1725701481323,-3.25370744901455
10.6406004296463,28.8368743536921,-2.81990991757421
10.3871747042741,21.1312586129906,2.27321694558582
7.50349593321888,23.8198805716919,-5.0576443690183
6.88694323370366,17.933828651913,-1.95755841457126
7.40967969339802,16.1214855234777,0.328518281020444
11.2828266132252,25.3633514661494,0.889518414595295
9.16013122211635,15.902960854228,3.75734289668234
6.16284329779505,23.3050203340416,-7.19089209891084
8.29417369176217,17.0383369825787,1.31896488134724
9.40327906833068,17.2933813965823,3.20723091707074
10.3150025733708,26.2879248805419,-1.58692310493795
10.7368866454026,28.6368727496651,-2.49550088284898
10.4137294368102,24.2083762397584,0.0998681482382828
10.3958179555741,23.7316777943248,0.410774374430465
8.21222628912578,26.6219065917785,-5.75752314484659
7.97645505447519,22.1862238388036,-2.99366998561945
10.0748174114665,28.8405956587045,-3.87984122259603
10.6511722207718,30.1184388811489,-3.72598235574411
6.63237607077198,18.5596524794839,-2.88535935130498
10.9648241473204,26.5509724989743,-0.562673350072018
6.15765814723201,19.5009203237892,-4.45242502438824
10.8780826523806,29.2493752826725,-2.6741406374602
6.58256962579904,22.7516701126823,-6.00682502089956
8.97969918358731,22.1741416513219,-1.11024269061675
11.5234101122491,26.3590628778944,0.619760196083958
10.1881660893602,26.2490795154578,-1.79587177358798
6.37379458026607,21.483284763201,-5.48064337120841
7.42231385622141,24.052131219763,-5.37712659447182
12.2749885055878,30.8863290277942,-1.24639836804305
7.65968808623806,13.5542101272654,2.65034311105364
9.30245192455628,28.4027380601479,-5.00679489320527
11.2655673994623,28.9036190199612,-1.70029129893087
6.7157735215201,18.3758437955638,-2.59673281916135
6.70429880158703,18.3377073815849,-2.59062441172826
10.8731296729568,28.0103041745645,-1.78826675815054
10.0155960668065,28.8747952566823,-4.01521086419417
6.35567003680489,23.8361991555714,-7.21430292880367
10.6050464773299,23.1443278932593,1.22605954149254
5.50133115406335,22.0200819157856,-7.49875338539408
5.99869125868093,21.366044230092,-6.0968783832449
6.74565261062978,17.5803241986346,-1.96620074065118
8.484283214165,26.5900944218842,-5.22616583279881
6.37053455866717,23.3578973135876,-6.84099193245205
10.3402789136798,22.7241210390721,1.03487078064489
10.0469728297893,25.5147018326689,-1.52918189356697
10.2128650182359,25.3809412819043,-1.12255840988164
8.50757883469228,26.6752140800903,-5.24412688492014
7.60654462326,18.2235125129703,-0.822158071789316
8.08172170928078,20.8484874186631,-1.83055789224555
11.0275827466234,30.1814462600984,-3.06812556261764
8.49539060231622,25.4305695300739,-4.3677467020191
6.02575433634674,23.3970454225013,-7.51354229891124
10.8227026580502,28.8957313577156,-2.52214644516556
9.43019469084452,28.5290493113366,-4.85933977869241
7.06993733428047,16.8053485154236,-0.800372788004232
6.33894097236447,17.441395157594,-2.62583201377261
6.93403805204892,24.3896846105817,-6.53339189506687
8.49483963869835,22.351742732386,-2.1445715669615
10.4286181321705,28.7486503231837,-3.15229307205083
7.948848348395,24.1355853254684,-4.45351375044149
8.23056946545625,22.134102282671,-2.48116881762675
10.4347894788184,22.985238303066,1.0228404817415
6.20354709656209,18.0748647168063,-3.33646478814215
5.74596322324473,19.0492380125131,-4.89542917013914
8.99651341013048,23.4744809742859,-2.01821356374216
10.5530891083547,28.7734469135062,-2.93761556873086
10.0778904831248,24.2895890941838,-0.586362629467821
6.61761896262541,17.7493259461415,-2.32753929262313
8.67103024153467,20.4085073736817,-0.411504101268649
10.9651019432971,26.3556300693222,-0.421035059135733
11.7462547385731,30.9967389731298,-2.31417203948344
7.1764632289713,20.635353182595,-3.3681848507086
9.25711819578081,15.334627125612,4.34915172305173
12.5816605140264,32.4284805680579,-1.78742020125825
9.33853610720365,16.3254568937518,3.78549742704841
8.74787546690172,24.5728921604966,-3.27634129187322
10.647545063052,25.2667254876737,-0.227787564075982
6.64895249187866,19.4181004331758,-3.47454362994957
9.83295260660913,19.2127685308174,2.62353189740303
9.33518437135265,25.4810044490474,-2.834912343025
8.44561170497873,21.3623347027698,-1.5217929861452
10.3762984341474,29.469751561642,-3.77099722047988
8.6029463759969,15.7984305739269,2.79168151439735
5.19042569445456,19.9542898983284,-6.58735421411751
10.0116503587666,28.7462100419228,-3.92969148572913
8.8869028994829,20.8559757669212,-0.331376428854587
12.8302665709131,33.2039626154946,-1.88308917359606
7.06464019098507,21.2968505206074,-4.05502010591887
5.37652149170507,19.8386264599729,-6.15605123167941
8.9231724682375,18.1337435429998,1.70299201413674
9.09896869472277,27.8384823428749,-4.97940177777853
10.6324984579601,22.4650577233924,1.7680753764118
11.1303127567205,26.8696225014301,-0.483634239697131
8.51321541214584,17.4666653238728,1.41884152822429
5.83814899299309,20.2574821342311,-5.59602663057446
11.8579931364689,31.9231229871927,-2.77461148604923
9.09230158002083,18.867786423119,1.48874596324547
11.4039398332486,28.649047624781,-1.25781612469198
11.5205107267682,29.3553914641631,-1.55026406702515
8.22613783160635,17.7796339980568,0.656303109945834
6.24629616001456,23.0148066371692,-6.82529296071776
8.82555399377393,20.552944916597,-0.22709983881025
9.8589601428053,24.5445503378299,-1.17965290553337
10.6789775831611,25.2462182042394,-0.154236738098075
10.7194217763846,23.8605054932536,0.922404729603718
8.13721155527648,15.330654272939,2.25932304250865
8.18981129007719,12.8758633799276,4.13100178718255
8.38207255632759,14.9347521271946,3.00288676895473
11.4258510902242,30.2910408864538,-2.40307998570304
12.146103173584,32.6012104108703,-2.7261020868982
9.54035460106577,23.4054302929897,-0.952088345333215
8.77545149278516,14.7345344112455,3.88261031435765
7.64752623034824,15.6048621507023,1.1461858969466
9.81070915141639,17.833131972051,3.57864338796872
10.9709763909523,25.4264552607825,0.261196201813436
5.93843849674918,21.136526969436,-6.04366115336853
12.5581464861884,32.8170228635072,-2.1120499309809
9.56002806176551,28.5278771668399,-4.61588158543917
10.7737346807351,25.0494409881921,0.164985569209109
9.79768760968776,21.5095098644283,0.898423574044915
9.22959672121376,24.9930514810252,-2.67971054422765
11.216838587133,29.2127536385379,-2.01467264393129
10.2270898640079,22.9366024742302,0.669860814596165
8.83676991751291,27.1709824806383,-4.98714110488815
8.58817458148826,26.3380975309127,-4.84998312001023
7.31717433435993,20.0074952260682,-2.65167003704304
10.5930513804778,27.7388424779774,-2.11552212073354
7.9292867763807,17.3111483794207,0.44003948001102
10.425741788296,29.1341193167065,-3.4361382528997
8.12484065365069,23.2669020687936,-3.49709428256645
8.85750918975351,22.9132870098678,-1.87254446935965
6.2745904383347,19.7338650831034,-4.40220489301437
12.6031958228851,31.8104299549508,-1.30068668183884
12.4559544724095,31.246505902202,-1.1684375225842
7.0800125139058,17.9930906685357,-1.63959409474373
8.11425437122566,26.5921294068133,-5.91908545405628
10.737334410442,24.973682896081,0.151695812275719
6.00650691503889,20.1770702061212,-5.22333567463014
11.2984084208571,30.7701726811753,-2.98735822403763
6.24232841163689,18.1899568018502,-3.34714136901862
8.28942003913699,26.5202520515311,-5.53983883605431
6.84974351647766,20.062799443202,-3.5650813068923
8.30630511114477,21.5175666851563,-1.89424903180323
11.4927425620784,27.4420820412284,-0.219940538673122
6.1618237815566,17.2723025323748,-2.83464389310312
9.97698878299807,27.1311287919105,-2.8276951029622
10.119693586904,21.377656686884,1.59538910274646
12.348899665117,32.2607726593998,-2.10121021343013
12.5673705045339,33.0519691831503,-2.26454340672122
7.06297901685889,21.9044149051557,-4.49704062948542
7.55040669086494,17.3810895203764,-0.318476633776666
11.2783466616235,28.7249415117048,-1.5473313734879
7.10183180797898,18.1993177293199,-1.74780422069807
5.58081583356079,19.6305976442482,-5.62401522447169
11.9799956629835,31.3671262390811,-2.14497015333399
5.03796286593614,21.2973391622699,-7.84249691617613
5.81439160402279,20.4814821337135,-5.80224254158595
9.97581049505429,26.070443593996,-2.06363716620011
9.67126901010299,23.2432088196761,-0.590264899986682
8.29672480943802,20.209612192215,-0.967259232902242
6.91181430388835,22.9056747838332,-5.50284228937809
9.15922000801733,20.1683568405014,0.674234697036782
7.44865191114563,13.5490462004591,2.25972367249089
11.3939773999757,25.8111969378767,0.773686537160538
7.01407383906554,22.9733203590978,-5.36062484647271
10.6999071608402,29.6706485170762,-3.31142193822781
8.87034904537305,13.0189403256927,5.29931808847725
8.90982792709113,21.646026457612,-0.859285947522037
8.85686300710952,26.7910228727785,-4.67510416756245
8.77725073639549,12.4995453315329,5.50057226415938
5.1539254204936,20.4229094309622,-6.9940998831512
7.04519778670127,23.872374519498,-5.95195979966954
6.52154511155224,22.363826547156,-5.8406718970378
8.97432802642156,21.2655322180263,-0.463882209771517
7.79775765329791,15.3055902246815,1.64311375220888
7.0822760148244,21.939774838357,-4.48652625641659
12.3423184978653,32.1373251811928,-2.0243271523558
7.4599853985921,20.4934190135138,-2.73584887517988
11.7922123234134,30.4148819633308,-1.80794912353604
11.6634200850368,30.5846345320074,-2.17124761327965
8.27744990007047,13.4814294198961,3.85729376853939
11.3654611937976,30.6869804996303,-2.80196128702373
10.1110419636548,25.6884579502415,-1.53498477026534
9.50286938075014,22.8943843427879,-0.65294501893439
10.1395805086638,28.7482110500347,-3.69208206879209
