1.32490487138446,-6.89842684391994,1.4837039504842
1.86894260962946,-4.57130997098126,-0.444338250803854
1.62984895329877,-4.95276739859934,1.64707024868113
1.42975901826138,-7.31642526846783,2.16114900601626
2.26341937432921,-4.13181182205076,0.339089739872424
1.58225330795342,-5.52046358018946,0.16845197188071
1.81159091434719,-4.80229002797645,0.204318408145766
1.19597578049908,-6.06290879872976,1.20645114815543
1.28797081517213,-6.13263635421796,0.486262760963359
1.81318256689899,-4.64970722238115,-0.204597089153566
1.36086415065948,-5.66856290026591,0.303801421566128
1.54444393659137,-5.1279566850517,2.84176376829058
1.38922524721856,-7.18242458282426,-0.485454990220586
1.55226230390305,-5.11066459520337,1.33116037474141
1.59228339914552,-5.0263386526697,1.48016506459978
1.49072915277455,-5.70909987245704,0.862374801041888
2.5951396089167,-3.91718098175174,0.380851575825025
2.54320611433786,-3.81787929842735,1.18178361710694
1.3413455628749,-5.75651280770581,0.465027805023628
2.0439792707488,-4.3548265416975,-0.244108800233304
1.32426759047855,-5.95315613289398,2.16535737431964
1.20615355318114,-6.17700137034077,1.87817713924308
1.29920147303544,-6.72312554653085,2.41080862069071
1.4953241315142,-5.77407123043786,1.67800087019324
1.27865045563425,-6.37416970898334,-0.562222242152369
2.23864139248075,-4.15477961275479,2.51124047200505
1.48730782077612,-7.47664999905852,2.41346879490638
1.76640964734424,-4.72471784712745,0.983045956965234
2.07981411434966,-4.2822970132149,1.24101256387732
1.35300915938908,-7.03832080844162,1.71886103521187
1.76200986757886,-4.72660199184853,1.76319609392112
1.29377973169344,-6.67318482799648,2.34931219262068
1.30560263214217,-5.81253076573249,1.27892836655007
1.24203470148799,-5.6441511326381,1.22274219607169
1.27407989908159,-7.28308564270199,1.4890752143669
1.28867519346161,-6.62874460824231,-0.607961393637467
1.12221694267623,-6.73068362751913,-0.395555262060701
1.57927749612038,-5.05301698645616,0.903237525342339
1.1315799744,-6.30005473972468,0.555358170484558
1.61389859943326,-4.98340466003289,2.03419318559821
1.67436628464875,-4.87146383607255,1.72638190270247
2.0888662405429,-4.3053483013233,0.214561161895176
1.46783494421131,-7.42551395139309,2.36486925651995
2.04679545756244,-4.2982149473475,0.820508130061061
1.40088393961535,-7.22332452008871,2.28352805867704
1.57843516559178,-5.05476790116787,-0.481856449041457
1.67635580527553,-5.03575211907958,-0.0857183004248305
1.70678913383602,-4.8157233021541,0.46839479367804
1.34762116283545,-7.25658417912919,1.23012254556029
1.4489033739737,-5.67034923722293,1.13807247882275
1.25613156694546,-6.23665149990125,0.753060816906584
1.18970299268424,-6.57834054024015,2.00718569343486
2.26623201972439,-4.12923684698205,2.25069729991984
1.35844138092591,-5.35031124256679,1.74518092046916
1.46752766488382,-5.74119397672548,2.21497666599002
1.47728625766832,-5.55936889535838,0.449996089103731
1.38399125137156,-5.57749364339953,0.722771777788125
1.56059502090033,-5.09254512084218,1.19410505445707
1.12069923964446,-6.86315496031496,-0.43182608466787
1.69326085784775,-4.83865069212826,0.863536972282263
2.63297090896199,-3.84228664875587,-0.267819622984106
1.2191755634298,-6.82049617342308,-0.221338035793858
1.27883364900219,-6.40397484331747,2.56728031383026
1.17546391736772,-6.80699878722487,-0.621765558889268
1.82292811969944,-4.63562042956932,1.83749603351776
1.32378239710788,-5.84878568804814,0.494112634547672
1.27938061267863,-6.30371217521224,0.777770406021217
1.37754886120715,-7.13910785007064,2.1878823972277
1.57140378047459,-5.06949694065062,1.79341651045064
2.32753444531847,-4.07468747819568,1.38655617958862
1.28967997825749,-6.62902147560306,1.81070422731714
1.35739310252817,-5.68333918781699,1.27754148302493
1.85282666504741,-4.36868723236133,0.722975911161623
2.65801741541237,-3.82579603187781,0.273235359412875
1.32394432603499,-5.84785782845737,1.84383870782888
1.29345662131018,-6.07087253020692,2.13913853460946
1.36322700812294,-7.08212590065099,1.77929302047659
1.28728846516892,-6.59932491871111,1.48178070289722
1.8074771450662,-4.65803369248692,0.0354541441199847
2.63659082759978,-3.99062268753484,1.15860932223458
1.37885500536067,-7.14408258384419,1.50906853249372
1.41586913053718,-5.46264316479545,-0.210280100076676
2.45110464846982,-3.97325253050831,1.45258158290728
1.31654363347177,-5.20649631248298,1.8162740563727
1.39041037826282,-5.55413191976557,2.54883000442809
1.28040645429083,-6.26708164791555,2.18541750749956
1.33412187545169,-5.7926128127461,1.52826934852673
1.41705299823214,-7.33597756444859,0.848136349239552
1.3514676359727,-5.70936879043154,0.0558401817544426
1.36704307200719,-7.09777272494597,2.66544061410937
1.22062959746584,-5.50928270694148,-0.259698651218414
2.2305957444387,-4.16234865469347,2.36711720082812
1.29076809681689,-6.09936389050654,-0.444031308281666
1.34328796602842,-5.37919486217026,0.100122650168759
1.29645901382536,-5.63073180339291,1.99007780652262
2.73618484426765,-3.93806839839803,0.299455650835505
1.32905440572857,-5.81940334802733,-0.304021328592779
1.73174379004102,-4.7745954645889,0.63265154147186
2.51568762800824,-3.92439251533326,-0.118455438109117
1.38851185283342,-7.38962709907832,1.16323920104231
1.88188986401341,-4.55383516051768,2.1413051901328
2.21472099159306,-4.39684573539609,2.13440593240073
2.5058107182682,-3.93169066093795,0.18555211110096
1.42091150322365,-5.45181688954574,0.150758168459169
1.12168844967031,-6.22065048716008,-0.167527121383526
1.29650879931294,-6.6992832901665,0.443618714403678
1.99916974969868,-4.40648468701215,0.825676208617821
1.91578699421939,-4.78717306304144,1.61152583338763
1.36426633576756,-5.65439194558653,0.0312125765593121
1.10552924230689,-6.29332981245125,1.40361275381792
1.32095166180134,-6.32001409139641,-0.173900714693065
1.98739059282303,-4.18884763040421,1.98407530949649
1.38874451253387,-5.56012505254754,0.372322261158019
1.4386001225448,-6.99310590117309,1.75504469606636
1.30031353281472,-6.0083065815025,0.0616144872923489
1.28503625497965,-6.17353711035918,1.42155658691403
1.30178089921609,-6.74452471182858,-0.303183347063877
1.47136230166659,-5.45828664813142,1.47328330196593
1.37831585002287,-5.59878200016628,2.50736660906068
1.30761461150263,-5.95196865266344,1.64285179825882
2.33790427164187,-4.06574889182317,1.58931872818628
1.17290394408418,-6.95744733592567,0.833982098962011
2.25313159241035,-4.14128584677485,-0.203557082962483
1.21761790867117,-6.25028484906218,0.417110504218527
1.8521634223711,-4.71559332045881,2.80545838104833
1.13822821521697,-6.1182498258644,-0.184440677477217
1.6101224049048,-4.99078452685838,0.424492765469178
1.41961871360973,-5.3718260881664,-0.446136710662631
2.27650697504109,-4.21363440340153,0.174287518519588
1.97560220036971,-4.43462345013916,0.901243965047505
1.27865127252159,-6.37477966115655,1.32004169094419
1.28165846802845,-6.23522444937013,2.04443074040835
3.00171646896223,-3.60613013769429,-0.440904523250365
1.65830680663929,-4.90011985460899,-0.14511226252591
1.29256273727914,-6.66078302431802,-0.18008165851974
1.46376160011203,-7.41445467296648,2.01350457168649
1.28233811228768,-6.52006660275681,2.1970751610618
1.59861982894427,-5.01357624245463,-0.1007280989431
2.317184742196,-4.28181074090111,2.07367862355659
1.32863439541321,-6.91913060811168,1.54106719245703
2.04117049470853,-4.35799634008051,0.552939875290641
3.0705740231348,-3.6004970926298,-0.514813587972868
2.49432628498891,-3.94025465362461,1.39121511482559
1.35225061843816,-6.64590936156833,-0.0782586638787193
1.73751308689673,-4.76529225293291,0.0179483008553089
1.23631845596768,-5.947478993915,2.0369596908171
1.15351064352818,-6.34464553923154,1.80461214732864
1.49448033100793,-5.64551363982262,-0.540262455725267
1.28324692014889,-6.20334478335475,0.716451374077463
1.27950360941301,-6.44248479112902,1.76275453647085
1.3371587333363,-6.68745309014873,2.26148524972199
2.56209374108097,-3.89091671467106,-0.200363843165206
1.29455203562586,-6.81168588930557,1.79206429194656
1.1395549502417,-6.19134854080659,2.00005643984141
1.28370788619307,-6.19517847702199,0.39391542082943
1.38867058001918,-5.56039213982662,2.43202158988409
1.76598729668406,-4.72043996052919,1.37230025568507
1.29411063011261,-6.67646913624146,1.76561287279404
1.3938183029458,-7.19879820606673,2.53676818529171
1.17264214789553,-6.52482326775353,0.973198847506315
1.37518465499998,-6.7220458649329,0.650790458558614
1.27035901229672,-5.26153331072479,0.677392151950767
1.69467089093465,-4.83623943844311,2.02079563674596
1.37632644127314,-7.13442063184937,2.00329823137447
1.14607175699899,-6.95942157516712,2.1947647764303
1.28936759659885,-6.13213539891893,1.40483883047149
1.25999832110696,-7.1661662223923,0.990520353516049
1.56379110645643,-5.00879538863725,2.27958118881316
2.81306031925417,-3.58995201707878,-0.5966565505641
1.28019236743123,-6.03831513430716,-0.0502564323599817
1.2889455430623,-6.12053537882724,0.739640504223913
2.53687789830403,-3.90894154592806,-0.00924968196418074
1.79179493149376,-4.68123095706933,0.732522764680046
1.33520292072658,-6.95375276230281,2.2099039298247
1.28425602706375,-6.55487600482635,1.08012980281856
2.12143687996879,-4.28724470614848,1.27932610709641
1.64204181658851,-4.92990591665395,1.30802592067951
1.39039740078175,-5.55417842445562,1.2776276255696
1.28008217458457,-6.46372297341556,1.24643692592396
1.83361912152295,-4.96610089406196,2.37476339455112
2.71220668135671,-3.83732115962042,1.47675526736266
1.9489327879434,-4.57540417149713,0.792828124048072
1.61800315667172,-5.11582655793691,1.30923460671602
2.81144362499891,-3.73220901665292,0.650021145051621
2.44321822228686,-3.97940689189496,0.0980213644763201
1.61185699306205,-5.2083987020201,1.46647394096808
1.69585039328317,-4.81514875508795,2.68358187379086
1.32590480241085,-6.90405914823189,1.03329656600995
1.32238725111833,-6.88396376257133,-0.468206784516955
2.0527325377757,-4.34500498769828,0.979252072572048
1.47453820170028,-5.2973834621227,1.62280122867439
2.84741606536211,-3.78675742382915,0.100807419580469
1.54615464450689,-5.32291834954406,1.71723354352456
2.8250664388142,-3.72448933997757,0.597367899222969
1.38142330599722,-7.15376603514697,0.235056182444519
1.53822208120461,-5.14192718755807,1.99142293970395
1.24687694954148,-7.14558312328945,2.1066632956868
1.32069015578859,-6.87397295678885,1.10809739174671
1.35683625959182,-7.05507425447442,1.92576493138101
1.29628246988389,-6.69719900666831,1.57393913402257
1.30563631959699,-6.77437118266492,-0.517205177585051
1.99996477363496,-4.40554741348899,1.27387904432864
2.21273755591873,-4.28829754097619,1.12644433585606
2.27996134869135,-4.11676027193276,2.52000820550296
1.14150068598872,-5.58214210073629,2.28026303339283
1.2909421659854,-6.80777226446608,1.11358353507646
2.18025145388075,-4.50654547550954,2.67490879813292
1.93060459124294,-4.4162575080869,1.38330573072566
1.2887898493071,-6.83591369180919,1.05799604723542
1.24742654425234,-6.55556914502216,2.69312480336282
2.71198401677345,-3.86737154863165,0.109230628629567
1.39425719019156,-5.540470707599,1.3205519743216
1.6304728584378,-5.05709056878984,2.2744233094807
1.68033685953712,-4.64667194790591,0.407907836162386
2.09855465332214,-4.28948889077138,1.08346097458155
1.31247618185005,-5.91839764377772,-0.413120444232223
1.26114481444481,-6.77650971110641,2.04870806674256
1.60998955712493,-4.99104506022995,0.963883565297407
1.36694794200835,-5.64342824442788,2.64685168570553
2.09017082946945,-4.30394256878177,0.637519870824052
1.27867298112617,-6.38269432508721,1.45881870172994
1.31342005674229,-5.91217081758724,1.35831181604461
1.28358198068479,-6.1973705898031,-0.166193315120612
1.33922320056791,-6.97392907443228,0.929945404938684
1.78774236197001,-4.68730129477166,0.0916122434086083
1.28286625468302,-6.21040341341999,2.19138640520177
1.44699930699119,-5.43026013539367,1.54024208217614
1.55205824473817,-5.11111228352284,1.06480788180521
2.37172775872603,-3.98673846015973,-0.406185478311134
1.42401146185443,-7.2987099187393,2.54940060256123
2.25145744167889,-4.12294610511411,1.2048971422353
1.69517841715253,-4.83537277767133,2.79861507987455
1.60462249990865,-5.00162287465029,-0.444802850767768
1.43818203549598,-5.39907314364961,1.55694710429243
2.22276546871571,-4.16976832407836,2.60947140779675
2.59549451311298,-3.86763204015721,1.46547688339836
1.32359497425382,-5.84986175676728,0.233684818777867
1.50398751734943,-5.22243608014154,0.765679791829696
1.3013641082216,-5.99966338429104,1.23715299174711
2.29890269734341,-4.09979604630351,-0.276687110417992
1.36808162624628,-7.10196968314888,0.540070066249369
1.57567946769096,-5.06051618434665,2.0412749859331
1.39206848762263,-5.10669433625768,-0.325743273852037
1.28254751429029,-6.52425183161385,1.83917692766444
2.11126000236822,-4.34478467807063,2.09521260407855
1.91384454373964,-4.51179500185886,2.53792122184273
2.26109546137365,-4.1339442683247,2.35359420412726
2.78240126591341,-3.74897874315782,-0.199927026496788
1.30418281588627,-5.97742552611952,2.00284916377277
2.48443204608322,-3.94770076056799,1.61588987451705
1.90317798049621,-4.5256600480538,0.817365100791092
1.2840447350739,-6.18944461705764,1.23285170754994
1.8390776818358,-4.61264436652692,1.14524412435973
1.35956526215411,-5.67405354265694,-0.0182647637368758
1.27897202505356,-6.41475991315477,0.771733349428949
1.28609516478593,-6.58295108124186,0.382637290880516
2.39510738412577,-4.01787244290794,0.0818953044816787
1.42796540612765,-5.42987873585079,1.45386581042832
1.39394364666247,-5.5415751001582,2.3469843734889
2.42686919251166,-4.23797327535536,-0.0366769537021413
1.40996812133513,-5.48704055715029,2.5080519470523
1.41334573359256,-5.47600667142073,2.60891010912638
1.27878415826274,-6.34166413465754,0.229565004694843
1.37621784469422,-5.1747609035241,1.49782302467325
1.28391201107619,-6.54913343481125,0.254258490515063
1.28055494790205,-6.26280836425658,1.67658531674045
1.98188462287299,-4.42705470549949,-0.46313228231312
1.40558176019277,-5.50159851990843,2.7391631471936
1.2787379197576,-6.3470545635824,0.441958026869925
1.57160383269012,-5.06907505080796,-0.0834859520014139
1.71815716409462,-4.79680523017997,-0.467709392599338
1.30146958171409,-5.99880691109668,-0.42820410438586
1.99030933990282,-4.35021957657255,1.58623285378389
1.29079388130207,-6.64173894237511,2.03890636329854
1.29277149214016,-6.66294806411523,0.408635821889139
1.90545358344834,-4.52268818371546,1.34361390817168
1.70194110182773,-4.82388694312392,1.91739230173057
1.30712352141936,-6.78530123487012,2.06466198490115
1.39236968408039,-5.2388575087733,1.74211426954408
2.27250690053911,-4.12351552223676,0.156549366849282
1.332392476762,-6.93920643521042,1.99347116397229
1.4910574059531,-5.43796568325951,-0.118100716285001
1.32457356592679,-5.84426826369593,2.54516008199832
1.2843926736485,-6.18370742122172,2.37599271286085
1.44485735499391,-7.25582916493298,1.34136117261291
1.33116295564535,-6.93271994148942,2.30186719117575
1.55400125011385,-5.10685726866354,-0.269709872031088
2.589239171064,-3.87194232879035,1.37624808493369
1.82629221211456,-4.63079693303419,-0.241272301867432
2.15420887933168,-4.31814527447484,0.642086182163666
1.32309805209342,-7.31948429395935,-0.181231436662845
1.76739120274959,-4.71827273346064,2.38989400731349
1.30648961407154,-7.00803140761324,-0.188459582332354
1.95104443663138,-4.46469645940353,1.98998538236268
1.49646239715661,-5.24104096910968,-0.100056904128578
1.95913983276199,-4.45469603216607,-0.253555378969241
1.32694579263816,-6.90985828360071,0.0239491788781312
1.33205408313441,-6.93742886374459,1.45980584784001
1.42859472241956,-5.42794889293116,1.794505952261
1.3267977338116,-6.90903741067503,1.48490418754044
1.490164284979,-7.48392499473701,2.19120820923115
1.37430616797444,-5.61420911928779,2.57765609514174
1.79078580150904,-4.6827395798802,2.13976110587628
1.99159591222381,-4.41545241489451,0.763575669246668
1.27493299281936,-5.91557340535301,1.62706446150088
1.80352307283897,-4.66383927363154,2.75830585761955
1.36010316608314,-7.06904105356846,1.25273413695965
2.84156825861512,-3.89049838926178,-0.098348557849835
1.02880608855654,-6.48055537819099,1.377057241056
1.35840258043056,-7.06180778225953,0.293586991850812
1.34330094730608,-6.99370049962504,1.59733950623067
1.77160822378121,-4.71178703981978,1.60683511108699
1.39678876976466,-7.20920395094666,0.0275334142951492
1.34166217568848,-6.98583431941224,1.71186409770993
1.35028667411668,-7.02612881122706,1.09766940191415
1.91476977811632,-4.51060008134833,2.0559173219445
2.54241214091029,-3.90495217206969,-0.184631252852311
2.25332397937918,-4.14110787245882,2.14618042722509
1.40284833584204,-6.93404399633007,1.51799540510008
2.52923505226204,-3.91448206992462,1.06660589344014
1.17841442746437,-6.37295642204133,0.0616397819455912
1.39178360782859,-6.58967878541788,2.3848101299791
1.46803986825912,-6.7428983490253,0.897276694618843
1.28425634041831,-6.55488115379119,0.0437068392614539
1.31978312568791,-6.86854873839242,0.732659615966355
2.31529433378517,-4.08534376073444,1.70115595648811
1.29974676773577,-6.01305750171134,-0.543852710661673
1.29690726713919,-6.70292068671393,-0.250461300521802
1.29869952519996,-6.71880638218741,-0.142483247985879
1.9458827932239,-4.4711182586402,1.72107215727842
1.28258328521754,-6.21585984093242,-0.358036880227765
2.77487718434915,-3.75339341170765,-0.521606709119267
2.77897258640903,-3.82637973949834,0.380151379622986
1.80551289369178,-4.66091410421156,0.0444575280587193
1.85989537743356,-4.58367806992298,2.01300271689952
1.41609958158003,-5.46711956418452,2.39828026580037
1.34694955174444,-6.21100589411899,1.20609909485614
1.432905309889,-7.32596916367756,1.31746379303247
1.28551550788666,-6.166293865056,0.164298149556399
1.44812553532874,-7.37071346627163,1.8846413735555
2.6672540848357,-3.91266130995003,0.200278921254376
1.27943021164011,-6.30149136353374,0.972671688797819
1.48858593735456,-5.26090326816016,-0.377423411631169
2.0971097849743,-4.29649544478744,2.19882678512267
1.20314128496072,-6.3210795671682,-0.0478112253568643
1.87892904594357,-4.55780833969334,1.83714067432064
1.28041552222467,-6.26681563506531,0.969816520409935
1.29145909848635,-6.64905494866651,2.53328341657997
1.42697757164679,-5.36671630403295,0.275458785678895
1.30034910328437,-6.73280473085295,1.90567167512771
1.3581071806401,-7.06054317346362,2.05025897506761
1.79400638388993,-4.67793170037557,1.95239764364082
1.5424301358883,-5.13245777726075,-0.479113393610234
2.69648035402093,-3.67123888134038,0.901209365272287
1.60565732293273,-4.99957537803231,0.420027874488622
1.27872439065219,-6.39192965061178,1.24417529007669
1.81547875301301,-4.64637285481277,2.40376516222682
2.71458828350217,-3.79487535487687,0.0324747114522157
2.58329500206755,-3.74689374266622,-0.403731530282679
1.41247483564595,-5.47883740571799,0.943868681654541
2.81153642334306,-3.73215611599993,0.73243770986791
1.27184369453168,-5.41625890899432,-0.552172788418253
1.40005637014729,-7.26186281875087,1.71141187083114
1.90489444335816,-4.5234176997704,0.874733456231157
2.01578152115867,-4.38705894816973,0.110877051122956
1.31566591836936,-6.84312335130098,-0.383453029769691
1.37335565796332,-5.6179156800837,-0.475825336807694
1.30291459675117,-6.7535465806304,-0.363123464921858
1.34849425819552,-5.72284488979787,2.55781811851363
1.49616940754277,-5.24177256583137,1.22578660415915
1.06757752758613,-6.53292511104349,1.37361820348728
1.31968962901688,-5.69163445880827,0.948419040572081
1.3968279311755,-7.0982851008679,1.05448973167777
1.68300114477455,-4.85635066395255,-0.562594747288465
1.68167452442589,-4.85865955263294,1.10318704545957
1.33934170319566,-5.96037304603401,1.33487064838315
2.21728028190023,-4.17499744641038,0.524879370661284
1.6316643872143,-4.94724529594889,1.25721249982468
1.43052769940899,-7.31876679960344,2.31215706799039
1.46471964700996,-7.41706774120896,2.00454718088592
1.83241456851834,-4.6220693440579,0.525928745160585
1.2923522268739,-5.86177243072932,2.35893677885704
2.84530491363911,-3.85127192680702,-0.510011875386186
1.27889632109135,-6.33158269862768,2.19758037587878
1.43238000014584,-7.3243830617086,2.46102338506683
1.95818153219492,-4.45587533069333,0.0601402737522456
1.3505777767996,-7.02744378534524,1.02578650103227
2.5541206523375,-3.89657406659197,0.0116743940155637
1.31060592865046,-6.80981282352476,1.16067551489725
1.45511274885387,-5.35029390677594,-0.243201115847725
2.47588206418819,-3.95418633481909,1.49756642812894
2.53241039864895,-3.91217576617571,-0.528022260110984
1.3028653936907,-5.98765573785193,0.617306509376929
2.12697352835417,-4.26500623269243,0.691471276954179
1.4322278590061,-5.41689210354561,-0.551516754893977
2.29163811681073,-4.1062685812684,0.154810137231507
1.27865501318145,-6.37687553438236,0.875579117502234
1.33764508984412,-6.04934725978239,1.22261405990437
2.17206163852094,-4.21912208201395,0.325855706572718
1.46101203926084,-5.51702318054102,0.7817581239349
1.63461224811169,-4.91729346447647,2.82385821718191
1.2899280753128,-6.63190795997577,2.79257053348169
1.31256076643846,-6.82297919214467,1.44493658812391
1.30532535872638,-6.77204751157055,1.34342532000221
1.87623160245435,-4.56143990677716,-0.477214129835396
1.40500569593193,-5.20176289704698,2.44360889401452
2.27367874857102,-4.1224506066259,-0.017990526148575
1.24007279001291,-7.32717613203412,0.705271312846633
2.45261493538715,-3.97207870242077,-0.0646618317461799
1.69340006297818,-4.62517053981528,2.69189158087976
2.08609093378721,-4.30834470843232,2.40886278115531
1.56518998951597,-5.08268549093352,1.70468121241097
1.37464363120135,-7.11973999004163,0.667462245448337
1.57996867844071,-5.05158239490858,0.697623102903849
1.4079842807198,-5.84215636087017,1.24295311857332
2.01313741501321,-4.33208353603993,0.0659568246562513
1.3534517136501,-5.70053457968801,1.5671470323346
2.38666178292705,-4.02479176313411,1.87676851795854
1.61414373184124,-4.98292730651893,0.705571981168842
2.60318961786234,-3.86236123484628,1.32397262823611
2.21306567488685,-4.17903310800527,1.777834149608
1.88488638086981,-4.5498278074228,2.04219765338076
2.33653740022201,-4.06692245227226,0.0411599084343542
1.33427343405993,-6.51475717459578,0.209973541543828
1.52057552396161,-5.18262136260373,2.59115364125818
1.57459196553072,-4.94752706340676,0.0248383487867167
1.90564277718679,-4.52244144413756,1.06978447614938
1.63874608647196,-4.93603921727598,-0.0953005993145343
1.24542699420349,-6.95929143360902,2.80554980120868
1.30166675352656,-5.99721117445071,2.10494321149785
2.22624434509388,-4.16646535619126,1.94950187182113
2.24196656718568,-4.15166747547406,0.70210372455978
1.31467634240265,-6.83680035121462,2.18992721735238
1.27762803519755,-5.48862540927009,0.543919370833478
1.45284372513682,-7.38413666088738,2.61869152962619
1.62295655588081,-4.9659020108128,2.02264370315117
1.88506273733562,-4.54959238784615,1.33902568418561
2.14347518577821,-4.24798700669617,0.0502049822279973
2.66011256050179,-3.82443259743189,0.0772699443566265
1.15254277630603,-5.90630118014685,0.939533575038868
1.41784118582042,-7.27926695605953,1.97200663046452
1.37880846679113,-5.11203406781431,1.25739044258811
1.3153544896552,-6.84114282757337,2.64641017752202
1.40884905164297,-5.84768894866023,1.26457518007491
1.31135817279207,-5.92588867440871,2.65073564634466
1.71559954232376,-4.80103442703882,1.86342456035698
1.43415041144972,-5.41109829186561,1.86712276958149
1.2809115434342,-6.48763358010501,1.62964197212144
1.39749049801373,-5.36172004150119,1.00074789565403
1.36797150335835,-5.7465596761676,0.794666387957898
1.86282636680392,-4.72754905918314,-0.187070317287606
1.27894519464996,-6.41288333055808,2.63474869181128
1.29749272982154,-6.70819315897269,1.50854751619962
2.05701285914417,-4.34023331470426,-0.0415703156783471
1.76069384106551,-4.72864805949516,1.6665262860012
2.4702634928245,-3.95847429079433,1.86672635139659
1.31574184162876,-5.89721035313539,0.591955502877663
1.28080120228648,-6.48474154928271,2.70449219274552
1.36527852257955,-5.6502328534636,0.938275668930164
1.35939486433344,-5.67477724138323,1.91128417227904
1.20389418637594,-6.75798342873483,1.04944519460832
1.4638952170063,-7.41481955745167,1.52464516147148
1.36301820360192,-5.65955602852896,0.695804241599124
1.36053954715939,-5.66993079981799,1.20057857632391
1.74125900870921,-4.70424665078388,2.39121764723325
2.67429143859362,-3.81526984020591,0.939984617596047
1.28187810500232,-6.51043298865797,1.85988023501383
1.440221233991,-5.23041643962235,1.54872189448963
3.11771333034858,-3.75077875908352,-0.65359088001028
1.65652019282395,-5.01382616832656,0.49703073774838
1.33926965412395,-5.76665713791571,0.951804306233021
1.66347909660129,-4.89081096535989,1.36029598416701
1.28214168052657,-6.51603103302241,0.502748699146531
1.27992211492578,-6.28245279003787,0.381724372807991
3.05456794596924,-3.60774633494953,-0.0376906347095933
2.14240094935583,-4.24908687482346,2.38190701191264
2.66462256040927,-3.82150599275562,0.19841038123761
1.62856549105141,-4.95520146990967,2.83084776548332
1.79510856693304,-4.86858469700809,1.44040112308626
1.30132391312242,-5.99999030838106,0.0871573592503392
1.39908575064821,-7.19075677185323,1.26952558851161
1.7421459777056,-5.00795717930128,-0.505948873391352
1.21754612092869,-6.94943959657745,-0.446174507873136
1.27864816235616,-6.37088184058979,1.48764107210677
1.29871196949609,-6.02190113003377,2.12596750834534
1.57038535706902,-5.07164729480386,0.994776378491007
2.1845721834204,-4.20672960558083,1.49673805315411
2.8312365291583,-3.72102336667838,-0.327378986699946
1.41373801388688,-6.82157120617523,-0.560478489655091
1.68057939881074,-4.86056907979913,0.969343378762778
1.40650206387474,-5.49852213028428,1.44974754546857
1.6315905377468,-5.16056478954306,0.832938613966678
1.32608647548926,-6.9050758870371,-0.424091077359672
1.7691745669122,-4.4757420553176,0.987776041310486
1.39628477973111,-5.53336695411211,-0.54487391777065
1.30504586260379,-6.76994722387319,0.726305944080714
1.96565702242544,-4.44670772382916,2.09114486948118
1.37356162124507,-7.12370438232998,0.973409135348003
1.44769087731423,-7.36946667579321,2.10918097854382
1.95942246145525,-4.45434845533497,1.38907521616516
1.28916813426224,-6.62296144141994,0.288920667700364
1.93786031608864,-4.48117065168507,1.2542931233681
1.13247585316638,-6.60212231107653,2.43706870009456
1.27447518535651,-6.19964989285117,1.38826386858156
2.48753345858243,-3.95375445558258,1.29750486143927
1.31662921442079,-5.89161897939243,2.49472393414694
2.04422930326403,-4.35454480287121,1.78009419178414
1.27919838348843,-6.31259989665382,-0.321514415996581
1.79737647846738,-4.68568169958675,1.48412523413075
2.51398499051685,-3.92564621030327,1.12569054891664
1.57490630475633,-5.21084754488358,1.44455365162253
1.28195128548199,-6.51200950267925,0.551279799420246
1.20288020260234,-5.40453851734255,1.56144515734822
1.40759414572024,-5.49488680043438,1.38697401014721
1.52848472258728,-7.63911795535102,2.77293384998118
1.28503475234235,-6.56725500720808,2.43054885502863
1.28665137605997,-6.59073538095683,-0.084908833883772
2.32362695764625,-4.0780768654407,-0.207672178944682
1.77005595816972,-4.71417019066958,2.22410232513569
1.45280011228573,-5.81341617908142,-0.174496219320914
1.32249838700282,-5.85620419652973,0.669293282957686
1.31678384538632,-6.85016377070592,0.64401047669755
1.55690208295706,-5.10053675846922,2.80770815374084
2.20477080488563,-4.17785596040624,-0.0108649087701887
1.99040824424391,-4.41686505862056,1.44049214506011
1.42601854832271,-5.43587683032455,0.656872844141424
1.35449690228074,-7.33159342321662,1.59695075316901
2.27589765021316,-4.12043723490898,1.4386620962616
1.98591720326901,-4.42222262696161,1.27966400113866
1.36413619536554,-5.65492855259793,0.316685113740903
1.27866676695584,-6.38104816161176,-0.0989479884346773
1.85229676811312,-4.59416795796134,1.29555281517262
1.49555531148851,-7.49750749381838,2.37178552109419
1.40546649741344,-7.23883059202697,1.01341450572156
1.81882877835111,-4.68646884386268,1.4509955610338
2.91715390387734,-3.67469019883578,0.267592348504369
2.04940523858359,-4.34872827851814,1.60630568664665
1.3043800963363,-6.76489845318648,2.02229480046593
1.39589811526655,-5.53471661151362,0.672843314739448
1.57760263794565,-5.05650126238235,-0.385751032447885
2.19066229729664,-4.20074868724839,-0.0716195252168433
1.97009605741651,-4.44129821400791,2.44602060880304
1.93218719158578,-4.48833228774464,0.2945137492584
1.2880706675971,-6.60944688211659,-0.1288574985536
1.46320208057735,-5.32789009944015,2.0443366526002
1.39882122127189,-7.21624399762938,-0.215899369507786
1.29912059874494,-6.72243326858911,1.90024381382143
2.06659116746307,-4.32962842092575,-0.269678672457751
1.95121332432982,-4.46448694146262,1.67549625625471
1.77320993430521,-4.70933308238936,2.69835296772087
2.15437968793524,-4.23688501985885,2.79186679860003
2.47924475072846,-3.87027897227681,1.143342400405
1.25108422268746,-6.64551215593697,0.778000419816749
2.12040673764945,-4.29700338865624,1.00662590513304
1.49195359920758,-5.25236096383826,-0.545312622319247
1.35741275939592,-7.05756068447305,2.75768777549554
1.40079843615633,-5.5177829620836,2.32242324843889
1.3865292578511,-5.56816938139181,0.295193146983301
1.40201952502604,-7.2271954570785,2.78661802401869
1.37558932176869,-5.60923590914208,2.75307953519829
1.28495790621136,-6.17474685479514,2.58163625440228
1.33018697065971,-5.81329993711674,2.78383847805627
2.56052475138875,-3.94031708189695,-0.351363264026049
2.56372508694803,-3.88976393171113,-0.169274491898768
1.28875845998918,-6.12281179789192,-0.395217836902187
1.38275738176122,-7.15874575881912,2.19142082282777
2.20676201804126,-4.18509820125394,-0.13832281189385
1.31539581624356,-5.89940911467763,2.42402361033794
1.46013995947555,-7.40450898947735,1.86589881843978
2.41122687049841,-4.00480592290807,1.19269708690811
2.52776361827024,-3.91555292274489,0.277523924285679
1.587069227319,-4.85276526065551,2.22092187601307
1.15970390681302,-5.73395806457845,1.50773700241873
1.31102202933799,-5.9281663093264,1.58770462797927
2.63065538643861,-3.84382916180851,1.26758955165663
2.95249789279318,-3.65664914669071,-0.247996079916493
1.45221577842759,-5.9303335844111,2.34916445624776
1.28053718797485,-6.26331046344602,0.941797133637093
3.03340043290109,-3.61750544772267,-0.06609576092249
2.73146150647779,-3.77944071333669,0.794591776488245
1.46345145459911,-5.42588223193865,1.69458839418444
1.27908160589374,-6.42171639917569,1.30203300555632
1.34022596198698,-4.7322599589416,0.513059967064824
2.22042386752574,-4.17199741683015,1.87869254817445
1.3458248587808,-5.73519863764271,-0.526795892003176
1.28997807005464,-6.10832950224643,2.14779428370364
1.29973129553438,-6.01318809637854,-0.263296433549959
1.27938991544247,-6.4375252100098,2.65287258250981
1.34155329094632,-6.98530794768477,1.09731255783811
1.27961302993523,-6.29386029973214,1.26597532240431
1.1826010815542,-5.79752859048629,2.50165195178656
1.79914113350982,-4.67030697388319,0.923204416039652
1.60847017423376,-4.64232192737089,1.63390879300354
1.29727289531984,-6.03459201683043,0.615634641389329
2.0127403074317,-4.39059065499814,0.891003259266104
1.55969221040369,-5.09449322223271,-0.127673592008831
1.31300044691369,-5.91492826914823,2.57679512217337
2.0305361971738,-4.49677101695315,2.46536376229243
2.04737850610391,-4.35100226938467,-0.0425192563432949
1.86222275787876,-4.58048387037577,2.21035285019043
1.202952248128,-7.20218228590085,0.919965140066378
1.41306688523852,-5.47691196131477,0.822976140230444
1.46793339600806,-7.42577962266837,2.27570809760099
1.28183819484815,-6.23124957973204,0.965382021474374
1.3757362884541,-7.13214673853866,0.497983908593043
1.31888964514522,-7.17065689563125,1.31518721488856
2.47252476276492,-3.95674605634564,-0.439802057188209
3.01254564395192,-3.62731406959253,-0.0773152054517406
1.43122531739335,-7.32088632922963,1.80537977421295
2.5424798618029,-3.90490347219327,-0.403403063389987
1.29445358368144,-6.06097931119818,-0.390216465071291
2.9068407674015,-3.68006476517597,-0.157054879220819
2.06156682152435,-4.33517875516206,1.90880199517268
1.2422008780411,-6.10526598114306,1.48368130357302
2.27326789730275,-4.25712656766091,2.09597767246216
1.29510219212202,-6.05471104292988,0.277835115104688
2.83034391601825,-3.72152361148732,-0.422838899584072
1.00187125902446,-6.25267169842912,1.87337605262809
2.27233636003509,-4.12367059375366,1.41655795778996
1.13506625669748,-6.3858313925449,-0.520140451750295
2.16568393640155,-4.3749346278609,-0.185050376119232
1.97652151202812,-4.43351278993361,0.351261070454367
1.56635194714182,-5.08020675444583,2.20913033929272
1.54230575840153,-5.13273642040112,-0.432987299391021
1.75575592942484,-4.64830365740409,0.807947040647147
2.41830206463025,-4.13084439481028,0.176487947917528
1.78182209286744,-4.69622645221222,0.60676423671591
1.18990899985487,-6.57966237444652,0.889766189925294
2.4402867038726,-3.99736709045381,1.08133517500615
1.56622732132315,-4.6964481008531,2.50980898525467
1.79616316414448,-4.67472297003237,0.0545579989112784
2.33628026193536,-3.99568302726737,2.11616085897785
2.34002131883892,-4.06393402737271,-0.551502147588199
1.68014832583788,-4.86132160538866,0.456833130825538
1.28201191844937,-6.513302504602,2.17669225541021
1.74332370214599,-4.75599743941366,1.74751287839861
1.285912848104,-6.58033639457921,1.69112856408287
2.02775158923483,-4.48012289313307,2.62081971109672
1.65616680993826,-4.90399395667018,1.54761300928552
1.35719522650326,-7.05662358554047,2.80935077212901
1.13635702717716,-6.96724728586315,1.95807885899746
1.31386924485906,-6.8315775610014,0.953041907168541
1.36431551526257,-7.08662597387905,0.0893834336294299
1.90267979491998,-4.73967100313114,0.701682531833842
1.8959578902052,-4.53513978869554,0.61709223386374
1.31706178626514,-5.88891745890855,0.653402215213823
2.11334374866557,-4.27926614476991,1.16745063827882
1.52838804823688,-5.42657232210514,2.09333502774466
1.27882443030901,-6.33768498602501,0.204037098584265
2.97297251593393,-3.70025769061329,-0.280526826633257
1.19254137609609,-5.69249748217949,-0.425302518368049
1.88716504705673,-4.54678965272512,2.25322375861316
1.83461932282013,-4.61894229725029,1.83179023767146
1.24255181863816,-6.8302844969619,-0.00687818622943582
1.29140331572613,-6.64844890999194,1.44462053622379
2.0527811465487,-4.34495068508687,1.4340545046015
1.82375382768346,-4.65907511134075,-0.0829823032030686
1.58579018107116,-5.0395751131373,1.80887731891125
2.11720659507823,-4.2752058523629,2.69641714313692
1.44258537315264,-5.38612598883886,-0.34558485309128
1.13430395636628,-5.80160963468907,-0.676698568887796
1.43371104900828,-7.32839632156882,2.68173757229122
2.56165041101153,-4.1247434963744,-0.0411704159050939
1.94218754829467,-4.47573766089898,1.69282232324246
1.35825374042017,-6.88210764155912,2.70659838766672
1.44303335162452,-5.87748551837966,1.9314186849136
2.26165292143213,-4.46796545911976,0.627377477633624
1.12160098379122,-6.63323537668574,1.98695941908705
1.2894720400793,-6.11423826674406,2.28604770577891
1.28278538985555,-6.52887176643658,-0.158806691096779
2.1325853348949,-4.25918854533039,1.23149512354786
2.28686807161424,-4.11054133964252,1.42956345833979
1.86788377813277,-4.96092767952199,2.42257711614937
1.76563151669447,-4.72098982451995,1.09669153676523
2.32816578393116,-4.03222477422454,-0.308193221313122
1.29142550060436,-6.64869009179298,0.817303141982054
1.91278058471698,-4.51317060241406,2.60473766488553
1.47720510948497,-7.45046622141399,2.49782063193874
1.73740933213075,-4.76545890214047,2.4583900735008
1.15906003360862,-7.08930466735768,1.12120907637048
1.30738480132967,-5.16411318856309,0.0544263833566216
1.47609176733348,-5.29327927268896,-0.350841152972834
1.29638229420513,-6.6981199490809,-0.340399533997353
1.70561785885931,-4.81769030272683,0.921727482754355
1.39157721095167,-7.19085305150712,-0.139748096633065
1.70797598489573,-4.81373357785254,-0.344147474693808
1.35138701408634,-7.0310848616922,2.25229172249622
1.62833405003612,-4.9556409646972,2.34401178091866
2.16057637559651,-4.23062653635522,0.580605820585811
1.28936177915622,-6.11554406056285,2.04219666248247
2.00194785006793,-4.40321286172059,2.68847726108716
1.46189493794754,-5.33147330288877,0.177581542719945
1.28278979343343,-6.21185923013789,2.04367369020261
2.28744117159397,-4.11002702754284,2.10124508516694
2.79843924821174,-3.73966518622139,0.68714099088726
1.50196606375972,-5.22739924772704,0.0820378670799208
1.89158937052291,-4.54091319781993,0.0480527115446882
1.23223812526946,-6.85505895235801,-0.301732881483188
1.28378750047723,-6.88150670463599,0.409794551420135
1.30255633636824,-6.75071907080697,0.584075811396814
1.10228999960685,-6.50595437965483,1.05562406846718
1.34966267283823,-7.0233007012204,1.69924307643024
1.31768133382917,-5.88507509069833,-0.289886442851096
1.31788671372866,-5.88380821649149,-0.459667385804614
1.46007676611949,-5.59971707347435,2.15328611182334
1.78084774848644,-4.69770190603826,-0.39344385947994
2.03398411846429,-4.36614714791492,2.82197254165973
1.3225606818273,-6.88497350997913,1.65860438477209
1.18454348867508,-5.69829258605396,1.98582936053346
2.17034037474966,-4.22083839035374,0.0647160894527842
1.30040888128759,-6.73330172894112,0.213838264173267
1.66042396480254,-4.89630017404616,1.21336011262315
1.98456225105512,-4.42384394160137,1.38326155208119
1.36517229408658,-7.09014709641463,0.57272862756508
1.35408679085454,-5.69773261229062,1.96632669131111
1.29399863625191,-6.06545369940603,-0.144460318972079
1.36852967885739,-5.63704278618154,-0.423363121613188
1.29295882487799,-5.65398255653723,0.323273108860317
2.76971344164017,-3.75644002479303,0.439935395456619
1.87966624231788,-4.55681781583148,1.50410445629157
1.44141724344918,-5.38954206483035,2.61503812220661
1.32862913972842,-5.4862700371697,2.3747816161383
1.33782590798754,-5.77381823118881,0.146512034663219
1.23773603785146,-5.70808601394455,0.231045009236248
2.6041496593326,-3.86170608211276,1.05026081677827
1.93793963256346,-4.6913148560328,2.41687985545697
1.31724232151786,-5.8877945579807,2.04237808517975
1.06790051066001,-6.21625754154841,0.215872121180248
2.41354184839076,-3.96987952383133,0.00208871000965087
2.11899407347796,-4.27333207718828,0.141277360424382
1.468985466612,-5.31220135982411,0.15899360659471
1.51167502139994,-5.25480303516142,-0.574299682466503
1.54844539716664,-5.11907059250938,2.07368865413078
1.30249927485763,-6.75026674818135,2.62774148327685
2.07004837653831,-4.4400851093871,1.06956276744702
1.30863699791237,-5.94468419055529,1.30071890398111
1.27882163204144,-6.40286954893729,1.34432522066883
1.48156448673449,-5.27896206024505,1.47865384280657
1.28761982730165,-5.75180259288175,0.988660185865573
2.46670809267648,-3.96119839696475,-0.472636218920235
1.35024385818464,-5.71488007989654,-0.00406576366101463
2.69002860859608,-3.80523015989449,0.601090540311274
1.55203227368044,-5.11116927558746,2.77772344470011
1.87535698694634,-4.56261983155107,2.09484103162302
1.54922221030691,-4.94672702927911,0.709828201003611
1.87676878789545,-4.50968486955393,0.469826949973286
1.2790026394606,-6.41680852693335,0.426844693759828
1.57096660422944,-5.0704194847151,0.493242136077483
1.39521327394241,-6.07264203612795,0.521282804151058
1.28216625185211,-6.22427330015604,1.27825005469428
1.80025253645097,-4.66866315919231,1.0555038166031
1.58887599858121,-4.99396593171145,0.253111499185873
2.2366768121222,-4.15662272946769,0.555253200135518
2.880465642461,-3.69403970735297,-0.456350707983954
1.54803224585723,-5.11998456641935,1.69902783990037
1.45372321777461,-7.38661677908956,1.30006741456898
1.31383984791186,-6.8313861875439,1.79286206993353
2.13673406964402,-4.25490746215762,1.39674492759059
1.31203192429225,-5.92135902039027,1.38148844534811
2.81141869430034,-3.49144628027982,0.349551239648146
1.32265301542648,-5.85530498587635,0.277912873758728
1.47665193423502,-5.2918038105789,-0.254920846693181
2.31488120269346,-4.0857054451747,0.053219676943762
2.71986391207328,-3.78656660576578,-0.316635541646355
2.62290136846843,-3.84901694811397,0.283051313663432
1.54008287360366,-5.13772909227903,0.80887647838853
1.42799942185599,-5.39252320445083,0.796957617530928
2.4070245634152,-4.03568483493891,1.86936607696007
1.76287213180535,-4.72526335334646,2.50809216956831
1.37214737905076,-5.24352056769477,1.98974899034109
1.36234625485442,-7.07846255947127,2.16061170960149
1.6104727907489,-4.99009766766115,-0.0836602405157063
1.34535269452514,-7.00340521060166,-0.369798750395535
2.20431830763672,-4.26946102127977,-0.0742132400175587
2.02152471098666,-4.39710515521873,-0.35566378781888
1.29664637594299,-6.42015949577472,-0.366883733656787
1.32352360466954,-6.89054312803122,0.539749664812969
1.8004718126528,-4.66833911309954,1.74254216505257
1.64760159554651,-4.91963499019616,-0.375049401953654
1.40048916940096,-7.22197436711648,1.99235324895772
1.3981324496892,-5.52694990102815,-0.351911215954994
1.6232203947221,-4.96539633937367,1.17184233515757
1.34630954538661,-7.00787831771524,0.259862581402899
2.76416310496947,-3.75973008234985,-0.45918822822372
2.1374462041023,-4.2541742987063,0.553807002880074
1.51641693481227,-5.1924545077124,2.68721314732664
1.3033034479173,-7.29620855079657,1.80355727357474
1.38385514930479,-5.57799699159836,-0.151190258658072
1.26933574777744,-6.82788469150939,0.0411353930885681
1.30382563250957,-5.98017223157701,-0.444220263468866
1.29216805295348,-5.6867131939646,0.764510423502537
1.34451283862794,-6.99945162320321,-0.544688687649708
1.28716662240452,-6.59770741918422,0.764877634883406
1.57436617339364,-5.06326660561674,2.22030245872846
1.36849582323161,-7.10363640589536,2.00479028828806
1.72987260297347,-4.5060613299508,0.568716468779642
1.47115087364235,-7.24956202369876,2.19270728348686
2.47111466918586,-3.95782336304852,-0.0591657517934541
2.07151056296066,-4.32422056423927,2.12841900573446
1.18311297236778,-6.42073182695229,-0.596846582732069
1.28300293557397,-6.20783358616531,0.384936205711678
1.29393714568316,-6.0660635549502,-0.21680505011329
1.39109396993288,-5.33247891193498,-0.164263745084599
1.31786668438702,-6.1969828461831,2.1159325468422
1.37487602886591,-6.93361466795642,2.80925585353357
1.57069299133284,-5.07099727996038,-0.273746705684093
1.51214536503235,-5.36842115560507,2.00867842307768
2.80500875787979,-3.73588784160698,0.00548150459489904
1.28411873352038,-6.55260598130438,2.3525147540258
1.31244552647912,-6.82221389691399,1.07768463109063
1.30271460998736,-5.98884440501676,2.3609092517129
1.77043336404456,-4.71359032056358,2.53996720179045
1.9168169523368,-4.64272537074363,1.99612449462031
2.66124552125249,-3.82369633519918,0.0510545705406663
1.37981829399326,-5.59308557541951,0.795719329128198
1.78426528327277,-4.54579717545003,1.52232217993617
2.83208214827192,-3.70787249757437,-0.498958915683869
1.45874271507394,-5.34017241624565,2.54267457527914
1.51098940964065,-4.97966064570361,1.68408770620418
1.23099344516582,-6.33246237474625,1.72257452359023
1.98177180182885,-4.42719018753309,1.42716213032649
1.40261788858106,-7.22922751143594,1.01366031719695
1.78070506561394,-4.67916848130425,2.05330278021293
1.69608705644013,-4.84047903576564,1.75163429070117
2.79859668923287,-3.68919389191069,-0.400879510212268
1.43379665499227,-5.41216145426845,1.07252822010701
2.06413933732862,-4.34441655507619,0.799542288770522
1.58605244700091,-7.3380864192849,2.10265693861609
1.51520399542871,-7.10827070323437,-0.0528275604758749
1.99360330624137,-4.63144505681516,0.937682712888649
1.28224834965253,-6.51823618649753,1.60595824709193
3.2246795609055,-3.56221255656768,-0.663926144771395
1.33308583912964,-6.94283077962827,2.60160329450387
3.07039781796862,-3.60057629014177,-0.0106187438114382
1.32918229622647,-6.92210460307028,1.18824776527514
1.2827859081084,-6.52888168433478,-0.129522390428516
1.19316174831965,-6.41463975612315,2.66064294162105
1.67755316773583,-4.86586254557165,0.228284423803575
2.23131074435636,-4.16167377313282,1.62883066135865
1.2875315674804,-6.13829694272635,0.364744096480111
2.34432692669202,-4.06025337636649,1.84600092678401
1.28985665870679,-6.10973488479132,0.048628881150561
1.29220335962649,-6.65701717851074,1.22840498853286
2.25900137048573,-4.13586964076982,1.11033337469793
1.97046753530602,-4.44084667325365,0.212961788363823
1.25703214423023,-5.55740173735089,1.88619148348116
1.5505281811524,-5.11447525251375,0.00542803867716535
1.29776021326223,-6.03024075907753,1.26775059783332
1.28884670577752,-7.27629061918134,1.44229343827237
2.18623286694366,-4.35173834139239,-0.011151442033169
1.60164552736218,-5.00753463487646,-0.352328341019827
2.00726881095888,-4.30758619642844,2.44650906984185
1.28499675456291,-7.30061179614315,0.370557005835516
1.28395381357751,-6.9496532241086,0.933054737129958
1.36388133689333,-7.08483460389123,0.377801617487961
1.28522691715441,-6.57019132921728,1.31296339293046
1.35690347147895,-5.68545062128117,2.19564940594708
1.35121969375444,-5.71048149819242,2.27732588773031
1.53759757680303,-5.14333997048377,1.99730236932547
1.72258870036154,-4.85208217945435,-0.531961464410344
2.47440083966597,-3.9553147613442,1.10187515838507
1.27756227014842,-5.93832267283353,-0.0330404889221162
2.10531014768742,-4.28775867047306,-0.0847584993538838
1.09649172942783,-6.5459401693976,1.11070255073988
1.54028777340297,-5.13726786721579,2.54019894930056
1.38877651897945,-7.18080579279485,2.00053329571245
1.34790139889627,-5.72556719136861,1.54453590640738
1.43679781345734,-5.40318312264885,2.05166054227185
1.71557631524683,-4.80107290586886,0.042388093187761
2.06500912905572,-4.42983921171675,2.38054422758854
1.23888061715595,-5.71200720611849,2.21381326154797
1.25226411003214,-6.49167680545156,1.85236696981714
2.38434928529126,-4.02669521824569,-0.487288971098028
2.42968526826463,-3.99006562181507,-0.255665087723746
1.66054038916504,-4.89609050175214,0.616621972721923
1.38702584536824,-7.10465729431947,2.90391811437776
1.24995484809031,-6.41734698012174,1.9588005223121
1.27889775026708,-7.29328911693758,0.648242655984699
2.75287930950358,-3.76646803595079,-0.057084820130303
1.27870077519684,-6.35252550115984,0.0824852788339062
1.31688131741887,-6.85077261077574,2.01155720636535
1.79463896455108,-4.67698966941324,1.55096921508652
1.31058069604816,-5.9311750107161,-0.488441409215
1.28045921942128,-6.26554322509202,1.72546222180047
1.30078861922989,-6.00437234145476,2.42435188408736
1.37679745313704,-7.13623029707499,2.44680403825658
1.3239810776986,-5.84764747616279,0.922329730532942
1.28324956779669,-5.49315707905761,2.08630339409069
1.39052531738372,-7.18709508780294,1.26819888285064
1.6377264302768,-4.93794363607458,0.704917762779298
1.71264669453144,-4.80593657570876,2.72343168727498
1.38601660343535,-6.27900529741109,0.559511843639638
1.32037315894394,-6.87208410643637,1.54381122681383
2.40893631288276,-3.91819061613826,-0.108999061938457
1.30551064117237,-6.35543321935876,-0.288234091282316
1.43618572170607,-5.40500673408979,2.81415124315133
1.30412907220653,-6.76297768807433,2.44162749068582
3.13082634450365,-3.57419843497279,-0.136377007171043
1.28012775723313,-6.2756211731391,-0.455160227415143
1.90809415413055,-4.51924916975259,0.0493009178495493
2.28455409123731,-4.11262062578081,2.14628791881154
1.59607627307343,-5.01868125613134,0.600789134332502
1.56357927338938,-4.74647173159395,0.915739654437986
1.28282704567645,-6.52966696571493,0.102196919359262
2.93448105093849,-3.69028283946247,-0.331639767473989
2.36735813670467,-4.11522382433398,1.27430475860943
1.28427852851779,-6.55524537716855,1.10618806151945
1.28876661566027,-6.12271212094067,0.670273263961182
2.173871487493,-4.21732040316478,0.986905608901067
1.3800511953722,-7.14860871223818,2.67430723111602
1.27994727543867,-6.4592265553945,0.731657436855518
1.4514543943122,-5.36061039237638,0.156965353150091
1.29397586702184,-6.06567937795571,-0.497222258370037
1.33172625291882,-6.93570125782262,1.83551368924078
1.3122536779819,-5.91987834445242,0.949041443194191
2.49758121784748,-3.93781886841496,1.27229717888196
1.32751274348492,-5.82782551266656,0.215898299506641
1.27264161960855,-5.4673378079004,0.694363580070956
1.27978545430253,-6.28730309152808,2.75286924504674
1.44134878465374,-7.35107257095007,2.23518643230058
1.30842188516135,-6.79460898419199,2.56192726914451
1.40935216354421,-5.48906903838886,-0.0809664218285449
2.96286401274914,-3.65146768239661,0.229824426414995
2.53187892291161,-3.91256134867048,-0.399258395373811
1.35261481087492,-7.03656932214137,0.258361198946588
1.28922731372786,-6.11714567902442,1.53722676440233
2.21574629324389,-4.17646450800159,0.777333470364468
1.31117611578315,-6.81369448007314,1.64733431382058
2.02645377210714,-4.37475157078689,0.0711134643656953
1.51761409444057,-5.18961388264098,-0.215266158353226
1.37326918696378,-5.61825384405863,1.61990700375107
1.19596546000555,-7.12307988946845,1.9619000183384
1.31440035761294,-5.90579405313497,1.97061627763193
1.61623556891781,-4.97886222833108,0.268337908793531
1.63269739592564,-4.94738436895642,0.639212482269569
1.38478857463385,-5.57455175428835,2.46748490095074
1.41018877327153,-5.48631513960602,0.655446069183869
1.29947136002678,-5.56783002929512,0.453281654287704
1.7648150284576,-4.72225270484584,1.49581086543969
2.74303587061143,-3.72206432294552,0.024797244488225
1.32591038947903,-6.9040904462165,1.01409431281196
1.34251595559827,-5.75086974251692,2.09046794676175
1.29677176758148,-6.70168831995457,1.42486070923842
1.27952627765623,-6.44343334604667,2.10259055436387
3.00412905142437,-3.63132756113545,0.07079772347365
1.8712887696402,-4.56812390681692,2.06813772219762
2.08475148925182,-4.04575646995409,1.20764389532633
1.39298103440249,-5.54497567980027,0.0570752517680833
1.30144122196059,-5.99903700284632,0.939127183396103
1.79445695232882,-5.11035423796702,1.26287943887416
1.87070608293927,-4.56891437897538,1.61091800038718
2.53034074928085,-3.91367827344742,0.190737284856541
2.48140287577392,-3.94999309008191,0.208804825152569
2.77407453212674,-3.75386607552588,-0.131303939962965
1.35985165577131,-5.67283898191443,2.8090251277261
3.21536467483442,-3.44980511496877,-0.493195949331655
1.97218608437748,-4.51362219052882,1.26883149569545
1.25257952555188,-7.14756971360701,-0.477178968051491
1.43371803848493,-7.32841734636152,2.37420104152712
1.89902596616557,-4.76428093684944,0.335377565918274
1.48711160970977,-5.26466699826414,2.24910188402121
1.28697951491787,-7.27809078608407,-0.164416636897497
1.3010936474773,-6.00186883213953,1.78692871915635
1.33734586153747,-6.92078739669118,1.82807659874322
1.2807635847886,-6.25707654254147,0.962434160535058
2.37607572573115,-3.77292118976983,1.50867193006811
1.19773770267974,-5.82551129587351,0.962721968550287
1.73170758789114,-4.77465407902963,0.339190423697653
1.47462854872056,-7.44367095568443,2.62659784619517
1.2816909265613,-6.23449797137521,1.68976761127819
1.70431885016313,-4.81987576823521,2.67771610867761
1.32013760401805,-5.87013946347394,2.68399641733394
2.26081152889825,-4.2857212553908,0.227043788296761
1.33378933721729,-6.94648394833969,2.74915957889529
1.40964815325643,-7.25272160383393,1.14966994920892
1.28251307156233,-6.52357131756125,-0.437172154089006
1.41800384960444,-5.46102985571544,0.378468137975744
1.73384755177376,-4.77119438809418,1.3382450848108
1.3064506798631,-6.78039301204027,2.84001567350689
1.29273783339854,-6.66260007719913,2.52076920728502
1.35366039469831,-5.69961251928285,1.07703033018235
2.1611127758736,-4.27812505645167,2.08352402131896
1.38624557293104,-6.19629054056924,1.67838822920357
1.45352699727023,-5.35475120931006,2.69018133126275
2.16772031161638,-4.22345619322121,2.52516973504698
1.73545623721689,-4.76860042020884,0.595935018665851
1.28327073031331,-5.7310529160103,1.70483418580193
1.87986405361717,-4.5472877741388,1.05845627891119
1.45395326962107,-5.35355086045763,-0.0251503544936635
2.15421807561971,-4.23704873033637,0.866051948681736
1.08776988773917,-6.43012581096184,2.37911014216087
1.32945712119113,-7.08434678022331,-0.253735618047026
2.79620807758218,-3.8392352800909,1.08764376802432
1.66259057865391,-4.76232123756688,2.53040047462848
1.29298994258027,-6.66519647519674,0.220680467755051
1.2792332627881,-6.31079608228575,-0.197796227392196
1.81257296704163,-4.56879862937118,1.41505657775193
1.6899554870097,-4.84432314371585,1.10811417296918
1.48868000778476,-7.48015162820936,2.83777747552282
1.65893030440521,-4.77992500686633,-0.176962673021169
1.30589038462788,-6.77625964457199,1.41297687466651
1.27948679936129,-6.29904202156002,2.05160352252338
2.0254609002727,-4.33608584798428,2.36649616515635
2.36740657001976,-4.04075850184981,1.7350981798259
2.08904310097983,-4.44084800303398,1.9957000110254
2.18018950910692,-4.21105457670601,0.212468955770765
1.43383240397819,-5.41205395650685,-0.351194598377417
1.20052313080851,-6.30823215358845,1.97788339025235
1.42701863691817,-5.43279034926789,0.412873870678713
1.44930659435553,-5.36672275776693,0.582798212802356
1.30636240663362,-6.77974463021772,0.121148890526994
1.39192886657949,-7.1921052324021,1.09990722599948
1.29862071389728,-6.02269196166321,2.03449606585739
1.6255655295063,-4.96091181561117,1.8641147891687
1.89591892170386,-4.53519116297917,1.33753785885939
1.61779869780281,-4.97583437543898,2.72589733709962
2.16435523244711,-4.12280775732548,0.303227838837672
1.28528053592413,-6.5710029338023,-0.0958509081728258
1.28370361215209,-6.19525244006333,1.70189782026137
1.57490012847471,-5.06214749135295,-0.322273963886099
1.32265595591885,-6.33319715312827,2.0373408682074
1.29148389143062,-6.64932387949879,0.199644675379882
1.47147428874148,-5.30553066935264,-0.25372788678912
1.68046360986172,-4.9985488625892,2.15619973274906
2.50918088757995,-3.92919346611559,1.78850923018721
1.27184932743129,-5.86115546916188,0.604500924851993
1.24740704396125,-7.15002590520854,-0.141912260515961
1.20501195511139,-7.04767197894419,-0.661208063254169
1.55767335800534,-5.09886265852986,1.30990958967304
1.42736673020486,-5.43171869198716,1.03108068604575
1.56915223654157,-5.07425681795667,0.376630899632156
1.90572666711212,-4.52233205469458,1.8254026133584
1.21954487469958,-6.13871558435832,2.89175102224625
1.29319634422097,-5.29979502218047,0.493433485129881
2.85968410223721,-3.70528633120699,-0.0191501528661384
1.08253382924516,-6.66409649846709,1.66749348318957
2.18385014692264,-4.34451786915747,-0.55382992733776
1.48141096352338,-5.27936075767151,0.842882846769303
1.2808594541215,-6.25453791637788,2.05133149536113
1.27875738352821,-6.34464764932694,2.2285595330207
2.18125160076649,-4.21000485765777,0.062984024977549
1.97591231117506,-4.4342486718549,2.06185771786136
1.29265182194729,-6.66170892635037,1.25741949174967
1.33921692990076,-6.97389815035071,0.118096386556368
1.16919152415347,-6.15421179029941,-0.0162664659763577
1.41781261821895,-5.46163937609073,-0.525988418613858
1.33839706095187,-5.77097462467181,1.04737920111446
2.16746855664981,-4.22370806750786,0.245412389871667
2.27035340822219,-4.12547541810373,0.55806949412347
1.69963375035349,-4.82779283626758,0.661285052187218
1.28860062128958,-6.12474888906174,2.2422562728751
1.84555789879693,-4.73985289062538,0.803641263111642
1.4419988588988,-5.38783953172082,2.01095876693514
1.43888472544818,-5.39699413742605,2.25785587412485
2.34328138526524,-4.06114588064094,1.9705301908362
2.05920306077892,-4.39820289087281,0.556655891305543
1.98718266322488,-4.4207104653612,2.81335377812715
2.43795057152894,-3.98354098361085,1.89771248569314
1.28007639640436,-6.27728041750139,1.06430596839655
1.34600268393466,-5.73436787025115,2.5556933533156
1.28291371128159,-6.20950648610591,1.14267959846737
1.94468993097563,-4.47260743274603,1.21488040103266
1.37861372798598,-7.1431662043353,0.357234101359326
1.08369382002812,-5.91914789647639,0.920208742540954
1.29305557355914,-6.6658686110295,1.5349900435405
1.35807054985863,-5.27034161499368,-0.0212854225565261
1.4497681903516,-5.3654055908365,2.45532397639834
1.2960231419519,-6.6947941806151,-0.519557607038333
2.41035974822842,-4.0055041820906,0.320932246936183
1.28747287923206,-6.6017514380896,0.442763242836372
1.97205865863623,-4.32565498106644,1.45512020738957
1.65702893503192,-4.90243161999877,1.18277641649678
1.50801676873859,-5.14134484964589,2.5073206126206
1.30297060634991,-5.98682853605585,0.964201690202776
1.31414319037199,-5.90745820208207,2.73671608864001
1.02061847260273,-6.55750408416241,-0.246559063363943
2.440529887646,-3.98151437181807,1.99802882211124
2.47883197682205,-3.95194330309472,1.84952373461781
1.3305042572119,-5.80853294900614,0.113013073266328
1.75047094492475,-4.74466588453389,2.19752052334092
1.95865482340526,-4.45529274099785,-0.025355579765823
1.40857800786014,-5.49162575212952,-0.359176249164111
1.77882976949973,-4.70076369511604,-0.175212432754678
1.69060921156363,-4.84319902736941,-0.483712751494105
1.22536509873495,-5.80611523491359,1.70649652638415
1.35582860423439,-7.30822016583656,0.211425012893105
1.58218727472562,-5.04699050747812,0.202622087305276
1.75923574413581,-4.73091922390306,-0.31597376494857
1.3831813203573,-7.16032115572756,-0.260658661959822
1.82422046784597,-4.63376508180773,2.33891779734678
1.4017240716657,-5.51462509088146,-0.0904400198975239
2.03110778322995,-4.36942603146985,2.29666280277613
1.01294598276901,-6.80320177257437,0.677227893619757
1.39955942264657,-7.21878532655609,0.502221141208798
1.54651696652751,-5.12334357466777,1.19532613211866
2.69020370205741,-3.80511922138174,0.418550360158729
2.36531560779877,-4.27419306605095,0.698078396280053
2.21740268712181,-4.17488047006624,-0.425002243080739
1.4560937456354,-5.34754743203305,1.32484446961146
2.43299247656151,-3.98744932388629,-0.251395152862589
1.86311149085862,-4.57926643484151,2.65045969269162
1.37146243986245,-7.11545831872834,0.7844857004878
1.28177386098882,-6.23265919077932,2.40561512447407
1.52679453804491,-5.73382523486549,1.68491804428313
1.85655694569077,-4.5882751835601,0.594416890742347
1.66166765623225,-4.76535544063872,0.810548135049967
2.02561195332468,-4.37571753398401,1.99521767845642
2.15164233852328,-4.2396612596804,-0.231945687107387
2.74874703777887,-3.68480001983588,0.981159872479304
2.26003927858744,-4.13491490325062,0.624209799342185
1.08424390741375,-5.7109663508744,-0.109226374850596
1.39720744913611,-5.77234884502802,1.22633326882775
1.64818529729196,-4.91856213113804,0.793311360611299
2.4862342363549,-3.94633977462264,1.3032130713432
2.02077844088587,-4.35444705772602,1.70092900976288
1.28481539410768,-5.97020206563669,2.18214207368049
1.61632805300851,-4.91604131675242,0.500782633063496
1.394990847063,-7.20292251048816,0.392981751038289
1.27167559306308,-6.51893193748897,2.1804256878344
1.46092779636374,-5.33413351497994,2.73487291982004
2.13593185080133,-4.25573396183948,2.06186825555388
1.28679520572168,-6.59270372910598,0.401127619082368
1.14379096192712,-6.45862811476384,0.375480749968275
1.32245014063443,-5.85648509519234,1.11492928909711
1.28337983556988,-6.53986565741769,1.22780444051153
1.84884185086844,-4.56318770459999,2.22715877171776
2.11333813454222,-4.27927205678441,1.52919095789671
1.81300782127358,-4.26126076152397,0.460556902671506
1.30046682403778,-6.73378281046056,0.18555512009658
2.17738503834844,-4.21383134732191,1.97659129216914
1.41288752437202,-5.47749479304818,0.713913376673027
1.28324574413244,-6.53744911940372,1.40742760555005
2.10216942733591,-4.2910966765755,-0.0649943277537863
1.40736718381956,-5.49564095699001,0.270792878680977
2.83295064934132,-3.72006383457373,0.0110499452639515
1.28763082773487,-6.13700569616064,0.917315233585833
1.36784153058555,-7.10100169327823,1.1191051549758
1.46955123199399,-5.31068076041383,0.249843695003799
1.40241215692812,-5.60402074159036,0.221577789197326
1.30746394487803,-6.78776214200715,0.815050767173246
1.51924577421544,-5.18575514300472,0.879745388744859
1.2213328553893,-7.33272518912775,2.71887356836861
1.28233687427574,-6.2207737386401,0.925668652339598
2.42934017214236,-3.92248882464517,-0.347232668732982
1.29546030749954,-6.68951177715218,-0.291458658082203
2.92739796568306,-3.679667768285,-0.522271572420967
2.28793049099995,-4.10958810947694,0.434932034895882
1.18678602825283,-6.29865664063198,2.72062512290443
1.29284144566502,-6.07714529092762,0.605739281261483
1.79747388549582,-4.67277725762717,-0.501967373868077
1.30674864726156,-5.95824128761637,0.799812349394407
1.20885674834636,-6.70350123500806,2.03057648845098
1.27935635802692,-6.30482557385961,1.45256169618737
1.44444528167733,-5.38071405420849,0.819343927414507
1.28616845017895,-6.58399303764611,0.220502163057649
1.31184516392294,-5.92260992493798,0.299374109558935
1.12248283804268,-6.49844900528274,0.113036189719207
1.60868412487053,-4.993608502717,0.672072092886968
1.33425982643297,-5.79190146526751,2.01127524014749
1.70801277970793,-4.81367194743088,0.746876304473512
1.37189950204289,-5.62363205817545,-0.344088590747255
2.34728941793841,-4.05772894621431,2.0934156726869
2.10188662309767,-4.16312690686644,0.974909227196141
1.46527151817745,-5.45623021504368,0.515754119532856
1.38166154673754,-6.34776759481866,0.490471190738877
1.38217444176239,-7.15657396898664,-0.497421236563956
2.7563464348419,-3.76439063884703,0.865251000317087
1.27943552374481,-6.43955750627509,-0.275041435692641
1.25827793955766,-6.09220107713267,-0.0530064310679246
1.25375819088505,-6.12967729554175,0.229692941170231
1.30525242519978,-6.77150052818967,-0.400136327723957
1.38101532303638,-5.58857888505452,0.976149203695265
1.29001042782841,-6.63285902054018,0.959061689927413
1.52374747202275,-5.17518527854933,0.800969632722344
1.40165669176178,-7.2259607137672,2.15056815256
1.41922448769324,-5.37244538082835,1.05265043267612
1.91158838494621,-4.51471394261109,2.21268853087936
1.29251379985305,-6.08054212618486,2.25483922804909
1.2929530486385,-6.07599728970393,-0.0492933728431051
1.2825509046726,-6.52431865517526,0.880034091336531
1.15082179021482,-6.30689146410115,1.00491598836724
1.28571464807608,-6.57745627944257,2.51087344245809
1.29928848321844,-6.01694643630684,1.38457738861664
2.04202195744673,-4.35703449470946,0.499785783053409
1.30544519739791,-6.77294462924174,1.54109137051658
2.22209968568075,-4.17040163443468,-0.121517501642657
1.78324966281109,-4.69406804497698,0.923025712989424
1.43328059370988,-5.41371475320657,1.64977182636299
1.55795356874644,-5.0546788730223,-0.143332757661708
2.60037420869963,-3.86428563828161,0.0181661535631819
1.3286206954666,-5.82175921735325,0.685288932967852
1.29145752844071,-6.09177733936828,1.79706727586385
2.31606482971234,-4.2193879620541,1.50150230732406
2.81904514620956,-3.72789000055981,-0.550118719287942
1.64542265682748,-4.92364904508553,0.422561961424761
1.32622404956827,-5.83497074994559,0.444295248673953
2.10638927292479,-4.3004978515703,2.31292182032835
1.4198670993317,-7.17776859856001,1.38372354021538
1.67045821836672,-5.22231510037033,1.94799732419664
1.55211083248248,-5.11099689213479,-0.202423416258055
1.93700404084164,-4.47772693053598,1.49570359032327
1.33550235101933,-5.78553481326344,2.28799157345671
2.2260966570463,-4.43609671763608,0.833773197831412
1.31296443075065,-6.82564950435655,0.552362944468514
1.66478673598201,-4.88846964533033,2.01327631489016
1.29232051183441,-6.44199187557226,2.19120281012283
1.27890965792371,-6.33055325998934,-0.267549838700348
1.34083395528161,-7.03026967074528,-0.158286660494385
1.7485247939872,-5.06058359113384,-0.302344101898906
1.75688096680728,-4.73459648039016,1.94142587165232
2.1360405750267,-4.25562191009791,0.439369743642277
1.2928551858001,-6.66381154021109,0.550559612855382
2.84056759807436,-3.57853151289735,0.138418367876393
1.27887698296569,-6.33312582642215,2.7528656091634
1.27904116800315,-6.32155047464036,-0.0252777630133598
1.66796674990526,-4.88279602404824,2.12037977646972
1.33933246348618,-5.84766409839832,0.492128775749445
2.08699791757648,-4.30736457854703,2.56156985770052
1.31355981489624,-6.82955908570489,-0.468790804241317
1.303386903923,-5.98357315209851,2.71386498500238
1.2807687805743,-6.25693750005844,-0.311222567619331
1.27771133327258,-7.0821328765511,0.694500186594427
1.5937118876829,-5.02344832701728,0.0103820760199363
1.28597258311344,-6.15961857741564,-0.458227448403176
1.99779189172413,-4.47017774794939,1.54175651126427
1.27294073046823,-6.09149279110438,1.81474253356071
2.32681215410763,-4.16021343404632,1.20563735552827
1.32464798826962,-5.84384538160811,2.53467477944529
2.08034320876057,-4.31457614009779,2.05704957521992
1.29936284498209,-6.21828666828923,1.94822868776659
1.36117099176359,-7.07354281177704,2.30514091641435
1.69871476509649,-4.82935221656736,2.19788658256148
3.09625662028816,-3.58909724822234,-0.108253861625506
1.3901634177552,-7.18579785778473,1.31352405765586
2.09338539992387,-4.30048635896079,0.914245295932473
2.25470515652987,-4.13983107016664,0.132748633327902
1.75423162129102,-4.71656816851458,2.12863830879156
2.09093396062927,-4.30312109750661,1.93679770052918
1.56514252054554,-5.08278687746479,1.04097953784378
1.3026900706397,-5.98903821125973,2.48544531177735
1.21168509045281,-7.2164657600191,1.6511269795894
1.28875008101876,-6.12291424605012,0.718009076786089
1.28764867226389,-6.60404092545985,0.352586816784348
2.17756754560886,-4.21365042301785,0.332646538174773
2.26122603917362,-4.13382433086397,-0.0769443361916716
1.4925050981161,-5.25096922612331,1.83395234145388
1.27974355124171,-6.28884810374238,0.738728819723741
1.74081581818412,-4.75999996470371,2.02304681572232
2.18285997043021,-4.15715855070774,-0.704139738265831
1.3975085409635,-5.52911084097764,2.39973456769187
1.34134576946656,-5.75651180684698,1.30375449703239
1.3000462640603,-6.73027620741245,2.4263065694948
2.25794177058785,-4.13684525037244,-0.393132556261154
1.31992444457123,-5.8714174095716,2.24259373427426
1.37389271148742,-7.1249962200145,0.274430217052283
1.30203082831804,-7.54191510192836,2.17952035546562
1.46175637275946,-5.33185396574225,0.392280845027927
2.68397034515974,-3.80907898241115,0.0855242836086215
1.38993648748732,-5.5558319589552,-0.46852311789657
1.47458352101559,-5.72698055025397,0.294152820944263
1.31752922323495,-5.88601556809481,1.27108552562857
1.31519449109918,-6.84012199296094,1.76665746355716
1.4368321552181,-5.74724538156943,2.3645341060836
1.78926444676751,-4.68501765986865,0.531594363826168
1.3250457365594,-5.84159121004078,1.05130496561706
1.85375307594343,-4.59215021506824,0.992720801877818
1.39774948161498,-5.52827561864556,2.14536373172247
1.45843847685241,-7.39979883291864,2.38226955638582
1.31369650534365,-6.83045186327363,0.877200788654056
1.52522873338181,-5.17173139339048,1.84198178069628
1.48903011376663,-5.66993702984752,1.48601879046078
2.21503968646226,-4.17714097697302,1.01600767287363
1.38639366722375,-6.97439268102595,0.447322429165607
2.12276018396188,-4.269394591652,2.737745524055
1.87582839836936,-4.56198371244624,1.6842658469912
2.96049243893699,-3.65264874464234,-0.311340349658464
1.25921675266598,-7.04284632827184,1.7398137449825
1.38714384227129,-7.17488630250343,0.707036225073739
1.59060461573294,-4.94283546788098,1.38239122582641
1.72758386960504,-4.7813502860465,1.78304446865513
2.19978221221088,-4.19185483242317,1.38452926421309
1.65454852953136,-4.50189316126992,-0.274211309701443
1.31466609895096,-6.11686688187176,1.80228081110169
1.32999152107217,-6.926466978352,2.24991818538376
1.70563745988183,-4.83059958805905,0.948185714811332
1.12958243880923,-6.27082236193337,2.61433055945166
1.44644927600768,-4.72325255803487,0.147726869558282
1.29623404181735,-6.044063968893,-0.412021495330728
1.28076329668597,-6.483730991477,0.757990866774204
2.00798605463703,-4.27880667389838,1.30326668529889
1.42109847149344,-5.45122795088178,0.806338221985348
2.41949797379822,-4.23285390788601,0.413244447718946
1.2810488236754,-6.4911348654625,1.15847770829455
2.85821881013805,-3.70608723212894,-0.0514938547502285
1.29401916077485,-6.6755648349362,0.318902693109426
1.5005606113449,-7.50995041590547,2.44042954046818
2.22810065140723,-4.16470718228993,2.36375990421548
1.39326812228821,-7.1968553338396,0.716370235093904
1.50189328705769,-5.22757840114983,0.46198571163856
1.24819571379106,-6.32933744670617,-0.0643564786278498
1.1671772012157,-6.27023022121591,-0.539393025421219
1.40887837913287,-6.62858738284419,1.52782428450755
1.33621349191996,-5.78192312425822,1.10772469830013
1.58950898619535,-5.2485066291375,2.10689793567373
1.24059345523697,-5.89180330119648,1.19518476671671
2.7869839178193,-3.87251258381583,0.347707526061602
1.29928731463614,-6.72385884064855,1.85901431480652
1.29251540252684,-6.66028983597571,2.72187313101466
1.4055233044147,-7.23902092208722,-0.0306099260003364
1.29219248496708,-6.65690244653083,0.595547361964398
1.40645165442813,-5.49869033269072,2.01928644559296
1.71000579391432,-4.81033863087597,1.88621454782806
1.19797289867715,-7.00630737155451,0.424156643591378
1.33753135913881,-5.77529022989228,1.15371247798145
1.42172932279473,-7.29157138251712,1.85496473529133
1.2908646965509,-6.09828805351968,1.42077199394231
2.00635527347125,-4.3980413133142,1.29436309002964
1.28144621325406,-6.24007505892265,-0.124164120397191
1.96446640284663,-4.44816297275452,2.56338521692794
1.30584322075182,-6.77590975293475,2.62522670558659
1.74704373629521,-4.74758903231798,1.70009588210946
1.57269026290987,-5.06678679984173,2.14059559947607
1.33944089319778,-5.76581363416209,-0.379209182293687
1.43423160981277,-5.4108544468887,0.830906407909738
1.34180123642027,-5.75430936252137,-0.490682444162207
1.14634789371178,-5.94297900060758,2.65101114003917
1.36279349853858,-5.267936518474,0.793282480291931
1.45227879556733,-5.35827526518402,2.41927735991287
1.93034255638051,-4.4906704843701,0.933201745897507
1.31951718264929,-5.87386844982595,2.62812820240554
1.27945394445171,-6.3004536650922,0.553523033819293
1.117047720275,-5.9531024664619,0.0922025006397826
1.27955097027865,-6.44445277702669,0.516625619886973
1.45864880850417,-6.45089821508076,0.767461100266695
1.33686758431237,-5.05042772062416,0.199684906575271
1.26051159894203,-6.85406375073513,2.09786981704068
1.89626722522546,-4.53473205595558,1.31384739308826
1.64019645123147,-4.93333595556416,-0.382207848633964
1.53893479529441,-5.14031722253885,0.69642075920623
1.70056087765892,-4.8262217900456,0.809579627397347
1.36144241754425,-5.66613300028933,2.65118745376992
1.77868524832559,-4.48229332168849,2.90584116211748
1.28657186089667,-6.15117568069261,2.32203299457105
2.67221004099349,-3.8166079044976,-0.343608759167548
2.80774223310442,-3.73432256266351,-0.285822258329599
1.40954270152643,-5.66150479200991,2.12826328099138
1.94760628948733,-4.46897002049351,0.517644285032114
1.27909085110927,-6.31855462247266,0.664612735877161
2.04772970171692,-4.35060789937538,2.22320534745038
1.64449785611376,-4.92535708257078,0.899737313734384
1.27943064390793,-6.30147232322512,2.73395952298904
1.30796910676976,-6.79138691762429,1.7491981863296
1.28776272990859,-6.13530085875794,1.37872005678496
1.29456723877566,-6.05987168686744,0.00980891088730074
1.45148955611647,-5.55523591389477,0.621929710166749
2.20869018389086,-4.18323929322958,2.73562188930877
1.32488216353609,-5.84251703107442,2.29416625383853
2.02678518728317,-4.37437150690968,2.57512437547332
1.30312590294224,-6.75520438189532,-0.520064699510631
1.55806006797793,-5.09802428577245,2.68543662567035
1.43587074176396,-5.40594665228604,2.66524415882373
1.70886559357473,-4.81224443126463,0.929965708717066
1.94840593747011,-4.46797465977506,2.41368828069744
1.28755915150463,-6.13793738664228,1.65922149679578
2.66830839515624,-3.81912261406028,0.540546771143399
2.39104647708168,-4.02119313320761,-0.174700922149725
1.32273945779818,-6.88601224766404,-0.16707937416353
2.86090221628799,-3.70462132936848,0.383635908647642
2.00085279884233,-4.36517177631394,0.333014161857559
1.45468753685668,-7.20103828343968,1.30360794220008
1.77315183741774,-4.70942200142432,0.827820866002774
1.27870375814933,-6.38878933285858,2.18270603517091
1.41514608443439,-5.47018576848944,0.184823929202267
1.46221531731568,-5.33059376892025,-0.0322672379117478
1.30050930223305,-6.00668016455946,-0.301843155223504
1.44941557456542,-7.37440364170241,2.40919808931191
1.28277053214745,-6.52858716660848,0.825508632438878
2.11065942033405,-4.28209653710154,1.08841605212043
1.39756497218822,-7.21190010758349,0.421307017627262
1.6460722810902,-4.92245079577694,-0.264591824345624
1.3856121639993,-5.57152516111621,-0.330190242840717
2.75394387356195,-3.82168479860066,-0.422450403188341
2.04421284701047,-4.35456334375782,1.60825030237877
2.03276555759321,-4.36753508895062,1.06863978548629
1.28227637605401,-6.22200512533563,1.38238842637227
1.70791923423333,-4.81382864033069,0.512015580761414
1.42586675098544,-7.30446895530693,1.69920414426753
1.92842761033865,-4.49310280294959,1.07115137225722
1.28571227355865,-6.16339371839326,0.395040580717995
1.2807000125199,-6.48202342918571,1.24049841743583
2.79957981535905,-3.73900781598968,0.252584886929781
1.60377187869744,-5.00330879320875,2.60074137132252
1.30889963777829,-6.79798192728389,1.52120515377894
2.65034342772834,-3.83081095853736,1.30903242460488
2.14629895907888,-4.24510116115532,0.750339499308785
2.15544200960196,-4.23580952347546,1.71139335492487
1.33454246867802,-6.95036840734435,1.43951901759056
1.48655955964629,-7.47473514497188,2.5337615374868
2.67334423545305,-3.81587846978826,0.30628561014799
1.27864816085382,-6.36994312853251,0.144822032257632
1.35472990197594,-5.69490765150869,-0.0964985999750979
2.71535059883125,-3.8739326352867,1.0904860566267
1.46152701586445,-7.40833085205579,2.60862861785607
1.18522169629551,-5.5678966040624,2.54009149764779
2.64526860543618,-3.83414554031089,0.356278095416379
1.41979041245208,-5.45535700901185,1.22813489112509
2.0629910643015,-4.33360261665833,1.93637236161225
2.7753460578133,-3.75311745607264,0.0085206573818537
1.25289051622213,-6.27070506739038,0.325080933168309
1.2920155805177,-6.08578576853429,0.168619181244403
2.14690850545964,-4.24447922199251,2.49974606716916
1.3637954854136,-7.08447982714948,2.1118429607409
1.32535567866204,-5.83984151107795,2.41368215889717
1.26716798050877,-5.86780379925795,-0.0576393839607063
1.31215422382613,-6.96867848295057,0.401179072143699
2.44848785923274,-3.97528997286227,1.12385187030344
1.41696458885997,-7.15859556128101,2.09791645950659
2.50264486411377,-3.93404304232225,1.40642110615835
2.64585704908064,-3.83375813868586,1.18042188616438
1.2807412210415,-6.25767697081098,-0.508206957139881
1.2790624128811,-6.42056773175077,1.21967537126608
1.63484179571254,-4.94334899863601,0.191890896094908
1.42936096265947,-7.39523181083753,1.02962021525216
1.16323933993446,-6.28250117957376,1.59791342129531
2.20140834588141,-4.01754986814572,1.8166715881741
1.36848602534156,-7.10359702578114,2.53621629708038
1.97826897256833,-4.49157666592192,1.06613248869525
1.27236726282812,-6.47715391160632,1.44381242174857
1.50192612206775,-7.70797759170871,2.48545748112943
2.11693640670011,-4.40027549758584,1.45767413392049
1.43263334336143,-6.09597095205876,-0.330811780053598
1.23918570221665,-6.69465194595732,1.80380897324786
2.92145017748944,-3.67246603909939,0.430918670476746
1.58780935438244,-5.03544157326126,0.217781208028228
1.61526295264214,-5.0139109398473,1.36209597226833
1.35223730204391,-5.56038504652406,2.35745767795903
1.60473274584771,-5.00140455951416,2.13439704591196
1.52203921466825,-5.17918317531525,0.0681114064876066
2.12166518290551,-4.27053796250104,0.0689558725662301
1.47195500654756,-5.30424769937081,0.590687686393961
1.54058484372478,-5.47686820755079,-0.177737042935649
1.04702693606026,-6.5143477157904,2.5686456130985
1.41621970560811,-7.27408116369543,0.989640240913517
1.39849456436631,-5.52569844492732,0.287416784621054
2.26773329765101,-4.12786508224058,0.121490931452983
1.33729959956962,-5.77645110824726,1.14064872536909
1.33866705155844,-6.97117995579001,1.98709804601324
1.27956802308263,-6.29566657084655,1.30983394686903
1.31436752110715,-6.19310388024007,2.01455445572703
1.33720678681,-5.77691666736167,0.902667053968893
1.85418166302353,-4.5915570622759,1.01653291992676
1.50224930792886,-5.22670230062451,-0.00918351853736987
1.3748845319768,-7.12885204131809,2.40437510961386
1.28638603034199,-6.58705687799772,2.09623351932636
1.30255486399088,-7.25572477116764,0.993417060467434
1.2807999056755,-6.68378735746057,2.72223650730913
1.31676007295682,-5.89080008821208,2.46816286938119
1.3671804615683,-5.64248583753512,2.45024867405212
1.36344014413761,-5.65780583938079,1.03919495970737
1.89294546097031,-4.53911793342099,1.80352859427622
1.9112653554766,-4.51513246741554,0.246167042570844
2.0197955161839,-4.38241429592841,2.36388145605372
1.32734569172011,-5.82874625058311,1.77971833763871
1.51554171430099,-5.19453634793404,0.86696121180042
1.30841484863975,-6.7945591017525,1.36715864386239
1.85602779739009,-4.5890054991504,0.267626719988488
1.33674491132883,-7.30681066456724,2.33662632748892
2.16398451101042,-4.30146082353532,0.888400234912483
2.88071763670905,-3.69390461241455,-0.363139741426805
1.36562035902356,-6.37940962197077,0.362321180247647
1.73553453559065,-4.7684743143242,2.59399799742616
1.36644687931877,-5.37316052483717,-0.463038236257826
1.26393211325986,-7.34413232428037,2.21532188526207
1.94504197844022,-4.47216773576845,1.88789187905438
2.30284875180243,-4.0962976712685,1.25020996478175
1.46193519333095,-5.47624151674007,0.146216760524395
1.48693429984456,-5.26512063872112,1.25631356297785
3.05114372861811,-3.56938416675292,-0.406440310437957
1.2985395901712,-6.64594353784932,-0.284140679459153
1.3027444662274,-5.98860874194268,2.27081229452274
1.32375714476896,-7.30256297534651,0.619984018185878
1.96085104892715,-4.54620846951635,0.311790915220118
1.32915916733229,-6.92197939505302,-0.164995983596332
1.26302096155711,-6.361643591054,1.2570885277214
1.34520540979116,-7.00271374185108,-0.496646836045446
1.12582051352722,-6.39097050786264,1.4520673306517
1.30242531471407,-5.99113559306186,-0.157638372754932
1.44672405953108,-7.36668714176357,1.23788221920318
1.46935005312245,-5.31122118121061,2.80750068988207
1.4813455969342,-5.27953056448965,0.696888091463428
1.82137536883454,-4.63785352470775,1.83720403354779
2.88411734651102,-3.69208500063315,0.596729956288257
1.40751551196361,-7.24566724175688,0.874697948981621
1.75907071223592,-4.73117656122149,1.58466201114483
1.60967794403721,-4.99165642117123,2.7105456596979
1.31201262921759,-5.92148809205132,1.51557675951577
2.13852380982101,-4.76718813326561,-0.267574966503686
1.37121318189847,-5.62634253549131,0.358180165050957
1.16752054302433,-5.74724078202466,1.67211755712363
1.4361975428971,-7.22597084718624,-0.0538733291947553
2.27770396392532,-4.11880117829687,2.10501120069939
1.296493463564,-6.04167276433916,1.9467359469933
1.60850546733895,-4.99395979544936,0.349234446621651
1.27326710890042,-6.24192845302536,0.163878049596329
1.29885162378591,-5.47809869910636,0.729099382782443
1.39176017070467,-5.54931045424836,2.8010885439697
1.39805473590851,-7.21359650924107,0.55590387310563
1.38001032713059,-5.72905197690561,0.782733539599877
2.15264179890772,-4.2096982951468,2.53017693428736
1.88887206730595,-4.39059672529079,1.67105959736991
1.3591143387518,-5.67597039904033,1.61866184791465
2.24905426867625,-4.1450649770996,0.236222446999251
3.19722458659491,-3.61350866755967,-0.0523356222918346
2.45581566046946,-3.96959606605543,-0.503183809469837
1.30817167491374,-6.79283153333461,2.10014667157062
1.49631218080637,-5.24141599146506,0.0180865101958702
1.83813291237881,-4.61397612842773,1.04846790730478
1.60656798472401,-4.99777671815597,1.98145536748274
1.5250790069838,-5.17207997781264,2.65735102956957
1.31054787926697,-6.80941567491465,0.471027482408609
1.30985620749784,-6.80465501411379,0.165699216377967
1.4383021705722,-7.06603490213324,0.319164595736449
1.61548903775432,-4.88594912290529,1.56307460059887
1.28731619572777,-6.59969144718624,1.41302857085293
1.58529762005598,-5.2417022910343,0.173447961711423
2.3208594474592,-4.08048449515497,1.35755100408015
1.3602118648013,-7.06950070734902,0.98200983996773
3.15042906598333,-3.56597456825227,-0.475370956059429
1.28626733156699,-6.15542437945964,-0.0502605735002493
1.56376347144998,-5.08573657593421,1.38261496379819
1.61709988894807,-4.97718697040157,2.8281198458315
2.68149668145537,-3.81065629048692,-0.55355658922458
1.47217472716705,-5.06379043645347,1.51476056720422
1.17595002826294,-5.88145145629858,1.8168162461546
2.7170678918568,-3.79958721390449,-0.645764119127387
1.57559670709467,-5.06068929977001,1.17801042565509
2.21137445329328,-4.18065689477857,2.50465170839007
1.27925056052789,-6.3099214723235,2.11330684302797
1.36269221338197,-7.0799039003141,-0.429919351936841
1.64368734144281,-4.9268561912676,0.720409458252176
1.28365089028971,-6.19616739220625,1.63483120733558
2.06295646948738,-4.33364087476013,2.50353480906841
1.50744125651916,-5.43525563022348,-0.341088161070438
1.365406497626,-5.64970881230142,1.95395031688985
2.12536908472698,-4.26667524786854,1.40706086080606
1.85157270136254,-4.59517246480646,2.58141089399612
1.81271378129539,-4.65038913274307,1.62856807877851
1.28431293769448,-6.18500645660583,1.89937829476501
1.2854048288403,-6.16794351210468,0.173116415714867
1.17466684521442,-6.85022061755507,1.50298504241983
3.13627743969307,-3.5718953460455,-0.307316718509407
2.75029445760502,-3.8724781820799,-0.185267831340105
1.9893184686256,-4.41816280151546,2.64768607424708
2.17601669016259,-4.21518880342712,0.0744616061602766
2.17304868483542,-4.21813911583607,1.66261962001049
2.81802628211032,-3.7284672175241,0.294828437758943
1.35153222097047,-5.18445320122856,1.58134994307755
1.58627261328441,-5.03858605984508,0.711559049329739
1.36620665134572,-5.6464414000838,1.53753121041168
1.52695074413098,-7.10871640752997,2.41024736115972
1.32250223313222,-5.28036859538967,-0.19337625439608
1.29671036151034,-6.70112830213335,2.78424839222598
2.04280351184593,-4.35615234160955,1.91224570649114
1.56896011604644,-5.07466396117265,2.38322863251199
2.76042249638829,-3.61277606491236,0.096900587711049
1.35699432980366,-7.05575695341156,1.36355907685292
1.3831723703107,-6.14165161382246,0.582823672847259
2.43163165540491,-4.15524285036799,-0.0525774512383402
1.3243708344653,-5.85682373896489,0.477894077488784
1.49669384238182,-5.46216487173571,-0.255516368511102
1.30442558933509,-5.98992946274898,2.43990090045586
1.24113671509391,-7.35901906860577,2.32952625026491
2.28231196107143,-4.3878768729821,0.0756084514250866
1.42426562020528,-7.29950118545126,1.14602849123834
1.28053999804675,-6.26323086174952,2.33557716746259
1.30099261472578,-6.73811910956173,1.75704172132225
1.85901277435973,-4.58489168105509,0.0183438708399172
2.71842539448871,-3.78745547247421,0.0743950315974996
2.23053087848234,-4.16240990270842,2.43114631146355
1.293231738616,-6.66766515538403,-0.450332551481483
1.90156486383578,-4.52777133188377,0.129852608046014
1.34162497912373,-5.75516069261324,1.39722435968425
1.27899153596939,-6.41607614286464,-0.124925205146976
2.01255858805511,-4.39080202985824,0.374430069226644
1.29217827269825,-6.08406281730161,0.602477169659335
1.35552356986458,-7.04937685822039,0.247711292472155
1.28704758567802,-6.14469933558014,2.0906608374581
1.40488268587774,-7.23687191141723,0.324134439399054
1.28713454560439,-6.14353558735155,2.60734994587779
1.93601705219926,-4.48349269854865,2.76147661170286
1.79884163793161,-4.67075033748426,1.38080479937558
1.2578031562835,-5.87981521545103,0.339105871612028
1.2189479252998,-7.02939488585865,0.0917659131571147
1.63649251027666,-4.9402526002877,1.27483435124618
2.50276433179208,-3.93395415618705,1.19847253780257
2.28268861899231,-4.06715032213508,-0.089367554325518
1.35857355292827,-5.67827664525767,0.490490974297694
1.94900722294625,-4.4576309941883,0.82204803381644
1.98883117953971,-4.41874355846268,1.72341359567243
1.57038316922674,-5.0716519190243,0.898298466622924
2.47429735934145,-3.95539364838481,1.44406826191918
1.47083990971024,-5.30722644238149,1.69398533709794
1.28197019289514,-6.51241397047694,2.83487066568763
1.36187005345914,-5.66434174078346,0.518047086640369
2.49296562970559,-3.94127489830149,1.27675992741317
2.5667456136956,-4.22992158446792,0.0348896088631289
1.39715657666119,-7.21048270458787,1.92880301199375
1.58517121010354,-4.74580598470176,0.104727757693392
1.31116213229974,-5.92721554852424,1.15581054999148
1.29336692719453,-5.9992112389015,1.49599814582834
2.21343074299899,-4.17868292553847,2.73630359912979
1.52398088414834,-5.17464024312952,0.773762856591253
1.70705597180368,-4.81527565461406,0.4507666459001
2.10939165345842,-4.28343582270714,0.441392084795251
1.31980542785447,-6.86868283762499,1.33443283764884
1.84922013387665,-4.59844218421332,0.613591285702138
1.26051056693888,-7.2370746839941,0.154124826275599
1.42240729104832,-7.29369842045602,2.44908678483908
1.70334998776976,-4.82150850918693,1.3985812810141
1.34226286404309,-6.65808323875739,2.57229672402609
1.60421546465696,-5.22829427573456,0.234089968729937
1.60464451748909,-5.00157927072163,2.07467026565628
1.90034197961243,-4.70737213201497,-0.216497029390947
1.58302037064809,-5.04527129540581,0.408372483949202
1.3923242275807,-7.19351058589745,2.41878671019583
2.19929952502461,-4.19232368774341,1.59133793880846
1.16574057721757,-6.86074433612448,1.18730591044329
1.51460275100486,-5.19677464149659,2.53286639070848
1.42758414017106,-7.30976520025517,1.26159612880921
2.21341674432295,-4.17869635126601,0.93229843686759
1.40243099531889,-7.22859337978721,1.85083012873263
1.34605391366743,-7.0066865042637,-0.163796191586411
1.31371066677727,-6.83054425566267,-0.174232589408196
1.38582996373083,-5.57072682994806,1.47920449336176
1.424353173291,-7.29977359082376,0.825474319893248
1.2944365502971,-6.6796695935754,2.29273157068867
1.31961794068957,-5.47875273581496,2.46491085847225
1.73643233218912,-4.76702932220022,2.4554528479598
1.3457100034452,-5.73573582577479,1.36064143218466
1.29347938286268,-6.67017226891156,2.51438746700429
1.29762897274371,-6.03140704033589,0.233261610410241
2.9467017138207,-3.61016964079733,-0.340845599527043
1.58395211410069,-5.04335176812609,1.29578224620137
2.2577142674371,-4.13705484137919,1.18166568888442
1.31534082360555,-5.89975952578246,2.6946494545284
1.31276940681278,-5.91645385693329,1.69226647582893
1.28186098357275,-6.51006157027331,2.54748191053656
2.65621386922901,-3.8696800598363,0.180665508426249
2.01480817926921,-4.36591319829683,0.813760799630881
1.38046511894678,-7.15016836520454,-0.288274871760176
1.41422038851485,-5.47317356506485,2.21249543169877
1.9258069721409,-4.4964397626933,1.79943711581118
1.47733969560897,-7.45081982733118,2.66575264543459
1.66635666418122,-4.83965110631252,2.04293199166845
2.56268818132294,-3.79154914448085,-0.232302794405695
2.66340640408289,-3.82229405729088,0.941625259675713
1.38778673004844,-7.17722275720324,0.199571683375475
2.14478421250995,-4.24664825051581,1.18019028373206
1.13757983115691,-6.43267268144267,0.801002803831691
1.2804778573112,-6.26500519048989,1.30178562575724
1.29409879902399,-6.67635232156049,1.59814360027711
1.28763327051094,-6.13697400941094,1.63184450846102
1.38294349010284,-5.58137747799077,1.59753760390437
2.1130285192692,-4.27959814978483,2.19513951659448
1.89319464286083,-4.53878835379596,0.271486095558696
1.31436031502448,-6.83476247840564,1.64515933162769
1.75446755208649,-4.73837742900973,2.79744764466266
1.40717919167197,-7.24454908799386,2.61594633571361
2.26458732185451,-4.23775928406115,1.56143491556665
1.4862894435743,-5.33957499366099,1.37634605830017
1.2855373134007,-6.16597043529834,2.09752920318367
1.30635591641803,-5.96111833162712,2.42724767718777
1.27986186237265,-6.28455743999372,2.29070117951691
2.1667988431136,-4.22437838615685,1.03523800407125
2.56935639670517,-3.88579693297032,0.469857760008083
1.2206535077362,-6.00971628896178,1.85088684106855
1.37046712286157,-5.62930090487493,2.78557718269673
2.03587751438835,-4.38251650835314,-0.417080868338841
1.29793137137443,-6.02872580334847,1.19661510120162
