2.24667228787287,1.58054016925848,2.72409309821571
2.37856380049216,1.19060742469601,2.48379562792738
2.07059373258638,1.57103915719366,2.74395851483519
1.99779820785748,1.84499368767845,2.24192754353676
2.12112209731989,1.63082729365251,2.31867750118565
2.65398919359163,0.339260922830154,2.5535782294102
1.95087608436755,1.83107594514904,2.57068173585539
1.94269159332015,1.78333827858219,2.50397338154028
2.5911336749397,0.666920454067938,2.53156038834153
1.83181273835689,1.9243238143057,2.66747616984054
2.02960625477489,1.74340329930838,2.8103920643008
2.50553634854398,0.938639557863182,2.5147036808899
2.39021070179969,1.20235161848061,2.39861633775797
2.43216581400676,0.990936125160762,2.56419941645139
2.09828976742449,1.78981151756699,2.95335428573456
2.19770352159781,1.52605892567006,2.67459808998031
2.65829813827939,0.583709909404054,2.4202505076431
2.04961543706714,1.68992986353944,2.95844164957
2.66916834605591,0.185194367824387,2.93624546761893
1.94583477373349,1.836432314786,2.31668846734846
2.48495184556368,0.970434106525385,2.75588626434735
2.57054939660908,0.882330424465629,2.56132070974761
2.03705533958536,1.81433070242575,2.81680758775874
2.5282586120354,0.661761020230858,2.36634622301559
2.51801847776466,0.706489812036888,2.84988471800942
2.55604966674486,0.790801311704911,2.54935951929561
2.63753470990393,0.295998777731409,2.56877912084817
2.59461564708155,0.69245708784988,2.26496064236773
2.55324517613789,0.7188692328448,2.51937994969568
2.60733552657202,0.312080542263415,2.46688940229572
2.13940201375248,1.6067718061419,2.15735646674189
2.49368442084627,0.893545212930509,3.02726220891296
2.25772731224332,1.43576599660643,2.52401004517282
2.0040427487375,1.77272932922467,2.42438074835799
2.01085642238492,1.80708542132851,2.6998828453729
2.15214040219548,1.63702465682131,2.24784125660892
2.60554022473853,0.315036268578819,2.83585224941109
2.33763816923403,1.30161607365647,2.8610147405931
2.16112161007751,1.61336369460624,2.76100520260318
2.65511233302207,0.330356038986441,2.65310531920539
2.40594669187,1.17054565453062,2.51555834634845
2.25852255204734,1.29821086307256,2.63121189777864
2.04184959970404,1.72904795354239,2.83883418083012
2.17525376421916,1.65839090316464,2.42685128181359
2.40234074269894,1.22034919905686,2.811198581621
1.94368202145031,1.8053692336546,2.93176875681287
1.95931264203597,1.74516245272015,2.33182765670404
1.81013059899808,1.97032581773461,2.09488936179888
2.21447218157994,1.47556253935445,2.46909714574889
2.57730572563309,0.570827691694384,2.95891573540989
2.57301591760324,0.71774093834093,2.95834164372734
2.352834660735,1.32997997809029,2.42965375625943
2.20820662450895,1.55763097432676,2.12211298285309
2.59548198161525,0.649792194914079,2.63634857470539
2.46337191733561,1.04429661032822,2.94021517612161
1.84446345918256,1.94689138301265,2.05804068228148
2.40766580230895,1.20114646277924,2.96046666684966
2.4339763711566,1.1448261609587,2.96767344586022
2.38914021750973,1.20447732836209,2.23432176589366
2.61183224613382,0.541050191147014,2.39217540354981
2.48647134628107,0.98803687055893,2.8770145867884
2.55102873910003,0.596319123675311,2.49819291836974
2.50268658394714,1.12925933640796,2.44168350951915
2.14810291797445,1.59512083155175,2.50949330328235
2.32567915551509,1.32286548033552,2.86594802109818
2.57224146923048,0.736430877565392,2.49721260594801
2.73928250838566,0.151722610902448,2.40388714627597
2.64238368775161,0.517886371455827,2.5574683418766
1.83538618634758,1.87357893321564,2.88028162306686
2.30837977444803,1.36808832471133,2.48492797070365
2.59215066517971,0.907624412518911,2.46447695207326
1.81578290345586,1.97556247979258,2.92581337073525
2.26333623914848,1.53348666165722,2.78330080306357
2.55110767968256,0.940347732103903,2.79336632737851
1.91243336715076,1.81463202250708,2.59520368065015
2.32082086479219,1.26140718555771,2.80917567890088
2.53245689086525,0.863376342836537,2.71407186659259
2.50886905719166,1.07674273386587,2.30193210869141
2.16912839831524,1.56640946277883,2.26864676940333
1.82517568833682,1.90612169841864,2.97426927462258
2.06746321308154,1.73079357593218,2.18206742420214
2.6968434236257,0.153262151147581,2.34809139621146
2.44702595347458,1.17638694682162,2.65075794464403
2.60322615847795,0.371341002795126,2.53912801866379
2.56845365518259,0.795276614936196,3.011120804277
2.03473250788255,1.80583337472002,2.41489236871743
2.50477131079075,0.942702576935453,2.32140379469041
1.82264228258125,1.96167413887314,2.83238050600295
1.80694802043868,1.97324490747941,2.39488156606878
2.26811717083682,1.48762232028823,2.29655704233064
2.19308946673065,1.43779636067824,3.02977532216047
2.34281536247248,1.2696890442487,2.30231040584209
2.11484385633146,1.63896066969217,3.00467208031865
2.47507801183638,0.928439402741007,2.62236121941954
2.35978115543683,1.39437095217782,2.88269616905823
2.67440449953065,0.0794807294311073,2.29614697227962
2.28354042180594,1.51853549529982,2.87790553328732
2.20025011613717,1.52238498412822,2.70605145817855
2.63354898918998,0.138125314654434,2.90453678853407
2.5079954065868,0.932049169303952,2.54815732507964
2.6307522438255,0.487749162037025,2.59912242918451
2.66545834471751,0.466735666890759,2.83926153157928
1.87277238358319,1.91088466756862,2.27683562669092
2.66729543023618,0.210455936722834,2.50675750552849
2.55351321873591,0.798953600155641,2.45495980920819
1.94281942573396,1.79849588547059,2.61734793180768
2.09457417043247,1.66478697076167,3.05469567142491
1.86203207373638,1.92135191202385,2.96077575562189
2.35236719670799,1.11857436050157,2.8546669865624
2.55749481358475,0.786115062791581,2.8378410987904
2.22142372117946,1.45578812641483,2.95288911601318
2.61013052592301,0.588196609226526,2.71554182885549
2.67210095670151,0.136503079289619,3.000742003899
2.67739347525466,0.433095538272467,2.78205827043604
2.3950543198222,1.10257683671362,2.45542113691239
2.32336634775021,1.32692329379003,2.5473709569124
2.66423129359842,0.246227999365588,2.99975032130365
1.98358479106531,1.7955912647691,2.21304141745572
2.68233066890866,0.254711391808072,2.75400894994814
2.62633017804491,0.511024861774151,2.33157486110416
1.99103126934195,1.78733071868731,2.51107270214553
2.60913218522389,0.132011288988242,2.70900119446047
2.33042849410073,1.31448075198691,2.55680342993899
2.63176478118437,0.239234674570671,2.60508065849039
2.34651380828421,1.285546405616,2.88277892207156
2.45088847286234,1.07326711821951,3.06351342995336
2.05893488537414,1.70866724415553,2.93126025263811
2.38072867003745,1.22101908794351,2.97662320447088
2.20284248702843,1.54528969706313,2.95442941100922
2.36629223582438,1.26544193122371,2.96800037553437
2.6736986457151,0.100459769868012,2.73920627609444
2.46667000866955,0.934619924329121,3.05078974483384
2.03918481878432,1.73218991115301,2.9178404608367
2.03744301891989,1.62671350275739,3.00715549936753
2.3249164506113,1.22501101863949,2.532891819722
2.60507083150354,0.610215188527924,2.41535279737434
2.03183208769612,1.74080871461201,2.65725317347272
2.34522268755769,1.30225946634307,3.07478659191566
2.39531462928303,1.25173356220509,2.93624517593145
2.28441554851804,1.23109590883796,2.87487248440269
2.33573914250596,1.35728755168316,2.66704220912497
2.02194560635555,1.69261581901242,2.71286441095772
1.89071687754976,1.85848126382838,2.50094525369315
2.6340659583567,0.337324672708234,2.33341071672224
2.36430481309361,1.29495276911883,3.09133299487021
2.35817649906276,1.41251489665544,2.54872443467671
2.27101490798734,1.45503580574341,3.12485023992011
2.62257460856401,0.529961353285362,2.99424374719153
2.32056719030469,1.39569355719671,3.01168698519039
2.54169006500502,0.835803940476172,2.84877724398566
2.01264069165134,1.76296172952504,3.00379536382895
2.45621485526189,1.0610208283778,3.05462535370913
1.82424266054565,1.95726731156121,2.5954248666063
2.49700034665591,0.971613920045118,2.47668305333721
2.65467828193792,-0.0116277129837384,2.90797431177356
2.24603771290915,1.45398459608433,2.59167165146528
2.73732931601115,0.123717162109038,2.46586410354403
1.84957812240896,1.87037455859761,2.37617861066738
2.14505273020063,1.5992202469077,2.547133918218
2.67543884118514,0.0279932230842139,2.60564748522955
1.97695999007596,1.80288263930283,2.85224314746859
2.63457238749983,0.394372907244908,2.54413246589557
2.55332507289397,0.926753266198244,2.86768657660769
2.54002602186144,0.840847442600297,2.53086965113283
1.81289490998586,2.01295095053099,2.46610833214477
2.50550495606517,0.833573913461182,2.62429572594427
1.83114262882335,1.95081349348589,2.23144020174682
1.9969087188993,1.80957436446659,2.83335552729591
1.96111428246333,1.82010642122351,2.1708288019769
2.48332786184237,1.15787980906721,2.61341636324985
2.66848560516393,0.525618705214297,2.6798803675471
2.53110440720896,0.921287529751653,2.72228550677173
2.59797894064373,0.455034598647079,3.07416119344842
2.41436247558216,1.00387800934118,2.27276135003911
2.41448987274196,1.15282057055173,3.02465145542446
2.47490015425097,0.921522099062904,2.64101922063409
2.51839795833971,0.859405672741033,2.44035617012164
2.33799182542928,1.3009807214892,3.00497871123087
2.52065568223467,0.897246646735884,2.62352832130915
2.60068190951663,0.841498708379512,2.44306356452346
1.85336046001602,1.92971801533538,2.45309030140032
2.60548356805096,0.585439678489919,2.77559537880395
2.37012223875106,1.22262178612441,2.51981870413699
1.81753076381017,1.94807953050294,2.67047722983449
1.93878827224249,1.82095630081254,2.57332471330099
2.65072733949945,0.363869736431663,2.57909610457811
2.25884983699947,1.47536777988711,2.6084196675463
2.66880261164687,0.190392314780655,2.50931601587164
2.04171521015498,1.72569834182731,2.74176073046041
1.96970383366199,1.81080739481535,2.57809001880318
2.4053853295221,1.08720705357695,2.29815893389772
2.61226006076719,0.632680024376608,2.99436584750537
2.51529675566447,0.72564225378554,2.95016205390146
2.62476035780993,0.295748151702629,2.36941767343118
2.61880946597877,0.548264164760625,2.60797410835302
2.65792012688768,0.263314419544148,2.3949755446215
2.49333630875897,0.970582641965572,2.9694372088775
2.28721992753223,1.33378298111356,2.70100124082654
2.27673326922464,1.35805895231157,2.56918092341327
2.62458952817444,0.195873986952988,2.41209262933205
1.81894279682811,1.98197116081105,2.89938420773009
2.66646034016432,0.220784663850246,2.51119525424388
1.87287052815318,1.92671875317196,2.28193994623452
2.24812149540664,1.44451077921999,2.36892650691802
2.61171617947965,0.132519377330617,2.46578618482912
2.5854324739678,0.836787144442072,2.80755780908788
2.60297492487551,0.171376517237227,3.05935527324088
2.2276899969194,1.50563972376679,2.99476698499726
2.53976973933496,0.798687506351398,2.3783478188381
2.51052860237077,0.925204166732383,2.59068601880143
2.31444983689656,1.31067498366926,2.22583913136319
2.60411507488253,0.188437489938724,3.10208758842581
1.80306181655458,1.90729854302285,2.87653370426988
1.97504120040109,1.81019079861161,2.24271488438494
2.66555252650349,0.231487239198095,2.7105570956497
1.91015626383087,1.85322003526802,2.88271535416186
2.18660995111917,1.54191229813091,2.3650366066738
2.07819030169684,1.73239994671068,2.982646276462
2.11986477334517,1.63246131843634,3.03441203558979
2.58190739227189,0.401744267983058,2.36494106421139
2.59013435953906,0.574279380532084,2.67829863309753
2.50640714118668,0.825530932367866,2.34083329166375
2.21754748669844,1.45394413234881,2.40211545312302
2.15076427829959,1.59153059431829,2.27935110014382
2.16965636139895,1.56567809172312,2.56887172521535
2.5741405634458,0.876558283277461,2.7777470805761
2.0248455616868,1.78332249834725,2.96740164917379
2.64000733612557,0.446352847366306,2.68233770185642
2.63007841660356,0.552167081130471,2.93025758643244
1.94300290015493,1.78014416554994,2.20165689476752
2.2345823771201,1.4148744161845,2.94457691954329
1.90557444954462,1.76671977011079,2.53739172493268
2.04034343785295,1.7755971399787,2.45120704518649
2.26361728279779,1.42834136208001,2.25502322934682
2.63291757512154,0.376192443678008,3.05483609697838
2.56218637625528,0.770686438697692,2.7778659690509
2.59486991715698,0.652232110904117,2.9057074123353
2.64853436391265,0.379502749179093,2.92518804298645
2.5943563399021,0.461552305511872,2.28194927419117
2.53624674914668,0.825046382996292,2.77028032477335
2.66165140938371,0.657711477709136,2.26868255624673
2.67136500354681,0.235593377062278,2.75263540971798
2.61689041901769,0.557351907069587,2.88300736637823
2.58648737845479,0.468841931962613,2.89836959145078
2.15831365244845,1.53062514716706,2.24616898438143
2.61807847240287,0.581457476082167,2.58788128431232
2.61728682872615,0.555487416272681,2.71704580927623
1.98305340878276,1.79617810680784,2.928726669865
2.33307364424295,1.42650978981727,2.36755383174415
2.59883604697376,0.652970964554873,2.86920159267507
2.63495938563569,0.245914851624527,2.65403855238552
2.66624589634825,0.223359427082952,2.70580580473457
2.17469965988805,1.45576979307273,2.8745507131683
2.55176346669801,0.625319014010138,2.39267924936782
2.65093196190063,0.0180920415984913,2.95754989609687
2.57259587133202,0.735191877176392,2.86209007228025
1.88237202736716,1.88609082040958,2.993589292165
2.64245307638885,0.580454386994633,2.95180952143274
2.61029139388921,0.409347549981573,2.30137403070453
2.26022873269515,1.36761251735352,3.08820210647333
2.60338007970697,0.358594692539177,2.94347510991983
2.29394024740579,1.37716910900316,2.80341411224804
2.36093578294342,1.21647834593789,2.45357438297747
2.12321056895738,1.547703663282,2.29485038026736
2.59924105758475,0.667001598620399,2.67220267743387
2.10543845374105,1.66484270215252,2.36103465619568
2.15709855930392,1.52089284335574,2.74493870572921
2.59638829914361,0.59810183068052,2.72193319988417
2.25583015424089,1.43874491438831,2.43189160047597
2.71734081268133,0.216666408202569,2.37391784760596
2.3697224382402,1.24080255588323,2.87857272051774
2.5991701490037,0.634878846701293,2.38882013049167
2.09680745396306,1.62590939663921,2.75255532464402
2.6661295795992,0.224743583327517,3.0554751988825
2.35952709422926,1.26150247921228,3.04464772112033
2.3569167154492,1.17255669713622,2.93497324848149
2.51381744981753,0.773927395377323,2.90324667829107
2.65315343460106,0.532675698801181,3.05755304657078
2.22907110266521,1.45587047343519,2.36054322661795
2.71660990477658,0.309135948973519,2.52104932147531
1.9934008876974,1.74673656816034,2.68366062076208
2.02495355310197,1.73799110493216,2.92032417388088
2.64757215338214,0.676131066921268,2.25666440485495
2.29200255463535,1.29705639082002,2.47260190218657
2.28606137120078,1.36410215070992,2.23036608306311
2.04344921054067,1.78417398751061,2.95212594244532
1.94460950134508,1.80212547104257,2.72010453459715
2.04446820717209,1.72595085773705,2.87671950223967
1.97371818816155,1.8538424527926,2.94280827428098
2.55948271650337,0.689418708159892,2.58800638003152
2.32019960216743,1.33245278323953,2.82958747542036
2.15480104633712,1.66803267246556,2.87022867865535
2.08526930969918,1.67642730814295,2.92580552555979
2.44592259942706,1.17350066452789,2.78844234005899
2.29295168206322,1.37881441723829,2.3638161232999
1.97553499014393,1.85622431520452,2.63478428329249
2.59915678848902,0.420016655574854,2.94962183145294
2.5369768584105,0.61890671655367,2.95609875731188
2.47497588815718,1.13223889158054,3.09729631879061
1.90698117502663,1.876747029185,2.74361940719458
2.46097056131737,1.19304561491488,2.38049320591131
2.66869462072378,0.594785055661898,3.06256387975997
2.01807674738317,1.82038169207586,2.89452294568186
2.64142704759369,0.561461805426006,3.08933561622546
1.99172105449802,1.78656202090215,2.30530040792755
1.96164062876465,1.71360684906935,2.43905693719296
2.47845394541394,1.03627642493799,2.92436508863119
1.82987640865319,1.95436515226473,2.57907759467662
2.3340186559286,1.30809538155211,2.44179103909623
2.67554728367406,0.0142599538943592,2.41003469139983
1.97987478487051,1.79968120779616,2.17734706567507
2.00099718346762,1.83341275405786,2.8988531565396
2.30681752478363,1.34678434864775,2.42539063997965
2.64776285378296,0.12666187422668,3.0275157729603
2.60336615839044,0.614538487886002,2.32594276946242
2.60842891765324,0.145543290755993,3.02437809173454
2.31558344339585,1.27422403004147,2.85746811160449
2.60136106017456,0.623965920015234,3.0382869407162
2.61442464789497,0.5688060952029,2.87819156342979
2.59536227773409,0.717529748338597,2.94135615971081
2.62927681739229,0.208060520901475,2.28564948261001
2.5495450074395,0.811527490908977,2.83109054240901
2.28790165612034,1.38717793573229,2.52907291589383
2.01484376476874,1.76044347169492,3.04309725890275
2.62668372984702,0.509204474467451,2.55422464501207
2.13544894267968,1.52917377503793,2.48190167717906
1.85634238220387,1.86647450567771,2.78380680554322
2.59408279909854,0.298235698483433,2.95611123645346
2.16751421271871,1.56864232734015,2.89628106947372
2.58522252233731,0.608273904557217,2.47028577381813
2.62271093118298,0.648156514750553,2.75099033598788
2.3941844475918,1.08658381255687,2.33949639867212
1.94513449197554,1.83717403138292,2.14996023746651
1.85470119996474,1.92842943150898,2.36882167360972
2.65968031823723,0.035511277151712,2.35315053806219
2.39997260756085,1.18274599826771,2.82599274402321
2.66244664896516,0.264829105037397,2.46302910040998
2.55751170544473,0.525217154969926,2.84482302275868
1.98514665007555,1.8250761221641,2.77085002061378
1.86780269643989,1.91574259769745,2.42484664799343
1.95496134072711,1.82671365290873,2.91626379785157
2.23817766490049,1.46605503095937,2.44202113106921
2.41008893419722,1.16049280942285,2.67896444159572
2.58671104218711,0.757819912548595,2.90056957382517
2.51687696674971,0.857801549999959,2.5077806212115
2.61339942716272,0.573498079827881,3.0739551314769
2.66353131237938,0.253687921342868,2.64691525664008
2.47182013766778,1.09787604783691,2.57746842290321
2.29417003136626,1.32031217023069,2.29430360265243
2.63031106139527,0.490122774172361,2.63497668227653
2.24121465688216,1.52765301458249,2.73211525556902
2.32011239031786,1.33260463369833,2.91561898250736
2.67797362466746,0.534474988441708,2.40675294769121
2.47970585676256,1.0368083895165,2.94235864770572
2.15009835910429,1.59243011138252,2.58715311404525
2.64421147329199,0.408536776767626,3.07406690310903
2.26010475792058,1.43202063416889,2.49435129611025
2.73564243388475,0.135150986887525,2.30272863289953
2.71078095069407,0.048874248421203,2.93307741611869
2.48617046288423,0.988793731241606,2.36526670924942
2.33984247365986,1.24255010550404,2.76397036649021
2.48399222988623,0.965849656938154,2.31755138593863
2.53161779267192,0.77527916786891,2.91563038693695
2.0868370101677,1.7252838580935,2.5692075842373
1.83950483025052,1.94106393847816,2.92681998319939
2.05344674019271,1.73156157695586,2.39101830623329
2.58272940744722,0.69875991682982,2.59890556837237
2.50285673268267,0.820003082249536,2.86206469671833
2.52041652543835,0.897918232222729,2.86234451719691
2.16846123194435,1.70238408271238,2.61585485760368
2.66558290929708,0.3669492255969,2.6662271560242
2.34296459674996,1.32643054027042,2.89119222843093
2.04183030690963,1.66524195768717,2.90071505054455
2.45095684707118,1.09581405663209,2.61424240718732
1.8569688792304,1.94461932964083,2.7206937562745
2.53228626744051,0.820146807673366,2.3495962789342
2.59016649117178,0.58794028307915,2.52741108452706
2.64561424956668,0.428878665668487,2.44446580412278
2.43606044556495,1.16430852252773,2.47477456021267
2.45916119317718,1.13706451247062,3.126521489835
2.1586690737111,1.58079234678814,3.07592487457741
2.06319920899989,1.70351566985541,2.32685112529918
2.54851095638266,0.891723348799425,2.48609156745087
2.0855473200093,1.67118734159077,3.0079718401877
1.99710217118768,1.82825357335359,2.34651469761435
2.59525282236131,0.488110962609846,2.96064950494708
2.71561552007895,0.0766653642940461,2.7395463343744
2.67552836808503,0.554269390928608,2.3736240631597
2.27716530200912,1.33467794626603,2.54447310303434
2.58446912937262,0.587642173100292,2.63165271231593
1.86522565118791,1.97328822267295,3.08255717517543
2.3963333073808,1.20833811750783,2.42264908295865
2.40331844732503,1.17593241906493,3.06986044984694
2.14423279645178,1.57485998633803,2.16478408633701
2.602751834969,0.589567410319007,2.29500188070743
2.57506853367213,0.726483764686002,2.57548860870026
2.1479935472944,1.59526810732312,2.16630403380061
2.69677809229957,0.153781690254413,3.00254825557455
2.04414167446225,1.72633757654388,2.54060523152389
2.35862536077538,1.34830410721336,2.2657317369047
2.17811133817738,1.49304184172452,2.76213939669387
2.46678721308578,0.918651097895661,2.92043577775124
2.67497515631217,0.0571360356812736,2.90230179186693
2.67912164202984,0.126737835414132,2.87278464991113
2.52359292031042,0.79444632240575,2.42832589663303
2.34730658176513,1.32987654454929,2.60933686190895
2.30338306237665,1.33069075036849,3.06028612053468
2.48633011990364,1.1639427912136,3.04468229613355
2.48782377891267,1.07382505432361,2.600847355985
2.64605422773089,0.340626223863895,2.72989277199426
2.5209952352262,0.866275647699972,2.31713292196469
2.67288572395366,0.0999877796361813,2.88121226931117
2.58876350923493,0.606677721605987,2.46303937889618
2.38022808734324,1.22199462588141,2.43744381140555
2.59197492327521,0.663643436321926,2.57230572904354
2.27125505307231,1.4961991711881,2.69610876238684
1.83035717332526,1.95521368517978,2.34107141821853
2.7041564241809,0.275166158522582,2.66394851268384
2.66583694230411,0.228188541577766,2.72754533855352
2.6652268195096,0.190002428337876,2.48749688737847
2.70045293823207,0.112890421252502,2.37205675034101
2.67772278553024,0.114714405899665,2.4196894225162
2.45530055754826,0.999433017630206,2.81609190272797
2.67890137940014,0.492945515435445,2.78184873960838
2.46999751926252,0.897013599322282,2.71524902865534
1.92538655137243,1.85785985511687,2.87896243044662
2.29154648364091,1.38114855347775,3.07562779822366
2.5739763386037,0.67530182443263,2.51303155002655
2.67533994373662,0.036232566953438,3.01031860403779
1.7811240620685,1.96922960873595,2.34268019393651
2.38395128630406,1.19974115940324,2.8737456963813
2.33808996579,1.26198026965745,2.41643585874628
2.66511676179704,0.165999736565943,2.5487443538647
2.50269384629568,0.80027967574859,2.81686355624487
1.85999387877656,1.92332508546383,2.14665150166788
2.60246026302427,0.621254531444535,2.81639441678986
2.18415328039873,1.54551766444979,3.01347774599662
2.66130429783702,0.054904121750804,2.40792338548816
1.94814299044489,1.88498716688797,2.34875688908964
2.5585575475853,0.930342678949915,2.38410966649029
2.22057343638331,1.49258508202698,2.33958802500012
2.49378021374211,0.991158415530512,2.40673114273296
1.9335428326494,1.84936981909267,2.74756927490115
1.83441890571419,1.94773301348492,2.30571601497657
2.30317185760773,1.27877510636036,2.83310012039533
2.62660721637566,0.430368022521597,2.50579395834792
2.35336011769522,1.27297005852543,2.50536561836514
2.61267004067421,0.554376989315226,2.3824072350748
2.67625935322729,0.0912734123190543,2.50026099693811
2.62621002985461,0.511641957380092,2.67209082210701
2.45452909871534,1.06491479331465,2.44959214582126
2.49947681666638,0.954658188257979,2.68463638530129
2.58530031936223,0.830768776893628,2.40634821112748
2.65127506887307,0.359857086400693,2.51439145169775
2.67323445455578,0.112134581804805,2.8525213221902
2.51497324498852,0.667327169952358,3.01012427430417
2.65622767298034,0.617200882815072,2.62346115508875
2.67556910597838,0.00930443951894189,2.61066890754767
2.36878293177012,1.10830757237223,2.79457663656098
2.02760264836352,1.77464949143332,2.83071369899827
1.87373068601749,1.8802301249434,2.20480836988796
2.46687697038456,0.875775827121294,2.91432444624285
2.4214895924247,1.12558547480139,2.24694112345619
2.4797031271811,1.17489975038042,2.41314919711099
2.03467194822615,1.81063604875281,2.63870433413522
2.46825754909355,1.08306838523846,2.51370682745574
2.47164410930206,1.02456430272244,2.96907557700403
2.09531392779219,1.71879660337278,3.01850495057312
2.33018642731885,1.31490981721171,2.84628590942475
2.4657968781936,1.03855783129848,2.30880841805504
2.68026116256294,0.400171878070342,2.47895448353283
1.92332933033965,1.86137623757671,2.58614802230467
1.94784543798468,1.83429952929803,2.4787622638667
2.47385518053121,1.13976498237328,2.66497198694464
2.44150457821608,1.06684763125706,2.89975567039507
2.5893369851321,0.726628791620123,2.38949305925845
1.96283126492985,1.81825466832195,2.66647223394875
2.56899309557592,0.503468435320617,2.55021662829168
2.54336154743141,0.830703709217671,2.64109590766432
2.17796302108735,1.55410221421783,2.74091397997949
2.47424828379305,1.01825932041295,2.49498531320759
2.26088017560924,1.38864367984489,2.87278069478568
2.57182314686826,0.695330532277216,2.36657857443348
2.17586149010622,1.55704315589949,2.78158235835486
2.58283877523544,0.799447486374774,2.93172166364258
2.60827102248384,0.498632589715268,2.61229287877357
2.45770437608348,1.05756598528926,2.79700109401883
2.39737690325,1.32345290628707,2.5149195674379
2.32447981220575,1.3402077324369,2.54008838360926
1.85305747237626,1.9300089682515,2.40476559887189
2.53203032565292,0.78239989768658,2.8180397004011
2.64184271310213,0.423584339523889,2.83975925391138
2.63874337678347,0.442481643621617,2.53372657372066
1.92512257090451,1.81212469928539,2.092566031335
2.69554271623916,0.0320424825919552,2.75165287927966
2.65475474577174,0.188784611199765,2.3740813786426
2.04093946365326,1.78782557513382,2.67116804947549
2.68681876878482,0.225415240058257,2.96767917554704
2.69787088431619,0.202906753498415,3.0700315925593
2.06946580189407,1.69589737550703,2.77536474487061
1.78824531762932,1.89396804705269,3.09297480957277
2.22974138259689,1.50370854553169,2.17399495922026
2.61081311199001,0.394277518822887,2.66955766353638
2.19414672808421,1.42081689730854,2.5777243559534
2.56278105457418,0.768706627899322,2.57865309999712
1.89442019738697,1.84477963189124,2.69057879455109
2.60029629033618,0.630250597718562,3.02077759138173
1.83760524513252,1.88968691690662,2.40151620579162
2.68477680185261,0.156460928638998,2.44807789967693
1.94749115839788,1.83467566654785,2.69495059288073
2.0700177308557,1.57434684015039,2.2428037435737
2.32542557664409,1.46914425657969,2.82399949885704
2.37908972169837,1.20958226924436,2.43442642510812
2.47293213941489,1.07649406376309,2.51498497587472
2.60368796829278,0.83109555728685,2.96945584970749
1.90215043455877,1.84987452870107,2.63917971260194
2.15553715777393,1.58506030639739,2.79090186689873
2.26855285162222,1.46664613393586,2.47916692804744
2.60891022147518,0.717627421038762,2.90679889328983
2.58655567817762,0.675652347548866,2.40408071134252
2.41478348697863,1.16290142855681,2.66336934207573
1.93991036786107,1.84268944158418,2.99533991488161
2.57593199086572,0.723416195488657,3.05939732035324
2.62901460559737,0.622591686421908,2.67598430212182
1.94883225586587,1.8171136256209,2.22978130784441
2.09124341995527,1.66896901467777,2.78807784942082
1.9717840330138,1.78380700578178,2.69191623091692
2.22067391678673,1.55731396178098,2.66318004000125
2.47777940704284,1.07716800738815,2.37747415226309
2.001915483042,1.7751312661934,2.35732868478339
2.13642999636926,1.65503458667327,2.51016539494817
2.18409759599381,1.54546895945365,2.81369781907249
2.61555340281519,0.0492286472806596,2.30981457841702
2.33362115604978,1.28129015185274,3.03456386799844
2.21282648396029,1.63639983619253,2.87779399525645
2.1298713282157,1.67513076358608,2.77759255609967
2.732155018133,0.0253968340362485,2.569664117127
1.86454613892073,1.91891227243365,3.05693099366974
2.40042338187178,1.14239541122718,2.88612882097681
2.23946990070376,1.42062162410666,2.55840451967328
2.4019744039014,1.30664345830838,2.58770807416196
2.14165824271287,1.6244532432752,2.46683583869064
2.18382029055222,1.52005742587877,2.85488945818206
2.48042795533891,0.881426986084865,2.60619473102112
2.32203051834757,1.38886460561381,2.26480350396607
2.27799960236101,1.40754337643031,2.28184523247529
2.31442858389849,1.22001134892042,3.02287096144625
1.85646122466949,1.92673514909532,3.03380626746238
2.58901933386471,0.345060401694265,2.47074857033178
2.60147749709378,0.502360442965849,2.96356945959814
2.20511079044093,1.48091419140142,2.71242467309619
2.4998996388569,0.768422080570911,2.63875297768186
2.10491889990558,1.66239682725951,2.71277881846391
1.82052251553297,1.91020152302638,2.89028397754762
2.73655835394505,0.0669560223986339,3.02920690932951
2.28284738059061,1.39548000716288,2.78982643321835
2.50390399632845,0.942985360772426,2.91877869432262
2.67548403701332,0.0232761927210861,2.34549609281748
2.6183106623326,0.722631826673505,2.56180947552383
2.46710480577473,1.03544700047077,2.89003463953071
2.26024894870595,1.43179303788444,2.44786020869857
1.85110414562624,1.88840711910219,2.99009200871843
1.99343500701815,1.84416617490504,2.41177283070115
2.59092948182588,0.572820346375795,2.59368017762569
2.4330066204659,1.25562844049346,3.07644500259973
2.55738782256959,0.786463055987671,2.79327224450139
2.17937851035783,1.59014896458488,2.32124694188756
2.15785096959034,1.61454947137333,2.8339358818391
1.92185847071057,1.84240774018165,3.11114097939508
2.06362591295063,1.73706151768822,2.73832304590356
2.6965921092985,0.440065856046674,2.60934482744346
2.59998223568873,0.504339302514807,3.04343063403729
2.70641913040673,0.287159397338066,2.39551081562779
2.38499469468506,1.27789995151075,2.31958000730972
2.46891391394036,0.892917386304387,2.34868930178827
2.15796397917638,1.63325630926181,2.80533134937411
2.12648317339707,1.62383063363143,2.77085983536998
2.40379508908011,1.2473117555119,2.56378246364383
2.59462116558358,0.383387326848217,2.38675617322073
2.03648039792418,1.64153142930975,2.57355212427498
2.33362568996303,1.18385642600678,2.32984770333989
2.39565579797933,1.25969279960261,2.32698867525624
2.47977279991232,1.08658179621364,2.23208204606648
2.68580018632395,0.225180480962869,2.59285708860254
2.38492683854651,1.33153542997633,2.7018204714771
2.34529795483446,1.43032380448335,2.32396704360961
2.50271020690219,0.946149160401419,2.65752545397943
2.57241625795394,0.735820093008451,2.52415052284337
2.63780571440902,0.23269739703111,2.55976423816743
2.16329207176534,1.70553919990607,2.93117482804095
2.36732564199909,1.19848203641309,2.30985390964829
2.59744810875155,0.80767355869591,3.00290666958255
2.03897770886799,1.73243369749036,2.61627553969719
2.39616310836106,1.19044486289377,2.75544543422149
2.688639665764,0.21563919682214,2.85302809201447
2.66449470196229,0.559555243662999,2.59275700499156
2.59265086868569,0.36091726519755,2.7884451746643
2.25423018861325,1.47019585082109,2.38687125295328
2.71759434945731,0.088551637568678,2.56504580124774
2.69108190709924,0.271193009098938,2.80294282715618
1.92042988267807,1.81945282283072,2.53973089248566
2.41568803390801,1.15030775720863,2.28561943872137
2.52434458273494,0.886815110988438,2.82448345605843
1.92679928710531,1.85639465649715,2.74535847800758
1.84144772822679,1.88190129638768,2.89101288259925
2.07087914241193,1.72607679601232,2.72096602807358
2.030585733818,1.83335994813217,2.43914053373057
1.90524193273214,1.77027583400145,2.43022058022092
2.53100942000652,0.949561717174331,2.54760539318541
2.67262532850844,0.125819183258476,2.97863754713773
1.9868478308508,1.68908738291549,2.83970416220351
2.08343616785148,1.7099342310317,2.67452392182477
2.65884694970716,0.292861850681367,3.11024753316132
2.00597785450852,1.77053931350933,2.49934031470528
2.1676529568275,1.56845059603983,2.83115079061061
2.52682771352637,0.942643932581155,2.57723881878673
2.6078429139745,0.156279937944428,2.48625586165957
2.39296404341594,1.19597370564006,3.03731350761525
1.98227714559719,1.7970347607945,2.82517399586823
2.3962089978296,1.12839386537757,2.89524378989488
2.06890886974715,1.68742232320474,2.19344938687637
2.49431914333796,0.968054040143667,2.39828796406573
2.66987319123732,0.174739108882199,2.34365005504419
2.01914525914799,1.68250271422505,2.56214796069953
2.44748671037692,1.02024995594888,2.47387656052848
2.68751455466722,0.123962124558747,2.23778044351876
1.95556606521052,1.82606625784984,2.15821649493822
2.03499576360312,1.80470980410096,2.46026747864502
2.64178972282438,0.447356744671242,2.71243139398978
2.1229628389201,1.66769625109976,2.58756457420418
1.89867589758046,1.8464905191303,2.98640945166428
2.08922199306398,1.67149875176695,2.2295194219028
2.65685632284557,0.316023880768861,2.43635561330555
2.50785278685411,1.02702313504171,2.9943242479481
2.57861849915145,0.562807085913299,2.85392644177141
2.66481783573567,0.239796821925902,2.40675939847115
2.25797363569939,1.43537858209853,2.62707213128061
2.61828727281524,0.0474661337878082,2.6769529185013
2.51424669237902,0.915052011265939,2.74263661258142
2.67324246624022,0.111943423882731,2.66270167184342
2.58259500829736,0.518333098111243,2.9770800200336
2.64734465575544,0.387714955997087,3.07370100325879
2.66768068668008,0.12392401381543,2.92933021488737
2.64389018609779,0.410610883095511,2.95781611357961
2.7241708083101,0.262964726538272,2.85595398642458
2.60915100021036,0.59252651549273,2.91772128868272
2.65481650296879,0.332725035164571,2.52705097619057
2.47200815063873,0.952974523860842,2.89454970861351
2.04905621520966,1.73342960636682,2.39679955204155
2.67329976701903,0.110566582278342,2.46040597603497
2.40122133961861,1.22193992719506,2.41836926388309
2.287040633408,1.38859704543883,2.23873783557489
2.61808417476786,0.551717198654141,2.5973562949409
2.00053464099023,1.78271015226899,2.24718752357403
2.34161477971565,1.17947076974299,2.46525079484217
2.52313561831627,0.921988184077484,2.8717699131463
2.4303768478877,1.10239144948005,3.01759979730075
2.62864982091316,0.204207436927987,2.77754354273639
2.71703438121311,0.0990960727366367,2.44727166941853
2.01867037785052,1.74798809645107,2.32330693373511
2.25901478186338,1.50759528132756,2.95861703421073
2.41021465337084,1.16173230054827,2.93142606609071
2.5896515648065,0.450346928230692,2.86158030081477
2.7089920506613,0.165955401762342,2.52613780235833
2.15441567015996,1.58658429767533,2.38605729390463
2.33146544840408,1.40841773985984,3.00705788443539
1.86444281719012,1.94499991439357,2.59673539561922
2.61602269862063,0.561410592848359,2.78095417652881
1.83573254129456,1.9464949653911,2.75089364277081
2.65141738436609,0.155027688746361,2.61129593239071
1.80701463132842,1.97318390821173,3.0233325685204
2.58525539632387,0.825933136157299,2.90478859901802
2.60062953271943,0.628874110620098,2.88580307010704
2.60767880787934,0.672661520589263,2.34895085571281
2.52346270929026,0.889321408874284,2.53624835980372
2.67334004103745,0.109588495959013,2.69285115805574
2.59705617059295,0.6434717245115,2.69099619543057
1.82359160979697,1.95787391170596,2.82866502926995
2.277881808449,1.46980346532469,2.62728107176116
2.55395272447051,0.727544394723692,2.28756964589001
2.5877422378541,0.830467794868713,2.85983946863035
2.49331859905199,0.970628135323784,2.75536578363277
1.89010007775942,1.8937471609258,2.49043399143535
2.31571726228967,1.34022765774861,2.99150868477656
2.22490497835643,1.48612060437417,2.68972375708164
2.53685415471738,0.662555499397589,2.55185833371397
2.2743347430847,1.52391988366378,2.63734616103047
2.42964505588563,0.947005696207719,2.4923543205603
2.09553773988285,1.66357392206881,3.03913551730811
2.2795827669616,1.36143954000273,2.67261041537023
2.58885987658361,0.651687454136427,2.70778727414668
2.45183966005111,1.07109238390587,2.52158370690722
2.6113547827097,0.435693917633883,2.48858478699858
2.60289287974462,0.791885085759815,2.71299424138908
2.60877396192893,0.594184339260423,3.07651122608455
2.52104631292641,0.896148481860474,2.71058092435149
2.26359282647507,1.4277093121068,2.18926722766936
1.90382801553182,1.96606933114346,2.40035500759203
2.15127400066617,1.58664591466789,2.72447430011267
2.01861166507854,1.69500092513642,2.49776123492156
1.80352097354061,1.99032543181575,2.769122953809
1.88264167041329,1.80955419119845,2.5073045285717
2.59276852199115,0.822359278727376,2.59302176526512
1.90513364514876,1.82817269571613,2.77399735941281
2.34363204817534,1.1182634095781,3.00357336103787
2.48127864785124,1.0568539757629,2.89771711910053
2.08347159346101,1.78035817332128,2.87149152608128
2.74006358983811,0.14974163272628,2.43608602793654
