-5.55559978811594,2.06790316442906,7.80381749395423
-8.73863460128617,7.98494488268767,-2.03590895664531
-8.16678312031923,5.98127106525702,0.219268839556587
-9.92027406408739,0.949709888453437,-0.90507045406446
-4.21803696852028,9.50177785818146,6.79823091096798
-7.29030224566634,9.36031331831237,0.333559867406269
-6.06084168134054,3.31996046264189,6.0798535592071
-8.92432271422857,3.44646503236922,-0.0793648090168291
-5.60557592380097,12.1418963789855,2.47743291029757
-7.61971387420444,10.9193008993031,-1.17526800859842
-13.3493155730273,-1.54853855899521,-6.90777109233434
-10.2896560028571,-2.03422615230585,-0.144954914838343
-8.66766083702792,8.53414270386255,-2.1694496788187
-6.00828869228249,4.43885884768082,5.61191102829943
-4.61823343775386,1.80836126579624,9.93307859843828
-10.2621160704503,-1.81970837487017,-0.197504696340503
-8.70111903000833,10.0508351000047,-3.02655398460686
-2.96371819863858,4.38050022558046,12.1211880244958
-3.56367273029704,1.54919146193737,12.3115438524031
-4.70364355849293,7.15369359305285,6.98153433103644
-9.70951975527887,2.58174787912887,-1.30224373293938
-2.47514280144207,7.39509239377099,11.598838597394
-8.02050841464194,6.6385288145497,0.189979935198339
-3.40280870915402,9.27216567508946,8.65206582705197
-5.74282568480011,5.84642008210597,5.44747822246627
-6.69758168621877,14.3657033550082,-0.99873209392586
-9.60256190210859,6.49761596570284,-3.10371263012547
-6.09209865287966,7.65122494083894,3.76900924449317
-6.86404645066563,2.9037919333316,4.5862290107948
-8.00604074288412,8.51325521090628,-0.750657282093967
-6.30068399234987,6.45663383338173,3.9441267587392
-10.6246111386921,-0.655941086490167,-1.57194525902177
-8.84550753455296,8.54174864750695,-2.55185979387191
-10.5097466386849,-0.834444304486309,-1.23501152796517
-4.38745702687801,1.24339206037479,10.7169349024807
-12.1064422067201,-2.59494253610468,-3.72064422407822
-6.26721829345768,8.36646646410639,3.02572757054179
-4.94993558509507,8.3791343528194,5.82242385570501
-8.89421949268059,1.52664941425189,0.979485912970606
-8.22055185986399,10.1712621387018,-2.06627841612696
-5.87173197958722,9.33910687554334,3.36335507388738
-5.80725867908206,3.46221668889703,6.54578134162044
-3.02326722103356,4.41427773531419,11.9769614996283
-10.7280939490428,2.44017090127593,-3.39647281573234
-2.73246842041616,3.21880228171127,13.2152580908864
-5.53461390574394,7.42499005040591,5.07259975872777
-3.85717472634323,6.95464774321954,8.88601261936928
-7.02399150647702,9.10384408328844,1.03318029640428
-5.51670186319532,1.49697750687386,8.18243076999512
-7.905773966906,1.93895721866116,2.86931494182969
-7.46611694462225,5.81367421944404,1.79717400851265
-9.05098103485777,7.80922667540616,-2.60955004879292
-6.90321694136717,1.00830541499002,5.48505433101109
-8.12191237266377,4.53387028259002,1.06475500440252
-5.30350584992722,4.37488871275308,7.14488056076835
-8.25734029847975,-0.0453701418569232,3.14937685999959
-8.46646051680145,6.76576187255602,-0.824962408103884
-5.78400481392352,7.51329734438999,4.49612211897926
-7.17103824085628,8.09996374023383,1.24043540047635
-9.31567612100914,4.39683088141619,-1.40463969324108
-4.51174874999122,9.13416154612673,6.36368120226466
-5.78342836830335,0.278274439066566,8.24631430296203
-6.15690498951497,3.69691307058374,5.68009959972993
-8.69045700016691,1.00950752120942,1.68107226443139
-8.28308295827097,8.96000415667942,-1.57171203769225
-8.86851785410415,5.56415493573293,-1.05793007871464
-6.43180806388007,7.20278121605592,3.27845595876602
-7.12424496984314,6.92960228851049,1.94645958879209
-5.47683446834895,4.58305755660244,6.66815969996315
-10.2957144888518,4.94999943634511,-3.77685779972908
-8.58198848717376,7.65395341938322,-1.53104662452803
-10.2617133205364,-0.850456883158097,-0.698883814334759
-5.67388947813352,1.85863720239162,7.6605247591072
-4.80181275156281,8.66296362476162,5.99056699007116
-5.35344888731593,8.46692807681518,4.91823019103286
-8.11262503254218,-0.866111060973879,3.88262264320799
-11.7509443309701,1.22265062555299,-4.94228130097473
-10.0163411870407,2.69887779505252,-2.01587212907402
-6.28007387207153,3.77619461322363,5.37690722915293
-9.78732036493039,-0.462853514090823,0.109810112850512
-6.20902753785168,0.629127044056285,7.15881153495176
-6.82867000663494,5.28352159511964,3.42840987600203
-5.27309599586299,12.5106678726582,2.99388509179551
-9.52079674948278,2.84369138540873,-1.03636035230303
-3.79132644728553,5.34264293426881,9.86143301335659
-10.8357469490349,1.46264316779878,-3.11904047759353
-9.175770224242,1.17448532672352,0.56280881716417
-4.0451775934483,6.86522533372595,8.53226663376099
-13.7432756129955,-1.83599606787974,-7.59719121238611
-7.75160227434514,9.3106936341691,-0.622404197893891
-6.13661181462892,11.0208387455809,1.92825260966312
-9.04537195762492,1.79370181763675,0.519445658140069
-10.1721288779206,6.830785347184,-4.48842503775645
-4.47188876621028,1.57132320064496,10.3673350634341
-5.11347481262481,4.98801191637612,7.23157703898137
-13.1708900341807,-0.700536299729887,-6.96747891843461
-1.89475353683637,5.11956378283637,14.0130520936229
-10.1854041273523,3.21698326961113,-2.64411495078855
-5.94928848818029,11.8192057411282,1.91319929585642
-11.6725055309761,1.79102163508982,-5.06987091212128
-12.3197171326184,1.8848516751491,-6.49579770687542
-3.2629956561813,3.72526963031965,11.8238270481131
-10.7108537009777,0.241736618037037,-2.22062372047754
-4.41568947062926,9.83973190716852,6.20249661104861
-4.46784810997231,7.24771243386458,7.43460420485287
-5.62150854646187,13.0636060410985,1.96592580092842
-5.23298644192692,10.1200111228067,4.31800525415346
-8.55682963951991,10.3435226912226,-2.87115876549553
-4.09081737074001,9.29739320673971,7.17486802625973
-9.02886947794133,6.00928170814782,-1.62981936140502
-8.86046257354056,8.44384188130958,-2.53295279360848
-8.28724964685147,7.07075842260421,-0.601630208299406
-11.3261082419326,1.22312465283543,-4.0384490290717
-9.07654885100777,7.05083112458356,-2.2709828112647
-9.50782893024502,2.94481347036516,-1.06116235999042
-9.97759444913876,1.09202788836791,-1.10079662916911
-8.84032760850769,-0.222439073681397,2.00049487686284
-8.7161528416065,8.26148897517173,-2.13136296886661
-4.28226196147886,6.9947709561768,7.96060965642667
-9.51080224501789,2.56080710050831,-0.868509516923366
-2.90841963551936,4.22240665805686,12.3207860474863
-8.92675140677103,6.0349681457532,-1.42581560672471
-6.40963847835969,5.98128457924139,3.95857607076419
-12.3765042708672,1.80973267867876,-6.57771996161339
-10.0444311181885,-1.84338845054496,0.278012847498656
-9.52696772836278,8.05273937495522,-3.74866040998175
-5.41865227260871,4.67721603651318,6.74318505229088
-5.67293663572679,9.72227104086198,3.58786022042027
-3.72376483450057,7.44603234489079,8.91529692600429
-4.25470617457981,1.98123101089008,10.6171116978218
-3.98032240353219,10.1730339925252,6.95627824327079
-11.2298525626667,3.41865556056467,-4.97126721826429
-2.72876483368609,5.51487864988017,12.0333836788995
-4.6833560343862,4.05214433059746,8.63183451769399
-5.37886414464629,4.09665325310107,7.12868639740404
-7.67900977426565,8.43618927225288,-0.0147816373226934
-7.46925905779279,2.2299053870425,3.647485746005
-4.68074250605359,3.93487569418088,8.69816125669543
-10.6625558336123,2.0108936672741,-3.03456537932662
-6.87414098699614,3.50390032022691,4.25378956669217
-9.41916566487515,-0.0741395490620258,0.69184687866846
-3.05930395738992,2.27377519866094,13.0094153812988
-4.06843995151856,7.89097935864653,7.95124881057407
-6.5639436226137,6.73165775984884,3.2413848131084
-10.987242415758,0.884669414577245,-3.14194419955022
-12.3857964480178,0.269469177343855,-5.79937731140453
-6.45017722801267,12.5534279083632,0.466825320636829
-6.08961580435701,7.67044838913306,3.76433190485756
-6.49565458230464,6.80363152537047,3.34941359988069
-7.27674376325913,2.76020671074263,3.7823846205994
-8.4588331837607,10.5425107053818,-2.76572559333465
-4.12189786983445,5.98451842578696,8.82535618961228
-6.41149562471075,5.95352810704305,3.96900649345635
-8.69199145009228,6.69295615384012,-1.26718073325759
-7.89545918221501,3.69178879638122,1.98300225108534
-8.35592988967447,2.85961843225308,1.43429663276844
-9.8302221469654,-0.798096362193294,0.19222491681327
-11.5553096823481,-1.21264032521213,-3.26406589772256
-7.39872372377722,3.93853715288108,2.91222914679983
-10.448923016478,4.29215656678705,-3.76202131301061
-3.59785266835275,2.24637993156558,11.8775452583739
-8.27785465037247,-0.320002222188944,3.24802689398272
-8.2089076208164,7.38011538700042,-0.595212679978667
-1.8455713418683,5.73029693726444,13.8012518327648
-8.1783066780681,7.53178049441417,-0.608680126207434
-1.97945708639066,3.93491712457203,14.4466449362035
-6.69568440201367,11.7479947206663,0.36172123261376
-6.45174287861202,8.76066550894108,2.42878588283089
-3.42548105362958,2.94425415991471,11.8827460113234
-5.32250448101454,9.21776169387149,4.59502303584823
-12.1936416243124,-1.86561764370824,-4.28412370480073
-6.87467844430845,1.51900528605858,5.28115714223398
-7.34062353438522,9.61431458121955,0.0948573907830129
-12.8753509453605,-2.18268939496697,-5.57054719389655
-5.98315957464491,10.7029371686267,2.41953540197558
-9.75660280387922,4.33494257495328,-2.3108907769419
-2.027989225076,6.87974924321067,12.8174444194846
-4.15464138850118,1.98928413564781,10.8258829710275
-6.04453219872353,9.84798086439983,2.73194255879528
-4.61677323594901,2.04078809895613,9.81574959142452
-9.65272124319679,6.97381489590036,-3.4572064423353
-5.8500965120994,12.2142850593564,1.91956815140361
-4.6027516135048,11.4485299670771,4.97078713496511
-9.38679338907347,2.74302235579794,-0.69902919655377
-8.20280724110902,5.30649646369792,0.492254609719791
-3.90210591288565,1.98084053290905,11.367669549087
-8.14253531085819,7.74232878127975,-0.641656029660951
-6.91441509417782,14.2462590329975,-1.39827485438589
-6.51908677492484,11.8090945542201,0.705872034980959
-6.89165352636799,0.260677967446318,5.89705946347475
-9.38189358059634,0.104098809039553,0.678806602898601
-9.51263310413173,-0.834709652930922,0.88704623701336
-5.52936563391623,12.2459803929377,2.58568007475484
-5.97438649703501,9.79574678855568,2.90828310586467
-8.36102703777936,8.51278039991935,-1.5058443959466
-8.45926384002055,2.26544968361914,1.5222753911536
-4.72058570409537,11.1849281696091,4.85661909650849
-11.2212432367791,3.60422855022629,-5.04910422493122
-8.87813294530504,8.11170244325372,-2.39845205406992
-8.75265418293252,2.81331916276436,0.614033254647272
-9.89465526696463,0.358217588578971,-0.544058997556626
-2.38501794134275,5.06881082463256,12.996037243791
-5.3309080242071,7.82676503578116,5.29791128575964
-13.1544744495387,-3.56441316158398,-5.44857296161391
-8.15264806292197,9.6123767310604,-1.63217770715498
-12.775904932042,-1.32777774822028,-5.80190864539323
-6.86499986399175,14.4174831830665,-1.38183920645198
-4.52976989482922,9.97388134230878,5.89021420333883
-6.42710983280571,10.8693018059515,1.38857633239268
-8.18260268763813,8.91166098484086,-1.33283376771216
-10.5443775513839,5.93575311953534,-4.81681554634864
-6.03301629365116,13.4452908773457,0.892434155115765
-7.2139771148431,11.3605917842337,-0.540497995022922
-3.91280338607512,2.1579723782107,11.2531204009291
-7.22238486547631,9.75438293816626,0.273897611826055
-10.0010241100252,2.47598608791575,-1.86778082617328
-7.66077540967619,4.69616986698503,1.96198481060522
-4.4596783848482,2.66346490164362,9.82740541533223
-5.877235184942,4.60351400883138,5.80548190816696
-6.45735740478611,7.93506575635368,2.84463811775135
-13.4196596441226,-0.58319388806749,-7.55767949793948
-11.5131633058671,1.46248595523557,-4.56054359750991
-10.7460035812243,-1.37780193701212,-1.45623000256624
-2.54407362090643,3.45886514867004,13.4917808995986
-6.92068876316727,0.044133064111346,5.9474775372995
-5.31956208578731,7.27097324594352,5.61005029994037
-8.31151913597434,3.74782932009099,1.06856205132335
-5.5350859468755,2.53537435853603,7.60524309886639
-4.7577382363075,9.89856867011263,5.44410794625784
-6.63344224374183,3.71936704019172,4.65436341887848
-9.37118438090619,0.383838790763126,0.556643831996735
-4.64458085304109,6.95496820486617,7.21019684035134
-6.19974665900526,0.659573454135286,7.16278543883584
-4.5568364800382,9.86074489079962,5.89123862471545
-8.51977539530911,10.3015024068502,-2.77053139108625
-6.74266394935634,12.9293758328812,-0.350409411247773
-3.18573487477929,3.09594477449911,12.3143395551632
-6.99011018826097,9.21260142786748,1.04892717316533
-8.59619235340028,7.11484762997225,-1.28192537062913
-8.39402864929425,5.5896190672993,-0.0613819561876983
-8.70034594835455,-0.183159521211095,2.27803119620179
-6.36046197301533,2.26595048084089,5.98839817511363
-4.91759117343184,6.35896273013678,6.93804535395736
-4.83897200134566,4.8964872233766,7.86316154362128
-11.756924194601,-1.12299480642417,-3.73956579098948
-4.95133312513419,1.37035728334825,9.45118166786562
-11.6544544822501,0.516519193814739,-4.37104933407482
-10.3507289626168,6.0596239548448,-4.46890522079576
-10.3879820435902,6.01821812366527,-4.52672689522794
-8.53111265770767,2.76255882214697,1.11178998526296
-7.92359226045491,11.9050226511859,-2.33271088852838
-1.70749522599318,4.68952018406745,14.6343848624781
-3.83434626682762,9.55353675857827,7.58792897492557
-10.1767884429362,1.71312454628454,-1.846527077548
-8.39648184703017,5.08838921831195,0.193119315962486
-7.03993567055359,4.66518439108719,3.299226511782
-7.58133480556129,5.05135141137051,1.94699529971436
-9.96006532006793,4.6009810321909,-2.88172471289504
-11.3789110883509,-2.46058982079678,-2.24202970784951
-3.86464067995309,10.2559256769601,7.15950431018291
-4.39709768697877,11.1169349643264,5.58025390752
-7.25066710196204,9.54228871169405,0.323611914318378
-5.68042931169006,5.32006610267367,5.85300200577015
-7.91798345872125,7.68550856041961,-0.134353091349857
-4.38354130237283,2.92825946210327,9.852221546931
-7.99769785247615,11.0641217429404,-2.05468335995584
-9.20306573225514,6.17317370875668,-2.08544371290174
-3.03593351888317,8.26844089088492,9.9528984807182
-13.6580988019164,-2.00516259530832,-7.32827273398482
-2.572975524438,3.3177724822562,13.5033856955868
-4.94843288173046,11.6627752517145,4.12414037910855
-12.7681818048616,-1.55350783743811,-5.66850698306473
-7.1901356998223,9.25341506770337,0.602111945113716
-8.11273335100194,8.92393187429927,-1.19050582412332
-2.44270322301135,6.93388729068072,11.9068543027528
-9.05508545945144,8.87153949660352,-3.16874222486854
-11.4736431307032,-2.793826028327,-2.2709527345324
-10.090241758269,6.54946497810837,-4.16839257173607
-12.4050028429894,1.38648036324868,-6.41905043324842
-5.80673415291375,12.6764604107035,1.77236098071768
-6.05139055856723,4.61725176845719,5.42774984466282
-11.5758032951446,0.346458669090785,-4.1155545518273
-8.78831705386346,9.83319547083988,-3.09934272401571
-5.29450159575106,2.96610635516571,7.89402969785638
-5.96110853171358,11.8835498565504,1.85470436649545
-7.63905193230649,8.84670266441515,-0.14246420257166
-12.3051584527593,-0.0527840875440244,-5.46079289788729
-6.00918547859411,8.90347339184551,3.2965772091791
-11.8815675989659,0.332080530956485,-4.75878990026709
-6.40786823706298,3.29857681439187,5.35243958444077
-6.70918015520746,1.67190138847987,5.55412186367026
-9.43566071850407,4.5737493762871,-1.75164815895563
-3.02118439773403,6.21537436650365,11.0481212172556
-6.04673375569574,11.4084538807309,1.91866857334225
-6.11406588523976,12.0345866024049,1.45093892680685
-6.94196207160992,11.8461109394754,-0.213213921735015
-5.60083999202126,9.24081583813937,3.99076162947102
-10.4866136857453,-0.969277829265474,-1.11591658097158
-2.89891150203009,8.29829961855699,10.2290180736233
-5.11103940551334,2.79375884246809,8.37375392863946
-8.66498543446445,7.57225979267802,-1.66533822979958
-9.0479372575504,1.42536503138872,0.704847288054438
-10.6169376192512,0.469032954922047,-2.13854233945926
-3.21699454714321,8.31040642978066,9.5458439865146
-6.95582247931685,1.38154554430002,5.17970492966662
-12.5547416825862,-2.74694666746882,-4.5958898367215
-9.24535329130026,1.74653266898487,0.118314407728673
-1.89487278083867,6.56037388440462,13.266215028603
-11.2331653199027,2.98241074108859,-4.7522683784829
-8.88296156948333,-0.0155196434315901,1.80254786874443
-9.37400394327403,7.44418128560589,-3.1078078503544
-6.95877259530218,11.4760907439665,-0.0572547326015908
-13.289484801601,-2.39973379155334,-6.33938436351528
-13.768648395489,-2.34580333565522,-7.387019703516
-4.43637313912486,4.74324787378793,8.79932112489842
-10.393722753589,2.28388400797423,-2.6039268543573
-11.9434461268617,2.89131308575276,-6.21658658433481
-3.64698383658228,1.74308375494662,12.0337835828031
-9.1263356675292,6.13152835384217,-1.90057797569935
-10.1828178773432,5.88706259363831,-4.02216390906119
-13.6354345015656,-3.00153398975694,-6.76375278706648
-2.83172150029696,7.02656324589619,11.0309771406799
-2.7472952519911,2.25110477725777,13.6851366283454
-8.09350482271521,4.70411495584431,1.03699252311076
-8.08491941695283,-0.955127269479768,3.98770738513242
-5.30347897310811,11.1552112788982,3.63158396069253
-9.82460767029924,1.94227090659198,-1.21580082748151
-4.66210016288867,8.58890324362324,6.32625996235523
-3.69204449701631,5.36826357133313,10.0594354203193
-8.0547194874761,9.10445200981615,-1.16058863664668
-5.64578412026787,12.1449159675106,2.39030268361434
-3.21077167729601,7.42580288366918,10.0174608880683
-5.31803717068093,7.41995816637658,5.53609602961245
-3.71117051797963,3.03865573371825,11.2258648950709
-5.38857935995017,9.71643892451927,4.1960123975918
-12.3687116339083,-3.07309760365277,-4.03100485677493
-2.88758021766937,3.08421775421624,12.9549079841734
-8.91793309691442,9.70543867851704,-3.30897418493527
-8.00813712242224,1.7306409945105,2.75942274852853
-11.1066030843872,4.17603079593954,-5.10143304357768
-10.6456989904775,-1.19862030042637,-1.33562192079585
-8.94876978904824,7.77643134720874,-2.37504456734511
-8.02940045125492,11.907164423104,-2.55898716861756
-3.2674092041447,4.47252513426413,11.4272300117556
-3.28792976353381,5.79308521351171,10.6992875139493
-2.62325311204154,6.40703003449414,11.7956339536475
-7.1081413395544,8.22914822811562,1.3073445467345
-7.30272000987028,11.8051260034415,-0.959692359457918
-13.1574584650289,-1.11888360906187,-6.72212103685719
-8.20443220073469,2.32947093457695,2.03139930015068
-9.82688952248485,5.42069409194855,-3.02306824263703
-7.22397408875152,1.00655592009887,4.80336949618652
-4.52093788890969,7.99300419965401,6.93543863818335
-3.83320465724962,3.816821248355,10.562947234896
-9.38930084162645,4.23272074953379,-1.47628092292937
-6.00470333924855,9.73749217567972,2.87395270188257
-9.72177515439138,6.41247479320814,-3.31328839681939
-6.2308999074779,13.4831727259285,0.451696183762051
-6.08349182501837,13.7089127355322,0.648418345027179
-2.83972590727679,2.1039849867633,13.5646713174483
-12.1516313985921,-0.393933307101263,-4.95730468571883
-2.25660002441799,6.45233634633738,12.5524184362105
-3.41000232409935,1.65506007125314,12.5837062904894
-5.02751824595749,6.15196615303892,6.81137286951624
-6.9107958994027,1.94822290537085,4.98188961058878
-6.63872496095677,0.675247926309202,6.22048999522505
-6.77069562096585,4.72659029687505,3.84036761457501
-3.67907680317217,2.97215991470061,11.3286184174576
-6.37720369879725,12.6237306113752,0.585688887214194
-6.77417544640463,6.05460123155825,3.14482806639212
-11.3066476815738,2.47001451133397,-4.64313555760785
-5.72186347560194,3.12586342975892,6.90179557487184
-10.5941347158374,-1.75460561364504,-0.93779548159576
-13.0352322325987,-1.94923446996341,-6.03175375527331
-4.21377235847383,4.18357546760676,9.56303453617283
-3.75534437284271,3.30566707219796,10.9935031246104
-5.82174751102097,7.08579907570913,4.63731969027927
-3.20373604597413,1.74187957429242,12.9776667083486
-5.67478393118526,5.44330404818107,5.80115763218832
-5.98660549511096,6.99000378399383,4.33612970116098
-7.93778109302773,9.24613957002971,-0.9851545025135
-5.40183385805111,11.8091028358973,3.08345216955645
-11.0383435396868,3.57078675808714,-4.64255367027199
-10.1124125247331,0.634440720657279,-1.1505904260359
-11.2265804299799,2.9410325513946,-4.71681441861792
-8.46863037892822,10.4433834370272,-2.7352099507222
-5.52807915647892,11.8541467060137,2.79145389738862
-6.3737327598092,9.29265581617685,2.3191353677611
-11.9806925582317,2.79995274863887,-6.24850922547879
-7.93772765494719,7.00761585901805,0.17489308453001
-9.23994796230723,4.65210160298008,-1.37575881788766
-5.8845261287756,0.352183964592075,7.99287428073445
-8.61985206770477,7.71480915767768,-1.64315626812733
-11.7473401004881,0.0815428898533925,-4.34332447768573
-2.4743491025406,6.34779985296715,12.1432022956052
-3.90708874158351,1.37395244549679,11.6715364442735
-5.57430688137249,5.14022909518787,6.17202319162234
-6.86439978214881,4.55856995480691,3.72802222356186
-8.7668762324022,8.55435377533896,-2.39105902898781
-12.9046591664371,-2.2439902318857,-5.60115272946831
-10.353536851415,3.82892138844107,-3.31899939282316
-10.6946507282771,-0.671656165212274,-1.71285083905681
-9.66950766833344,6.31002622286285,-3.14897421568677
-5.98645667399286,5.77380553842652,4.96664277977304
-1.489753149429,6.71311951810177,14.0491869947984
-12.1505434992337,-0.305086051820772,-5.00102747183206
-6.14691253842732,6.55281202023262,4.22152551044188
-11.3762979569253,4.15365881456856,-5.66376821256459
-10.3301702577274,2.99887358579537,-2.83916867119197
-6.17390226227861,6.64705132080604,4.11525778609512
-1.63252947970002,6.28364960353306,13.9678880394146
-6.62013758469479,10.6249515285824,1.10441591352942
-4.91033086935825,8.7589117810636,5.70991624311949
-10.2592613398704,2.16955853050355,-2.25854458277097
-6.70827208224831,10.4162366658683,1.02500976083153
-5.40947858235432,8.1670732396898,4.95437099644012
-8.7227549072421,4.33637160841166,-0.111537957096999
-5.32953651337366,1.24768570343686,8.70990571274275
-10.1960078903638,0.262804595446508,-1.13591625306484
-9.36712479958195,5.58151180877786,-2.12799079156265
-6.65026918423557,9.89021585019162,1.42101131782972
-10.0692369976229,3.02585828806649,-2.29786893366876
-6.97740478948599,5.47766564391852,3.01129345874847
-5.95720160008967,11.7437614503036,1.93545259836651
-11.4456449395845,-0.639286198700529,-3.32778683747194
-6.05063939681476,4.58657061611209,5.44524638987591
-4.01315382656981,3.1177868833848,10.5422221164937
-6.21663135986561,7.93279237680117,3.35809626593992
-8.74961924784196,8.57905483342627,-2.36713440684948
-9.65186376042682,1.00168608107655,-0.360808916555834
-6.89329350061161,10.0967582070878,0.79681642675619
-12.0026609641465,2.18444529103861,-5.97632241465638
-7.72014356306176,2.35341343879826,3.04958969200597
-10.3004267933522,3.70836217544166,-3.14350778969359
-2.55114059444553,3.47232941661323,13.469765167844
-10.7762855838852,4.12492066249943,-4.3720129492175
-11.9163342217867,-2.18798716474407,-3.52695419170061
-11.2266778856022,0.366241620230037,-3.38284465240267
-7.58729117362591,12.0176892510302,-1.67542139260147
-7.04331207783712,7.30336956592461,1.92501520734512
-7.9634069717391,-0.942568173577104,4.23978576983699
-8.11445607282487,4.78597090223391,0.949991722174557
-7.62536896844633,11.8365497556592,-1.66259243974894
-7.05751305991849,3.81167494908709,3.70408296125001
-8.9666575270001,1.13568771299014,1.02791750499219
-5.74026595952663,5.53392877024172,5.61484882764175
-7.58875030182253,2.52938555378573,3.23801949348222
-13.0248752433222,-2.16914406216633,-5.89576307069893
-8.28931531429367,-0.260810996812618,3.19296681553749
-7.59468748513186,6.8946459659541,0.963441636176274
-4.57398800210146,1.91452295881153,9.97222595497701
-9.44400178058308,0.347619949514766,0.420451314142191
-10.9696722841376,3.64249210796612,-4.5335724207486
-7.65630266672531,1.10355254176855,3.83308645627282
-11.914915497193,1.76495005697216,-5.57222506881361
-9.80060847341133,5.8913215457856,-3.21100513332528
-9.04973173581315,7.53442996742756,-2.46450029281753
-2.79748530414413,7.10535982459725,11.0630039637644
-2.11763761320805,4.86139700526638,13.6725148235935
-9.44642070968929,5.2943632877271,-2.14794597474486
-7.49588543042921,6.00086073365137,1.63683052793554
-10.3130822331953,5.69647225366952,-4.20061661610879
-6.56930268711249,0.0244280547070757,6.70545971901581
-4.5801673047902,9.73125780054843,5.90868537526752
-8.32246751974762,5.0919244983833,0.348794583209557
-6.85722024149657,2.27144908463379,4.92841615207763
-10.5408212066488,-0.362913762698178,-1.54547272877175
-2.55040961459706,3.80674135377911,13.2980387988058
-10.1307535263154,2.35916778968472,-2.08332154235852
-9.98450267986589,2.86252100056836,-2.032912641008
-8.48922547857092,3.58588822514486,0.774304660619831
-6.47691527004419,7.72190871011765,2.91346915092301
-7.37156162878705,7.43199169378755,1.15983151745341
-3.8170087896404,6.43127987442197,9.24268132649915
-8.95568874964214,9.25087799588597,-3.15378127673635
-3.06851385061206,7.90976875065963,10.0694183153748
-7.10783964643072,10.2181025768568,0.277371838710725
-6.04493765793845,3.39417053580833,6.07524495205932
-13.3146528601694,-0.980036777792213,-7.12858673005088
-6.05690818479554,12.3384870296609,1.41510228790902
-10.2167900909252,0.325065670376556,-1.21240384858426
-8.04995889934888,2.89365182414052,2.06778707748604
-9.69122203395341,3.20008391110511,-1.5837076711714
-5.74354274309843,1.50116184391959,7.69753092647135
-4.94585116550606,5.6332289078111,7.25395917271628
-4.00613202404757,8.65222939792539,7.68938773125511
-9.86464281301119,0.0243047580649023,-0.307167290834753
-11.9987313467581,-0.450776509947474,-4.60246937317614
-7.74169501147142,3.93726121293598,2.18302584369753
-8.32632692967322,7.07307375555998,-0.685988856177856
-9.08210899844697,7.34795823165048,-2.43677724686322
-10.4994336098383,4.40422459061812,-3.92758121983618
-10.6900604384496,-0.43040582495339,-1.82809089096641
-11.8027133845048,3.10831241147934,-6.02954081385344
-4.61028961226086,1.13540434701051,10.2986890545663
-7.85933254222413,4.45809537819491,1.662805602319
-5.59338417648333,11.4940085641863,2.83909317542886
-12.2883617303932,-3.27055109250747,-3.75770091105292
-11.3307838326969,-2.78584802983566,-1.9710731222197
-7.36218341602604,7.4647357927926,1.1628219625701
-7.40394157616685,1.66224841101121,4.08062776933295
-10.1266603366088,2.75243250193822,-2.27838860834012
-10.9803153564544,-1.90187604331416,-1.6833011667462
-2.14190355770576,5.54163050143468,13.2683993746681
-12.8606833243054,-3.00448159736078,-5.11350622989318
-3.89032452490579,1.59860198407953,11.5908052966666
-5.34426569551862,10.5697515361754,3.84815441323357
-4.39286354615334,4.54769268289816,8.9932429349979
-9.52074929402326,7.89013857409127,-3.65117247654989
-9.27171833517072,1.42442644039723,0.229113439222105
-5.67081487043279,1.5613094486618,7.82113377883263
-5.08939215193679,9.36367809980458,5.01549134706898
-8.14880677401192,4.05113610990392,1.25765997078613
-8.07265556786175,5.20603936099947,0.821279319129411
-4.29994935868591,3.40050039565637,9.7854097865717
-9.01613162689327,8.06395790755505,-2.66738217746053
-9.69779082382017,6.63451143892569,-3.37730076787676
-9.66241352129686,6.73892755431141,-3.3561208515655
-10.1106174283956,3.4730141832952,-2.61763146902706
-10.4463513388274,3.87753968980408,-3.54170695794396
-7.209057556783,12.9861451195802,-1.37234041193715
-7.25194896875712,2.68984459758169,3.87160897608691
-10.000308117192,2.97730342550425,-2.12602431343065
-2.04537350475054,6.95793878232298,12.7399341748589
-9.90293329439635,3.25241200908821,-2.06135734396282
-10.1549936308085,3.22135520245375,-2.58166490346461
-6.82715810604697,1.17977012240765,5.55806459581718
-12.0258873786591,-1.11176777460753,-4.31775385209128
-5.7801744463109,0.971771603195209,7.89389003634666
-2.60753323184653,7.01528135682905,11.5139097926213
-4.67172675621411,9.45626779977522,5.8563324356209
-4.09045631572094,6.92619903400374,8.4043159782402
-7.39111370704115,10.3143019132188,-0.375300691624709
-7.87117553274037,10.905856426265,-1.70342771140115
-6.5561980462904,5.7952919760527,3.74306372303395
-12.9395251983821,-2.75644494143271,-5.40981162949668
-6.84028741678847,11.0540840128888,0.413560031619441
-12.0525953216818,-1.97625298964967,-3.92664048796987
-8.22002697289643,9.0936042333162,-1.50675237228045
-8.04706105230481,8.02297841911095,-0.583904783568271
-9.81509538455338,5.11908280375463,-2.84168391926726
-4.30388368541506,3.91822578191694,9.50876798283006
-11.9289517521998,-2.15220734780117,-3.57234508578035
-4.69011104947718,3.99393010620277,8.64762423461364
-9.12089957032266,2.53086582270376,-0.0232574743349799
-8.70794181231189,7.18902307117186,-1.55817066588105
-1.41565163974043,5.26229915737868,14.9586499781506
-5.03174110287494,6.37167616303407,6.68853942146671
-10.4370980438919,1.91591230067533,-2.50556062149218
-3.29802317444528,4.09977321708563,11.5552300927878
-5.0006290460144,0.720535984018286,9.68299418258627
-6.68406347455537,9.27753061751712,1.66656951357362
-9.14875437625157,2.91720836355901,-0.282725027463819
-3.28029756430481,5.99695685532751,10.6098893238079
-8.2207516720797,-0.947662001446607,3.6947795378469
-4.44539151388264,2.78398155710246,9.79536076504121
-6.9742360897849,1.75502961068637,4.94699169828748
-2.81732128306198,8.2142280214942,10.4462104931841
-7.61151710918919,4.77241218480362,2.02730315496499
-8.35936496472016,1.13588663219997,2.32017117176015
-4.378039965322,1.37521185779876,10.6686700525454
-7.09162948154823,10.9758290956721,-0.0807623971101156
-4.37666771382248,1.78081042851677,10.4614216344296
-5.26750491466109,4.40225712305812,7.20731134849805
-5.36503701937678,0.801208333592251,8.86570919181147
-3.98345974879202,3.82186371711696,10.2405821050231
-4.60748212533865,10.3504180794301,5.52972798190691
-1.76854237202149,5.08645158870359,14.2987951012405
-9.46050745987533,7.56332763162964,-3.35363072797452
-9.93850481240981,0.284376919479998,-0.59911163145996
-14.1308358420651,-2.31657472906414,-8.17292271456134
-6.31616421260607,3.04909414852829,5.67686572613257
-10.0700035799343,-1.78573176445482,0.193717127239
-2.94119142132703,4.10224639030353,12.3133089681211
-11.1284688185864,1.83955605411352,-3.93727563305093
-5.95271667399263,4.37216054444905,5.76473277716369
-4.27042425293039,1.97152183162984,10.5886936361179
-11.3104670541945,3.97787168780663,-5.43258845286067
-11.0868745887698,-0.841546145445479,-2.45949612324455
-4.01729415826756,1.70326604334749,11.2663722531281
-8.32251039814373,1.09109099878964,2.42181171979002
-7.38710833723211,0.320670445834873,4.81161423697857
-5.17639170101381,6.1193730863729,6.51144952129547
-9.90332836914723,7.18948025014846,-4.10226528429302
-6.67609855713871,1.94113722958741,5.48501188393951
-4.46475054102763,1.68234720004856,10.3249964468884
-8.38892767733308,8.50812967555904,-1.56280884869627
-1.58043830686559,5.01193020444518,14.7377070544397
-7.45098375975189,0.136638181594013,4.77104316022649
-5.40548134776005,6.77249285912996,5.68550585519244
-9.32063026389173,6.26068853042847,-2.38097590346324
-4.14781444221616,8.08620582173811,7.6811745806177
-6.42744240395359,3.03962013790334,5.44496788094118
-9.85978079923417,7.55233152856517,-4.19761164717854
-9.47301115323937,6.21333923100337,-2.68071706811347
-3.21304135244982,2.50590427940869,12.561970420173
-11.647522831788,1.97594106505514,-5.11252569689205
-7.66957773657719,10.8104577981729,-1.22498230742286
-1.90128904929304,7.18563600896134,12.9285692795417
-7.93255527574478,7.52855282696161,-0.0840332191005367
-8.4069828839748,5.19946115312466,0.113218402342389
-9.52128959713223,6.89125372946143,-3.1347309919161
-7.60776261739551,8.51485530672419,0.0960744802772513
-6.23502702744546,4.13826498762739,5.28515605743265
-11.7338674532699,1.30166280915644,-4.94688230581501
-10.2446854339869,-1.96114488484486,-0.0871231741502569
-2.72154111550074,2.2648430280429,13.7328243120747
-9.49397963473311,2.54526939354245,-0.824658784957774
-6.37033956253723,12.9583983104641,0.426881732554328
-5.40790151400521,11.020015018802,3.47942075824453
-10.0094293772884,6.58379896732217,-4.01420955906161
-7.90647268385026,9.96771464140043,-1.29242616175143
-7.77389804439052,4.56961220468109,1.78683100707845
-3.5409632002723,2.2278595119772,12.0082063314932
-5.40088394861967,3.52231291370126,7.37943230040593
-9.16611266612304,-0.0899509437506296,1.2385525407795
-5.01727943851791,11.0793847486611,4.27992552444505
-6.9960119249168,3.03670588264174,4.23652628311843
-9.39433983761812,0.753895118560363,0.315615802085506
-3.27873092069916,6.83273091903423,10.1801509265078
-8.1383916855602,9.0248358298199,-1.29739368678439
-7.32224232383893,1.30949065956255,4.43727708763251
-10.1027704554398,6.07260599455721,-3.94796082558554
-11.0768453553528,2.74875218838685,-4.29853502202853
-3.74357152141577,2.1108323137294,11.6376829709165
-11.4981133207746,-2.45297237700007,-2.49964667441605
-7.33256069592591,3.51314958608686,3.27345093066791
-2.80101644009469,4.51999430107456,12.3951460696811
-2.69104808010936,8.30470633858224,10.6680447350861
-4.02862578519932,5.12547646660004,9.46897406616235
-2.97701365449964,6.58453022145996,10.9508341694695
-4.86856619325277,6.23186573033814,7.10823133385534
-9.45040192600425,5.73653768972349,-2.38553937523776
-5.4644189289658,8.30734810089436,4.7647683841126
-9.7104472410089,8.04564318846176,-4.13543931975702
-5.37841223741041,9.41737819411643,4.37261270965793
-5.82735132757646,1.71791930874472,7.40686396599083
-8.41369970836603,2.5746399019293,1.45902590283166
-3.39269597933963,8.3654981527994,9.14339346627102
-9.90011285500852,-0.730231508597707,0.00832762585312557
-12.065945381321,-0.0946482018633645,-4.9300397560578
-9.40984134015603,2.58471026896782,-0.666044249865905
-8.52599911275489,7.4949565309452,-1.32951043866904
-13.4393514176679,-2.91446238271569,-6.39159347904159
-10.4923093409859,-0.618380765719456,-1.30986131686378
-7.45487048638727,7.72141260815042,0.832576051278052
-4.00723313596875,2.96046951409323,10.6363387214344
-10.9068793352322,-1.47744320647783,-1.74695268887189
-5.37465155114425,2.66949184915026,7.87716203375408
-7.51579210481579,10.0426882295329,-0.499882333877678
-12.4424913687015,-2.9290814498207,-4.26263749351779
-11.5067267392478,-0.360169153363525,-3.60240258062488
-2.30684660232056,4.46130250366618,13.4771828199595
-11.3300724286365,-0.535199986672138,-3.13577553167171
-6.22033108580307,4.91182510655569,4.91559497670917
-5.85902389019354,0.408996861766447,8.01770595815364
-8.02177550390241,11.486426100107,-2.32474719371909
-4.91411408827729,7.97049256786483,6.11039980749939
-7.12193153808089,8.01524828851521,1.38883448160876
-3.17143473791559,4.09725109058816,11.8259251298164
-10.0250027089332,1.59102819893491,-1.46025093874391
-5.88773903811798,9.13663722913461,3.43420456634885
-5.11955250448322,7.66342268839915,5.8323280761596
-9.4040966732011,4.53970770734563,-1.66683854503651
-7.69145397415959,3.70210494991088,2.41179264322687
-12.3103778521888,0.184085642212395,-5.594638687969
-10.9103159997069,1.71457043170523,-3.40826903336982
-10.3992799219029,6.20600705989219,-4.64807591867848
-8.5868365872277,3.17658212169743,0.77867187112357
-4.59096163957002,4.50290784469945,8.5948838621619
-11.466217915611,0.440704461027515,-3.93118523611927
-6.81615052688222,7.12499263297315,2.50085868362019
-2.74534299670009,4.28698459852279,12.6343610894213
-9.09263662019101,6.80938806686884,-2.18011025779977
-3.1371104010953,3.91404868842395,11.9938993038407
-4.2027642904417,3.86747870391449,9.7502519795234
-5.97910799534784,9.67645247203036,2.9600500920467
-8.09515236062005,1.2055725569471,2.84632310442313
-11.702466431536,-1.55480102705376,-3.3999275980299
-8.34258578247753,1.38656505081994,2.22598450988259
-1.67305089890206,5.73623427268451,14.1653096343334
-9.36932358952875,-0.434279364830063,0.984527279935973
-6.12083333285489,6.9837293397063,4.05373564958238
-4.79707180090626,4.76469288736102,8.02061955903095
-5.78952504843123,10.9232111581082,2.71746266370936
-11.7038729574854,-0.66948122536191,-3.86166615858998
-13.092493627817,-1.64094175840587,-6.31335736702588
-3.40861404515485,5.22506271705681,10.7367954963686
-11.4728991358727,1.24644802384825,-4.36291472780515
-7.29066921431875,9.12663965485219,0.453861412240436
-11.4260564182739,3.55284685103237,-5.45833513756296
-10.6637126170046,5.70237216500824,-4.94983726167849
-7.10014530533482,0.690764775486179,5.23051815022967
-4.81420709977586,2.45694610151793,9.1799576934963
-7.19620526072557,11.4870134578685,-0.568186180224798
-5.58501368128415,3.98234474891755,6.74921836437362
-9.55936776845374,-1.55608969598011,1.16138879811713
-6.37614114930059,9.46895133465772,2.22265926941244
-3.24319314724976,2.60734714149086,12.4452409469658
-4.33568133587023,2.3833676510934,10.2364166752936
-7.64473615635294,12.168061341777,-1.87558610057142
-4.46669657800707,5.7943190093486,8.19015833294899
-3.77928380837677,7.15082134583664,8.950118284644
-12.0201180824821,-1.08860774248709,-4.31747724075461
-4.26795757372082,3.04197723514593,10.0392659471896
-10.588488744201,-2.18592182269343,-0.70228575746368
-8.53478842092382,4.17862911897475,0.3702038267484
-9.05838853102859,2.88527115004512,-0.0738719514743445
-7.17673313523627,10.1331825882347,0.174765080614697
-9.28114235792443,2.64306894169667,-0.422404389260588
-8.32393411903411,3.69784714912348,1.06804140477704
-12.7451892633326,-3.40509449240363,-4.6601423770386
-8.24078186653765,-0.742894206603853,3.54604967654457
-12.5301948091758,-3.48942298217003,-4.15892424674091
-3.07489486933491,6.72088278744326,10.6718831030238
-11.4097449087091,-0.66732496404131,-3.23686049303253
-11.2488827159841,2.13768448156069,-4.348004920364
-6.27914196760607,1.2068656827266,6.71023729823583
-6.16427540518439,10.1127341219957,2.3399345264299
-4.26361008338484,9.58108343752682,6.66015475581552
-7.81076879553624,1.65115975665081,3.22061967593276
-5.74480832975192,6.50243018672333,5.10333484901703
-2.04782371577377,4.06081043469204,14.2359224260113
-2.81389562885689,3.62260992541004,12.8327352211961
-6.35312680804521,11.340994302694,1.30160037166331
-6.67523124276883,0.573591764363389,6.19547741737896
-2.30189029415674,5.16426422985418,13.123477094292
-9.9239919929655,7.10731035646768,-4.10366087275668
-4.86986701204116,3.37434476637078,8.58614224067729
-4.02774648527043,7.1724277630236,8.41017831422321
-8.71387059010965,10.1517446970815,-3.10597834331952
-7.66212975053436,9.34793264194494,-0.451297147910871
-9.81034438718371,3.78915977648323,-2.14244844998402
-8.3481784423651,-0.33987411769996,3.10867044747093
-7.84856880205141,4.31757995478001,1.75852227157708
-3.3584401358734,6.3815018628263,10.2443376711196
-8.42242858934129,1.57620410890751,1.95780889444024
-1.07229640175843,5.95425152591501,15.3307831525325
-4.20860153274758,5.77146626570833,8.75124239652659
-5.79687503478741,11.6003414838025,2.35095340399057
-6.92685601062584,14.3103298624412,-1.4579494319752
-8.14766791682413,11.2815491640176,-2.48649325845831
-1.61263949769056,6.10925295327767,14.1005821304684
-5.25127696878363,6.92786313043621,5.93315438814664
-11.056746415691,0.636725057945553,-3.16137596994755
-9.67424039691744,6.9459233345153,-3.48854800802743
-12.3344030361083,0.978920046762068,-6.05762443540753
-5.38243028787724,8.7667661789375,4.70118910284716
-10.751774931597,-0.0532708881201884,-2.15484289046219
-9.79208945009703,-1.49007626131568,0.63193630961523
-6.50405761363187,12.627911724138,0.313569260209881
-8.29680337549776,5.97133997685926,-0.0522764518078216
-11.1715914286807,2.13657840559235,-4.18295106884995
-7.35614212441233,2.73659739995608,3.62565353377628
-10.3521959454224,4.49311550817462,-3.66031074491195
-10.7472238532278,3.16569930686698,-3.81312887155258
-9.01415727043559,4.04213856248562,-0.579198021189984
-6.45587912619742,10.3349312191888,1.60424780605239
-7.96237060506525,8.75985182742577,-0.785503236609004
-7.88545229027801,8.53753429773106,-0.506618149144879
-6.90665372845704,-0.0741595211591344,6.03864053838768
-12.0014514562539,1.81675196990347,-5.78322118021346
-7.45522917013484,11.668683177801,-1.21354097836499
-4.13862395073609,1.83374617446057,10.9405640541724
-10.3335289421165,1.06913131162725,-1.84638330144544
-2.35598200746368,8.01438865919625,11.5315200536364
-7.10904987506158,12.3549963332877,-0.832475966923687
-13.5453851054867,-2.63335745892848,-6.76289972262531
-13.5924315082276,-3.19290958044538,-6.57307479259612
-12.8710952168013,-1.18439959874067,-6.0787736839504
-4.53074500410386,5.26873555394704,8.32620037478837
-9.56082782112567,0.29338136919246,0.199942914991736
-8.28431092963552,-0.955179978503223,3.56341702667692
-7.96855740154035,4.86313783747506,1.22048774119094
-4.63564912234992,9.56496320784556,5.8767853037049
-9.54377621431147,5.17650880924754,-2.29405605560631
-10.2921900504455,-1.53558644252115,-0.408727228326204
-4.91429667286449,10.2652009458796,4.92096422896346
-6.89107934101629,13.2398124588508,-0.827105366660672
-6.27249129239203,10.7739481095361,1.7670236453062
-2.32864803892802,7.13857440045105,12.0435083626974
-9.48989654764618,-0.162020253376869,0.586864182187671
-10.8869563315257,0.265763309046151,-2.60783107564572
-8.266433031986,3.05046072057634,1.5258629896494
-10.8487484961853,-0.452902992483091,-2.15413171373004
-6.90859048764434,13.800399841363,-1.15484925943773
-3.49535509091208,6.70839815894221,9.78358647479394
-5.44433697292167,2.42415301798571,7.85599408342405
-7.74527670469891,8.97285223605435,-0.4338840072593
-7.90436943541013,8.93210278523096,-0.751328229926861
-7.45529708929473,-0.502436155713716,5.09301271256346
-5.91534099232408,12.9456574918155,1.4017491852181
-6.65508351589394,3.95027850088155,4.48865824259176
-8.95411817597508,7.3492755117179,-2.16508730634181
-8.11853784745264,1.99043055496882,2.38986813840841
-10.9924936029827,3.65845148620728,-4.59040727858096
-2.99223566392498,1.79921726109705,13.3980421951721
-12.0914206137213,-1.86643812497853,-4.06616582166439
-11.2232507499817,-0.0853550485834846,-3.14154804272083
-5.91470727280734,11.4039453299119,2.20196541854853
-9.22066195367068,5.1098128400602,-1.57188880955515
-8.43498896000951,5.15448458194442,0.0769251828028349
-3.20470168552341,3.23778436187215,12.2004800952939
-8.25220821179343,8.75726397800898,-1.40095493621081
-11.6834807507317,-3.01924848426329,-2.60069342191415
-11.656424011796,1.80624265013856,-5.04353548860498
-7.72072875221121,0.205654725327713,4.16124662102007
-1.70572163759024,6.14842265778954,13.8822009551739
-10.5452337885088,0.535011733094372,-2.02014024669154
-6.49623274550063,4.66746406782484,4.45507924965188
-6.96494805399245,7.20063897856312,2.14501059355188
-3.30803088061939,4.06637055131098,11.55124129509
-9.31548129796153,-0.317922245706878,1.03881439401718
-10.7453450463573,3.93896348983304,-4.20981227574309
-7.5111084116346,11.7369183837172,-1.36781289304437
-7.81107165709645,10.6754663261139,-1.45614185046172
-5.72825366406113,7.91214509315182,4.40809348175613
-9.81005975038868,-0.46099424612451,0.0604558561855219
-13.1301179044588,-1.5995667393722,-6.41486344970018
-7.85818881770907,-0.0369469355439431,3.99443165212175
-7.24094264167744,4.44969465486392,2.98313117161148
-3.20140652798224,6.33562319829563,10.6022879655444
-9.39537947864897,0.642974107032924,0.370879223861711
-3.3620620635086,6.70666383479965,10.0681410877269
-3.49494360158179,2.19527781121798,12.123021761113
-9.85385364474721,7.69775554700992,-4.26035252596683
-7.06199917201333,0.528883000595297,5.39557765667715
-5.40777274186233,11.0186296595797,3.48041264383071
-3.96872563406024,7.12372052900784,8.56101697974746
-7.20964814562926,7.86056950885845,1.28231779535475
-5.50597611733469,5.32333790858753,6.22255401885294
-13.1073148290148,-1.41739716382519,-6.46073172113519
-4.68452037471961,1.6969761038771,9.84973218210691
-8.32925024328196,9.99242112423938,-2.20492551611401
-4.37854243312756,8.40601787604351,7.0244541832171
-7.49392980176837,4.31855038487668,2.51271350614837
-4.31341193371513,10.0985171892944,6.28605509508951
-5.58395079914674,11.1178161256816,3.05409930110567
-10.936140868968,-2.59896697341905,-1.22808408534534
-12.1833626816887,-1.11121707677807,-4.65315654879215
-4.53542795369633,8.55436211656705,6.61372453030379
-9.87737595549034,5.86731675856763,-3.36193262045358
-8.74384837059587,5.6551595489451,-0.839781362984038
-13.5925102407215,-3.19224866225746,-6.57358480768898
-4.91016095828251,10.9631975933125,4.56808497908247
-7.59852543932311,9.49141438609913,-0.390290985644739
-7.66526207729209,12.3468656428522,-2.01191741819446
-5.4445845639352,7.57835816601294,5.18471723448283
-5.64593875023348,8.7965239265937,4.12500698758408
-5.05012634300463,3.94068927083135,7.90907682016467
-6.75728204314623,10.8177024453068,0.712686313069044
-12.9070614959337,-1.05301062169386,-6.22339389737375
-4.0034320312294,5.74413258698524,9.20201945887985
-3.41856299367585,8.43673077706994,9.05143628760985
-3.27482545487807,9.18914436307746,8.96744131624325
-4.19453102999864,4.17898931940129,9.6063576928679
-7.51948297227316,12.9736454888192,-2.02646828347436
-4.50472258598833,7.13152918119555,7.41633557645516
-8.24001305367852,0.340955338170692,2.9860683908875
-11.4825872149824,3.53395391080239,-5.56884648762652
-4.46166671568844,2.0149207991099,10.1592296509725
-9.51094616027588,8.17620874063309,-3.77854351903748
-8.92378412796353,4.64651545668824,-0.700047739144814
-12.5313100538502,-2.18650326867612,-4.83643032237374
-6.52708789700265,8.08429455483908,2.61892149219773
-10.4996952330792,5.36374161933179,-4.42533006750784
-11.0703779795862,-2.34779791634826,-1.64389714342358
-7.85071986395653,8.1929954223423,-0.254175956225595
-10.2033728657718,6.36782748007255,-4.31502373573035
-10.2157729443259,4.89519428422169,-3.57833883109793
-11.8848547334659,2.73711433716823,-6.01199938647567
-5.82024954129877,6.92975501525588,4.72136467790035
-4.91100109040328,5.6206339743764,7.33464862845265
-6.75034785988455,13.3375329257879,-0.578255658531759
-8.4432160592133,-0.733413054930946,3.11034415160032
-11.7634992255992,-0.100419685654276,-4.2834247234023
-7.72028496470735,3.60493787066855,2.40078746353323
-8.3874980185117,4.02930434327013,0.761022548230604
-7.39742618583665,5.44528162748709,2.13424192656649
-1.70445300518858,4.82566967163446,14.5703104390254
-8.65987501093307,8.34566909824931,-2.05521974868334
-4.56219907696793,4.89074829294621,8.4551254582809
-6.32766283397228,11.3966018714208,1.32697518378635
-5.49122166950787,1.72290543238746,8.11958534862529
-10.0831454831079,4.13708152379846,-2.90326863409088
-3.90152911375953,8.47685240775604,8.00286423972336
-5.78485177191264,2.73016731777776,6.97279002873632
-7.70885173991855,4.31434009797819,2.05752775469872
-5.79575428142464,6.40875717832839,5.04345712250982
-10.9485753536042,0.355382956392546,-2.78539836139399
-4.3367601091546,7.58917951892267,7.53663000951601
-9.95762802719409,-1.13954299618987,0.0980242990743672
-2.19687410052657,7.77985689759158,11.9916387966026
-6.64619930890453,7.44005583084047,2.69926953599439
-6.73211236291375,13.7427271726423,-0.74940852229665
-3.70836889770784,8.6751004066901,8.31119532782054
-3.60184065919371,4.53086775365974,10.6853075126569
-6.61329502384438,3.37538978570935,4.87547636124229
-12.0160821025122,2.01376238932257,-5.91644083117047
-5.260545464593,4.58711718961207,7.12633271713467
-4.32648905910297,2.07478538733091,10.4158762188749
-10.4791385309783,0.839442700124671,-2.03723211171826
-5.62091733965848,3.46946185780861,6.9385732005536
-9.42550862469869,5.68577154948145,-2.30625941917677
-5.33874816211692,1.04289651463194,8.79641817956855
-9.20288323556866,7.97081777628623,-3.01653899785885
-5.70393948202627,2.07351621590891,7.48523279227781
-6.52672437766496,12.9684991689993,0.0888510642508118
-6.31133189877034,8.38687447207773,2.92127624633251
-8.21222700005186,0.829404507909735,2.79209958158334
-3.78148578841279,7.34799392740889,8.84326358912274
-10.5133305528387,3.64157808947504,-3.56197491953904
-8.36976280714214,7.67740127597159,-1.09156699442198
-11.2395526408955,-2.111552817649,-2.12632637076335
-4.25426085243651,4.03818662641094,9.55220848462996
-1.38775939565047,5.68217734008697,14.8004385170179
-3.01153271312021,5.42968008165373,11.4757831269984
-7.97073089833281,8.45825841945228,-0.647018074504681
-3.54635280633636,7.9733669009692,9.01959238790765
-7.67121352760922,1.48494899691355,3.60372734061331
-10.8856315176982,2.97109097446414,-4.00682905152807
-5.63728093491604,10.9355107925315,3.03507441495631
-6.7698883404634,1.50273334373163,5.51258868730096
-6.61761996392279,13.2616712669824,-0.25649318485552
-12.8361421955236,-1.22003662687146,-5.98592545029024
-5.05679780832256,1.25444280157481,9.28680949896634
-6.50929989704995,3.75751359127081,4.89877977001596
-8.64784073380224,3.58526700997907,0.437083323116895
-2.85670815791728,8.03465690290632,10.4554409570256
-3.20874536615424,8.84969545820898,9.28395583938038
-5.7547461640772,8.66097558264988,3.96369493889709
-10.5661929936913,-0.435264437118623,-1.56197560071181
-5.71821679812538,2.59591044616889,7.18416120630613
-6.40643240859137,14.3465615429858,-0.369229436608416
-4.85085699791458,4.412292414819,8.08876432311666
-7.7776473864128,0.215271856584608,4.03513688966572
-10.1237970349088,4.19793084685064,-3.02130793159476
-7.64627652027121,11.9355406543711,-1.75837905120082
-7.05228402530687,8.43827216064015,1.3178508574079
-4.83695398616272,3.02743147201098,8.83594298570052
-5.16633531994947,9.62467362364248,4.71651162808664
-9.0588404423586,1.2642387302925,0.765135299603838
-8.22890080681235,1.21894007765833,2.55477136842464
-8.18877153588678,5.03737485774697,0.661573979021446
-3.98159751235714,4.33141502451237,9.98051130727989
-5.77519779452246,8.03659884171121,4.24370533201353
-10.7979525987414,-0.29335633808462,-2.12870700141039
-10.8738662280857,4.05512222114424,-4.54350329584799
-9.63588476544978,6.45088943290889,-3.15041353113647
-5.40503846246948,2.4857813679418,7.9076898755283
-4.54678519434197,10.8770273187572,5.38602221829796
-8.10942163144645,1.15629782974217,2.84148984145457
-6.43627832888058,9.34363863351144,2.15961674408959
-7.82880864628203,1.34507355402954,3.34083415882922
-5.53918807124036,6.66387601236296,5.4572514404251
-11.0517593198344,0.44206426816763,-3.04989590586746
-10.3704924474978,-2.04809568334213,-0.309793186833913
-7.55059893245013,0.0981662012874045,4.57899080424522
-9.05437331062411,3.17120633349465,-0.213490093252517
-9.70126246072421,4.40413392027714,-2.22897586729962
-9.60145724739318,-0.485121661978043,0.516877175026693
-9.83650266958142,4.59260537564942,-2.61443562020797
-8.40361700676058,3.82518062528221,0.832490936036245
-5.80713870138296,11.8575789585118,2.19581915981655
-5.44752091203077,6.0430672401479,5.97400885331267
-10.4312880387577,5.87642098479637,-4.54540987565695
-9.28491005634082,-0.0442484242415953,0.962062593601899
-10.912569184243,-1.64093300483402,-1.67434567978842
-9.04370046449783,8.2191731798558,-2.80647815804622
-7.35629242923828,2.78841351318348,3.59848416572797
-6.47407443562367,7.49807691516797,3.03549734993347
-7.19360355537482,3.83888363281009,3.40037513392629
-3.91556807684781,7.7410172476236,8.35427550329809
-13.3897298149527,-2.79918975659503,-6.34572630531799
-2.09720360698652,5.9646376675564,13.1443344270081
-6.5673482853782,6.47416214393431,3.36756575415847
-3.7707075181103,7.79798689180719,8.63302796615753
-8.90733285324679,3.43534179282006,-0.0374455977648502
-9.87572690610561,0.103143052154527,-0.371606507251864
-5.60026282760665,3.32897368979272,7.05532393109421
-11.7819388429518,-1.12100056845016,-3.79383188737942
-13.822300154328,-1.68490761172373,-7.84364977576855
-7.5816339153191,12.1988989207192,-1.75727964693393
-6.01315915325142,0.667593113092008,7.55569983836399
-11.9348640879543,-0.223529650864258,-4.5843081380215
-6.11414210420504,11.8378769298024,1.552705606535
-6.36906461366114,7.98920939589402,3.0044751642226
-9.10149037922863,0.81635725465338,0.906451904717386
-4.97488923528214,11.8670762685215,3.96197711733919
-9.53212857139467,4.44997200832688,-1.89280020269783
-7.70123722141411,0.379965608489295,4.11240330618643
-9.86989013168203,4.31790036244544,-2.54314258225339
-6.50297358899017,2.26048636645273,5.68795583489537
-12.9758764899437,-1.1866876511779,-6.30056922052318
-2.29825603463926,5.83583953700804,12.7832214392302
-9.43198690290663,-1.59968220638041,1.45505157869385
-13.2795875594773,-3.25345144296097,-5.87595228378682
-3.40261341038824,5.28633353541672,10.7178165780929
-12.0043126663888,0.697788719520789,-5.20949780943592
-7.78529828267991,8.62861641797468,-0.340680068686813
-4.9010315049348,3.12157684084802,8.65079877533871
-4.25145117059958,7.58374787043416,7.72098730491653
-9.72480236900823,2.35864096328831,-1.2191589806134
-11.3610209448066,2.49097593569015,-4.76970684196802
-8.5946391550045,4.39356137458511,0.131466444709684
-11.3783442955951,2.99506510248339,-5.06777546252319
-10.9955432243269,-0.159760237177515,-2.61841764552817
-13.1544578749767,-1.07911614250686,-6.73634186589686
-6.65853055403406,13.1945063093509,-0.308750684650812
-10.3418322248339,-1.9914396277935,-0.278159850323329
-5.16755702046522,10.9592456230032,4.02237777053412
-11.6152307679087,2.82215515988277,-5.48228817053947
-6.59012284913277,6.08103939423699,3.52280412143806
-3.21694064976591,6.20283837677796,10.638035372549
-4.40312076172804,10.012026056908,6.1399661051127
-2.51120951487686,4.82622907250402,12.8531920179146
-5.23349127574018,5.29170938935782,6.81880780936093
-4.98771597226981,11.8718310960915,3.93221721004508
-10.3034195989861,5.0981682590624,-3.87003126723394
-10.9810102590521,2.75044051092307,-4.09546675052104
-8.99295967767068,0.0917593356636361,1.51287632671602
-4.18085313682389,5.8898715796698,8.74893874936783
-8.48990256287625,-0.637027808480668,2.96104847898941
-7.53763646976755,5.36041169565013,1.87984260833897
-10.7391675134835,2.14608857652646,-3.26765367661681
-3.72308844835412,2.42753348342791,11.5171674704857
-7.50966781711076,9.49706616304508,-0.204124957222199
-5.1685663524551,7.04129294455127,6.05039195074733
-4.932810384965,9.86902676722596,5.08685111262046
-11.7515115405552,0.973991274682706,-4.81464076093214
-6.69229399192706,4.75843435367118,3.9907106016992
-8.46016005929233,1.19473202242108,2.0751810113651
-5.90282003284867,5.98751466394335,5.03388933856892
-6.3096775076347,11.3573428411363,1.38559190588144
-2.37351542455534,6.87022073844335,12.0870803278025
-7.02005904986484,4.47921918105304,3.43788663957692
-5.7636382881567,6.53780035744058,5.0449357837485
-5.53998630417649,9.56978658765445,3.94979961716204
-4.51356286982561,2.08902383580394,10.0103934678095
-4.02743484095991,6.97846476865771,8.51134714752705
-8.91392496409727,5.8533324084184,-1.30440209991613
-3.23216333599557,4.08165880786146,11.7047702958019
-6.26400735455895,9.40241959885389,2.49576172334694
-9.79450248926463,2.12760020831846,-1.24776703182841
-3.59818452793795,2.12854606919743,11.9378969094056
-3.4734760247231,3.99219858669457,11.2375972521274
-6.52082917844645,8.12767605949089,2.60976148243632
-9.82358056249127,7.85774118738684,-4.27882912319504
-7.33610071921021,5.64033017301028,2.16367824010675
-12.0499628247561,-1.3748964690876,-4.23264274974269
-11.3062785362498,-1.15969167488494,-2.7615483230321
-2.03026835857443,5.48112750714112,13.5373168781081
-6.64206232267376,0.80433430097727,6.14649930622719
-12.3502403337465,-1.4813302640157,-4.81650145502088
-8.40943756235375,6.60227860383006,-0.618901995245709
-2.70948568902416,3.01066563145717,13.3720167732028
-10.7238739699032,3.68923331373787,-4.03471800934686
-8.16296896420795,0.562581088402933,3.03518343489996
-7.96502019724954,7.20507048260455,0.0144979501138464
-9.5421780434283,-1.72474353028189,1.28536082269474
-7.43815412015051,10.2738205229864,-0.454429440725599
-4.85991920462742,5.38463058160861,7.56564376283592
-8.2790455960068,-0.395468253208954,3.28459665390886
-7.32036510515952,5.27456256977514,2.38669409385774
-9.04941473643582,1.674297733923,0.572713880047109
-7.86673391461505,-0.179663167682122,4.05019829365111
-8.61608269626282,9.43989432305439,-2.52902067549987
-11.1610588847076,3.98711972525341,-5.11943052541547
-3.43175233410757,5.89222973294495,10.3418504159389
-6.10879006114242,3.37149796662243,5.95111125023431
-9.41406143577559,5.69531269501659,-2.28684300870979
-4.05084380196964,10.5623368311061,6.60447956483479
-6.65365852500641,14.0133517802132,-0.72268313992861
-6.27343112023884,13.4758742007361,0.364968960337508
-6.2374806287259,13.1415697018199,0.614700134660981
-4.22124086989663,1.3003352517577,11.0411471276161
-5.55145013191754,9.73343754995521,3.84060499567102
-10.5804543820714,4.52911102165607,-4.16471080766907
-4.8799969008155,3.65427963697701,8.41953159439554
-5.63899383781386,0.826272065349539,8.2697246122347
-7.39293720158055,3.14696892944128,3.33470944160125
-4.60806549756058,11.3742229060025,4.997982480366
-8.37884930430024,9.03303501395653,-1.81335117615308
-12.774632498998,-2.23556435137903,-5.32881384015788
-5.63393322450753,9.30649359046873,3.88630496754283
-8.8905882003449,9.70493960323128,-3.25052392101951
-7.3869970338031,7.33764980931866,1.1758690569798
-10.239249921837,3.47867128529637,-2.89430083513807
-9.2942796617145,-0.912902276827026,1.39223308920489
-9.16859523116571,8.04588039195527,-2.98246709921358
-6.70408867863201,6.52907795639209,3.04811792488728
-6.35110779945647,1.1404353695677,6.59151162213164
-7.35534447908975,3.90051057407578,3.02424710483658
-6.84078258193032,14.5577010369423,-1.40295987050927
-4.04087769143332,3.79066065591501,10.1345615772421
-9.50504298006817,-1.13633555347048,1.05949172631839
-5.98493686373876,2.39155604326311,6.72245428513135
-10.3192681776946,-0.969979148359411,-0.759431420360144
-5.04999797241388,6.51026291859116,6.57787627810978
-3.72461021532011,1.52765909812046,11.9802161755033
-6.41219096132853,4.8564831297677,4.5359816068554
-9.15523349377062,3.26169532355941,-0.475015502594209
-5.15584706422207,11.145558649931,3.95075563567594
-9.54890026564133,3.81890560119011,-1.60149229560373
-9.5859795378703,4.07299087889786,-1.81205846275796
-9.59291979219742,8.13931909187801,-3.93387348283592
-12.9931870158551,0.118943480065692,-7.01394484545012
-9.71005824888433,-1.16950257254615,0.6403924743488
-4.39691011245972,9.20211782527012,6.57285219493684
-3.61742052385918,1.41731955752557,12.2654971186976
-11.2914172822334,2.98236721309648,-4.87620966056727
-11.3832061489463,-0.185433965331816,-3.43008538034195
-9.00035719458747,-0.108323679770432,1.60081078635902
-11.5716087241726,-0.398539452418187,-3.72059321814617
-2.89919764086452,3.69640048033002,12.6129711913503
-7.58815718950074,5.77762461717472,1.55614448802501
-2.7407179097912,6.37254489757212,11.563530614578
-6.82112930333291,14.2031263533122,-1.1774068057117
-9.07064801822672,-0.803855791147803,1.81163075986542
-5.96382258218072,2.85623090668724,6.52660663699341
-5.78884065126722,6.02328420694473,5.25790995340446
-7.96018046428397,2.1759813570733,2.63071590613194
-8.9490506358842,5.07135029678277,-0.97395275236595
-7.81832139766223,3.53968733972163,2.22597058304093
-6.82161656291671,6.83725535213778,2.6383231897761
-5.55689239947657,11.1916020499851,3.07344768854746
-7.09867301113001,9.38198079378173,0.730131505544698
-9.08513396457833,4.07228688380076,-0.74586281638122
-12.0145849646096,-1.33482242640723,-4.17812157140864
-7.17511288663222,6.65321520625054,1.98142471677896
-8.49733492799077,1.34000558907996,1.92079427776793
-5.49061778781712,12.5286007938367,2.52169276134884
-8.10364482096819,1.94413704346417,2.44554930302895
-12.9562461005748,-3.00777212764321,-5.31516477267665
-3.54747948295418,7.0531932339723,9.4940003310016
-9.93333503377951,3.1856845769183,-2.09147806111737
-11.1375510569144,3.98507654092018,-5.06834567538316
-1.71905007833532,6.36377437317926,13.7422485861499
-6.57344868671197,0.955651882927157,6.21410533719987
-8.11650990542533,4.90886113012416,0.881943115745704
-6.88530843056339,10.9579965911084,0.367542019803787
-8.26080942736531,8.33984440173645,-1.20296492790017
-5.75049718042609,1.07441664365091,7.90385763278948
-12.9902592609874,-2.46789262887443,-5.66729580197846
-10.285039817958,0.214660146666712,-1.30043482381005
-6.87019426226673,9.8730194188637,0.961907589334658
-7.87744276289747,2.04917821759469,2.87249240624249
-6.68971361605527,3.06028458269888,4.87613058074599
-9.35508795891135,8.02409579082548,-3.36804723717389
-9.34983287186942,5.46831952643701,-2.03253973696599
-6.80756519652116,8.89037401513982,1.60436268420645
-7.48594810380849,0.239828959975797,4.64316656347932
-7.79178511594202,6.56623231357081,0.714179304460364
-5.73291023798414,3.5786991571889,6.64364187863527
-9.06702390849807,8.7298802458893,-3.12074454510208
-10.2712640649854,2.10112511624241,-2.24862705395073
-9.22966618614733,5.57172359747247,-1.83039827410503
-8.32759859727555,9.39301885306909,-1.8908189606182
-10.5013033950184,-0.848273567054438,-1.20987787793681
-6.27429724333338,12.5424035503473,0.846821463923253
-8.69324841425469,-0.577383069026552,2.4974096647569
-9.40111335668353,3.11565698804085,-0.92259074810287
-7.59080248510749,3.17276272583669,2.9002741336745
-4.48904494488859,4.63164393703705,8.74506192583165
-10.8345792057748,-2.01200869244364,-1.31609814047844
-2.93161805992654,5.26735502641507,11.729958363053
-4.52176898855999,7.64548204450922,7.11374525613909
-8.01202524689659,4.91779447090623,1.09966405454681
-8.18113902224897,8.00279565150513,-0.858773043357952
-11.389306305125,0.162394305715453,-3.62330076613643
-8.79373831761159,2.47857380507381,0.70005834225139
-9.56415131035548,1.99249482185604,-0.687557806081725
-9.54658525016604,4.11494379183692,-1.74996364670413
-3.9720309154273,4.72732147442646,9.79572312898414
-6.5506056876123,2.11922879168317,5.65978704896556
-5.7463325827012,7.32794262630609,4.67233608635641
-4.50211014924661,10.6785111687504,5.58395846135304
-10.3828046897268,2.90725039642072,-2.9037017428779
-4.8746023173404,11.2373960965222,4.50167480399948
-6.00898516345287,5.10027961493666,5.2677010751799
-3.22225116948999,8.68653520786553,9.33975924482694
-7.53667853627372,2.64579019266389,3.28851419364985
-2.8280221982272,4.01381754841248,12.5999612829286
-5.22758314570715,12.1627405036395,3.27102451694992
-8.43305709299175,6.84160000324102,-0.793174800491927
-8.2810793752458,11.4121349663827,-2.83806675746891
-2.6491112874654,4.82287336872842,12.5614672008713
-7.95132584433907,10.7217381868723,-1.77858822531262
-2.65861205224234,5.16190267461757,12.3655744583099
-5.07414888452054,4.57521936877798,7.52916143784263
-4.04769540306181,9.4642416145592,7.1801785905711
-3.43574674566394,7.96661258651063,9.25846891375058
-6.23934151109407,6.58838414687435,4.00639846983905
-3.8869536120301,9.15820417259489,7.68082637723848
-6.89761531793824,6.51248319763057,2.64487996498144
-3.45615931591051,3.18497298755036,11.6927276773462
-10.131292687363,4.02129912539787,-2.94573404697131
-8.54832431288777,6.46048021611623,-0.840986183183592
-12.8995942064147,-1.58427408418274,-5.93221871368831
-6.2443890442923,5.21819835851234,4.70564496983242
-6.48150664608586,13.9122611592824,-0.303951083568026
-11.9441009402651,-3.13362834583438,-3.09604145256418
-3.48449662233586,7.61909889150026,9.33479697875311
