-4.52068814767025,10.0831802218351,-1.94868059694752
-8.76118178636441,10.7447878569437,-9.52249045961153
-6.33904278071423,9.77357696400054,-8.46784103399559
-5.85682224141295,9.6811352322994,-7.81045510826142
-4.96271363878566,10.2752337911638,-6.19995696548381
-3.51186702613344,10.2348955713364,-8.84049677144617
-4.95247344866136,11.1009028597344,-0.490573619007296
-6.78773214802477,10.1371905044342,-6.89536982206468
-7.97136091352348,9.88438180498405,-2.82094611289528
-8.72292984944286,11.3764125608377,1.81744175260923
-4.23606917978251,9.54976787399766,-5.36223948140568
-1.00844550196111,10.0828291115236,-10.0442020634568
-5.09536984058621,10.2828976590108,-6.07033433327702
-1.6359217729288,10.0905680198725,-9.66247734793151
-5.15292149584067,9.90097273930125,1.37810681925982
-5.60194123861751,10.2551856641436,-3.97287555837475
-6.1149264096697,10.0398673501553,-0.595931096801113
-8.76604811634924,10.2768547410629,5.38026516999227
-1.12538059029144,10.2034052573266,-7.60447937788099
-5.65481582604843,10.0838860022436,1.58614132807969
-6.53603578954125,10.5709936965531,-4.54908198241011
-7.42378695947671,10.2179538176116,-8.52674176056405
-3.08227831827768,9.02455664600732,-2.00148657347653
-2.73648904512796,10.0713554943682,-6.25851387258859
-5.24588027962866,10.845787367669,0.808444314680231
-1.61876282358967,10.6011077173968,-9.53288654724852
-7.59873229179885,10.0051006685432,-0.223861595837787
-8.93536641345231,10.324226511693,3.05968848826398
-8.48230731575243,9.72024544719929,-0.414298499896203
-2.2907126310261,9.35175974662445,-6.80553609656682
0.963369839952725,10.770972666769,-7.7345627439065
-2.46833579626052,10.1392955942246,-9.18839922812558
-9.09713816138401,9.56051834442398,1.44527197022335
-5.9476930379204,10.1565175684878,-0.298258703370145
-7.18853729880426,10.7429687613096,1.73491391135446
-8.90700605784664,10.5958933094035,-6.85552897045823
-2.59921939085535,9.77436960153486,-7.85248744996291
-6.83961353988074,10.3518318372272,-3.47063603630068
-7.68457394595409,10.0917248885252,0.974100468730274
-7.78104514328096,10.9135124492443,1.58718609236458
-7.49513029350611,10.1521224896391,3.85170545138923
-8.01746540683766,9.82383699632097,-3.34303494442619
-8.38140166410116,10.4456123235923,2.17982324152825
-4.69966839460454,10.1572024896398,-3.56481989287668
-3.79189913654964,10.3092546470539,-2.41723247018076
-5.84456079860623,10.4616795079908,-3.25037217518823
-4.97742897196396,9.78302787725717,-7.53908890083878
-5.87552234688458,10.125819966105,0.377310523288023
-6.73997079425441,10.4760881259444,-2.10402052555114
-0.664689307275527,9.97825536653878,-9.03084220368048
-9.79274920724204,9.3692654794297,6.12057480488265
-4.44481882053155,9.64988562751332,-6.27908005626359
-6.07219702456379,9.96211541407894,-8.89449588310499
-3.63239794379234,9.81951032173455,-5.66002404769732
-7.22436271549609,10.3588671838588,2.0448719612174
-2.60946519870673,9.99462181058101,-4.43092946666058
-4.91569012576976,10.0982142238576,-1.34372839634823
-4.17572820346984,10.5760997981883,-8.47749569430588
-7.00612956435358,10.5894662247259,-9.72071068400989
-8.27270375974763,10.2846247452143,2.14835735601402
-6.91317455850636,10.1832497823563,-5.7236111075935
-6.9169268817836,10.1134660156011,3.43444171102603
-6.99563410178884,10.3700237749806,5.34623317401019
-5.48198073175815,9.8187303962966,-1.73699343690616
-9.13853934804317,9.96794721104682,-7.54034652338371
-4.21582964444777,10.2317707467925,-6.92093696464671
-3.54880776526494,10.5639902437668,-7.18270816305492
-9.28430423918275,10.111831548637,-8.95789295116547
-4.9551879896845,10.8132947097872,-8.54494506172942
-3.79903440604851,9.98340041043354,-1.73413653985864
0.0337672777752127,9.88406603397751,-8.19916654565667
-3.42124401899108,10.596202237798,-4.90051212660059
-5.76727457009157,10.863093381553,0.617970883355953
-7.38568156773254,10.2636757326387,0.429549526007255
-6.16965221201558,10.2133802470433,-2.73438829151856
-7.05249393484747,10.5563044003538,-8.66741417757146
-2.92804563837015,10.1126524043632,-6.92154681361542
-0.225805237644525,10.2372232588371,-8.63832989049451
-7.98533641304998,10.6758598137249,-9.60263694622905
-4.56112782544571,10.3851284062688,-2.39266598934022
-2.10130323112091,9.17949810110017,-5.74104028504135
-5.18159163413092,10.1219333483459,-1.31895366849011
-8.56231828762093,10.4025464074542,-8.00796247485328
-4.5904233337335,9.61088970594664,-9.0826634510068
-6.8696504803841,10.2954751246174,-2.23083178861522
-2.35860832910773,10.1416330391515,-5.25337675106611
-4.83384946563585,10.8950168993222,-7.89772919216563
-9.6472630400349,9.83844992565037,-0.348450510838027
-5.75344509212832,10.3815750929004,-7.13330568451799
-8.04838482799351,10.6452173379965,-8.57678472864875
-8.54842112647616,10.4732866895704,-6.52571160586134
-2.90080948878643,10.1818178262774,-8.93765471873212
-3.20836694965097,10.067823027643,-4.82858939501445
-2.73086589860334,10.7412126360916,-4.79898255378897
-7.32296868978793,10.41639555584,-4.02879027193232
-4.4694447212182,9.95151474083702,-0.451214451109709
-5.24466214817994,10.2756846020531,-5.47901976258293
-7.37650944933201,10.1572157792753,3.39981383668055
-5.49613181257782,10.2312269402607,-9.98565202394682
-8.26861142579906,10.5588945670295,-5.57598392161384
-5.42753416046127,10.1351139205687,-1.04972002935803
-9.13548532060787,10.7360154364971,6.52251336903108
-8.17747377826609,9.3222579365401,0.340898242277489
-0.836144320397015,9.92433411820361,-7.06821827178697
-7.8756418209999,10.4967085346476,-2.01345017244589
-1.78130809117101,9.54947129377035,-7.71125337137097
-7.65827480822236,10.8938470472342,1.74779284434397
-2.39690721967133,9.31846201250945,-6.99141997394624
-8.76144309217322,10.620534604521,-6.02725375158729
-5.85993315639202,10.4274551824287,-8.14658220630237
-5.91976854164436,10.4265897381545,-7.96655334421548
-5.9519222094465,10.2207528105426,-2.09383671261544
-8.76194859972378,11.2258142671965,-0.795737416029829
-7.32603436421105,10.6397929908119,-5.23083616502085
-8.01942734407897,11.0290677988213,1.41630233648642
-3.46536941881627,10.2317740317618,-8.87368959219224
0.85609849069793,9.25882784799819,-9.05934615681228
-4.26437554362884,9.36055871959813,-6.44252214912484
-2.47546988859837,10.7725721770211,-7.66237951787254
-6.75457489653204,10.4636197667073,-6.83587857216006
-1.90805180042046,10.0861906726739,-8.83129796265917
-2.06141424646547,10.0377606726112,-7.14545120548976
-4.15087444069734,10.0376341841261,-1.62995935103651
-3.09820861386125,9.20687033637254,-5.15414655181862
-5.68482843886089,10.0555897889285,-4.2489319834994
-8.91128605279368,11.1010136643098,1.92203968690929
-8.21432387119823,10.4618563591452,-2.98808932852295
-8.16922027529339,11.2099080646466,-2.31388381401437
-7.59563414521939,11.0423394859091,-6.85516027218511
-2.43052670950365,10.3124546547904,-4.65991540692142
-8.48203458612492,10.643623823644,-7.4036328471271
-5.69530859743057,11.0309822330186,-5.920098490205
-1.73766860658912,9.99688241774448,-6.76287928340183
-4.39558160601121,10.2736676446098,-7.63155931027603
-9.49653116545772,11.4397924124758,-7.77142799655812
-4.46123819090033,10.2020368397693,-5.44614575361812
-4.31172955962484,10.9756479139099,-4.87843936139621
-5.69360438984499,9.37539619779988,-7.4453640234295
-7.42337918976598,10.7617960767439,-6.8741730077876
-8.85675696951361,10.546145572276,3.11308303606379
-8.32152322146541,10.4848657088047,-3.35628769443844
-8.2824037236286,10.641726840954,-7.86971080601638
-5.85283503293105,9.84304261922752,-7.62742772888305
-5.8725781205129,9.18529495944795,3.40724294961
-5.23298747638819,10.3417292230288,-7.3668666045697
-3.89019110063236,10.0716698769158,-0.768154473216131
-5.34851419950951,10.2937063001068,-5.71565257883651
-3.76621046602015,10.2328376593138,-8.12083008762154
-7.0591705332254,10.2356746961075,-8.04348066621598
-8.35777221361138,11.406715278013,-3.68043832815098
-5.58230025361245,10.443685573569,-9.3254403721675
-4.95463115976504,10.2630558478747,-5.87848898038152
-5.9127433202759,9.6849811672997,-8.20707672332697
-7.49974270429353,10.5877832971441,3.12519084839168
-5.84226246342006,9.6126732875076,-8.63901500319758
-5.78477846425911,11.1121224426205,-10.4755787709864
-5.775983908552,10.3774467055711,-6.95855210008383
-8.00306803884413,10.8643156819867,-3.38951030469825
-5.92664140100592,10.9548286831895,-0.0693194040227531
-5.29456487693105,11.26953621404,-8.54876678547822
0.202433780642497,9.55720160554444,-9.24720363480222
-8.08021682791723,10.9765837756469,-8.99393606206629
-5.03387261258303,10.2322029695804,-4.80458582185432
-1.91031802397263,9.98028705857012,-5.8469184007678
-7.26914173955063,11.3195600793595,-5.95713816226575
0.136863286616333,9.4097476984267,-10.0889965950902
-7.02652782467434,10.4368004072544,-7.07237893475449
-4.91583553070433,10.399330137766,-6.33477643211363
-7.13510002411448,10.4656799724966,-5.9037132817299
-8.86967356916953,10.5029320942103,-2.43813521526951
-6.36161328932178,10.3384059875611,1.24884437215183
-7.31163968057913,10.4708365975904,-5.58939320747589
-7.65078811023288,11.2148126316224,-8.69869516380371
-3.39559718692193,10.9781942987058,-9.57826093576164
-1.21503955362194,9.94382940528916,-6.63064629701219
-6.20578783255541,9.54096985464731,-5.03649447672597
-6.78304567042516,10.1584373106706,-7.36189504239741
-5.85371427764631,9.95624326156153,0.305008316295777
-9.13619276643752,10.3071801815214,3.76075319127544
-2.53418635550675,10.9299089604085,-4.3669088372761
-1.92737453217143,10.4622660464745,-8.34633828412127
-8.89969067311498,10.4558696604799,-1.03642622119673
-5.7756677147507,10.441079163016,-8.74900392683871
-7.82181605950255,10.2328352000842,-5.09474381902568
-7.78976536938609,9.8875499084291,-5.61300492884884
-3.02411863858696,10.5693634751126,-5.75229970638515
-8.21754220038261,10.6175274265996,-3.99707569756162
-0.296134006120653,9.51760373753985,-9.40256922553677
-8.64579479286328,11.281421112912,1.33134077852646
-8.54685811373236,9.91703729881569,3.72074417160833
-5.08381644791969,10.2126973092616,-4.12604809453298
-5.78619749953024,10.4012726313692,-8.95998872971839
-5.75408839120563,10.3296195604816,-3.08386673679342
-5.88963830852522,10.4227694208232,-6.18262837976589
-6.85789386867407,10.7328198299825,-5.53045304912008
-5.80137407005314,10.4843334204243,0.20784943924054
-5.88064460647969,10.2248588039974,-5.27009320630061
-6.25329519560485,9.28037597409771,-1.49508590857523
-9.76384637291487,9.65922266620966,-4.62012492725773
-7.29360375035424,10.4684526674221,1.99250318450477
-6.25848194451349,9.34833991354601,-7.62321790409009
-6.27576657539339,10.5491181544691,-9.0690105897197
-3.15287901405064,10.1802339904804,-8.23723779016451
-7.76469862457969,10.2860717430935,0.827057468738083
-2.91257329911549,9.46544252343483,-8.37987132673716
-8.62298863511048,10.5542213638244,-4.52248066038928
-6.5301535863197,9.64034153350756,2.09243596494549
-9.19627195334648,10.1815728539008,-7.37421034157356
-5.29319380780749,10.5345443951145,-9.89364085903372
-7.41378833730172,10.0522231105379,-1.64287409723252
-6.33622338976435,10.9163942088922,-1.09227004674778
-6.7722434264005,11.3555679614601,-3.8414866631607
-7.08887899254318,10.392640197546,-4.68096871020419
-8.87682449180787,9.63428913783616,0.00260893295651465
-6.40050347416226,10.7755968384813,-8.12688066722396
-0.524657815522198,9.00898893913339,-10.2510389725313
-6.6338339500397,11.1992534300538,-4.65293702051206
-5.6589487598507,9.74524445264262,-8.61245641756236
-4.92436263709918,10.459683786295,-3.84584902446812
-1.16100930363623,9.98485946228328,-7.92517890929836
-6.46075840810087,10.2067480832311,-0.375994666734571
-7.2380179425683,9.31632710806003,-0.724697765426443
-8.77214467596234,9.79106831680145,-1.66135601488865
-4.38789387362651,10.2164100797396,-6.04122377352453
-8.47149525895329,10.195849164326,4.68667660173968
-6.4590278132905,9.88021502798746,-7.13389710739188
-0.181229013701619,9.12570433303691,-6.66976735985275
-4.63122030413379,10.5293841977706,0.806452426079171
-1.27862696924514,9.28514112743387,-8.89566532176859
-7.90633553611944,10.2635784717984,-1.77482359541349
-2.27004172346174,9.71252663653914,-6.49476473377453
-6.94393455610089,10.2851713090354,-2.35759323896587
-3.21444461973434,10.1220911348471,-6.44181017382114
-5.46954532824026,10.5559210270183,-7.66204427352297
-7.50263257508537,10.9851670318742,-0.660207041512235
-2.95725942779353,10.1835457859763,-8.83937273049854
-8.00641726955208,10.4094782052019,-2.05594419040288
-3.52362517445187,10.247180836862,-4.88539005564649
-6.5861774654462,11.2863632788357,-3.06565321153203
-2.51527881349557,9.79480952491413,-7.1457468243328
-2.65287459031876,10.9853777587702,-6.69121389111492
0.0136117350834637,10.3944595398934,-9.63099006036897
-6.38653439965,10.3714740501146,-5.20195227595669
-5.84262618533493,11.0280658760964,-4.85058792629453
-6.39259587121574,10.5245592802518,-0.544632981666932
-3.83455763460204,11.0533534549884,-6.94660576292865
-3.71622040290978,10.0515549902412,-3.15242285907318
-7.34394745165233,10.6034951780468,-9.23628218641678
-4.35201258798654,10.0500066040793,-1.45457562737224
-8.44855516485088,9.55127169575653,5.55676598817714
-7.60791296742141,10.4365688764815,-3.8547433520771
-8.47856562513621,10.5843643717469,-9.01626784283569
-7.7601510667612,11.5166174137066,-7.57198809812233
-8.84457520735564,10.3565408544848,1.61373604478966
-7.75359075528802,11.2918691575015,0.482549933716917
-5.89734420363343,9.43698432423314,-5.91526057891053
-6.23319957367563,10.9858536215994,-0.219860734981386
-2.3063275216918,9.97900249150212,-4.78039358610596
-8.10551538501189,10.3891930474104,-1.22758651431833
-6.03040437921586,10.2354238973608,-2.30224653745863
-1.64772502539006,9.94065401344632,-5.82705856506171
-4.05258211135099,9.91891567302306,-3.70734703520442
-9.10200062770747,11.4823980066109,-0.784469534608401
-7.51581019703447,10.7478590893816,-9.77753748012658
-8.60470286532255,10.4538300524652,-1.7466069547686
-3.43582222721476,10.462606393295,-7.43260160150954
-7.17699368999044,10.114772485646,4.07437885428247
-6.60167135050678,9.87072663088801,2.41312357188016
-2.753659808271,9.2656747480558,-5.57735529458956
-9.35465566073754,10.0695576687086,-4.92323423753461
-4.62113353977647,9.20629939084769,-1.11607775514852
-2.75009908762453,10.0148228157973,-8.24692701107648
-1.03476288166672,9.9344409361714,-7.43906812431456
-8.34764235486006,11.4589546308323,-4.93375759081773
-7.72796514417942,9.28960828484607,5.43166144208285
-5.45076356879558,10.2040308784903,-2.92753114089863
-4.48396607379228,10.4790265275715,-2.06542202269975
-2.82675313010212,10.789933002789,-1.5373032327392
-3.27329687822517,10.1314024288866,-6.55055472467223
-6.37151102575612,10.863163030149,-6.37441791580517
-8.65489809535974,10.7209458773003,5.85272463367204
-3.75947173218417,10.0726759520703,-0.709881115896227
-2.74910141268956,9.84068403965287,-4.70338066673841
-5.08144632374198,10.389379140255,-9.10129780016148
-4.92465286586166,9.99259170347097,-2.35759824219292
-4.29614244722573,10.9775039806931,-0.63487034314818
-1.66986405054612,9.97126050602372,-6.21870069733585
-1.55209196639203,9.29745665084867,-8.40861980328688
-8.2393928802061,11.4096445186069,-5.24508719013771
-6.46022687115569,10.2512118294363,-1.62789697177277
-7.42983257211424,9.9564354302285,4.66117192334564
-7.19645811817714,9.95179238386674,-8.25664585355284
-2.19304767334064,11.0404893287805,-7.47439154187539
-1.76976272664128,10.0801812668139,-9.02210791365878
-4.59517145767311,9.07575291595027,-2.89245353852841
-2.4527161878213,9.96102029372631,-3.89375777424082
-7.28349802507798,10.7736811436881,-6.31666711401251
-7.8554283164261,9.43631911642322,-1.67555615506188
-7.43190064619917,9.97536976676628,-3.9173367869322
-8.89899050134271,10.665854803945,-6.9439687881801
-6.42424154642388,10.3627102691321,-4.85736346196296
-6.24473804937905,10.0103598584767,-3.35426309199503
-7.3536705682787,10.0117914523983,-9.60817174633801
-5.09584748489358,10.1690286077589,-7.39707182426992
-7.10801774036463,10.5296283954862,-7.77269550864596
-3.47184142951962,10.1156899058381,-5.59204528720653
-1.98150800683616,9.05085520170372,-4.42844713947331
-2.1781919238474,9.9451195697867,-8.46119789100956
-6.72007459548337,10.577758318138,-7.28661871748546
-6.35354377220591,11.2738297038503,-8.49590417167878
-8.94440802443784,10.2771145348931,4.10731917699282
-4.77300218967245,10.146890525367,-3.08399047555821
-6.89741119280631,10.1186918616713,3.23668870923627
-8.15418446435123,9.75040608183258,4.09658811152333
-8.970246816197,10.4154566471666,0.283751918099264
-7.0543930220816,10.4716438751121,-6.28144049012128
-7.41369460872168,9.64137024847449,3.03878348242665
-4.6233981451039,9.80343580628233,-4.42589720579658
-8.14751626551054,10.839180533533,-0.918626030969794
-7.31952086961001,10.1576694857884,3.23877212730326
-5.44036871889445,10.442831516209,-9.6707192671
-8.72261060776241,10.5075511472141,-2.95069415290879
-1.91870595617747,9.51822673176803,-6.89781993379946
-7.85179526688657,9.94581031662811,-7.9494877162937
-2.86936493730347,10.0042107433555,-4.0243669003395
-8.79346437049704,10.4081943565932,0.0280208427880421
-6.12131931191075,10.339020729286,-4.97929633320024
-7.35100040139797,10.4340892157342,-4.45347794772901
-6.67344439137445,10.9337965588825,2.51307122404615
-8.74759116822143,9.30417983343483,3.30577626903915
-7.46901895978155,10.2543094230132,0.909811770648794
-4.21229596686144,10.5210907744493,-3.82934883177666
-5.77551604256696,10.2374447604375,-3.02228903364923
-8.32397175437609,10.3385920320859,0.763952820536212
-2.47772950137214,9.45709884547195,-7.81547225519945
-2.20707701125677,9.9531154428941,-8.6483601846271
-1.56287393102074,10.2801150704197,-5.83337883257294
-6.3161464488506,9.74397954111482,-1.27421583619663
-7.49747639677727,10.5075371737781,-6.13803953472532
-7.22902634827254,10.5405032855249,-7.76368763290588
-1.44768307167981,10.7877727658996,-5.33624662121705
-1.64062369741796,10.0498894589523,-8.50618022955894
-6.71701587270221,9.56714918987899,-7.7359192907541
-7.49798859723416,10.3540599796614,-1.8202421555643
-2.70506152502129,10.1308290948489,-8.01295017972542
-3.68114146379718,10.2666020913363,-9.29178214422329
-2.95986965607194,9.44477263666311,-7.51105746401354
-7.91185805797917,10.1985408905838,3.63051750017518
-3.91690395132151,10.9126058809682,-5.96178751361423
-1.45288147284192,10.5093372416408,-7.15031937681472
-6.71191749979676,10.3115811588568,-0.997911793584441
-6.86031530220948,10.4240680410451,-5.44837598707104
-4.07075246036473,9.98692163818594,-3.6053471341176
-1.80286976856601,10.8015012996118,-5.90081992146359
-8.59225356315234,10.3286306063463,1.74216857821008
-8.1783595986764,10.0845764086862,-4.15005753640762
-8.43268675972231,10.3084248404243,1.89526012633559
-7.34479384652219,9.99532726871459,-3.60259339009594
-5.95673771113578,11.1805615928872,-3.00913369721425
-5.06256305585544,9.36552626543492,-5.32719081920143
-6.39590217301535,9.71103887839169,-5.66036089418577
-2.80589094979293,10.6496806436314,-8.85461500343333
-7.02094966643833,11.1753408635411,-6.78170031838978
-1.9124649336865,10.6983744884523,-9.75189420804025
-8.10229662370578,10.5481992773865,3.61687036989894
-3.45389982693951,10.3845095888184,-1.34339969039843
-5.04973480527849,10.8307257033384,-2.1422762623559
-5.49031206993703,11.0739914233787,-3.2613898666585
-8.0920112285213,9.78854635411465,-4.33340436470267
-7.85223234269079,11.1218102357375,-5.32056571823424
-4.26414788092017,10.2808214793863,-8.17474114371891
-5.76600204101507,11.054628033347,-1.95656174740834
-2.20727876921958,9.97249057280129,-4.85496926267709
-5.64803529375703,10.8060460275212,0.918639435431015
-9.14964773670827,10.2803381236781,4.55068099185602
-6.59036444361006,10.1809879451567,0.685724018078182
-1.55045564653801,10.4553251608659,-8.43638963988149
-6.53734227322505,9.60903015015606,2.55486850473634
-4.33821172397613,9.52176507741538,-6.57654340986347
-8.21992769896177,10.13610252132,0.774554106118678
-2.6195933062261,10.1785798100254,-5.024455535339
-6.20109915813815,10.1884900216867,-2.36215765340862
-3.93708910696845,10.504484115689,-5.97856328553334
-7.39762558313226,10.2560277766357,0.675721965994933
-5.09703810602491,10.5974593956502,-2.34685327692716
-8.01405012223255,10.9389042725984,7.22730356603412
0.169936297353904,9.64524407913224,-9.57509004300152
-9.65783439996953,10.5347901362127,5.87871203145972
-8.77158127024787,11.1418109953151,2.09657301635601
-3.10262530351119,9.13157717454537,-5.56599162892095
-0.982450367524824,10.3048254564128,-7.20701480678465
-7.57864819504092,10.9524915236434,-3.29623634190855
-3.01392730262671,10.1603787261694,-8.04036446823034
-6.69633119172452,10.1881089430311,0.761169947150989
-2.83574956787795,9.56498306560662,-4.57000719825099
-4.14820527510886,10.1763577389364,-7.64424353436174
-2.19366244003953,9.49162625308191,-8.32064659124265
-8.52124491442522,9.93432242702207,-2.42451094018127
-4.49661146242377,10.9162901675381,-2.98139342171396
-7.56786512103545,10.0764771754998,5.89388932890441
-9.14495807096312,9.95274903056699,0.256559477878811
-4.20452396529966,10.6136750773612,-1.51199132758784
-7.73701285425975,9.6832433353959,2.78678267807681
-8.96545133826631,10.4944210955493,-1.94955889443766
-3.41899839708094,9.63890120434531,-6.38599622098848
-7.01424955535075,10.5485439161875,-8.54866465387855
-2.70962804021287,9.54736489978533,-8.88254868126905
-3.47573255688492,11.1040177077756,-5.57797635810207
-8.35682335772613,10.7571201811563,2.69319596685019
-2.90421998754547,9.18322503914186,-1.90800818042842
-6.32718948087804,10.6149704836728,2.40480846253726
-5.45323660958884,9.74856393048799,-7.65832128439753
-8.18559717115093,10.9721345465133,-5.37896906186762
-7.34097341119394,10.4870360238248,-5.96866856554416
-5.45945418887938,10.5059363096453,-9.81674129032807
-5.38935562079675,10.2060020693942,-3.14275027047454
-3.14330351088527,10.9200910132425,-3.99402960335873
-3.46941159634663,11.1030624687031,-3.17469137346512
-3.52299960763399,10.2270579256822,-8.59110072136701
-1.39862917710785,9.21417709996098,-6.06202101312066
-1.80358018399129,10.6228552032478,-8.09160207092052
-8.65851421856493,10.0394774096335,1.34893584361239
-3.6260682112592,9.05428350786986,-3.45759987441066
-7.21102956610899,10.6917560949575,2.45754119949413
-8.09575148773522,10.5026933138994,-6.68955839006851
0.0603693154976803,9.08416004435311,-8.7692508702497
-2.89747283390437,9.31451408355055,-8.6095897587389
-2.91208625852078,10.3052462492328,-5.05264717573279
-8.77077514325393,10.6609448873982,5.15709210447887
-5.0482819720333,11.1998390253699,-2.49274117564785
-6.62543125742482,10.4435038983224,-6.60615578180589
-4.75210588113073,10.3286152603061,-8.24927339091723
-6.43868977739126,10.7959768653901,-1.99177675725591
-6.8757171685594,11.2382785266164,-5.90856731984611
-4.06660080478226,9.43201363088291,-1.09801918700042
-6.89334635977703,10.637717889247,3.36428413828062
-8.02192586689283,10.2116910071488,-7.1429531735663
-2.04326658393897,10.9423208324891,-7.83383530790413
-9.58597488871762,11.227403299557,-3.39150061158738
-4.72659220937461,10.5628760475341,-9.38194630191629
-8.00380970901625,10.7393622025339,-0.452828203970823
-7.22876678680647,10.5527538124,-8.10890256793993
-1.97386179711866,9.99500599187085,-6.09554284872679
-3.9104191340177,10.6474594171767,-6.47232556564697
-2.65013176757768,10.602490794315,-7.51853260156619
-6.47506130042993,10.5257095930158,-9.30940249257875
-4.551238658997,9.70286697330828,-4.4103669798899
-4.3832976860652,11.1007257298303,-1.08910204976938
-7.87338174132175,9.91948965483548,-1.87269145044933
-2.71381592500527,9.97388966773415,-8.5639290963297
-2.40410014874523,10.7963425209623,-5.23799756871805
-4.52479328578609,11.2210771554977,-8.29987891182753
-8.45452918457885,9.74358788386726,6.97161833069626
-1.69211966288507,10.7092108939071,-6.1984106672159
-0.44523182803287,9.52969830281008,-6.76550297979467
-7.81314830883938,10.6404515310194,-4.87782334443664
-7.69115109367886,10.0269608597361,-9.30833814219626
-8.78198852938212,9.70575420578989,-2.41377829405822
-5.99890894526161,10.3678913357132,-6.10977251717405
-5.85821057591127,9.5679708536414,-3.59830093513167
-8.15813421540873,9.6494548606253,1.25375397224764
-4.06032784477962,10.0268601544943,-1.56254322974593
-0.479600515763139,9.98026850206387,-9.56905241635547
-3.23368683974719,10.0935201918659,-5.76439175865563
-7.55533986858949,9.61122210590925,-0.445613276183976
-6.32996529241719,10.3137807236931,-3.72654808668942
-2.58196195787033,10.1431931356173,-9.20004601172366
-8.52807567971676,10.3393157263902,1.27466758019099
-4.99183044322483,10.3688648428306,-8.75752013953606
-8.35164958266317,10.3951319353886,-0.754185628538685
-4.35888551293517,10.9125758554114,-1.47956377081355
-7.80552587155893,10.4072908312206,-6.91876577946431
-5.79212318216899,11.1028658447267,-6.5838423914495
-7.41928379085968,9.26972225968156,5.61986978019243
-3.94089061531859,9.87399558272803,-5.12080644811662
-8.3477145906216,10.8330892375974,0.0290355983844156
-5.64973338454736,10.8575017249524,-10.1527561116549
-6.54465602840006,11.0712775578844,-4.50844063055806
-3.8587861497476,10.1375267684387,-5.19938451604787
-1.70510458293689,9.80476880313474,-7.21627036833675
-8.0429085824184,10.5858367821675,-6.92098701865437
-3.00006553173888,10.7152223589927,-9.09367055573377
-4.36692488436127,10.2225628048472,-1.16657790869727
-6.78380921549794,9.70100725166319,-3.79223637243348
-4.16273481837985,10.0100290560622,-5.68251962197685
-7.64392592492688,10.0533089847127,-9.14145434886371
-7.95811410417897,10.2646258790061,1.89226819656865
-7.27426445400382,11.0474780483353,1.61516808807418
-2.7567110728513,10.1658594502366,-9.89467416597412
-9.42936620893218,10.8054120299094,3.50189777833998
-7.67148297960439,10.1545773249698,-8.12717046240236
-6.0090407251743,10.1371438930492,0.406239275598295
-7.05989368113544,10.4199736841911,0.0232168288512311
-3.63385363429825,9.79092815835236,-8.73150130924574
-5.99747102227051,10.2624758543357,-1.68074674471553
-8.37948791521094,10.6207498080459,-7.02713463926081
-2.84408592188622,10.1600689722263,-8.47357164134751
-8.04746911723867,10.3269931604174,6.00424189336406
-7.82811802207041,9.5619288380246,0.309105450716269
-5.25018437447078,9.47668866772987,-9.99970565124523
-2.209829758341,10.2604070696142,-5.9523346899699
-6.3081233453833,9.48915128048552,-2.84594630101208
