18.107732074483,23.3975961801994,12.8486337774632
15.0244262335754,20.3292881450037,13.2473890095191
16.3208051475098,29.6608378377915,14.1046143847867
14.1762998598567,24.9508635225586,14.1042222245931
11.2610399936685,14.1200022233076,13.1082298345099
21.3365566778932,26.2968052239187,12.205007432437
19.7484315224603,30.0735707569853,13.9214534937461
16.5673965021857,25.9555230701285,14.2395102542583
20.1718952726704,28.7000483587027,12.4449146463693
16.5529891782355,28.190217056039,13.8428986876798
15.993535712359,28.3878895501644,13.3249329937435
11.9886443358321,25.837307423768,14.8559884399156
5.39868765137723,19.0327666719551,15.8683400515369
17.429251693297,26.7360810838412,12.9595705510849
10.6120218210173,20.4765705028841,14.5468363866229
8.87851676984762,23.4631723006911,16.4631029014455
18.4680068635512,27.1806224323844,13.153945215864
12.3492221993531,20.705710023594,14.0731806201452
13.7506443292762,19.4628950902065,12.7001479727584
7.43438173818435,18.7028337359813,15.2342062246834
10.6486495583969,19.4612752730065,14.4020263907427
17.7568898832663,22.7319212397054,12.7722761657472
19.0824068728851,29.4986868441482,13.2820786546796
13.3742034253454,19.2855709508024,13.6201667778692
12.1362704342191,26.2471313561351,15.3497134340926
10.2771084810588,18.387019031523,14.3678284635412
6.56981749042595,17.8571099195373,15.3732316073612
16.6683621438169,22.895465214111,13.0739100639334
10.3212462755969,24.1352084949707,15.6758820989498
7.12640196304651,21.1020176587529,15.640631257073
15.1499919112135,29.8855208027743,14.4739471620325
9.10190583670048,24.7400019563447,15.9707278892419
8.60674040209194,23.1889429045422,15.4870189258943
8.33490620809012,19.1729844992934,15.5439496061179
7.64842175093309,19.2732849056893,15.2475086593947
12.3882451045358,20.570172722388,15.2509936580904
13.215364016463,20.2538260173014,13.6444899152265
22.5149794487491,29.7801613560939,12.3235338734006
15.1522532526992,17.67290142962,13.2360705256512
8.12824783243605,19.0884586251458,15.0838900039851
18.3358334696344,29.4320399280806,13.489841769628
11.2998390080324,20.4152852200436,14.3025982140439
13.6167044676136,27.7318868614847,14.6341028811889
11.5578414839572,14.3213423855761,13.4589710065732
12.4299582434303,22.3336017185133,14.2649076491957
10.0266122280498,16.3207204784945,14.7723337844885
13.294940851388,27.4250243274267,14.6868864266597
8.64447827997764,19.66594675438,15.6397830910078
22.2473257813618,28.5955934217502,12.2446203817204
8.55953059016116,16.9756617075918,15.4802618980056
9.62664442431808,20.2998516356575,15.2377310010786
10.5466917881383,13.9816640198529,13.7073995836265
14.9064213913415,21.5409005724835,13.4417513888973
17.7062906430118,24.7328603157302,12.5341258908684
11.002467021472,15.9845345294807,14.490813938063
16.5152334016384,28.7432766636793,13.926945332677
16.3602735334281,25.2997442941506,12.6573550106076
19.7672181937275,31.4838797054206,13.2185368858386
17.7001467186211,26.9147178784462,13.341548797181
12.8152405757303,20.3561116488089,13.8917905812126
14.3249885796575,24.6726357269903,14.0243180288427
20.4638158154603,25.4617437549471,12.3478139173205
7.78201648979428,17.7008703789908,15.7739398014953
15.0660298881459,18.4817693675941,13.1050909769836
8.36515695274346,16.6472932244289,14.6925332488485
10.5155129101567,22.1990870512665,14.8683166389546
18.7624293039911,23.2547024544909,13.4211039668606
10.480947401647,23.9429755862607,15.0429908989227
16.2759106595511,26.0366579232494,13.6386541599137
18.0415140660528,22.7241349186189,12.6886812667427
12.9012953543566,18.4095089591251,13.6095577752072
12.5308742866532,19.8903926763544,13.4427675850521
18.8490958235676,26.7679463389123,12.9888555549741
10.7719163813707,20.7593770524134,15.132448550354
20.3860988129755,24.7502617688793,12.2763268251165
11.8259905915101,16.3693049265843,13.6518498492515
17.6120489011835,22.22280044041,12.8505032022888
13.227470976846,22.8922306662462,14.1073896503818
10.8484133067673,21.6338868113901,14.6312169726145
16.3795890399526,27.0950828902548,13.7484633144319
12.5082466628502,20.7179806246713,14.0286713812736
10.7288640894346,17.7303623829071,14.149994039376
13.1106568279772,24.0470973110341,14.7015316386289
14.4301938273746,24.4984430417246,13.9707774543623
17.6188202896831,24.9603365034813,13.1068430809332
23.5043381142565,28.4089708543515,11.8553125369768
12.5599748904396,15.175869091416,14.3560285135029
15.0634056609616,21.6560655445114,13.8137039733377
8.94995965403854,21.7071449254685,15.1916161168176
12.5057627347995,25.2611906265394,14.6298375183656
14.5285687616346,24.8593132821287,13.1540050079807
9.83824247195141,16.156457945409,13.3430105282109
22.0168360176778,26.7688199573323,12.0700501213898
19.0369116702825,25.6527791130652,12.7869884117024
6.10481992675949,20.4519344531271,15.8510619977003
17.851173432681,30.7919491917909,14.4582159425395
15.2031970608374,22.3254410960667,14.0907698199801
8.75323116650022,23.4587797413736,15.4801863538687
16.3112045173258,22.6008961854485,12.7872091040997
12.9481882445965,23.3949863772731,14.7313281939087
12.7894674989171,26.4984569867469,14.7110595896285
7.27446713516432,21.4130107075902,15.6387813099037
20.3356360599496,29.7242967097901,12.4672701455268
12.5127788932813,23.8846380640397,14.4458725049516
15.2774003769143,21.0986516814203,13.2756860639934
12.4309336438998,19.9743083389612,13.4429224094013
12.6962748156216,19.4632748423144,13.4580033322811
10.3873134950278,14.1472754676435,13.7755209407648
6.30762423115844,19.6790421144378,15.6900830698533
16.5395642403053,27.8267300590913,13.798753452963
20.4853054503948,25.0966198295835,12.6474398312824
18.354341982667,22.4868604720843,12.5665749197755
19.980867854215,29.16877039419,12.9778437778043
9.30679465822962,17.9827540250179,14.7342113526825
17.4829706833845,24.1227711670317,12.3371959076452
18.0209809430719,26.0948410455725,13.1401212745799
9.8523074628453,20.0886818777743,14.7159551632573
12.694820449596,21.0869890696136,14.0233180834061
17.8245187618005,31.1400936046855,13.8639096167839
11.452185889142,17.1365105966401,13.861682235482
12.5555446554378,18.7743589317592,13.7580754012823
11.4748774236574,21.6580193932545,13.9296904095783
14.3429825880913,23.3753890873304,13.8476498133223
19.3735705180483,24.1545891618784,12.4913222749621
17.8517313715079,33.1860563495237,13.3148789954344
14.9874513802783,21.6059996761337,13.426849337738
13.9197512997576,22.4048340586357,13.8885348296853
19.9867945707627,29.4110143488979,13.008140271231
17.7818128235118,30.9106232809719,13.8459705100322
20.1014413859217,29.7797594849848,13.0236172676324
9.30024849959554,22.7471273061353,15.2274492982924
12.2970933227089,28.239435423561,14.9791524791706
18.1443827036982,27.6804514937133,12.8405031837658
8.75003775990367,23.2203387653752,15.4495995763808
22.2022018425079,26.8694243757804,12.0295740786052
11.6108940504055,16.7664371514519,14.1330489497222
21.8816265480847,26.5156052670688,12.0758069717307
8.07565806925299,17.8563021017314,14.6765530788374
17.0829713596266,23.7136059905773,13.097513992052
19.509740569203,30.2809009219936,13.2614946038861
14.2690216428784,18.1006516973917,13.1719782893386
13.7650136653593,28.0766974355557,14.6366515807049
13.7402154781218,18.4021556673789,13.3652259474348
14.3992917634546,29.6957785034995,14.8858562874511
8.7850241774152,15.0832473807939,14.2519341174535
18.0126649553825,28.3535315489535,13.254904873245
5.96408821931623,18.7797644875941,15.8499452182727
14.3583127399531,25.6598427511123,14.7149368680666
22.0159878733774,29.1178441138637,12.3807509181917
23.6577403715693,27.3749725377492,11.7798370894652
16.8371994761237,32.0107417643087,14.2653860324596
6.96367808358041,20.0788617029675,15.5526117148097
11.402194864588,18.2657092110772,13.4009903939304
12.1397500008825,24.8259619327529,14.6784918726343
9.80282002253929,22.2650634540246,15.0179485859937
7.89751743640185,20.6518699681648,15.3574475261345
7.16787610817979,18.4536691433844,15.2785856852422
15.101026955123,18.2982644645047,12.9567413485945
20.855229154365,25.4479575960569,12.2324478923649
10.5381581223887,15.6638047195211,13.932192340096
13.4960551749108,16.6035807524326,13.2868773887013
19.0282511703042,22.7306322489184,12.4033001682716
9.91309615981366,20.1575820502409,15.339692936123
17.332345876739,21.7062051474327,12.7598689358644
8.46256982506666,21.4853979155567,15.9024078965026
12.7657093838451,18.2061592082949,13.6220141581016
10.2330742856181,24.7712647385918,15.8408429846038
9.41684512316021,23.6073753366674,14.9790945750966
16.5415248247792,28.9722102137592,14.274132748343
6.52881137109386,19.5101484507722,16.2801817472655
15.9128120748168,20.9701797173176,13.0743819841107
18.4351210380054,22.5272669951845,12.548482208556
12.8282587912471,16.3773432144568,13.3621670367486
19.778885488853,25.3618648543666,12.5333031161502
9.53555025452927,23.6086226610453,16.2503776031247
15.4290875606325,28.1669025778712,14.1658468466369
18.956005668309,23.8494800326382,12.5721282680904
11.2064782505639,15.6165891980934,13.7320810645124
8.39877115865289,18.6902949347816,14.9527920255331
11.007379683857,21.6486477674128,14.5870537173695
9.9065917297958,16.0467699267544,14.1660156104296
10.8895388954791,18.8252465429604,13.2246622503449
7.23756214004393,20.9997558457713,15.5948698545504
9.70659399048867,19.374245856581,14.6638025618353
16.811165490244,23.4103794610254,12.056662518502
10.9185876890001,15.357353076365,13.9479290941124
9.26621723745022,18.0132074602725,14.6116709101723
14.3785746640281,27.2544613130041,14.6331599021889
16.2046560785244,28.7069492271038,14.8922918887046
15.3087948463188,18.2064348074022,13.9293268988193
20.6315508335371,30.6516655109122,11.9176138278987
6.83440941310173,19.3548615328192,15.4944246574085
15.4949432452564,19.3320645393581,12.979101692806
20.7568776406582,25.7695824861609,12.3034854115682
13.935924762473,16.6706758935704,12.4403053911628
8.51635745986741,18.3784522786461,14.87746759284
22.8229300139953,28.1960125187394,11.844932654785
13.051353715818,27.6873482962748,14.7922175363794
12.102377980476,15.6945747484177,12.4781686517013
14.1176779673174,19.4154732719286,13.3896522980807
18.3606256299241,29.3576894963919,13.4728234835138
11.1264351624246,24.5733188984693,13.8420828877472
20.7372544618194,26.2661624354986,12.3748074845285
20.0891463661543,30.8300330740295,13.1659915085394
12.485417351142,23.8656021064483,15.3811798021105
18.9341422898248,27.9608527619467,13.4338803733139
12.6116631816702,16.8930090424087,12.976279523495
15.042006238953,27.693278300505,14.2155384419581
19.5814703616986,26.0367885120134,12.6323086056375
12.7029557648803,23.2133546732467,14.3019856066262
16.4729692626394,27.1475369316813,13.7283074054766
19.8983690530453,25.8011131945705,12.3581950630276
12.1908267024795,15.3406704178123,13.4100678411725
12.4288093401754,19.6196734032501,13.5222062518197
10.605942583243,25.3578239120016,15.4829755769665
16.8178704748629,27.5754425201094,13.6848093877967
18.6780639725438,27.4047560373104,13.1226325712147
18.2652161586966,31.4133204682228,14.0877202132885
12.6050360590053,16.1152114811327,13.3922769025609
13.9201110429877,22.1516963296071,13.8085921763182
15.331461079281,18.5780860295236,12.9268774966266
19.7822637973041,29.4341481843866,13.0705294751142
18.042070713823,27.6360504058561,13.3376947017134
18.7981910870834,26.2982832023326,12.6167615686811
15.9148761284864,20.7934137636839,13.0504212585485
12.8793170113663,24.910504660183,14.4751263918776
18.0793836875215,28.8456546017802,13.4867359557466
20.0047318053622,31.9261502499762,13.3353455446833
13.1364601246875,19.8078434456566,13.7261479710199
12.1470061231238,26.9441929258662,14.9563393416157
14.3325119986452,18.2227120660107,13.1696924494986
18.4099158033589,23.8026405376047,12.7243514880259
14.8450788915045,25.9852233231372,14.0469223800052
12.8067048190996,18.1806424314979,13.6067495257646
10.1907518802232,22.9094873313334,14.9905836981336
15.8918681950082,17.6194665509349,11.9183937058218
8.56663745088848,17.250594950215,15.158462045416
18.7198392181506,31.7151250395497,13.6801866558221
9.08315836959165,21.4008119531819,15.1124909004561
16.5734038486704,20.2353710506317,13.1374073082202
12.3313112222417,15.5743910428321,13.400204366481
11.6063497566889,13.8764705404518,13.3861036506832
9.89262930079252,16.5187009078182,14.2324378835571
19.9453439102566,32.2822960262113,13.3996426106214
17.1820178933388,32.6137810381274,14.5701937226377
17.6681587757984,31.5798758042534,13.4822175633169
10.0104601051864,15.6053617542945,14.0775467675568
5.32623275313558,18.8077388464144,15.8596178725553
16.2921177640755,31.3191308510503,14.3321016881601
6.38484330836824,18.5227210130049,15.969307828742
9.49030813006339,23.5131190886841,14.7369682361474
12.7496580569304,17.0583859786264,13.4749769563429
20.7950954543219,29.3989296554795,12.7720653756071
13.2486348870009,19.9980331846203,13.7187436095733
13.7631997481769,18.6896692037605,13.3965572397227
17.2328400589524,26.1990173884333,13.3825191477255
17.9419400833956,30.4059491633871,13.8681823478696
17.8948890827134,28.3413986285042,13.3802837519072
6.81359390477069,17.8714486201859,14.7029580201305
16.9486162613502,22.6882073764253,12.5923164569246
11.0791484965805,17.2689841129398,13.7568638246689
14.6455089620707,28.9824107704351,14.5009332167163
12.358759590988,18.1544713203847,13.7332338440947
16.621397230929,26.6782189854821,12.8058277563984
16.7029203750527,24.0339138592,13.2500948610541
10.9587925548595,24.0528305528961,13.9662475051192
17.5895417582894,27.9301058059891,13.5078308900079
12.5941348498186,15.1286502107464,14.1534714684078
16.9843770511397,30.5874188908769,14.0345806675341
16.5804657084978,25.7350376095679,13.510443504487
12.7184660459999,21.928185122896,14.1276340364739
10.9101421607778,19.8818291855866,13.9796513820791
12.1083288554084,27.2169208252185,14.186724087412
17.3376140829833,32.2581991920169,14.1529269464366
17.1705267756282,30.1500807365488,13.9227809652002
20.1674795576115,31.4478782647706,12.9838269709956
21.9840937478481,25.7750665667817,11.7940623903997
13.4437857728999,19.7896324980569,13.6345899144601
6.58313703819406,20.0251059878904,16.0499730932762
13.6931785459378,26.2322528963112,14.4137221709325
21.8088052133773,28.1537035460772,12.3134279670813
15.1733504488617,25.4944005973163,14.5102075201743
8.91353585876098,21.9373455380955,15.2326062640674
16.8233917582658,23.2330371439938,13.1093011527869
17.2065129079046,26.1766191898994,13.8640318108075
11.1896502121761,19.5728187244362,14.2598309736012
9.30182226879974,15.4651264767615,14.2645795800434
21.0882056490845,28.4675648137716,12.5639456171925
21.5891774135221,27.2973983690613,11.2245984553959
12.1261797211016,24.2155830862029,14.6017587605923
10.8377387348982,18.4775284030125,14.5767238424804
11.8082637550481,21.8238854993355,14.3778874921413
17.1889168780271,32.8920472497379,14.2798335474855
14.0160509372553,17.2597228472751,13.1342219303132
9.96227589683364,20.8876154269421,14.7896444141938
21.9581296296268,30.1652530745702,12.4857361275821
19.713452997595,24.9956087989959,12.50387863926
16.3712828093372,30.0254377641508,13.1247872428913
13.7870420390971,27.1163462524094,14.5033382593804
5.45165642888106,19.2873720587967,15.8866239726015
17.5937803561029,25.3598213821222,12.1947155347041
19.0944426625667,31.3666203804775,13.8035231063508
18.764524790159,24.3147926124928,12.0547389622035
20.8788122410049,30.5819408794086,12.9041308626348
9.91671348311737,23.2715813290239,15.1179342644136
13.3907312404769,20.5522966230511,14.6087106351742
13.7625030940895,22.6370206315525,13.1862168193405
9.12132758012962,18.5237578052405,14.7211775589998
8.21435753864489,18.0528829817808,14.3471783122094
15.5935197451621,28.7519317110442,14.195466549115
10.0774111403208,24.2506023561653,16.0483535928094
11.4354546382532,14.2489592805105,13.4849074750597
9.21266971147323,23.6497981149162,15.3721547279556
12.3101043143416,18.5581052124206,14.762362374911
16.556751320921,23.8386233359457,13.2666863951105
13.9622334487458,24.1015690573451,14.0540746003594
18.1457018777091,30.2754615356698,13.6564658859789
10.504798744155,22.6324925954788,14.7941380115937
14.0361870859781,20.0900083183891,13.3163368008051
16.4713688233966,25.3073238922718,13.3383071084439
21.0379875771949,26.256160099665,12.2862467145203
19.4044250798219,29.3420507318052,12.3775170858284
21.8212117852202,28.5166341279737,12.3577950791245
9.45720851766441,18.3630758134987,13.7064088717622
17.3098812230873,25.4017095552851,13.2547956654465
8.54691790423628,17.8233658857546,15.4042394046857
12.1716491539298,24.6667452463885,14.6481957354326
18.2040443847398,25.3883118997096,12.3414142749577
17.6745881754273,31.597644220222,13.9678739560079
14.0445914367562,27.3796164991607,13.8376347429456
11.3154542288773,18.0667810046345,13.3755887897647
9.14335908745904,15.5735575109355,14.3248783233762
19.398864972854,30.6031510888978,13.3362478378369
22.5172735460474,28.0070199423716,12.0885241821246
9.93210655239412,22.2401340368381,15.5047822467374
9.28456250643732,19.8169798292498,14.8447416732282
11.5547327753001,24.7881945073481,14.0479183767357
19.6870577571256,24.4906511721079,12.6638182379716
17.1026782131258,21.1286533970432,12.750161446583
11.8265047559232,18.5937757506896,13.9456940795253
13.368108007639,22.9299966902955,14.0715839294222
19.7339670045342,25.2582774178187,12.5326429372206
13.3174910427179,21.9888623231821,13.9618838488578
20.9001424569911,30.2997229982975,12.8606443962467
6.42018857037122,19.7390220309983,16.1549588898968
19.007173918595,31.7478518703572,13.5119386454014
11.5832312326164,24.0467154831124,14.7369430711719
14.473401336805,27.1126941692098,14.3037515388794
14.9612258004739,23.6404511154461,13.703336838558
15.9071990245113,27.5895758250094,13.9508514260809
9.48665743170948,20.8315780426061,14.9202091595253
12.0096829155028,21.3068971705277,14.134735679137
11.9541658353487,15.2499951736064,13.4667361916598
11.9197903807472,24.8861877934268,14.750258991585
18.4019606949799,33.1460046079402,13.9615088990759
14.981981592273,27.2768143182851,14.2616496076849
15.1359903000624,21.5557953629067,13.2372182403255
16.4497662846295,31.5160560665008,14.2571852317007
21.1676251230841,30.7705392508546,12.8452757226524
18.8697968453029,28.126836573979,13.16244585779
17.4529067821277,27.0750894189934,13.6624364894726
18.0293358109138,24.9935259515775,13.4009407434464
13.2406801074099,16.6857084852899,14.0301409644006
20.4430259443956,31.7902355074515,13.1902390841018
13.5982550816465,16.3956832908171,13.2021080441739
9.55281945169198,15.2859969636296,14.1680941634027
15.9297796757042,25.2447442216817,13.6344004087578
9.6823324765294,20.5031949744525,15.4624978165081
11.3610012752644,20.7509744694151,14.3658331623955
6.53725500556279,20.0091939880062,15.6671040785372
17.8316638953654,28.1221612503122,13.4629770357915
11.9890034956934,21.3681503084851,14.2652257440162
10.95929629011,23.3401566014231,15.3729360835976
10.5418555514439,16.6653751719854,14.0634906094818
13.6322120835519,22.2108797464064,13.8999298553922
12.6344817721542,21.6985307371562,14.1216449204001
17.0650118221083,30.000869233258,13.4489669371188
15.2349262019705,25.8178266277833,14.8233839824433
21.9207587642515,27.9757098515729,12.257427442324
11.9685120904942,19.1094044717183,13.972646757212
11.7126660434639,23.8529927786511,14.6737926588923
6.4018315021022,20.4015248269435,14.7149837516945
12.4259754183024,15.0715571337697,13.3395503355685
15.5967055961206,29.7806716086211,15.09964426446
12.9239465943709,28.6465124360637,14.1714393273341
13.2157342695089,28.0055954984923,14.7865934385754
16.3320374478669,23.3780124459904,13.8789479577617
8.19681838964741,18.956377206908,15.0465422480189
16.3255785241455,23.7746922007178,13.3252973160492
20.5900346476797,25.8214264524515,11.3913264646524
10.582464400992,19.0573565331015,14.367842628369
15.1307802657345,28.7275675327127,13.7512045969574
8.2099786659899,18.2279990127096,14.9464597616949
14.5591049255537,27.9091314280064,15.5408588424326
10.3794750587591,24.3203786184752,14.5402181740897
14.4729600143594,24.1095047685626,13.9069681689643
11.3191153868939,23.4723162716431,14.7376452086151
10.2234073443852,14.0374091554585,13.461073055274
21.4856814291352,28.3536022545306,12.433581312981
18.0887163723696,22.8903302549946,13.4551775766436
18.8265463128647,23.3902913448333,12.5489948827139
20.5915944640073,24.7140405416626,12.2119280498473
13.2724078840657,15.9022223138904,13.1705315271371
17.1161423353144,28.6749618563042,13.7436006309315
15.5374644399142,24.8604623177839,13.0992434565748
18.3219984689887,28.7414950019045,14.3390472380009
13.6302336523492,24.7916317934226,14.2415844543693
15.22399923852,24.0821190865267,13.6854819189778
19.2891799953932,27.7974416014011,13.7561747776945
11.4122459830624,25.3637617198337,14.9606088678567
13.0989614560658,24.7540476211702,14.3907324721505
8.63558754417251,21.6021651464679,15.2689369699977
11.688302676099,24.1856737026037,14.7248283654504
12.8564972269883,23.5254063900872,14.2986869748554
14.2448113377613,19.1898815072295,13.3229575843588
8.99724845337121,20.3673688154337,15.0008290226025
16.7224550956363,25.4317883711123,12.777079629658
15.8734227553717,23.9986055367809,13.4860550416802
5.41681419161,19.0752188606385,15.8686923951015
16.8743391587297,27.4499300175303,13.7251869348501
14.8461116355193,27.5304769751829,14.3278857148993
13.6110168609896,26.8804164422792,14.5232196510842
23.2399815697876,28.6458499203221,11.9633057043594
13.8525446816684,27.3390733269363,14.5137731239428
10.9511241666908,25.5598413563118,15.1202889358483
10.6960411293226,18.5169210457497,14.153724658085
15.5227254055305,29.109113398422,14.8493805467611
9.46592298905124,17.8851189295654,14.5368102255571
16.7776319775951,29.6908462677697,13.976060780065
15.8384989477086,18.1675514761494,13.9340918138945
17.4853968334276,30.5009426871609,13.8778122604677
12.585188377323,16.9748390464216,12.9726113022815
15.8107539252891,25.5483642344008,13.4221432394741
22.0177413713019,29.524401936102,12.4339742702757
17.7506098975142,21.3997385274063,12.5980322590122
8.88519664878699,19.7597131107535,14.9530240400617
12.9553114932968,22.1294680235508,14.0855304134263
15.7235587194442,30.1503606267089,14.1338740361802
15.4896157295274,18.6680038181405,12.8928826872187
21.8499814759985,27.9715014195727,12.6289297580439
16.0269615491945,19.3414011551372,12.8260039487418
16.3933701497357,23.903901352741,12.8910660545012
12.4504902775573,27.5904149495587,14.9537093007635
19.8103858465909,28.1478162563456,12.892365768745
22.0505883836072,30.1663867506161,12.509292597602
18.09120205637,29.6193923156589,13.5855673201008
17.020253976603,23.5812125462516,13.0982099491086
19.7482004333818,26.4149020553691,12.6813773191329
12.2967002168821,21.0003237700559,13.6301844013659
18.6367846572728,28.8412794986615,13.3244628392608
16.5285370073917,30.5425079224297,14.1608784496524
17.9336070009275,28.3187708211177,13.5845542622949
18.327906128404,22.76879519795,12.6115050437639
14.3082385120246,29.1189544879735,14.6168171252939
15.0699658453389,18.4801721530504,12.9897932976731
13.5354872169953,19.6016529810597,13.5831445075656
11.5711323509359,19.6307716188225,14.2302751326958
18.6686217699568,25.914541407487,12.2160701559916
20.0692588894314,24.099700941211,12.2822577730702
15.5387630141584,29.522541290769,14.3131970734969
13.407159755451,16.6884021736236,13.2353458504733
14.9035340027699,20.7361535353789,13.3362309672708
14.4383306630983,24.1710619062477,13.9251492944697
10.8348016246097,18.5922183308771,14.2331686337213
12.0902486330632,26.2543784203869,14.881635808591
11.665039984158,25.2721330149334,14.8751666119487
11.7349963054498,18.9179742822005,14.0150866545687
20.3190430896913,27.9232698096288,12.7151340144542
9.08758485741462,17.3378109592203,14.5742272540413
16.1459017967901,26.8087666174305,13.7784124926424
16.2168661493765,21.9003455870422,13.1091135696112
20.0318918370684,29.2851204993489,12.9784195860127
19.4381635696657,28.9836681427261,13.9436821046729
18.2929534475462,26.4043730276348,13.1021342965001
7.75446932218071,19.2947327399603,15.219580232371
15.4498059452968,21.1706285053765,13.2351861086815
22.8687586132046,27.2848223832866,12.8607213363816
10.238017852867,14.7143100260455,13.07692342609
6.53691569289811,20.7991825984509,15.7716100026776
17.5408471577849,28.6973857255913,13.6233628090703
15.5021950193019,21.4670454821085,13.3068205515891
8.58987958220272,18.877687916093,16.1043538586353
18.9584305451038,24.6459588613919,12.676690104846
11.671618114453,26.1698719795741,14.9919065157239
8.10633897989754,16.2230265179971,14.9327992894799
13.627436812268,24.8931670535291,14.2522687405381
11.3533582983322,16.5714785159243,13.8156743561289
16.1961284221481,24.7719371155334,14.3034852083129
12.1080172368313,17.9637635685085,13.9188538238005
10.4637586093874,22.1552693812555,15.1251941338037
12.313866829928,18.582538091687,12.5690627609364
16.967979447821,24.758073325419,13.2689119135053
21.9937660612644,29.5284327683201,11.8140926378137
19.6239335781482,26.4797925540538,11.4560931061349
7.10619869215764,17.381267342277,15.1547453640492
17.8434983388976,26.0049276841889,13.1797234612071
17.6471752999254,29.5128181011982,12.9875465506203
14.811231901186,24.0670102942326,13.8032236138032
17.5024574544025,31.2025778989545,13.965593610665
14.2334948525375,18.7094294088979,13.2627422218701
11.3789292933289,19.4176717389021,13.3963319940703
12.3994103788534,20.3839713302928,14.9340499716035
12.7447878101368,19.0313033618055,13.7371370050229
19.3916329151398,27.1318639129227,11.6952903133662
15.4526905562758,24.6341619109097,13.6921012901111
12.8193856325815,19.0648501846439,13.7199307898113
16.2272421552096,28.7070137430926,14.0056952810521
12.5615793034591,20.3833938928247,13.9689801814154
14.1321506610135,26.9722072754967,14.3841767829776
6.76455301685784,19.0939901654977,15.7505178870394
13.7131013319019,16.4549616819897,13.6680940272524
7.26393861403137,18.1678491512196,15.2129442710385
12.1824777921172,27.4481656481604,15.5255309293999
21.1860046881073,28.3279376044674,12.5171217761058
19.7598837964244,26.1037553761562,12.6368659562013
11.0291793772211,17.0491042400904,13.9728390998715
7.28820781223094,19.6871810878348,15.4067039946648
8.66206074508152,18.1882076842027,14.2984706228655
11.6485818619567,27.2894569368622,14.6199875081496
14.0040804860233,28.6719669775336,14.6459741364326
15.9735237412237,30.9357172758766,14.3738485377007
11.0475009891227,13.8896748588977,14.1397632930145
17.2766081341251,30.9168591554073,14.1006881779413
16.7780478094734,29.3694363644477,13.9334615622725
11.3137985938261,21.0494949784556,14.4189795088746
11.1595602796201,21.7701210598211,14.9023668390142
14.1474506186309,17.4306267035991,12.6279543292409
11.4128949316121,13.9499585704976,13.4519348396976
13.3166027839514,25.718931900566,13.7804194622172
12.7904144815451,15.9413222804493,13.3155192255328
11.464089513652,15.1082965632427,13.5901737067072
14.6937979173158,26.4876970213976,14.1572156318671
21.0509130262798,25.3701260183762,12.2498375396568
8.58567590854193,16.3982449076206,14.5956484767367
14.7322000807853,20.9754066232247,13.4175532207898
14.3188230843191,21.3464100958105,13.5865016371929
14.9503905584265,25.2565032046204,13.9200627646597
12.0028051375361,15.9278632024122,13.5475592093249
12.8981987605429,25.8213878203682,14.5900343533888
20.5804249569182,28.8365541228634,12.2521006150029
9.85748002607934,20.6048049922188,14.8556362959302
12.1842222364357,22.598536355264,14.3712071534767
21.3199914019479,28.0719746392614,12.4444250373818
18.863970475407,29.9306424080397,13.4025329268256
7.07748009545319,20.3517259292956,15.5556618413446
13.9987926349264,24.5625214538246,14.5885688984058
16.1325828148353,20.8485938922348,13.462378792308
18.4462604866156,31.5186906569244,13.7335869306591
16.1801791054728,25.4344679953628,13.5868372565895
18.7772598842537,33.2895678033239,13.8716131910732
12.572446617558,18.6794993046177,13.7406353979413
7.64344827389424,17.7675832432491,15.0499529158598
10.9484648716579,19.7126529023318,14.3482766995384
20.0999674674869,29.4177584109339,12.9762015795517
11.6259475501561,21.0021926590946,14.3221774609473
21.2560334224248,26.4006600789039,12.2420919977462
9.41884330144737,24.5743698204022,15.9658059773275
13.3842804259989,22.8897982324907,13.9258887616884
10.3492068435029,18.5594400357686,14.3697013784124
12.8489854958887,21.5776411291577,13.1631021705393
15.0309263081839,20.9531586368453,13.3279561978371
9.07389843067183,18.2203101757572,14.6948315112455
9.36041688640832,21.514587886532,15.047098754389
9.78446114319992,19.5076689778379,14.6588479359495
11.7030668428829,24.1298916947691,13.7239633540536
22.5401914863306,28.0764262571654,11.1348841390479
13.5297240471445,17.8016675564325,12.6095382449579
10.0865093374033,21.0950866645891,14.7810259642191
16.1574644237118,22.1778624612056,12.6177897765593
13.8715770903839,19.8616515348676,14.1802007857503
11.0797258281681,16.8333004142438,13.929654877642
10.8313038105046,18.1453167125386,14.1583227364568
15.3409406136145,20.4732673630244,13.0379614406937
14.9341239266734,24.9200459069301,14.5730957746495
17.2832908322786,26.9527461549666,13.4674992975936
14.1604020539578,19.9706435793465,13.4506317216518
6.26477433700309,19.4843872831853,15.6767870528855
17.9299755454623,27.643503206568,13.3711970622753
12.7901876432431,16.0202621876861,13.3260179862801
10.3367926744376,25.5583300301713,15.3023416269694
10.7718298398718,15.9612785217809,13.9037222814858
11.3349784124027,25.8126956892537,15.0423557917647
14.8072797358764,28.8728192267212,14.0809777599827
16.6427010822743,21.5226573365327,12.5470166028636
14.2926729998198,17.0975924163385,13.0325497186233
11.8486618649622,22.4694005829489,14.451481914659
15.2914194528114,18.535355012883,13.9486811769775
12.9105859536574,16.1511313175726,13.3083880718983
17.6151013501689,31.3430808673892,13.0297978569204
20.0760421858882,24.3579760957629,13.0673043860054
12.8054272508467,17.3469268880228,13.4969335427535
9.93831807663519,21.2556977556918,14.6865203583341
10.3756588580533,24.2747363668742,15.1173803543632
15.0715497361542,27.5119058747698,14.1829974749635
14.3300685578577,20.4621178320259,13.4663684942536
13.0736617381177,16.7154183943296,13.313452986461
17.7202134925251,22.7584446266488,13.1331884936218
12.6379474746235,14.9886870408076,13.233844545662
10.1246887490731,16.8250535946948,14.205608986214
13.0466191097957,25.0711799691189,14.1626488272201
13.8100712474459,19.6417376446634,12.4478657908941
10.8186493629846,24.910720701818,15.0729282598168
7.07723549320182,19.070180447981,14.4712405793228
17.0267350932126,22.812021989514,12.9946711054434
18.8108939999411,31.0242814531993,12.504353049256
12.2913971637975,14.8199008985351,13.3120670242699
8.64127472399771,19.0104659419999,14.924759698159
16.0518725263138,27.6535421219872,13.9173374908058
15.0039303595851,28.4075842786016,15.1021682488617
18.1026889882625,30.763476983738,13.7334411020111
8.2624147576091,17.1299074490485,14.7861213286646
21.2123990884814,26.2834964488231,12.2392650288215
18.9143071068419,32.6436333613628,13.7464887245222
19.209526200853,24.5440675570961,12.590384178289
15.3618172321946,21.8397884858113,13.3491488929932
21.500935325471,25.6236462034369,12.0683563793789
7.96134402059714,20.8392495526093,15.3636969531987
9.69421672899772,18.329559486455,14.5293238592337
12.9392155619965,20.6089503571755,13.8892430197167
11.8132994635398,26.5449350795986,15.0003761426846
18.4184190408615,24.4855855678749,12.2029799575693
14.2197200770755,25.8187563407386,14.9051646332063
14.9608868546646,22.8323824369276,13.1787950225595
17.7425014007651,27.4665882476008,13.4021992495715
18.1600372282154,21.930688803553,12.5494347650334
12.9610720914652,22.6986577743798,14.1590853277607
12.667277146408,15.8032603849835,13.6882437995703
13.0399489633888,26.7526649747492,14.7893867475293
16.6526772768241,29.938766968677,14.0450745552676
7.50941108873388,19.4125269138067,15.3062365555383
18.1710251804084,33.9124932912962,14.1298020028515
19.8766165135975,30.0613804237702,13.1260560359138
12.3993482645989,24.8483843204561,14.6061491548469
12.8281408631244,22.1844406505594,14.1296863491316
9.52797209369819,20.135414232488,14.8162170051947
13.7839820008446,26.7699120643075,14.368027568207
14.0703519948225,17.9065739764387,12.8120551361714
18.1832121744011,28.1662003102298,13.3668177257319
14.5703061366032,22.7780358611516,13.7027579931685
18.9313608161799,29.3253470738649,13.3029860285057
11.3739713915175,21.1519847002799,14.4150695291094
10.4286997774207,14.7129692125412,14.3187191318251
20.1850030051331,27.0657740751046,12.640687870221
18.284677946287,22.1884705810148,12.5473473755345
19.2486677736729,26.9937523152106,12.9027881061747
14.9161586401784,18.6614823149959,13.6241494877262
15.1802640102132,19.1543189252192,13.046894666893
15.8663019582369,20.7647615070482,11.9201667331581
14.6492489904593,27.6141636592258,13.3119956020963
17.8702034086813,28.4427599660906,13.4941685972262
16.862229663961,28.8678577604584,13.8427512049962
13.6957781321538,28.1147974056556,14.6617713403055
17.0322901686897,23.9208363198395,13.2851476994855
10.3032164229712,24.8366080078455,15.2126537824313
14.3261968327872,22.6962393523746,13.7627604827091
18.8701290174688,31.3275242855694,14.5386151946363
10.663180693697,20.8870554204936,14.586246889558
13.6845843032194,23.2415889526205,14.0209592644596
15.9884540326728,25.2629160409646,13.6197813760592
11.6951797201877,21.4148295156784,14.2704074828279
15.822583363905,31.388003261964,14.477410013607
8.63396682058073,20.0944282287975,15.0701396495644
18.0841180965577,29.2417524265394,14.120555716122
17.7774297882026,31.566520416365,13.9339274958518
10.8166444587013,23.6009913719105,14.9004117195445
20.0030526342866,27.7603837652567,12.8056050438533
11.2872123068283,13.5771874733698,12.7369955836025
15.3430569922804,29.159164226282,14.3219437776829
19.8975498771727,31.096916577738,13.2568434001179
11.5029542007169,20.7015035451967,14.3181161951349
12.8708283627371,23.6797772129991,14.3149318516128
14.9284559639412,18.9126787149423,13.0880049936139
17.4513673785422,22.3295845350672,12.807730192102
12.7424018815018,25.6983123842053,14.6189629797507
9.41287171358833,21.7739732752439,14.5348661507604
20.7466232446664,25.5244589554305,12.2740637483274
21.2339179368909,29.7165696786564,12.6867489393915
7.34877447894768,21.3926518830225,15.6145350111199
13.6388879984132,16.893012692165,13.1951664518482
15.6054941627724,26.2794483740155,13.8652213913203
7.8403446526463,20.090804615218,15.2998803760895
17.7610886037501,21.6237473926121,12.8965004880788
12.4536074512845,15.177722831686,13.3123028195635
16.8208854235355,29.9934559285512,14.0035073972741
19.2105225779702,23.2230032644519,12.3091401458561
6.649169787401,19.4755979337276,15.5641172223547
19.380283459516,29.9296460337169,13.2526254531001
9.56478450691505,20.6117687839259,14.8684947799563
10.3462312508865,15.086911854196,13.9116238103967
14.9179873407948,25.9856580760325,14.0258300302226
11.7580856652079,24.9853767637327,15.7002859152035
11.7377924913556,20.9847112517574,14.2874222744363
21.862751087102,27.0876658909126,11.1012190285372
16.2121760059761,27.1594180919496,13.8055304451872
17.7727016140394,27.068544080868,13.3408317274912
20.366320255058,31.4236318994958,13.6313466685559
19.2226811097512,28.5310771574412,13.1135044139001
14.754779581574,29.44863133169,13.735261122065
11.1678523324004,13.3938140148838,13.4495166677786
12.9600242789979,20.5037950896686,13.8693090110739
14.5006906633146,20.614191321474,12.6769734735713
11.3624201629031,20.5297203438061,15.0011079824098
15.8461750097985,19.8316781785524,12.9432444348226
18.8459709943416,29.7039425381189,13.3777929452813
12.9804117180397,27.2201032918482,14.7510442650591
12.2951935608359,14.2583134151844,13.147228091502
10.3995702487497,22.1819783516287,14.5870522649728
6.74136059344527,20.0599694612772,15.6146063129615
17.2577818240385,22.6107884712461,12.9010517216057
18.1485433645287,24.9548768202188,12.9524556258952
8.55865368995811,22.6492766881336,15.4296442030327
15.4654312974359,19.1176641725287,12.9593268733413
16.6497636526397,26.5442025668701,13.5972829606433
13.6939877756741,28.014204558228,14.6489960181356
19.9837400017933,25.3213475432519,12.4685225422544
17.6477719785216,34.0234919115411,14.4405112654903
14.8261463188521,27.911693236742,14.3070230790716
17.7657894160073,29.3896574851051,13.6496028518295
12.2096131738318,20.6962315107455,15.0271764628107
12.7140268052717,21.9770656019794,14.1353820083379
14.7187730945617,22.4341357641504,13.6142386602665
