2.11828214970797,1.11940759917186,1.69527236114656
2.76654530292872,5.16493580599115,0.0806132514900343
-0.266554284153507,4.50442626037381,1.99306127758518
4.33428023144115,0.535211582774166,2.04524841864291
4.11690896587337,0.427694211658922,2.10457313786587
4.91732840686253,1.05134460078997,1.6974468701647
1.64781504814239,0.0377725816140811,0.587136976303787
1.62204958840745,1.43809808684994,1.49021657994241
0.809549398391049,3.6176371784537,2.14714566525898
3.25571165281163,4.83062433342773,0.388192224116599
0.743236917509965,2.78903718130976,1.98141850455638
0.895202088960097,2.93869197993305,2.04907066251744
4.89449625152276,2.90997476814995,0.829051362719251
3.14777706278767,4.34625807396148,1.37053170338199
0.00609836452147583,4.59546051355796,1.95768597526232
1.79940261272154,0.861685737481081,1.2872771753599
2.18642067939286,2.58091148896387,2.1214837067955
3.28148773580944,4.78423137329257,0.500947993861226
3.96492322796325,2.7337487124847,1.84252190687511
2.26762364753514,1.71191899194738,1.96197935536527
4.79779516746239,3.2462954855229,0.535540707789647
3.41413222756471,4.25392879754323,1.25667319328238
1.96921915932771,0.988658081107523,1.52639217892106
0.407137072337781,4.67548252999886,1.91066605719002
1.37204705519458,3.41358705485488,2.14687720325779
0.918392082285105,2.64824870854088,1.9445039757601
4.95668118243295,2.64115481914941,0.994664527020077
0.995508600504687,3.13912419524875,2.10560288038589
3.97174614272122,0.422695859637013,2.12874034444719
2.50609059900414,3.84733160112594,1.95943888600304
1.79670954682968,5.45092283248696,0.711530622160536
0.52422036438887,3.42669308262578,2.13290011972242
4.9783129316285,2.89216006976393,0.657903083477176
1.69592609871786,3.94890501118479,2.0661786592393
0.255791457212143,4.41678633190549,2.02615314977811
0.219515549344514,4.89908578225802,1.78693716201142
1.79760039443617,5.41036130042685,0.812219724895228
2.02673867407206,4.39870890332048,1.82599887516115
3.45358460381753,1.69727766374985,2.14293559156247
3.44829675006323,0.119735407450842,2.13096355851447
0.0274971767788801,3.3848401945898,2.12185950428399
2.85885890484943,2.03656626596592,2.13749146439175
1.41482947581973,1.12536415637216,0.989127764426481
-0.258543414111736,2.29084381327729,1.62089587870337
1.64293552973834,0.821694709128317,1.0433678506957
4.35406459485519,3.28756472279685,1.25492521953048
3.10120379685841,2.52019411543772,2.12848532788034
-0.891532545293701,2.94261027409498,2.04990858647181
2.34546185998716,0.402221602437168,1.68257945192358
0.737106259720715,4.35698090941441,2.02800240350053
2.22442835800769,1.82504905246171,1.97760994732913
2.68342876386405,4.18314722528474,1.74126553100053
4.43718786089918,2.05704175818826,1.79565275204312
1.87908208702444,3.90997779061156,2.054329508551
0.112659182635702,4.16826904800789,2.09812688282524
3.4414325254621,4.73655747281779,0.159661912162011
3.32005505217774,1.81107338919044,2.14606784490948
1.59675111070035,2.44186974723983,1.99416608269271
3.06728114935019,4.79358926246595,0.836842618384456
1.79702439420306,0.170081076559895,0.983796563873073
2.63235454663081,4.87273932146492,1.13163237083713
3.57359793985909,1.55288178448032,2.13935583548574
1.24399731359531,1.2607970872427,0.915134692824482
5.74272079532027,1.16535589692226,0.0639953262837504
-0.558005100093836,2.56182106770035,1.84892168889163
1.52017196093995,1.27763470198111,1.27474811810775
3.25841671762811,3.34761096374426,1.92157864922756
2.19685626734459,5.02827229929987,1.21012254614996
1.93106215569998,0.910014930265198,1.45519371050054
1.49523449711092,0.51506517684817,0.253763432025016
-0.678069091962587,3.05132458101127,2.06512835055431
0.290983734878708,2.94361899942833,2.00981154469304
1.45527513609905,1.29494392018052,1.22190333035575
-0.49879612719752,3.83645340631433,2.1415407716586
0.344123779519213,2.57880261834192,1.83682910558716
3.34740623973442,0.16095781794082,2.11636934842699
4.91645982547406,0.411025254049965,1.76685328328873
0.378893763203556,4.43550748588076,2.01630713038346
1.3079510656886,0.925634962852372,0.391215212583527
2.45092790941402,0.294984040699297,1.749391390543
4.14959724249291,3.95038056958289,0.739713154919806
1.95606885066368,0.582313424287705,1.34628232317504
5.46922814865935,1.98147508857299,0.430594261809214
2.8935725746062,0.288134652556738,1.9902633548119
1.66483817756282,0.741484932980601,1.01691577091201
1.74945358326232,1.15478829863891,1.41225034410391
1.52897011249924,0.635208276924442,0.612639967079024
0.381418572441457,4.61918185338418,1.93943771723338
-0.140438296837998,2.24316280911361,1.56878353922848
1.92299311996497,0.395272415141956,1.24357486738174
0.300390034316166,2.40815505235025,1.71888065222022
1.30252506255511,0.883054922226682,0.176082412075588
0.759122556848369,3.70628620018482,2.14602504066382
4.20407851034907,3.3882760959338,1.3296167154307
1.00919023777982,1.27307563715539,0.496297582585716
1.39286081384468,0.719159865588154,-0.0702655221962868
2.83401068234325,4.89866218227449,0.907808774479369
1.57626333947153,0.237332161167917,0.343273827295054
1.50091765885415,1.56875208807228,1.49369107232147
1.97310853836655,1.30059982155727,1.66936652478327
5.00348373216394,2.73740766950643,0.806861863404721
4.21645315120338,2.7086358730717,1.71044863309651
-0.235745113872092,3.14390492727892,2.07261633103545
1.12681251484838,1.96111221110145,1.58196091230466
-0.277873998427396,4.41861991801967,2.02504152521681
3.70429762601123,4.08978887669435,1.16376256409603
1.84032486527889,1.1278474873227,1.48048426949271
1.56470015966674,0.0763122422323217,0.0251679337513525
-0.785620923705222,2.48039943022433,1.83693814993062
1.31342853634721,1.06098145012288,0.713490924008538
2.11160074985337,2.25333954276974,2.0540382951015
1.94776873060668,1.71938728344439,1.8346650110445
1.76187971542194,1.69071721774957,1.73004884597212
0.0811108054876875,1.9596071166785,1.2408792048975
3.90960128622865,4.36581700710953,0.0316610523410547
5.09604182568725,2.59181195266715,0.771666730792763
-0.202006130691953,2.48116962452044,1.7639837206951
2.44654230610289,5.17794980457587,0.746323244892773
2.70027557337305,2.84732134157939,2.13680684589935
0.440298442917294,3.64308416412932,2.14670504798519
5.02217408562549,2.45614358914106,1.0425950671106
-0.594281152662011,2.45626587393575,1.78959596238058
1.26792881186894,1.05218252087427,0.585009290986174
2.79501557961999,0.713802612144613,1.98073024030028
0.367765388431786,4.43470841866065,2.01693946326374
4.73019213941867,0.548727012542792,1.87383239302814
1.1260491507032,1.41068785995191,0.983690523302975
1.90471627470388,4.68095123075637,1.67764430914995
2.87221750760607,5.01224103750415,0.594198884964784
3.26943940178241,2.2939940900867,2.12876997501103
1.48448236298514,0.532118788304721,0.212676220778829
-0.5842570438187,2.78756969132107,1.96502181737641
1.007016428943,2.02288425252397,1.58002510486249
4.14082560522493,3.29068634684517,1.45870945099835
-1.10390425719058,3.19622413545242,2.12131997162868
2.33101338059112,1.02864896078149,1.80318350270099
1.50286707282595,0.488256113909252,0.242856535551501
4.20169580035642,0.74789022888764,2.07440875149876
1.73896671056904,3.35766718293395,2.1460880342749
1.21396509143138,4.88429144081825,1.69400612582937
1.73398924779882,0.227948488357666,0.866249361566162
2.39798831773396,3.4033903462357,2.09951892329843
4.01506380055665,3.89698798193416,1.03411982325112
2.51198737769008,1.71265605797504,2.03886066166953
4.42101869849362,3.70299270038414,0.627655703016062
3.44929464870779,0.644493540218984,2.13738714349431
1.57707109852626,0.11622860075125,0.252815929519124
1.30958867191056,1.92925673860396,1.64342729898375
1.38920146930462,1.8188203072005,1.60621556619007
1.432636444684,0.673128491233312,0.26551732762996
4.5519199877936,3.37763052252974,0.888669433579357
3.23036258997072,4.89004600197095,0.0102044262768967
1.97483751227994,4.59692539067792,1.71674210367478
4.08420037080219,4.03790857259805,0.700355403735528
1.44425737784555,3.6027602857178,2.14058103279912
2.11939886376084,1.20803208291555,1.72830682428768
1.5317508428433,0.501805514192618,0.439397380957514
4.0200560895654,2.56593145820956,1.86976160330707
-0.92384460669145,2.62466381543825,1.93478763377886
2.38061704002131,1.45388428735718,1.93812043423284
0.193186173262457,2.52973145878217,1.79616063179131
0.75425388501346,3.16687888443255,2.0977162699942
0.307509597751688,3.77334129339335,2.14593834253305
1.11051786771535,1.29616023584723,0.76373707030771
1.57294438925849,0.824037889904267,0.924680450461335
1.1704308687791,3.68039413866173,2.14201721251141
1.36523895748865,1.65882867447077,1.46986465537092
1.88253355015094,1.9027516277746,1.88017413599129
1.69498275197102,0.498773728422663,0.905840466340214
5.63336189337828,1.61158141682587,0.0768310458239404
1.43529782841925,0.634002116246373,-0.107164919515574
4.20666051906324,1.62428953325768,1.99424027830187
3.25265001808235,1.1147397621265,2.12944627598885
0.559808997421155,1.73837628873879,1.02394420491322
1.57343572663534,4.74281319469162,1.72136176180726
0.730736655624934,2.87351376945898,2.01243138769335
1.3034088540994,0.901466175366227,0.280219140351329
2.94271423318758,1.56995394654806,2.11357530601752
3.61398540720355,2.08890710160215,2.09715080315476
3.51723401595818,4.11947247258383,1.30748120330181
5.74987429565245,1.01476232423983,0.306515002760531
4.30307723416978,2.11084949467112,1.85614055062288
4.60729239149113,0.502521354016639,1.93957351272602
0.456027195190719,2.17271703705571,1.54262967520584
2.98617042685863,2.96979140647261,2.08861746401062
1.34408601907419,2.52451732600308,1.97021430138901
1.75154774850212,2.17381628920366,1.93916797864724
0.120500131171639,2.15294688234626,1.47825717050045
0.375679374768023,2.06321359768172,1.4133042458412
2.19193384595726,0.844309724936466,1.65771438125696
5.10769849177375,2.73917108254357,0.523890903015067
3.15741667354905,3.73496611472245,1.79570670314503
-0.0945872740430857,4.62242183229382,1.94486523262648
-0.253246411730159,4.11769775283133,2.10727460080072
1.88889890437937,0.000483133969840632,1.13175072679678
4.74629016494278,3.26773337190963,0.642283543968544
2.92248986952848,4.21848059418167,1.61200952937309
5.54996347500435,0.956026563352398,0.96490040662425
5.12748704695386,0.244287453339567,1.61078498037391
1.12848147438541,1.11707803094546,0.302800955821304
0.904837195630951,1.70989711287513,1.20223414343342
5.40435059025832,1.7566412753267,0.856092073119608
1.03909212239405,1.26334427653481,0.541333661274826
2.0795861339236,1.43740007300653,1.79017077790279
3.55438019347512,4.64108486372282,0.252774954363556
1.83982872435247,0.880196689774279,1.34458204326842
5.30383999083411,2.4888204227454,0.092042549064415
3.70032080515862,4.29024987070397,0.894419534929687
5.17864346555726,2.74340962013537,0.0354590427157536
3.19205040607065,0.5629764418463,2.09457734105684
2.79283879528958,4.3464743831011,1.58098925913232
0.449005740770702,1.72158814511163,0.931884907190982
0.591678123505994,3.31468789155574,2.11901475282822
4.58374147698918,2.1657746053716,1.66473429159065
2.38494681659305,0.466107722057206,1.72130848770397
1.72935541350913,0.247478039668408,0.861847964811328
4.02327275066938,4.12954485753945,0.63265417783657
2.29558172385565,3.16125040089561,2.13844147251444
1.5861620123257,5.50709265570173,0.735104070188852
3.48343229369219,1.94184388465767,2.12953052791275
5.09323072601067,2.3971300205635,0.969976593554881
1.11878993223266,2.83382997221608,2.04096597501957
3.04552665510857,4.68454432564222,1.04816208827002
2.94988625657038,4.52490091911148,1.32704569894737
4.44592748939229,2.1356957965621,1.76776601008835
3.02117076040612,4.88610944670747,0.696270365255192
0.821621882540935,4.87866429444025,1.75727599744988
2.11283344155914,0.807132887640848,1.58193273284734
2.07136664019566,0.0854904027545151,1.38536644699499
4.93373650854747,0.19853028292831,1.76400255911385
4.1456120364239,0.662190866369262,2.09175549275257
3.26386037762086,3.19896410373511,1.96889938355359
5.17192753051764,2.74405159355695,0.159410884727418
2.13948205672478,1.71444084744528,1.91459350363141
-0.182358300310394,2.94224756355411,2.00599571263079
5.14580422882515,2.11744645860027,1.08838671954027
1.42980825393592,0.647612089510064,-0.117587659087561
4.76624389645993,3.37400719842405,0.300391933804093
3.38339663556436,0.14433246849048,2.12209464433407
1.78231522768965,2.97299996715411,2.1328724422345
1.83022124914475,0.433403066164363,1.11864833048865
2.93511096815482,0.371429611066297,2.01001937365842
-0.212424975777531,2.21503798531541,1.54759139394502
2.20591339032454,1.28162714303093,1.80531921669831
2.02825056345129,5.12146134196357,1.17840014972305
-0.380011414031561,4.73876943813486,1.87824776426726
2.01112976123094,0.0880468297506179,1.31092954853991
0.781999364567415,1.56836672728203,0.874376894845131
5.11715621705146,1.3562101539839,1.45363693716143
1.57414484961641,0.0508575457442809,-0.191465889911255
2.96017522997326,2.92777981257995,2.09949015040727
1.60534228859331,0.63524232833806,0.813431043029899
2.07447692696645,5.28673381220418,0.864101575018779
1.77527576280593,1.68198821071304,1.73274154465577
1.12634098628211,4.51508279129488,1.93051644468889
2.3281147263139,1.60063562634327,1.95478995956271
5.39390262403269,2.08795779301231,0.569130925041726
2.08576302476638,5.07489446229192,1.21075518679259
2.84202445654846,3.63407246397901,1.94950088116436
-0.865783636045017,4.12900317551689,2.08686838370313
5.24776178664744,1.75692412186615,1.13846197239418
2.21660100304657,3.70040886886516,2.06163739950082
1.14832988528013,3.88650921021207,2.12021917060414
4.2366351446731,3.21644813682344,1.42548308200112
-0.0495956668846099,2.12782841537973,1.44828836425634
2.35060795842924,0.169623548596239,1.66410353793856
0.539247520387175,1.96421975178336,1.34128641037649
3.31177213298956,0.925058607153425,2.12946865479938
0.385684413603419,3.12294664604067,2.0709673947282
1.46198286939302,1.60342295589108,1.49241071395658
1.5821469689134,1.47022741664848,1.48192350653705
2.09274362572685,1.59262452468673,1.85359055600436
4.41768865018273,3.781753654858,0.439348581803356
-0.882919271102303,2.79068542745605,1.99790529218156
0.847316741654677,3.55883126318111,2.14644419396517
3.39159422306401,0.215254120575253,2.12390132952486
0.243259328905711,4.72947593626131,1.88824395455618
4.55575894560353,2.79309664390936,1.39734736151963
0.466637337331817,2.45965621496894,1.77372010398924
1.63718889588259,0.0391051799553765,0.548512199704012
1.44564862521022,3.6203126241987,2.13919581516271
1.12672294408556,1.17324714376255,0.505054393019279
0.468707453647301,1.61807535246576,0.702522915762826
5.00956793748445,2.77545443625472,0.745808480515122
2.5005071057315,3.18121854583488,2.12121514935692
3.83173190994743,2.86848204457578,1.85987711932577
2.58735445659384,2.36010965526439,2.13671393995532
3.09526234488986,4.23522449780603,1.50423680271952
1.16605880608553,1.06733997594439,0.248091478792143
1.26779236057269,1.08430434224996,0.653373058403992
3.32098579683212,3.15395471715199,1.96458032712034
3.48765634398786,3.99875502250545,1.44027436539023
4.8733333554354,2.06788909276216,1.45353943397083
0.994155259774729,2.28480685679998,1.76560843080131
1.51788374208004,1.93452962899506,1.74246380017991
4.0798769106217,4.11197411457312,0.536727713648037
3.02893226187435,3.70509848034674,1.86036942753091
-0.108056437926297,2.03068137365806,1.33709785195563
2.13984111532228,1.23762789283796,1.75177469590153
-0.108955657731063,4.13438452421182,2.10522667461833
3.37114586881899,0.993931720719989,2.13791822082386
0.891492578684399,4.07690548989271,2.09737438914541
3.74389914270709,0.312353637707224,2.14671795405335
2.04095306657003,0.430177318055456,1.40022594437854
2.33579023092351,1.69637165315476,1.98159657858014
5.16024453246697,0.248672178794376,1.58115169262544
4.45078027803908,3.7214206713608,0.500450121711076
1.06376734025231,1.38235442217071,0.855670824830789
-0.156661226514058,2.76306594535674,1.92749543528957
4.44037967008307,2.94434812054028,1.41573911478788
1.51949369076818,0.429465661431409,0.232332900317244
5.00327712079158,3.04701837460467,0.106504445871808
2.30306503472318,4.8769939893601,1.33727736240422
5.37228243982906,1.49582950248895,1.06734938573896
0.415158313018503,3.36562060164537,2.12280701963738
2.03446500035321,1.25147458609371,1.68956804987897
0.851284015663192,1.98343486272308,1.48045087529334
1.01202080978778,1.51944072467149,1.02270569458808
2.34709410160906,5.02512722821545,1.11874787358361
3.37927075003418,0.0532332229976236,2.12103790640334
-1.00915577058078,3.31146989407313,2.13234646538204
-0.567936468791005,3.5327897948221,2.1428808045275
5.49080580315426,1.84421437471453,0.537947204442252
3.23260304840272,3.9744682945723,1.61972354060001
0.175152133052265,2.87885312996773,1.98050147065302
3.92182425022812,3.590035561565,1.42818493205355
2.38628518793487,2.33911697804426,2.11467830359999
3.05491440645316,2.16693336722691,2.14691924115869
3.89102031200929,2.7241605818139,1.88052977417641
1.5207180014504,1.19454995805026,1.20110657098415
1.27466345650558,1.56415830497065,1.31700958851592
-0.346224297053993,3.66813092175524,2.14695771677841
1.01023799222645,2.44516663282481,1.86274266360451
1.10952652915805,2.69455236036089,1.99274693155798
-0.134741588167556,2.72974550974343,1.91020891974135
4.44624814005704,2.21148815144398,1.74414198408766
1.56753513125411,1.12861102397212,1.1978017615504
1.41790485150152,0.665885150607177,0.0169334148666547
0.305988113909703,3.09659476256249,2.06106828603379
1.60977882045695,2.32065471079729,1.95436125643322
-0.362251911802899,2.09537050365584,1.44614795597352
1.66682758385402,3.12444631389827,2.14022991741251
2.03375116230496,4.8893522408702,1.45185731295189
2.62133825073211,4.61991440535745,1.43387206804446
2.16371632642904,1.97976982415015,2.00015886136587
1.26769851418624,0.972057928374117,0.363959785553302
3.36954768229518,0.1407317837794,2.11989124653216
-0.405009864016156,3.76735943102537,2.14582759181309
2.4880203734888,2.27474372115942,2.11967721937997
1.87679183854744,0.309201057459322,1.15274908885164
2.67270694469164,0.41358931355642,1.89528229273092
1.367082950052,0.966621140177627,0.672051197657344
4.15438699302913,3.02721839049633,1.6045649648051
-0.310713647320133,2.43268661038286,1.73777328797284
1.9283996406875,2.91342011900329,2.13588033661128
0.986840955774946,4.89671995653356,1.72272243815346
4.04388588609024,4.10710349113536,0.637849621932302
3.59977424667788,2.55955072297635,2.02866792598778
1.62763596829592,0.276888212896113,0.596800825089511
2.04910224046264,4.21712518930861,1.91300537139983
1.5996565835648,0.172125641941307,0.424981429185656
-0.146367966790988,1.93486387227855,1.21083618274811
4.12459545667486,0.621456836997157,2.09783086439689
1.62667252594876,0.670343856829558,0.889625320686747
3.75013453815308,2.72314024685914,1.93960778658732
2.3742008368807,4.79029278496288,1.39435083442383
3.43018249205183,2.14292321274146,2.12149387228232
5.1127983634633,2.85180846546083,0.165195808913708
1.42551872190328,1.0114246218023,0.863913353854238
2.12098495904649,1.97144243430877,1.98529396316035
0.323075117048249,1.83572513640672,1.09047930100091
4.28390171538113,0.878110438886943,2.04339452623123
1.67514574207373,0.582649596384141,0.920180369115682
0.299527361443825,3.99656092217682,2.12690423498
1.3160035682891,1.37503065728551,1.15465544665934
3.80563926877416,4.447206301483,0.178988763547994
1.6737457230959,2.94555374704045,2.12231048211825
1.12010947779934,3.64814220149341,2.1446998269253
5.40103823023986,1.30284697901579,1.10267386330404
1.70370573504814,0.855390145225299,1.15946887051458
3.63797431623103,3.52353123816988,1.66883191119613
0.0123036392885584,3.73056007946663,2.147087976226
1.57475414905315,0.512803652823455,0.6142392804151
0.408483604864658,1.65761847011721,0.764718813053475
0.85880880824879,1.41056394587453,0.598240268653621
2.7096251484674,4.33241684717698,1.63104473746457
1.19292203367478,1.50096162182441,1.1762709065096
1.20930086877744,5.14756997470089,1.46025690300429
2.93204216323641,1.08889167585197,2.06568251782909
2.13572401673309,1.14189605886143,1.71513281228594
-0.0738278451891443,2.20431070324703,1.52844641213109
5.18547743109173,2.62548693674538,0.453619305419842
1.83175603802579,0.335104329533199,1.08745139245177
1.58596092781127,2.58780780814127,2.03715485701296
4.29083717795247,1.40151037778285,1.99241193198562
0.557723746081728,3.62857510549884,2.14673707232759
5.65039759207759,1.06700250118663,0.67982514745554
-0.895508037337821,3.00609860995375,2.0681973363198
1.5253746437763,0.424607330262564,-0.269316782051116
-1.01469589973406,2.46915941642762,1.8762323228734
4.54457655557691,1.48398064586067,1.863180661359
1.68196924666686,0.727274986324093,1.03525376520804
3.67179774038302,0.137461242563125,2.1467975512837
2.70271671562319,1.0037529702786,1.98004540398984
1.69654127629841,5.36927012395561,0.966446343744653
1.69550166784098,4.41828369009724,1.89002183708939
0.0922465478324772,3.38136104458473,2.12149690838456
0.875505675855754,4.60495687990909,1.91359348196057
4.80983852714511,1.50695531044898,1.68814622765845
0.827612552464097,1.49829288201979,0.77633293996372
0.644852151737684,3.32059693799228,2.12149890021805
1.29817562657078,1.67403200809732,1.43726624657481
5.76348856627406,1.01513417451627,0.191074106244481
1.09662104539644,1.21117060601026,0.533955647299557
2.39989193220239,5.23203927870261,0.661795589031484
3.73852772482467,3.35573239571254,1.70112854601279
1.37517987238402,0.782061676332621,0.258295386959966
1.7909440745131,0.501578091721344,1.08352459621424
1.43502700501331,0.856085431862183,0.661909430489793
1.2629451239848,1.49350834516477,1.23325884436444
2.07676344693697,4.44334630088992,1.78645852814948
3.44319050807051,4.65650317513641,0.541766409445232
1.53667351238264,1.98212914676601,1.77678036143333
0.222753289857487,1.95205707055559,1.24572319196222
3.16088951135918,2.40407426869644,2.13163742633452
0.437030990557761,4.22998586131393,2.07841905467926
-1.02090704675998,3.60907390966456,2.14683447100728
0.469000445502408,1.84686467473755,1.15806314151136
3.29623423708149,3.99754574533486,1.5672058349059
5.07723732081435,0.4127957867728,1.64460010104617
2.38982114905831,2.15028350002076,2.08842303147805
3.22134411001044,4.11299197228473,1.5257241924706
1.47006101532534,4.39696161125071,1.93882078287233
3.69526413969834,0.325605543732694,2.14715167468894
1.06512678884082,1.61876329716235,1.20696338368837
1.1179654447912,2.05402296514907,1.64912893303707
-0.377695853588916,2.95990212047619,2.01937238792931
1.38335433073905,0.73735636677358,0.0713430171397364
1.52711784210013,5.31475489775514,1.14523805956122
1.55658646027735,0.184846237435307,0.0690606496707169
1.58620648077262,1.26799884253948,1.33354393167164
1.57480558854206,1.653225474484,1.60138294419763
2.5432549696909,5.22408281777373,0.462746604821333
2.34043274055666,0.661020726604035,1.72274015196244
1.81741340702369,3.15608349411223,2.14596089543629
-0.74463677310789,3.80804136033988,2.14068268111935
-0.172814436564293,4.69007042925516,1.9106262917001
3.04410572160623,1.45539745588332,2.12015541322227
3.05209901859415,0.922597901025721,2.08196394884396
3.38395047686034,3.11843973979729,1.95485795104511
-0.284216620278414,3.40201994863666,2.12613694893064
2.42914143371965,0.698638016580571,1.78991209510332
1.42200740983973,2.50709327947766,1.97971232690372
3.46446190849407,4.70415659148933,0.281242939589266
2.14698162474986,1.74973178522553,1.92855897533778
1.06329363658063,1.18574093689049,0.334721070411571
3.9899392240946,3.90560084966107,1.05562603802436
0.343933680695126,3.16240423256367,2.08007281863607
3.5365318322393,1.16647666967906,2.14713032509844
2.10574766727558,0.220788584920791,1.43602792424318
1.10901062692582,4.2571015708762,2.03474984193634
1.5978944833565,2.09597128346708,1.85694677714766
4.18005218096828,3.63038248041231,1.1345922585843
1.184426743533,1.66685057433907,1.35112224543658
1.27250380055861,0.94457471486295,0.280150601731383
4.1980325376763,2.84358059239146,1.66407826939814
3.99348976210275,0.903787601112873,2.11309718358174
3.72065634703717,2.99364645218932,1.86617796880556
4.11089979926047,0.484422615256514,2.10451693146938
0.332693187527731,1.71123338387157,0.853357270241705
1.3462578772914,0.897209817832975,0.467105319316939
1.91853270162644,1.00549229757298,1.48844610368234
1.58798880473458,0.415463617628055,0.562631160161631
3.97699029310956,4.27693818215249,0.295721396988879
3.20262473991482,1.02048074232724,2.11805752832061
5.69637337304067,1.16034919205428,0.44852652561565
0.623867042157445,1.9639317943859,1.3704402723393
1.32295085947125,1.53339664081088,1.32655490990275
1.94147656242583,1.31335106108678,1.65363045307699
3.74818222337186,1.15820585072652,2.13691225613109
2.13425334520756,4.78988558896999,1.5061506602436
1.72037924902712,3.2520512280348,2.14687819182775
2.50071674349768,1.84775939793018,2.06037540069142
0.56197796122365,4.79818305814509,1.8334839681542
2.3200128423003,5.16448255277795,0.902901894268542
1.95349095508639,0.96893358224205,1.50341132852729
0.784175339608363,1.67627218421436,1.06757984863205
1.12897030222403,5.02771721905983,1.59328627537621
0.350479526752716,2.08828499800038,1.43625082490593
1.78184298130366,0.319795943886704,0.99393055818207
3.55347244041629,3.5801696328953,1.68507447978197
1.6033917710871,0.11436821639848,-0.417862471111685
1.46385992571,0.560992546922809,-0.073562118858127
-0.25015085673506,3.62662895056803,2.14572642312093
3.53515518832692,1.79601401170775,2.13235695770647
-0.220490437642895,4.10827796099101,2.10944960870526
5.28034153737702,2.00575317887084,0.930851709888165
-0.68322865846225,2.3409577133706,1.72765536277319
1.56882961972579,2.52866273278715,2.01642477101788
4.24516646307798,3.94697784426157,0.520991932803979
1.53653938787162,1.67033097568641,1.58907311431855
1.84041362142515,0.968566458063549,1.39313449801407
2.14824239101802,1.34064848268728,1.79297557427899
1.40056867577782,1.52165125225721,1.37938171767575
2.15619832726817,2.35881080004579,2.08379448827097
1.4016608546914,1.70298424819984,1.52852967308761
1.94304725071235,1.45396478284318,1.71888084954344
5.26585622129456,2.42206069070599,0.522525179811053
4.48536122559374,1.5695858014647,1.87931164924583
1.43840754317291,0.626479849630505,-0.103629222233472
0.953859687746842,1.49381023963103,0.917633456109271
1.4951307521646,0.831122856579791,0.773582427065941
-0.399018457952877,3.35166069208911,2.12034681549
1.09108320137379,2.10980272528237,1.67902802155482
-0.00374442406272535,1.96953046302206,1.25244650574879
3.11688597272302,4.73646078312413,0.884647653358907
4.52313032976308,3.72395476433443,0.0888003090246573
1.5561827080525,0.947424595729486,1.01580869418578
1.95203953083864,5.44044710525331,0.583050027729331
1.24587631845785,1.2504953540764,0.902305910169731
2.63314042428033,0.97340446315814,1.94652472491914
1.57114476321025,1.3937798999494,1.4168747834523
4.45623817618984,3.75752997778877,0.367801166662341
4.84582975864219,2.36819356397249,1.33713435852407
4.99619472272,0.363881342431682,1.71202278410059
0.865372616446896,1.38721298978695,0.538365903432625
1.11039305481157,1.55940703709456,1.1717846502164
1.49269497981777,2.16218077264709,1.85215766839059
5.04819116302351,2.01489237452528,1.28274197851057
1.4159152025808,1.76423904221388,1.582303194609
-0.628563823844509,3.09355970647801,2.07370529694949
1.44097748188365,1.92873326568196,1.70430769810037
2.95174249705551,4.9129351017628,0.733729370744032
2.57571070767523,3.04458980936984,2.12955065345679
1.37628722018923,0.778835132343842,0.253051385961606
1.90051531769586,1.53199829189279,1.72948142151389
0.832730102209088,2.66101535251621,1.93754938925754
-0.428247268516701,3.18926048977162,2.08915625361071
4.44273309096136,1.23776611723607,1.95018282990666
1.30813321699705,0.947971445897676,0.456526319786914
3.85681560224692,4.20572991636421,0.799268361298809
1.23984323064433,0.990061935997585,0.294047732839197
1.51251729405379,1.08625980966155,1.08747143506321
1.2876423359235,1.64095336751336,1.40028412689451
0.790972272710496,1.41272212130916,0.472650014315862
2.10874808969315,2.51535016011176,2.10340799647122
1.09057578989523,1.79885719666343,1.42069131036808
2.08866084639829,1.54680213467508,1.83525022099732
2.50533340331992,0.60073577233083,1.82126648702164
1.80875160770033,0.482859417836962,1.10419652235974
-0.72345117947105,3.21414516903656,2.10587434336871
5.53122528983684,1.4262542933007,0.784822678828544
4.24542146900929,3.72314404551049,0.934458780043985
0.697678285603507,1.76104795869292,1.14027457525547
0.523042933827588,1.8346834216628,1.16164471668567
3.09215623551191,0.608030904565647,2.07224747440552
1.45820018027766,2.90134995692714,2.09589092901246
4.66277338664895,0.102307748793176,1.92539691411584
1.58931750519482,2.88765341631316,2.10618654901766
4.27094461416725,0.386973687685524,2.06876735042377
1.19558706781516,1.03074714996458,0.228122728780326
1.885728428396,1.83920815226852,1.85609733490293
2.36489561887343,4.53959097149787,1.62357920657391
2.08953615028241,5.38347287513366,0.601441189802244
4.82318958587928,2.17568390569415,1.45649052769846
2.50226564044569,0.99703067044327,1.88942120149774
2.91493627610851,0.869412175099223,2.03937361971317
2.02754038036049,3.86700559161005,2.04553305677522
2.09369947429798,1.47096971616543,1.81017392934449
2.54333307634371,4.65396677947763,1.44296250766618
4.20606368470726,3.54139221408368,1.19358337832379
2.98776113321438,1.38097261574723,2.10525844143942
0.513557307749274,1.61703431578054,0.736358180483824
-0.334362271493788,2.12679770661487,1.47467150197175
3.65347978062491,4.39422414423309,0.778449039272384
2.49513044706457,4.85737602584255,1.24805239585437
1.50400201440503,1.45909079036138,1.4113876514428
-0.993046429642366,3.04016938807885,2.08439885376914
1.61442409296922,0.780493919237142,0.960432759155388
2.52796328674235,4.26609753002256,1.7491570122111
-0.382653312393802,2.26162066988863,1.61072413055568
1.52660390076953,2.50841962438507,2.00158707118163
1.13840492137425,1.08523138891794,0.165468608910956
5.54817698864284,1.79034058555984,0.362584670209141
5.50931379397518,1.91159600853094,0.352865516787435
1.5316085901189,0.39467378102413,0.255283306354802
1.0951737369129,1.66761345715467,1.28727318853255
4.06307668613977,1.13936679630296,2.08662425624211
-0.454487153283539,3.82726703952675,2.14254771132169
1.50268375582794,1.782630752413,1.64320671438906
3.92230434046936,3.39324447211804,1.5623983644203
3.00438725600417,1.30285488568724,2.10182930813239
1.09637801620015,1.50659694575157,1.08939313509709
1.42871600702046,1.65158854377252,1.50667871571972
3.79788699044541,0.451084519956444,2.14428360870132
1.52013388150078,1.60260637028277,1.53172875748751
2.60918629332925,3.1390910385006,2.11533029011679
3.48104016166263,4.39774465919983,1.00928423727391
2.88178044864737,3.22531528050944,2.05820010029215
5.24778122103628,2.31497795646362,0.721963202740929
5.32175298529571,1.41414789765433,1.1814777371562
5.75899997936198,1.02435949306735,0.220293064644648
3.09324820271467,1.69520324975516,2.13906131417485
-0.170026943260131,4.83935611331655,1.82651168424393
3.1502036443631,3.77539811623623,1.77817287068555
-0.637353274170511,3.37016547383233,2.12833513733924
1.15093631482611,2.05526189246941,1.66317301845325
4.32872363527338,2.15237739379041,1.83144962974179
1.45343101515252,0.64464371010539,0.317235942697477
3.99732610989797,2.38661906242555,1.92947160465334
0.299303375458244,1.93965286339993,1.24274728848491
-0.0569317369033278,2.55509611764619,1.80822798583338
-1.02085279739139,2.37774269547155,1.82825815756888
1.33299525930029,0.886363303586498,0.382661334596577
2.75629319236036,2.04072778779579,2.12828628788206
0.960811722385502,1.72732549655592,1.26218076106371
1.27479007346015,0.910748587363222,0.0352126992748213
1.95018227031389,1.25822542542109,1.63420061670312
2.03112692464553,1.17276922125546,1.6548025335127
0.929976924173027,4.86425148052044,1.75376386726375
2.53951446079454,3.67396660508105,2.01091612071878
1.58296178252876,0.299298277011439,0.43533805678473
4.8354465671257,2.61615007187038,1.19448664104446
0.2037068819562,1.82357655123332,1.03968983012065
4.95308391881323,2.89450883467863,0.718808239779611
1.07407236768504,1.31845555730149,0.747085956472914
0.70044164044426,1.47797074098739,0.540470308268346
2.68602781896291,4.44195720557157,1.5581028098398
1.27070662504317,1.10111388746617,0.693267497862053
0.417538969340356,3.29211828781899,2.11049529427951
2.65313590647693,1.7131675117304,2.07408188220297
1.71865536274496,0.804227082634828,1.14552294419629
2.23624039715041,4.60276402315636,1.6247964522926
2.83482530412361,2.09436933604302,2.13882147299795
3.27292965070459,4.37632509969516,1.24232915932246
5.67086999789831,1.4031844961183,0.283752892892702
5.20000414722267,1.63261280625457,1.26259017862351
2.88212582370456,5.06663561407489,0.367625739695125
1.77433000697215,0.370307083688954,0.998221409578278
3.48632577053614,3.29047940296226,1.85556014262471
2.18608476500704,2.50101819463938,2.11110378182708
5.10836645439191,2.83991225173755,0.261830240207384
-0.402458657290011,3.36776043128978,2.12289706533542
2.81722656712774,1.08975192677607,2.03227475947708
1.01407732772444,1.22241661492947,0.305707442007395
3.37954766567336,4.53636083911278,0.91320552550591
1.34592554510407,0.816452260023103,0.182721633758285
1.4284093824256,1.09752233277372,0.976600651400777
1.35955412899249,1.14195251360914,0.924238004504326
2.36919620005962,0.471636646637643,1.71048973284052
-0.027101103191947,3.50173027218422,2.1366903072698
2.68958536264343,1.11617557154277,1.99192315652888
3.22993247059922,4.38904841737992,1.26375767665416
1.83911608848667,3.276144326566,2.14671492877711
1.88271187675902,3.99743055079619,2.02810286211592
0.306117858689818,1.89605119357198,1.18133632760977
4.18131651907704,2.85225823699221,1.67133311833099
2.35914861943859,3.72843356969648,2.03034521311634
2.49349012398219,3.66821236564058,2.02216539097649
2.04344001526847,0.351018786216429,1.38564994522929
1.70102922250822,0.19903080082516,0.778805606595548
-0.210785040894511,2.3520954771117,1.66800680833662
5.26974429384701,2.4743562407028,0.407297207541772
0.626695465547096,2.52746934080378,1.83824624349347
0.787370538181889,3.5809113591729,2.14663839703575
4.21401792067469,2.14718260739635,1.89159233050487
1.26447051441582,2.13990818936778,1.76133885531713
4.41728468494941,2.79520459230547,1.5227042962963
5.08632460965539,1.84172432336243,1.31685383401113
4.58984393866001,0.607598039851396,1.94181295478344
2.60699779279812,5.04853299302643,0.857844887108626
2.31299086460904,1.27875742415922,1.86119276023573
1.34295382893653,3.22158017743639,2.13551443488798
4.95938549336485,0.102078889835518,1.74802636679918
2.59452256445535,3.82804174652139,1.9443731638164
2.03652900587608,3.99637552708866,2.00364935951925
0.110933345255985,1.88815725624176,1.13579435104092
4.03714230986679,4.20099262307989,0.382420504336552
0.507058196692967,2.88905709070569,2.00033196043415
