20.617781331892,7.07847970394836,7.44638119151619
18.932457467013,10.0285157301569,-0.000551028459042868
14.8853161371405,11.5738183083744,-2.43079033740611
26.8595594332813,5.71166130484018,8.03589626053717
19.7002653485972,7.95305375851362,5.43286171529502
12.8140269708804,10.5468785389877,1.34938311969229
25.3230433916917,6.3950300660783,7.81793050044189
25.6477691929145,7.36251734313567,4.15954165348563
29.0040525385154,4.40293733625312,11.0131863428211
29.9131528913996,7.10172519649081,3.06142007036457
17.8674068390147,9.18209282759025,2.85584658508673
24.6264785981555,9.37677970045849,-0.828644190353888
23.4730413600599,7.50598560993132,4.39494035238153
29.2335140884511,5.90040376194596,6.43983757812678
28.2178223765926,8.14204867708689,0.853105407869984
31.2087547318416,7.4466608918838,1.49695322092451
16.468190678654,10.4615231765812,-0.144371049374223
20.5890222020006,8.86332533503624,2.28617782302536
29.1047743392399,5.6845014021752,6.6835921050572
28.954457429677,6.25850546919979,6.55666818783945
23.6380895298007,9.31248998509592,-0.189921669116011
27.4051955107382,7.49910509272268,3.11838008044818
20.5139854590313,9.68221751637721,0.113158178806521
16.7408725664468,9.00422595417027,3.87563828624526
21.2073179319272,6.96918780017356,7.03137163444597
13.7465654610159,10.9839781454625,-0.875108718770759
22.2917203936351,7.27886093417333,6.10936607122598
16.9726898259289,9.67002299945159,1.60609460811844
12.7008260680409,10.4183513257659,1.76676517270864
26.8151747859111,8.06269686996484,1.82025271467571
21.7594086989866,7.90409154734483,3.9191359255092
17.1237061095274,10.8960913403409,-1.58033596157834
12.1853249177443,10.4138389729295,1.3985307120551
16.8139931561174,9.91303648348181,1.306196221572
29.610874374052,6.60288343943382,4.59360789855301
27.430413765766,5.79172647149004,7.8700153554694
25.4432669728981,6.00327574621437,6.94360119773789
27.0255011408564,8.82393676359011,-0.401254852895159
21.0892844837785,9.48484012013088,0.513825301542388
18.1360509397253,9.15647764397982,2.80245467272952
17.4976292818143,11.3503030645407,-3.0213095391467
28.7659828262406,4.98175742897874,9.49285311860987
22.2602408333692,8.00626582342965,4.09463511560844
14.1067483466537,11.8961494568121,-2.96820416138907
20.0061202613688,7.68992163285936,6.02481591651285
13.6664584256741,11.0304283242188,-1.08545446079896
27.9217867322938,7.35839346536903,3.11938753097891
25.3464476168295,6.65586525276356,5.84095284514117
24.6916331017455,7.55999736554345,4.20965192722882
21.790902040487,6.52980616818179,8.43188760405885
22.3125733522584,7.48131232982118,5.53486242391952
22.7076739960816,8.52117762936119,2.45015206698072
17.9550454826164,9.87246545630705,0.889069353715223
16.5617201788898,10.5462645832591,-0.880606461935969
19.867978158494,9.91697006249671,-0.124145522072237
20.2434084493463,8.8284558023693,2.73817753109193
24.7731194068846,7.79324870233483,3.52104070023804
27.1425594094645,6.31368969593317,5.79783856750666
16.8744047124381,8.36530610281863,5.59607806334493
27.8746807676669,7.77979394405912,2.11709851881809
17.7797896704387,10.2576794421337,-0.10417387637065
28.2918697207916,7.45980997548793,2.86029023881564
22.9299021529207,7.54406073309942,5.07289362384986
26.3170630740614,5.7956486677645,8.37651292108356
29.925823977451,6.5164580369068,4.68834737384242
18.9641237707607,7.59668202688395,6.76921926353693
16.6959981179241,11.7225441497583,-3.68724642934718
27.7667724003155,8.33319792655058,0.623327576310825
28.6502759489073,4.74615580690391,10.2200740981337
16.2570230102283,10.8117850626472,-1.3417423962169
28.971254332317,7.65292458051,1.96140426399737
13.4884847882332,11.4761860020475,-1.50921918925678
22.1672345493411,6.42394653243822,7.89660745778916
18.5690382604016,9.00498847689238,3.02385414756897
30.3903735388444,7.873773993488,0.685715548000069
15.7189991644581,9.74533718219507,1.63968660487797
21.9165189044474,9.57450349817645,-0.120788207476835
13.0135645591054,11.0291017513973,-0.0902858216743644
28.6607387777231,5.92856988411844,6.91643586800299
18.6989532478377,10.6878004841846,-1.73134319323156
15.4130956961836,9.10632076090869,4.20790406814847
21.922952863953,8.83494051585784,1.93950235832736
19.1862282188183,7.62135614116088,6.59715673520251
18.5381601222932,7.98776135978648,5.87613127790084
17.4325573985524,10.3408555494511,-0.459330542569949
24.7063491671997,7.91911422500535,2.29631656441566
27.4750178724764,6.95749662666304,4.89436990971154
15.6114913431832,8.94369391854019,3.92640462293922
24.5251987511007,7.23553106605928,5.19222096186826
16.8901271789229,8.52321858053163,5.14821642334255
27.6942089222286,4.78122385345285,10.5665799207772
25.6785681828041,8.18448208548006,2.00873677809862
14.9247267186413,10.3709685197274,0.386252054884301
16.3566874725567,10.6639529038577,-0.576222126265963
27.9725326036679,6.19178809491318,6.45612476642913
24.2333217057247,8.07133690987929,2.99608811142496
24.4564398053726,8.26033051215285,2.36512530683314
28.7381742312322,4.61282371830775,10.55120107818
16.31010120115,10.3407355442238,0.34716203894012
26.7838267155802,5.38514885010404,9.30481926389894
20.4515001973601,8.92389125814168,2.460924033615
19.7132647670659,7.44146876712216,6.57794185070665
25.7770964318513,6.06367586615627,7.87970770549516
28.0978956985763,8.2458648554414,0.71308245103118
15.0388631204956,11.888634324167,-3.38044686191882
20.5673971096392,7.39959006799967,6.48763016681408
26.6983322509621,7.42799571419181,3.64528683443438
30.0192288181402,5.14491658910097,8.47135196356842
24.5563161498246,6.79132860955492,6.41702370793724
23.4741354813674,8.50672862456388,2.13424282087202
18.4254777707062,10.7091943996165,-1.66392908635677
29.0162698149417,6.3082022032957,5.69207666871871
16.2693727457823,10.4201701736771,0.144479078022531
27.4462774520452,5.26661737150088,9.32762600958859
18.0779707321682,9.62968389998847,1.50926645752004
27.5012368241271,6.30115734392197,6.41585637710437
16.1561281188261,8.90761611224866,4.41693204807767
24.7677687737005,9.13287344808009,-0.213844604576463
17.7675760123115,10.940321230945,-2.00297583415942
16.6911629722872,9.15420499336582,3.48032001928796
29.9771882727765,7.68056026879416,1.41678738593138
19.9578137284125,10.0182578403231,-0.448476645008974
12.9287657151808,10.0266161313226,2.79501949873113
28.4781529108112,6.18361346905569,6.28975718099566
16.4547501857796,11.1905172600737,-2.0908410895712
20.2350316394129,9.38487071486722,1.18974829483811
25.9829639252878,5.36528543158368,9.73244385812124
25.1868128380918,8.81035186486302,0.491192461690009
27.2071430103317,8.32787103461481,0.898281785984361
28.7405570281329,5.66510524658556,7.61437034807889
25.0657410817625,7.15743106042921,5.15888741183283
25.0640871045947,7.41413453020155,3.62941352774663
23.9271532325608,7.51442865130011,4.69208152693046
16.6722029998752,11.4963426148177,-3.57457536350494
30.1500303818907,6.98652224118413,3.04426727145462
29.1474115904426,7.21939070568781,3.08903450120043
13.7241470172921,10.5921860663899,0.890163480566005
31.1478096745308,6.07897017016801,4.94057511496234
19.7870746300523,7.19983890047719,7.04333163419741
27.3302842484751,8.0800838747179,1.91242245923985
19.0933800978032,9.79380571600132,0.250721988160326
26.0342897917366,8.48135192779654,1.0151851383017
27.4390059130406,6.15141962491442,6.86252677165185
23.8611709702592,8.51105473509204,1.94229525743327
21.244775361684,8.68690637952642,1.88034603607697
29.1003690195769,4.46036405974089,10.8082095729729
19.3696088420277,7.86636872642169,5.82837689337715
25.4619556311352,6.67456575344685,6.32187203223746
19.3882611386125,7.61055942982453,6.53338144548716
27.0043157111773,5.80245226948641,7.55358812688162
19.319849668128,8.04354795023924,5.14712585275134
27.3854438239009,4.76605804681355,10.7523918887943
13.9685280299206,11.9053536948326,-2.92964357983879
20.8930713690827,7.32767390184527,5.95770891143957
24.8738926785044,7.43669785542081,4.46893409013796
29.3143883682506,6.13205232242247,6.40527040212633
32.076299706483,6.95634240781386,3.11650734815385
30.5316523056182,6.46325261015051,4.55521904476034
22.0430486827788,9.55447677665492,-0.15361450476584
25.1067812536162,5.69288983083268,9.22568578968536
25.2613241595387,6.39967450715429,7.18202679209789
27.550704186225,5.20495694263896,9.45111699177291
28.445022035842,7.45996918630405,2.74429504081543
21.0474886976268,10.2415378109101,-1.96677841679555
15.6436188142096,9.25073933947663,3.69785800739565
25.7615873158379,8.66794943291114,0.621344289119398
18.0549315739199,10.7119968305871,-1.49953274066019
17.3676820732095,9.84370542430619,1.2422884987577
25.6518124835552,5.12034884196467,10.5696895279872
26.4445492593943,4.68524298370603,10.8572901748068
25.9798046986313,8.46693105609722,-0.327218157645035
19.474892828645,8.44851983052037,4.15532225994829
19.0678646347651,7.9180922039466,5.6023728240058
16.8523183764284,10.9030397664611,-2.01553178209595
27.2423376685866,6.10098640346546,7.09463201967616
28.6102127767701,5.71548669841896,7.02314905061983
22.8678899918906,6.97856923091772,6.67935924008055
14.0761215518168,10.7677626000202,-0.673437584112541
21.2264420933902,9.42550395746161,0.465547780554912
25.585489533086,5.20692292892078,9.4833622605842
24.9297482779312,8.24564405516112,2.18612407639761
16.8613520837634,9.01234184632115,3.79700208095215
26.4683754751103,4.74483493352471,11.2378174487283
19.0883187838002,8.24148454080213,4.88922312490358
18.8659594008896,8.5351364897793,4.19668088768317
22.6466574928021,6.52483840124461,7.7096980759017
12.5142571736125,10.3122609129762,2.59422493829494
30.0104466273674,6.41799215983241,4.92372471433711
23.7708395183725,6.98325868771014,6.24662220050736
16.7009885173361,8.4926940749048,5.32127960102111
32.0894895849721,7.12715871537915,1.97899151433518
18.4919658722526,8.18936663354425,5.3351490026094
15.7744259814294,9.72237407162334,2.35553041706934
29.7621899991834,6.05087117002535,5.51633183820912
25.5880706986747,9.0249599887964,-0.294023488503813
29.6229931416945,8.04242408492325,0.571851667293588
23.4472707942049,7.04615033484731,5.20365269374042
17.5493050894471,8.2512365424484,4.74220329167431
22.8563850065269,7.49245983923481,5.25102091583899
24.0556638459482,8.446660886485,2.19746117740101
27.1246743590385,5.26740443739648,9.47489819440723
23.0341491731667,8.38937116060172,2.66614196992592
16.6099432591508,11.0844590515174,-1.86708042264241
13.3921356871095,10.7400126476052,0.589384144492003
27.599296939074,5.48500253944087,8.64724368178771
25.2756630085858,7.9297584747509,2.90663512110023
25.949389656986,7.55799717343421,3.22559741608056
14.9510172319796,9.22803518574064,4.08309247795171
17.9502197215896,8.40785545218206,4.97737621692942
17.6823623990664,8.35850346415272,5.2395507478967
21.3552172551216,8.88324258578039,2.06860644924061
16.5720491070165,8.70104564810751,4.79993263518127
24.8937867340057,5.42506039401428,10.009436960164
27.52894442805,4.7506946453147,10.7285604791702
27.5528191286484,5.84818874293029,7.51903151247909
14.264109240943,11.6829300717268,-3.31043683561317
23.4793223945154,8.3570315380685,2.98118676059562
25.5607880870874,6.1882894459959,7.63258394337062
18.5596212236435,8.84675542128278,3.46967965019438
26.9548487263144,5.99059178450399,7.14510318535595
13.5218810395805,10.9478479106289,-0.0507485059809536
28.4471849924305,6.3332489534507,5.88668701950333
21.6041211471289,9.39598083177042,0.522455641837579
27.9954883760468,4.2134797415445,11.6776170423363
15.3173674655449,11.9021054951943,-3.54746706240007
22.8689088785437,8.2390433559271,3.16233318120548
20.0830347462638,7.84893961064995,5.54543052786097
15.5117917457617,9.26305437115294,3.72476857402511
21.1116771848562,8.2980321436126,3.81445200773419
30.7047402238119,5.9911124471999,5.79198211416494
28.7131269228008,7.15690943537888,3.46518659375941
28.9057444335506,6.53029718782309,4.46393691766432
23.2375979294327,8.60696822845318,1.96452086868389
17.3871819980312,8.74532845859451,4.29754907594632
26.1241450820953,6.47724894746939,6.50521723286336
21.469066114912,9.98477849380008,-0.37988563923678
13.9589167655979,11.4416228044147,-2.69852388770853
23.6847703922847,7.2488970505802,5.54552847230929
17.1746826846469,10.4597055142521,-0.386570293056414
23.3513639818248,8.33068568126936,2.6824380321383
18.0880320155924,10.8232228555168,-2.64440590685211
12.3329803924862,10.5872603624869,1.50779453813352
29.2550137669199,5.80790071765215,6.43448713972213
19.0238580687405,8.60337578717716,3.93291761025465
25.9324505440452,5.81549021479104,8.49990989253414
21.3296480596219,10.143538646201,-1.54919845554764
21.0429410903473,9.74191260148467,-0.18183367370283
13.9734394303668,10.8527555210711,0.00468050314807655
29.2335304057564,7.68428547728039,1.75201638388382
14.4009871893973,10.3079245519379,1.3259785524757
13.2199952359864,11.0465143300063,-0.185710285541463
14.1383079679067,9.51041927535837,3.67299311486894
19.4694080452985,10.4018136077778,-1.48723050778111
20.3240529025789,8.51701703718755,3.77058095799868
26.6347043979119,6.56750743128648,6.07550452328361
23.5479254851185,8.69742306845333,1.55502859824388
17.0747217483705,9.90323529013078,1.21236421810339
18.4116330274798,9.20102616441411,2.96371046238742
29.8721650412699,7.54830747368177,1.83456532906737
17.2335941205498,10.4404246341681,-0.360158873528746
18.5000809806699,10.4781160986295,-1.05392437196996
28.7054724539845,8.03616047921162,1.01575245074719
26.3213084296911,8.92798978161995,-0.364268683324612
18.4840738284291,10.2802109450338,-1.3147229225901
28.5831808188115,4.58422396472045,10.7030251394237
26.2295881387604,5.70116656951318,8.68075999080804
29.8574277278026,7.78391774447798,0.652657239291965
21.3949968835777,8.12060856780982,3.94849333035246
26.1508079233132,6.73445893309768,6.0056754617938
17.2348398363939,11.1531210302344,-2.69955706045074
29.5877389560619,6.94228780439134,2.95304363046588
19.5121400237568,7.50949992004101,6.84004115724671
24.4704847090562,5.34629533126627,9.4853130604302
28.8800220041505,5.91276112204525,6.85862628422602
27.5781550884741,8.49355895087316,0.263603611493766
19.2884115306889,9.54879574356533,1.1723700036176
23.6930646318469,7.61943241516946,4.50793003944324
27.7793082978831,4.72602115778804,10.6810372672176
29.5591698611659,5.85188941460188,6.71280991788018
25.7987285289345,7.38899944972558,4.17218023929429
13.4171647817115,11.2046558528067,-0.994193477442077
13.0432395017762,9.90572415272369,3.079089042729
11.9858968337307,10.543139668399,1.7921955869517
14.0160956707134,10.5361208133209,0.868223681607973
19.3606852916595,10.3687587608457,-1.1488059341417
21.6193031586158,8.50781749513031,2.99325538313582
18.6793354263859,7.78404690960283,6.24901022077844
30.1059284254309,5.90719723031553,6.30439751767034
14.8227341097096,12.2192452700262,-4.20235879263375
14.2535911143204,9.66878535433048,3.177594247882
25.1657526735205,7.49117464842686,3.7082989743975
28.9066406114892,7.55345844880728,2.26893115424777
26.3188886171371,6.74130166991344,5.73742036247572
27.5921924179837,6.96869100421359,4.51125519904601
28.8395131359961,6.97073871312488,3.92583860385078
17.6344354201849,9.31257483887468,1.62949244912595
27.9469200593025,4.98415188398235,9.86890183239202
23.6274611164287,6.51337048201663,7.62418324334788
18.7373336724632,9.36381079008867,1.88679665261809
29.1530247001264,6.0138294653187,6.44977874928779
15.6193855224925,10.6861589470074,-0.520464265078799
20.3146493016887,7.89071765984761,5.32123042201868
23.5852304929686,6.85249041482286,6.69771151531964
23.8872900522765,8.3219746388793,2.45766409828137
19.3461676364827,10.4470327373972,-1.3604325404756
30.8631808737089,6.956001838947,3.02643431750385
14.1807645568865,10.9889693130303,-0.471693831718282
20.9687029226283,8.52052338260225,3.26018011095687
22.5498716945,9.35169554986375,-0.469100093170429
14.5437856589279,11.3640781330003,-1.68691415577179
28.7060502861874,4.49117220127543,10.9055222745026
14.7057959985406,9.42971186122402,3.28002352102178
18.2933508054544,11.001778276745,-2.41879135513883
25.8069794520772,8.84649032434308,0.102142910066336
20.2864909280876,7.13332357233516,7.44734446701969
13.7000750257302,9.9196656572833,2.34853284696566
21.508532043444,8.02033176016473,4.40475661914385
16.7146844280878,10.2531064471917,0.403601609196661
30.5759318913925,6.2565012829034,5.11144797187786
16.0542707830936,9.76891689769211,2.06135834886474
17.9191872901192,10.4562829464797,-0.723037147189617
26.2113731462201,8.93949683455674,-0.345278373375629
22.8664654301899,7.63974551882706,4.83542879818022
22.4248702547397,6.85631709228771,7.22632368417517
15.4733025608885,10.6690914091647,-0.179996607710251
23.5425837467396,6.06543387653762,8.91331339495217
22.3279623754386,10.1060946797519,-1.79507792091237
30.0985547580746,6.50734791519576,4.4545308011145
27.4097491470982,8.38406687597745,0.642391970459959
18.3390141957146,9.34266082097225,2.18869972376212
16.1466542697336,8.74022063296684,4.6360144999936
25.3213633641875,6.64536619783673,6.46867639541806
29.2649700868821,5.30183851321736,7.50887868921081
25.9388791002264,8.36487800751405,0.642687690464598
26.6700278917345,7.31990630496932,3.95999639457114
21.4111427316708,7.1275228168864,6.94083553213403
15.2134221917364,11.6365536749225,-2.75830383817154
27.4569256663451,5.27590384674186,8.76045074755668
18.8758465701132,9.24038078308364,2.22454943332748
25.2290261064339,8.37915621456622,1.78564355013799
28.0826147119755,6.88623275583892,4.85329250785994
28.2788487100262,6.30364977224325,6.04750057020515
19.6426864457522,8.76033621833662,3.20741303831436
30.9621246675991,6.91198873086827,3.10323990568739
18.7091584294572,10.4478687750801,-1.06670909091302
17.5606348876287,9.6207468150954,1.7746363039818
25.7687387811394,5.05061942983325,10.7098825964573
18.3899804276103,8.92889989351755,3.31934978876937
29.4130678060789,6.82538956835878,3.61147633059101
25.3026125033759,6.87319292048135,5.84178525289138
20.6143520278937,7.17354607472426,7.18275266081665
12.3356865721958,10.3834272317647,2.0752037136289
30.9423012285482,7.3422957825672,1.91195449026584
14.6931163009719,12.0109378979918,-3.56096829892356
28.1297713036671,5.27200045181963,8.99494789531501
28.1547948513804,5.71873043141013,7.73700168062269
12.0954636846232,10.3204511707892,2.36254420999241
26.7393851704166,4.63720479785499,10.9066627362478
24.7785865046993,7.12789169786645,5.37475597073247
27.1388834887329,5.54908606998532,8.68244067037562
15.6196927686893,11.6913688695878,-3.10004880931314
28.4653616952019,5.35081307308645,8.12544183895065
18.5891002910062,9.84377922653423,0.674417261504161
25.8495640586358,5.04353481000828,10.6920834383226
18.6801039306364,8.96471931965363,3.08458086530124
24.4563162824086,8.3952107097457,1.98888518595168
26.5667035258944,7.4424485310922,2.93340889866404
17.9066940128449,9.45844333205433,1.9626136105548
27.0402501740054,6.07065564380769,7.27317276138251
22.2517001216257,9.9268612689424,-1.25959733557917
22.4184985076675,9.31344807085427,0.374221534088159
17.8129138136721,8.23017165579528,5.53690418648116
18.0266034980781,11.0977066072061,-2.56244517549823
23.3367853817609,7.28873748293682,5.5961082792726
27.5773014199476,5.30206373098549,9.16784086241942
24.8445390922623,6.69719533210918,6.54568857417973
25.702640326801,9.07355722473382,-0.482850498734441
30.1775838235911,5.79884605635601,6.57338015039189
18.5717535881614,8.14251744273559,5.42876984170816
23.9222291436186,6.70881802879888,6.94191484334967
27.3972119370171,4.59575525994156,11.2220443180005
13.9439118737876,11.8346457148288,-3.00727454705879
13.515895016896,10.0566006092897,2.43849311856307
24.7351363418233,7.1357610496408,5.3729954048244
28.3483874945459,6.72165390536498,4.84900672106422
24.1581678108556,7.79929432352787,3.78997863823488
23.7765400070461,5.93950406371047,9.15590723839617
24.8534807212835,8.1522482713036,2.48213174352011
23.0913273059553,9.44268848278273,-0.0994358314581572
15.3961809556608,9.04093539840319,4.70810015399639
29.1862827385281,7.83091122285169,0.72735423560221
13.517842323299,10.147171797222,2.18490671162576
15.8074919663617,8.96124789059612,4.42933848710168
22.9251476022575,7.58420690467958,4.51093416507444
26.5082875128031,6.38246078369168,6.65051307960561
22.048241577113,10.0002569090119,-1.36980202788752
30.6376662112542,7.20229945094141,2.44410726560303
28.75707931571,5.52841891542888,7.988027861075
25.4087718189372,8.08467023785007,2.41258868763381
28.2074410879355,4.37138609025593,11.4714425475158
26.1825604014976,6.00319166390068,6.97517935120475
25.7948629921512,7.22641425333807,4.26755408431706
16.1117617115104,11.1650338132023,-2.07755692289388
22.9684139928065,8.01566659494316,3.73927825062268
21.949425237947,10.003998986737,-1.33431611765179
15.8604473705855,10.6412001621373,-0.282112903900311
29.4023285109377,5.64597205174316,7.36018499990977
31.09760007634,6.84322508831886,3.23211773765888
29.1056860592606,6.83429980655205,4.10992108829331
27.3321651823359,4.56532769450342,11.3371641917687
14.9920289739284,11.4484166578341,-2.13053244520693
21.812577494266,6.65845358525743,7.41491084608561
21.5293716380521,7.72960004984657,5.21237911297194
29.2044345838101,5.9179290287547,6.69343479560565
27.3197108407583,8.77800925475368,-0.116635385556599
17.084900363369,8.77225170923618,4.36292501096565
29.9208824401834,6.11808809335921,5.80204232242595
21.3728843322119,9.88818535088588,-0.743259036604424
28.1834179239888,8.49483796684919,-0.0212661341965532
29.6875539519267,7.46045302862955,2.16546706181521
24.2698661845522,6.67355328102826,6.87873121661884
19.4228122115013,8.41116304327295,3.69443918746103
27.5897369937155,8.02131296757554,0.948748171249311
14.6787645065372,11.5503080836645,-2.26920321853503
29.8499886370844,7.09228401478781,3.11711585937721
22.4403606701396,8.4769563241682,2.43226511048679
19.5085786605048,10.1968121862672,-0.737833022613387
18.9952544315855,8.59664593344189,3.96498679616562
30.2398603271379,6.4013639045387,4.86349317536984
18.7074078015085,9.80844187362035,-0.0427180011126559
14.7140006272595,10.0979735799363,1.76623752933273
26.1552281581118,5.00961669573175,10.6446501962564
24.1659098425199,8.32729180171335,2.31333882485895
13.2784362475435,10.3242320619082,1.80219866689069
29.5051037769123,7.96775931941378,0.834946441485868
28.5451830256549,6.59649249506198,4.63522150156289
26.1890602965333,6.32050403522059,6.97172781943538
24.4677764370872,5.79132282662872,9.24805438906447
16.0831140231945,11.5465342483832,-3.76413873058881
27.8458418099555,8.52638520457386,0.0476129351205117
25.750772303005,6.8599591895685,5.06276163008479
19.6331632871031,8.78435192255551,2.57268631484818
23.7691624077878,6.8277748663431,6.68118050920769
32.6210800974685,7.16350230939836,1.77745298017584
28.9758666714834,6.38883817666681,5.02492305120168
29.5873674671552,6.88315977717418,3.2583451830928
19.3207177462726,10.0821821217441,-0.330720542883293
23.5265094745013,9.25733412897031,0.0158135739476357
13.6478389392179,11.5780169789508,-1.86737516351467
22.9031725621427,8.31532449995797,2.93359473298263
27.5688240459231,7.89231575684233,1.94532758417842
27.9779152985353,8.28709969935925,0.653804800511279
31.0965756950975,6.79889510995704,3.10995343094372
18.3204001868647,10.5524532202247,-0.904924180841808
24.0146501763564,7.40192416151468,4.96528884581918
26.6089882734246,5.82953894975491,8.14628869423287
21.3685870945341,7.33482203130828,6.38227685284819
25.6989353560216,6.67669756057131,6.2057860738714
14.0868984710346,11.6611391800112,-2.36684126980609
18.430175827033,10.7386086182325,-1.74817424735279
15.4314887975162,10.7256036382184,-0.318224761403632
12.6580781751207,10.4681031473646,1.68913488903933
14.2152234131783,11.4705463069072,-2.02939013035241
23.6395142130007,8.97645598783955,-0.00808097665113709
17.3096074652929,10.951034433552,-2.11056386090843
23.2467123865769,9.06490095112109,0.682714410280863
21.6167871767282,8.01376453316385,3.48714046560244
18.5712830700759,11.1920597345382,-3.07882248944377
28.9086631701317,5.18573868015444,8.87360943318421
27.6913385658028,6.5809718193863,5.54686026169736
30.4886995945552,7.77646714995078,0.911490557759863
19.7121788505781,10.0550188917668,-0.0034872633499179
31.2031588243804,6.92970401780193,2.11096445251825
25.9253625821429,5.28025585689486,9.9964356376876
15.2288755351409,10.9346181362567,-1.03879666716805
23.8603683357519,7.66696245196822,4.29757172439921
25.3626032143403,8.76233613318583,0.716338822108914
29.5927792965453,4.93569172568702,9.25325740009194
30.2598706604786,6.59499123603041,4.31399909279252
12.177404258713,10.3621141063745,1.57062618513982
20.3611352587399,7.18731276296342,7.24110385934287
17.3885233060196,9.80994661092877,1.32678487291524
25.0814801838232,7.57968926958072,4.33997917934866
19.9758381894197,9.72937465708501,-0.170420992147016
26.0039107746663,8.53163483405915,1.0313306614078
29.8527341635351,5.28421896099419,8.2976918824803
27.1566745647114,5.93692757785847,7.26336987264989
21.150446635805,6.79857208085888,7.97972455105382
28.8937226093207,6.98096254660054,3.87212113886784
18.7339715811897,8.18924742076339,5.65616832709685
26.7295640581513,4.9639465010841,10.5051359829039
25.9856763390851,6.19040759639726,7.4292038709545
16.2505217270297,11.0879396195943,-1.70974627797318
17.0548854597636,8.349414494451,4.00796547383672
29.1069139209825,7.1666845912048,3.2548991041173
26.9768638412007,5.56342862207392,8.71772700750394
24.8311565911879,7.42727087068433,3.80098975358099
23.7137846859453,9.04730119620329,0.514739206267569
22.2349237163227,8.51726609182138,2.23241308324877
22.6855288563347,8.60623915737322,2.22313405258734
28.0161946804517,6.22389562705072,6.11372519189905
26.7950481741582,5.21497771389172,9.77435846826954
18.6338878580097,11.1834141391827,-3.08379859679952
22.4448736036117,8.2517861424291,3.53498253976062
27.4387525108114,6.24603016298677,7.39695378656816
26.4350053694101,7.59735710687034,3.29517501677913
30.1195142045404,6.53055363614284,4.55900324360419
28.122969092821,6.83341302292712,3.89041791065112
21.0197712773791,10.3638794512388,-1.90626877492496
22.0828406646166,9.54064037290937,-0.103614228992235
24.8267729106541,6.75446487627717,6.39417127905671
30.7590403317077,7.67969400576645,1.05583121477025
23.1166655595108,8.30515943366144,2.86273106259313
23.4569202955187,7.0128371672665,6.30999908160659
15.7525350283105,11.364328700218,-2.24939057976534
14.9569324408691,11.0374555158647,-0.967694942709464
25.5619880759868,5.9750884582326,8.22682819045497
27.9266498309371,5.84332817985174,6.77242927597997
26.007172578511,5.99968486449179,7.610531379735
17.7921463582366,10.1477621207621,0.522682595874905
28.3530671848176,7.23939182330136,3.4024129460416
17.2471718061285,9.19215648868,3.1160302604218
28.2245233362626,4.11415072987574,12.1811553192762
24.5386162746581,6.77757354404842,6.46362466203473
27.1177786034943,4.96509271174356,9.73974820223836
21.2129719772509,7.34657222269802,6.42181896182752
13.6744270677505,9.72245494646151,3.29703514841461
23.078956655181,7.88115970012946,4.06315859761984
19.916316707296,9.95938078608279,-0.683417866670197
17.5735765396614,8.72729818996658,4.26122251377519
25.5293936480139,6.46097906881547,6.88640758938438
17.8344356165721,8.61075097961435,4.4651368326822
20.3048150913024,7.64604092493159,6.0084159968654
18.5263355580096,8.70025503692786,3.89386574964611
24.6408090457014,6.16247058945636,7.88057462404357
23.7860204825708,7.3719150239802,3.74064494557355
18.1800804851344,8.09069900399374,5.75536995855018
17.988191259511,9.8692554521479,0.882620027303567
28.4950391936809,7.83078162002599,1.68653251288484
18.142574679354,10.6026883229691,-1.23530971021403
26.1432365943476,8.48983238383055,0.940891784147354
15.7264108701122,11.9543445926388,-3.88331376743027
16.6225409154319,10.2412940584976,0.479381121943158
14.22214447322,10.5526451360061,0.540986060983928
15.9493667673882,10.4260494906631,-0.0452208758566773
25.7351556257828,8.52849778749958,1.02267991106177
30.0480677484394,7.87359099945225,0.845315837805034
20.1800420904056,8.09317079352527,4.81897346816266
15.8368419777186,8.82143972836622,4.80574368455397
13.3017654903799,10.8597306928764,0.297387351031347
17.1335408726612,8.73825540482238,4.43516398386786
19.8454878741133,7.35019410422788,7.04726520292701
13.7789420032165,11.4913111976215,-1.68640910089278
23.4054278015725,8.41709590593061,2.41623852217252
22.2924431544161,6.30838693612459,8.60437613364765
25.4020858580721,7.88319372340791,2.97778830570707
30.319601749161,7.78533279077231,0.965346394896812
22.8444153419697,8.16531711404908,3.37940303198549
32.2667189339767,7.31733109232292,1.36606730614634
28.6157748794322,7.80815211980011,1.69355274206523
25.9798202144286,8.97688852701667,0.327517197518752
15.7467382784219,9.18560706261071,3.83164254220177
21.7545193640034,8.15909672242035,3.90329625390205
18.8342852733278,7.79320222337434,6.2812980993323
21.4185021292732,10.0437940175271,-1.59174637044085
15.4424772864324,11.848750346281,-3.45675934383209
22.8879331383235,7.92664302156779,4.02504621005482
24.9077377620028,6.11396810368374,7.25722941902793
17.4346423746825,8.70273417495627,4.39432372680749
24.3044968145725,6.2778581739639,7.90354568711274
15.5568084798227,9.48724846290675,3.07837540531631
14.6575068205825,9.72757736750398,2.82584893815024
17.8810791364145,10.9799536079915,-2.1662964316701
24.5836604910521,6.33986250879413,7.78429592453364
11.8168452506432,10.3819548079377,2.32044784844714
25.9644541447746,7.15775425438412,4.74030059102719
12.7099342735461,10.1803493897421,1.9521023187965
13.7589905149385,10.406790303012,1.34853031655488
18.6611076206814,7.90717111397161,6.04382619668087
20.1229856343266,7.3428414990301,6.93880834442569
30.6278307023812,7.80210221271045,0.77530973520498
29.3092610185698,6.12562814897919,6.06526326110901
25.9429831245101,6.43101534337302,6.86433615995435
20.4717411660093,7.02340737559081,6.75126493989693
27.6747388341399,4.39793811732671,11.6449442459739
21.4462020884565,9.88848848950115,-0.778179853239767
19.7907323396969,7.4497609649847,6.79493525035327
20.7997814577075,7.30599247711761,6.72706506009403
29.7246315944988,5.77469873495563,6.2876985089181
27.1577324218832,8.49836931527368,-0.135051525412717
16.4720668499558,10.9968536953348,-1.46757371212736
22.2707992983964,9.23877101519458,0.651204995255777
27.6190473486899,8.40703251861646,0.485995614340059
16.021985675305,10.24017593785,0.761614093194313
23.0975501104437,6.64932312048029,7.49117475769726
15.9675555370572,10.2706445443423,0.70190770416183
31.8852654809164,6.67125614252842,3.34581313006927
14.9982684788236,11.7973880278031,-3.10701528950791
27.0796386892194,6.73030737591374,5.4145273717266
24.9776408798339,5.65864001631084,9.38125732038496
17.4887106343485,9.23389813792022,2.88731930857833
24.0853537543045,8.61900110895263,1.53694844898422
14.9325827756711,10.8818591367185,-0.522285334941541
24.6150613857308,8.42827758441413,1.82285482757158
14.9131838810306,9.65504038688075,2.73293776722712
25.1291635281205,9.17117145366401,-0.488652398773869
26.3297157967817,6.01155556011388,7.76828139076207
18.8404421580405,8.37909477289195,4.54793072103763
23.3579840792259,6.58564127081475,7.54779943517221
14.8153839396322,11.4160555486697,-1.95815191985264
27.8045245433471,7.62592351861264,2.57898196815437
28.7625223160765,7.24454502439191,3.41292006477602
25.2598588232868,8.65824988208864,0.881587652281507
16.6703190171867,9.06314453636152,3.74405381194027
20.1419577716039,8.44259901175382,3.86181598324332
29.0709487603663,5.65262852386315,7.46536343778572
15.2671706075539,9.96591444632001,1.87757384045009
25.8051624471363,6.92114676735991,5.4744357947936
29.7867084002204,6.77480140188973,3.2662246132504
27.9192940368143,6.94279463366881,4.31999702223032
27.5623632038021,4.76747592512914,10.6662112925163
20.2962857468397,7.65359525377994,5.06467026576104
16.8091558362782,11.2500447305708,-2.42162797256712
15.564379761772,9.37074267402134,3.39989199382189
17.4844147600951,8.75002183328779,4.23926537507943
25.5944495366835,9.24241308771272,-0.903652880694935
24.758672548512,6.04694474760617,8.08261984088685
28.2731370473162,5.00476085834834,9.67387971112028
30.247870371966,7.74193393772363,0.989897159765225
24.1476438343066,6.3484055443346,7.84265343561067
27.1718986263976,4.56453243105754,11.4138682237325
14.0032099584975,10.1224949448382,2.02817272802155
30.8082757438167,5.78633679317777,5.88220110867635
19.8725388456212,7.54529455838164,6.49038910586073
24.2965503545176,5.91504249585441,8.20638989936259
22.2200673979387,8.2038152933206,3.5621697562679
21.3194919831506,8.26649841447543,3.29812580626535
32.0665763046455,6.77682545842011,2.96702312967984
30.2047561746217,7.78987972042161,1.00603661141241
20.8873518913267,10.560061396841,-2.39204677314932
29.8607425139499,6.11850159022541,5.82883930530913
15.2304654884608,8.93190431102578,3.80456348365568
27.9275074140795,6.23053144219993,5.9419383831314
22.8869144999905,7.55164695157998,5.07170800583406
17.1238095898422,11.360651628956,-2.87644449933314
14.812280361222,10.2806458905995,1.21093005180002
18.323618907509,10.9373243349239,-2.59927592638981
26.6916351092077,7.74290703520608,2.76983935068281
24.7386622529373,7.01240466897721,5.71550434215783
23.4585951278501,8.74044099103838,1.4894394144325
12.5525983451478,10.7246913736047,1.0223111223628
21.9437978124055,9.02093099085078,1.41092617862024
26.6332325668623,6.7383701881395,5.59950456178905
25.795954162839,8.21773916872868,1.71406548737535
17.4959503863605,9.72905178353208,0.737122788352568
21.9089337124064,8.62953774003505,2.51906388297068
29.9441637071875,6.27257722319817,5.3602183385156
31.2297283373788,7.00895793876814,2.70833765168914
28.9735913853011,6.07727824882511,6.35615849675654
28.668770189767,5.88365190495484,7.03801828902581
31.4386781311548,7.19034220971884,2.10518870381801
18.723601196615,10.6165197535677,-1.07502255541494
26.9435348719826,6.54183491787298,5.43880101922458
18.1791288138875,9.99035582141727,0.456026374678077
19.1005286814317,7.75092342292417,6.27551117069226
30.5514353172108,7.44268847615234,1.81353096149661
14.1175473922549,10.2877916195828,1.51387796378134
14.6399810412073,11.0601950105911,-0.883828985833317
28.8553626919314,7.23219202473449,3.1890529593892
15.8778058798357,8.83007538034459,4.76261303230706
18.3396885766241,8.64134136205151,4.14497284295963
25.3645739145684,6.81181257515556,5.98423098887456
19.354669801093,9.51813417318984,0.489345796692141
29.8617312738201,6.5139359492481,4.72517133057336
23.9226522478412,6.48571805383089,7.56413699169867
20.5222941272409,9.45631221859719,0.856928270434765
30.0729523375339,5.37431879758994,7.80638229429125
12.8737994237441,10.8956431563236,0.396097591280494
24.7914701721079,7.94659273542278,3.08470287756704
21.7682553273035,7.74209450289482,4.73586110738283
24.7515925240861,8.47278396480274,1.63523393799853
15.0705819839528,10.2743216058025,1.1085258995716
12.0827818342081,10.248612223783,2.5688591733817
25.2878506445545,8.7162759921768,0.685782151102196
24.0569856354396,9.50158445422321,-0.912155505678864
23.8559545077589,9.57605968217975,-1.02650026661804
21.116901116522,10.5048108598503,-2.34459035064003
17.1236137387414,8.84823852704776,4.13293965799683
12.9981023591671,11.1050470274972,-0.245881850688246
23.1009675646726,7.62310679678063,4.65305604379787
27.3506176312243,7.78016967369201,2.35961344161169
14.4180193124022,11.1127292590901,-0.927233689075056
29.7038295558704,5.38711368823897,7.94223948218434
23.6124705025469,8.66670495711016,1.62363799335818
21.7867210581303,9.65141488548769,-0.40364113538588
29.634062592608,7.09646118005019,3.20581574570002
31.1125170833165,7.46750462186324,2.06247821462679
28.9990821721428,7.46559020350607,2.47110862320364
14.7065852283112,9.26766248911689,4.08613967460478
29.1099017393492,6.2287586421453,5.87019717455562
29.2050940694285,4.63264064399833,10.2789092478978
23.6791715566798,7.49143815458745,4.87147366910171
28.6518375580474,5.11364727965818,9.19409676411274
23.3541409469054,6.2235782769376,8.55969240536014
19.7611921776376,7.78012280379719,5.88699941283657
25.2302272431077,5.92933849744327,8.50865329562527
18.369426459554,11.0585841825314,-2.61262901716951
29.9038792493674,7.42375074647105,2.16732230108883
12.4730844007225,10.6163299147477,1.04590157466867
26.0663227865783,5.36962955469382,9.68158254484502
17.3696922669679,9.33514727741541,2.04700564134418
24.601700505215,9.08016611978872,0.0103834743308191
24.1427748317053,6.38749463550985,7.52971019107579
16.2346833257624,11.8242386189182,-4.1108926303463
27.0322950943101,7.07163827608877,4.48426364389406
14.9038599597168,12.1058202424854,-4.37844323033267
13.7350651117222,11.4436942568334,-1.53317208056186
27.8854737635448,8.52962756014035,0.0201478865582736
31.4805568387978,6.2853885858084,4.61042354345007
23.6701638842834,6.60476171487573,7.34936754668325
25.1708629880439,6.83861677573982,5.99947982332533
28.9647230030574,4.81669305632747,9.26009653361677
25.0769145318602,8.32779013281038,1.88855074881693
20.2494777780704,7.75986958273217,5.71656794432183
21.5517192552309,6.9181286738094,7.45968267177531
15.5621883271647,11.4541216020414,-2.41143526681408
14.1592658918857,11.7529640504001,-2.59314423315544
25.0967693652986,5.51582500255068,9.72432585667011
21.334932391733,10.0151027054885,-1.16066807591262
30.3465391954915,6.63833474621437,4.1527965570264
23.8387538026526,6.76320189724661,6.82898712918049
18.2932851529108,8.72898394479826,3.98059338026969
28.3999959131114,4.20209768844371,11.8542426939634
29.379655601077,7.0840170482111,3.84105583326433
28.2801842331664,4.87096730900611,10.0438703942455
15.2959142923514,10.9859611129844,-0.981577445448579
24.0929293294454,9.50494396668297,-0.938233253616843
23.7292923118929,6.56091006129167,7.84834782556864
19.7013298717262,9.73194757565492,0.435483181220829
28.1665294378787,4.64636255027101,10.6597014217524
28.9526069862831,8.11024560455022,0.694206915226867
14.7744038098839,10.4681280774049,0.662554097434301
30.8901914366938,5.94672337653734,5.82963146936656
16.8860673694634,10.1200934976222,0.695037972129779
26.5069467357338,5.12143494726713,10.1692279403226
25.600806913139,5.95792646673249,8.2566664169684
25.023797132376,7.31240729445635,4.73974176178209
29.2586922624204,4.94974848738872,9.36495937927307
18.8933316209805,10.3788459499039,-0.959740916406814
22.6908090694317,6.23699647651296,8.83054702600214
22.2213822835525,9.74627537431482,-0.741696592459082
15.2685393745578,11.7784020114894,-4.08112198430788
22.1416004335528,6.40803490939835,8.6086226647143
16.0181037540046,9.94013208967517,1.60050005303576
24.4637736841028,8.70429533772006,1.12311493449161
24.9504052749745,5.27034339103158,10.4415584850425
16.4001201184306,10.2931601784261,0.0717480206237278
19.229757783781,9.97714146610731,0.00460317391952536
25.7367636848524,6.72591834502865,6.05088567145009
30.4981564928015,7.10195546571571,3.36563997509361
24.9924577343545,6.90619511445505,5.89386086879521
29.0114774119571,7.52629330899279,2.29599435814007
27.4168971519753,4.86931343081045,10.4497050937685
20.3966902038683,9.33804938550412,1.24524117518338
29.7750702103419,7.19728699230005,2.8589907649248
18.1819029368378,8.14913034208361,5.41577829866546
26.4930805193566,6.95527858848029,4.84957641307805
23.3150496903017,8.42786531523879,2.42819738272188
22.4876210958593,6.38602831558806,8.50920180639501
26.6612877860965,8.46633278282775,0.765683445033503
18.8630617947222,9.58556755444714,1.89410994267084
26.1388171991036,4.79821701703906,10.4309595870545
25.2937071864046,5.66524213442197,9.22820559395376
23.8771818149812,6.99017898636195,5.92073433791098
15.9148775063495,9.65631733924835,1.56187921493483
19.7793127257686,7.63174988892094,6.13457722219357
16.5722126544124,10.3785160323669,-0.614031151728922
27.5322144060322,6.20782724998871,6.66183761471105
25.6382587550139,6.9596894279078,5.20435632586803
28.330139446004,5.57347541895024,8.06075053040207
25.2572074314034,5.61273697010602,9.52615750273148
23.702419837658,8.80464386977162,1.19700228228775
28.2087428097101,4.67561668425061,10.3613696046934
13.4411448681386,10.8810856529624,0.173032050972717
29.1992492364008,5.00923645505197,9.23097425204169
22.7245433297755,6.79755623856739,6.78265440183246
32.1368763115734,6.95024364470192,2.45053724417734
13.7616465556722,9.83512607169789,3.08779295094538
28.7464678512685,4.31588101985854,11.3757765545403
17.7256720554886,10.3535956533309,-0.0587886305761529
18.2781238625735,10.1911267325033,-0.150106202049509
13.7089104673945,10.1063754058124,1.49578881994729
23.3326653411477,6.0947434934363,8.92910503117054
30.3018116739268,6.76867508349004,3.8099521512738
25.1690080164119,8.00431710056357,2.74819551531261
32.3318360364036,7.12471704212841,1.76903670792518
25.4584368026348,8.98743650717168,-0.217554962483027
14.3594674084513,12.2544084253258,-4.26736611787124
27.8833891890889,5.62175030563956,8.13370140495742
29.0693234073096,6.27216795277871,5.76795021502109
24.9403719134713,6.38779823113845,7.36432550296932
24.1739840104376,9.42054379147555,-0.740439074750865
27.910746934408,4.56776449958977,11.0614646495485
26.1343780302755,5.13771764775639,10.2969561347001
30.0791830670896,6.47051949683947,4.52836664089556
20.3462638866153,8.84355414444385,2.74081737140994
22.4834947711825,8.72994961934344,1.97189577400432
14.3654923472997,12.1413868391834,-3.77263697887915
12.797106191915,10.9665815716905,0.233832880149102
19.9472067907536,9.19742281639149,1.58618791023588
29.3024814085668,6.9638907353389,3.72977477833898
16.0597942303942,8.99721309311496,3.719029311833
25.2927334231503,6.62168228907181,6.54805732938313
20.9738735346706,7.59112052780646,5.85068542643166
19.6922160762727,10.6927631889376,-2.20681649457324
18.7252140452539,9.8737233077281,0.400042679522289
21.1701705929501,8.19945171663274,4.0622927322
14.5450139813931,11.3625958754529,-1.68334973161541
24.7364013948051,8.30075452534247,2.12223305026299
23.5643556523538,7.94249032497393,3.66646079617377
24.3299800795765,7.36301572013253,4.92728567109845
14.0532901966018,10.9685463661751,-1.14365747157008
17.6263265029284,8.0781546158986,6.04772935769559
16.6836934666416,10.3473194323637,0.155163442575002
14.1456962604111,9.7704271893787,2.94417238433282
27.0658067569174,5.17512428681209,8.59958334728546
21.5021238159837,6.63217569680134,6.77795455571045
22.6587081670063,6.19102884642933,8.85683908526961
14.5385072525135,11.042863102218,-1.09309414157353
26.5367943813998,7.17839641494062,4.55065869519251
26.5734159755031,6.29545995889141,6.86296457577457
29.838757460674,7.83621750993718,1.04686170385319
17.9595372994679,11.0856064381664,-2.49751770657673
17.5326136747621,11.4925890434035,-3.43452751575793
19.7654736661778,7.35660592248641,7.06656443450776
15.3365661916591,9.13681785585079,4.15838908371398
30.679747403471,7.82414996371788,0.689670724651381
28.4479910674877,6.90608680442899,4.28817217341536
22.6665952337174,7.46421851536414,5.41801693479294
24.3350965191119,7.24409195286611,5.25668900319106
28.3210043109974,4.18221293451109,11.9464305439066
23.3573408927083,5.99645459204973,9.16327357884428
24.0365131479262,7.79830818466668,3.38275098581699
31.3255809734615,7.0007348776614,2.68673048795706
30.7409622471192,7.67335932342258,1.08190607862266
22.1890113731939,8.469439016265,2.83554902717975
28.7441566213853,6.99915640607052,3.89087489598307
16.8701472488404,8.21869308327189,5.19631315781773
17.0662046878492,11.6028316062355,-3.52532151057652
29.8572727019568,6.06728646701319,5.97333520704306
21.6609797236117,9.18355989603318,1.08865580918651
18.6816580336983,8.32167560109993,4.87786368282524
20.8450411623032,8.68026212707003,2.87200353349297
14.6367149578375,10.7983522375898,-0.893752782682396
17.1600403556363,9.4200281978884,2.52079411878883
22.9938874001057,8.54679844500843,1.6323519219109
31.573123361538,6.3836127957985,4.2933701254807
21.2587890353737,7.16219861924556,6.91490250833119
13.25235061755,10.3384628459482,0.93377370712362
30.1124027719763,6.12799280298748,5.68539868679075
19.8018783488396,8.80595161988355,3.00616633092114
24.3324758522762,6.32309619103639,7.53784106949847
24.7481759562425,6.01588591725894,8.49123545129173
25.5366768999038,7.08072878531676,5.15400464871571
22.8592514931562,8.35287726861483,2.84924030206764
18.7903717427751,10.8824700496311,-2.31693256693374
27.8361446018126,8.18339226294148,0.52093177230172
24.4538437094607,8.93795161934438,0.47586052207722
30.9057480388151,6.14501519590112,5.415544304773
20.1735762686682,10.5840544388113,-2.59355387278906
29.736129079588,6.72502686024599,4.19463098052376
24.3958285676588,6.93062853877479,6.10298380283626
17.7968469309773,9.97558867246878,0.674893742696215
28.8807248836911,4.43797747400205,10.9727467530383
29.5005764704122,6.07720306761828,6.02179265869172
17.2691617502805,10.5963576806495,-0.811721389765239
20.3031699851703,9.15375385883716,1.80286517762501
12.4524857468571,10.5416062209175,1.57962221390526
13.0457472743968,11.0552116884082,-0.128991399367466
27.0063120559366,7.5444093192702,3.1773721593922
20.4162384454984,10.0399101725908,-0.721940826094134
15.549947483109,11.4332743150615,-2.34758510781273
31.4955412881234,7.35170031415227,1.62859371686148
27.3468115289613,4.54132964789811,11.3973084755592
14.4301518956949,9.88849027612586,2.69374782254737
23.729951195339,8.2008854029868,2.86861138695272
21.5618879481952,9.64795282606837,-0.160883914241444
18.4307511578181,10.7093416774396,-1.66679082669822
15.4500814254174,8.97845372282781,4.05457800086751
24.4198744305554,5.67202147581641,8.78674444730904
14.4940260167738,11.528513716457,-2.12254096791037
24.9279079862577,5.29974566054536,9.98190928570415
21.9994527973826,8.71698345139507,2.23303258554412
25.1688467764667,6.2655280897742,7.59925688720707
25.1073498441667,8.77109341454333,0.265828131232581
14.4132767229144,9.9187761991258,2.40593821025575
17.275130464642,8.62415178448409,4.56721043764796
18.3207092378887,10.1841956518219,0.335488899547444
24.4686349737075,8.12575591037012,2.7349024485902
13.2907782048415,9.70592686802432,3.52145058832329
25.230087437527,6.41227521752266,6.80642767525243
14.1064096007139,10.8856580647119,-0.148912256947455
27.5653005634872,8.3159809591316,0.764996476713544
21.152750210274,9.68383742812877,0.00294768091178979
17.3004478992829,9.55011764069206,2.09260645215575
20.2674050916583,9.21386505014907,1.65178513759766
15.318321115752,10.1879395883646,0.715101619057444
17.1370808520692,10.3158096963894,0.538193673017597
29.3292300983315,7.48633258380984,1.72899719744983
16.472941143188,11.4176367064236,-2.73292807622284
30.0245204195497,7.22548947514044,2.66437537122689
16.846517614818,9.76054411758561,1.7165132800802
26.063379294789,5.23211001021947,9.18886919308699
15.3684501020297,11.047789356631,-1.55007237497715
22.6552534225208,6.87321346586251,7.07211239059114
13.4470377161549,9.87737104748135,2.97052144572689
22.7307765002477,7.53114530180841,5.20147140893934
16.2246708070424,9.11258250652067,3.81324765438216
20.0138607638768,10.3869462665742,-1.50311592007235
28.5923764702094,6.71346433020653,4.75845841117605
29.5330250816089,8.08007900542145,0.508613008730835
29.4991437337535,6.57338026959601,4.72784559824797
29.6440607770683,7.70673852267327,1.49857765860142
24.8223556557115,6.19402495359406,7.95977590916057
28.4699817123772,6.4736861509773,5.4842912260612
27.4836188510357,5.67192995614803,8.17950389684747
32.0902813719271,6.8642167443065,2.712196100577
24.3126723827152,9.6988144410428,-1.35884023962154
25.4481133660895,6.02977600663971,8.48466843530295
26.5900214430346,7.5289896855903,3.41386574139494
20.7167150506345,7.57811356475269,6.0064898643503
13.1273725209245,10.0367538871427,2.67443219182626
26.3313693122682,6.02986746170231,7.71642517270677
31.5294104959411,7.05325787186415,1.72289142039263
30.232844770449,6.66382264108635,4.13410314205199
20.5622653123981,9.07201558688211,1.91048697987288
19.052037975378,10.2485345153853,-0.669949855228444
21.0627237611908,10.0221313792816,-0.972800384951295
20.205973414814,8.42924154843523,3.86932964299081
24.0071828692423,6.78501039093686,6.45517501952949
22.2670997744392,9.35608328308408,0.252177689916682
21.5120418937559,7.32293280653194,6.34877424778149
18.6591516906141,9.77029019306121,-0.0804243400341814
27.8066002247575,8.22531391948468,0.54450118900226
30.0849766597476,7.05405460765813,3.11455789799102
27.0054910866726,6.93612905665756,4.87477346798016
12.5024630595002,10.8515092796671,1.08963288693779
26.1222421275829,5.05357912152109,10.5373315282767
16.589872395721,11.1844972025397,-2.13684523090742
22.3108132559789,8.29698170297306,3.26007308859205
13.567392148362,10.1165743199619,2.39871044119474
18.073400813552,9.72671489990086,1.2406869880696
19.9516321119005,9.9747739550628,-0.324289516624466
14.2417536685078,10.8669329755771,-0.159574187010183
14.5724250430975,11.8065454647645,-2.93464865211668
28.3451437862585,6.33942575296611,5.91687917143952
28.4646589901295,5.5058623515734,8.18686265994432
14.7822961086364,11.2703639147213,-1.53631407024092
16.6311851536024,11.1986049716921,-2.41746850345025
14.5691532765791,11.5859538239481,-2.31770719205602
19.7766948781406,7.93550055874323,5.44631144517866
