-0.126521127770737,2.27072544739627,0.491285623528494
2.28654523828999,0.196570690726212,1.48156111641115
-1.41829304040733,1.85316396389832,-0.00271730796538138
1.55109783213713,1.66321891775102,0.591023233025139
2.08132929841932,0.84165494080798,0.00636443822563041
1.61290438419297,1.52282900524141,0.970773580636594
1.95221981320787,1.1666359561337,0.140493194730073
-0.401063910597719,2.29408639765457,0.258602718281241
2.26784360992141,0.170549154685686,0.769141117317456
-1.23901828680016,1.90710129206609,0.766397328954495
1.51148081059133,1.62685334847202,0.819942007824138
1.39514822683542,1.79604094563107,0.120954144168402
2.25184440023504,0.405569512730908,0.938926125166752
2.26881725565859,0.157066589862961,1.81375494178469
1.30266212405014,1.7933341392315,0.55667843884571
0.61186757738873,2.19415944038822,0.292735632887822
1.92114778486848,1.21712482594033,0.454527922245833
1.36604091703699,1.81827771976838,0.254063378408432
1.53774577759885,1.77871689875744,0.111906301272996
1.93479171610963,1.22198381794109,0.833360609452765
2.2563312530405,0.284905124169543,0.781508263330194
2.22770954034429,0.457724652039181,1.03280609476109
1.9683729226033,1.11618806708833,0.403617091030008
1.91231428006776,1.20418549500391,0.70220865771578
1.36990081948569,1.81537142149968,0.966737724818337
-0.415600134844773,2.23595129221152,0.160407213785032
1.30561337052494,1.86721405404085,0.659581668642613
1.53544697380892,1.66586119065183,0.408575089713666
1.80998882995018,1.37700475259926,0.387990819551993
-0.385552352986756,2.24132796268902,0.283871636062981
1.10778764426319,2.03209082572434,0.198711672300697
2.14291254274399,0.76694866668629,1.73294648136482
2.18178819244982,0.496331630390874,0.899414527562787
-0.0383224137350452,2.21952531607069,0.645459947448728
-0.94312238170411,2.06947380422032,0.285100981452982
1.13985817768546,1.88799025048118,0.628273703432492
0.438068792973084,2.25069065637606,0.0600928991106109
-0.275959965987486,2.2574427457629,0.0476809509690306
2.28065599553054,0.0522401724734854,0.513008754430899
0.243674678593623,2.26115552411541,0.293693760077528
2.20982825207861,0.283251071007701,0.667107065687947
-0.758123192491307,2.07823218284926,0.218769101891341
1.38367098861294,1.80489784987856,0.256117760268985
1.29243990807281,1.86573976841529,0.303048313852639
2.13763457440241,0.77635048756652,1.43720535184286
1.17070990993001,1.94977946445669,0.248191698059862
1.44032819266469,1.76001600863192,0.356028564304926
-1.46448642476383,1.72856006509091,0.0712238199233269
2.27184928752651,0.104414883951722,0.0934472179370375
2.02493885556811,1.03528946890996,1.21259472950506
-0.22753802532062,2.26283629550583,0.473464027273341
1.58084715981975,1.63496908549219,0.509983197161014
-0.155318521006877,2.2689375950558,0.112220067281123
1.32267759812776,1.80157514886044,0.523220254660261
0.234140498721799,2.26216265553202,0.0610397927309536
1.54146851574682,1.68533857722332,0.606897722651871
-1.04123636336365,2.02188735809752,0.695405246079556
2.0601989424777,1.05913475683622,0.746888062849038
-1.35532675503307,1.85357822610932,0.124034381743052
1.42190470569168,1.86830131993421,0.899775626979786
2.3173000888555,0.267602049347604,1.35909427531968
1.18601276089679,1.94050905285581,0.801051164139998
-0.709726523461194,2.16066885827538,0.338451573006735
2.21609631874053,0.510997807519766,1.72847529288979
2.06590897359484,0.768874181366609,1.0563177118398
1.28786418023389,1.86902832172829,0.087939803951413
-1.43947629745731,1.76071282220695,0.537328157095089
1.79998561094595,1.39005519804535,0.0756887759562713
1.97636295753681,1.12525157778237,0.29160233763296
-0.395221667979462,2.23964316050234,0.565395980062305
2.27116843664975,0.118302939909769,2.05086754161858
2.3252718594444,0.137301706114978,1.25847474867852
2.0663507881201,1.01214065788649,1.21620382263822
2.15944707572646,0.500972567540271,1.2254765894849
-1.22513940985934,1.91604673211143,0.14143608880607
-0.280118164930506,2.27345701292642,0.387188598199967
-0.638753799630013,2.16598958112431,0.458276621665981
-1.27118883619325,1.90665729830871,0.262242301195259
-1.43936429203734,1.7608043866464,0.664430979104047
2.07026503264279,0.94138427214497,1.40394962984186
-1.55235841285592,1.78384342054938,0.0689137859466381
1.95565226067576,1.30672961794997,0.670793818092474
-0.904437927205154,2.07807188266608,-0.0155598243289276
2.26382390786067,0.540471802080053,1.88148900720855
2.31742229292456,0.134738679046338,1.87552261936154
2.17754666085933,0.656119038746573,1.74481194620964
-1.09656574388669,1.99004817657413,0.423958799000132
-1.10977113176885,1.98732165660776,0.346933719780669
2.14816129674052,0.746729332764842,1.66570575612753
2.11333284619119,0.742715588772263,1.66454917451563
1.9528050779832,1.16565603015142,1.23717313057388
1.59267129356456,1.62345304948457,0.0129711924839834
1.21893700223599,1.91999849942788,0.795488990490397
1.68594416257477,1.52636625156134,0.367710364445361
1.92459716108537,1.18977075165428,0.164726640907867
1.08110619512089,1.98432095815754,0.569503515412395
1.70031031192358,1.43595008900628,0.0565276893909619
0.885148430432357,2.09492575270068,0.707973168245598
1.69200644497034,1.51964332769377,0.893177105382564
2.11194791827832,0.63430068058571,0.890617970392138
0.983411313154966,2.05063498516537,0.172775840440472
1.35117894294246,1.80600957909647,0.919970566999333
-1.1674990103307,1.9517037977373,0.566769173805093
-1.45357909101744,1.74908818513598,0.904155942070374
2.11004492090645,0.669646693310965,1.524087138293
2.2050885885661,0.556584198303307,1.32468770280959
1.67456952878899,1.58582620027061,1.00172973451411
2.21990052186825,0.494209799816246,0.529265085820808
2.22999439469098,0.446460135815259,0.117426291952687
2.27147665919691,0.11222940768357,0.432863869452714
1.86619445877657,1.31242229067294,0.397839601576664
1.86774318458777,1.29758893708728,0.898095128451422
-1.26651068245131,1.83995251226569,0.62434737670285
0.202008217163613,2.26525811629133,0.295263616781124
1.70189616273024,1.51598490899376,0.512738731495656
-0.497741354555483,2.22240120068815,0.564340736116932
1.7995613906134,1.32269594157655,0.206229574566822
2.05805037416483,0.967796626686294,0.149748309715579
0.747322762093982,2.11240302565395,0.656291926040189
-1.33570938665561,1.76163379312372,0.30160190391291
1.19120575292563,1.90891996594669,0.0075804728495051
0.0400395263228514,2.27389500407499,0.0364364801821996
-1.07526279370608,2.00399889663062,0.485270179298072
0.920166957785781,2.07978230183465,0.460092093382951
2.30267826799425,0.132453409040585,1.01718443665052
-0.954856114859008,2.06408610603863,0.157512223374935
-0.858913486037849,2.10581795906666,0.550784897361552
-1.34666368154925,1.87353274754743,0.271830171914296
1.44984488448816,1.69403121926367,0.246531993159613
2.23810248305907,0.152006937327255,0.524971316274056
2.2365311010503,0.683176402035814,1.07465839874488
1.23515379899081,2.01101094189096,0.373771830944667
0.821237787735087,2.12079469756536,0.737444985922066
-0.796001688597818,2.09298024019533,0.327258490146859
1.84213057972347,1.33370033383554,1.35976081352736
-0.953827791564805,2.03308454840004,0.605212148588504
2.18779196303589,0.621102229669918,1.64028840120474
1.70760748362831,1.50209132048685,0.80288459578022
1.56686935505284,1.64836952089683,0.493624296460267
1.4771472029485,1.72923040513599,0.130132498529571
-0.967800557918436,2.03303190724348,0.240921515432691
-0.890041988314831,2.0356158061914,0.338854642481727
0.429529005583644,2.2333173725621,0.0239494640624868
2.14253448192763,0.762723834016247,0.933645623472834
1.93522943168233,1.18462202359103,0.676217915619442
2.22972912970023,0.45234499595735,1.09804170304017
2.11547667403027,0.834841359097147,0.483595773604794
-1.18382233151167,1.94184611662192,0.213699119996053
1.47154199078155,1.75691344814715,0.334217452431841
1.98422461979468,1.02029096960845,0.8848931226264
0.311805118121602,2.25871611779299,0.112445112425593
1.73275777802708,1.47300785330969,0.614561448834204
2.11355185681218,0.839702448365586,1.59275206416893
2.26366525573378,0.21913754404275,2.06665320166947
1.49570805828055,1.6148372770866,0.868004594074721
2.02370116000999,1.03770673516151,0.373176410884392
1.49837063265549,1.76312478565879,0.9032546645996
2.02478808934678,1.03558430195941,0.802106096469721
-1.38233465229502,1.87590489173886,0.637073627838611
2.08850548495258,0.70893235544652,1.33625792033606
2.24890904054039,0.315599158803123,1.16024363144312
-0.634016264974529,2.184084483021,0.103490578280757
2.16455890047477,0.908253999688141,1.52017488479714
-0.957106765997465,2.06228331048905,0.466331319652923
-0.86045693063048,2.13592131597923,0.302115519094684
2.16637719711228,0.625588282125399,0.263825529487329
2.28234987786058,0.15697684330932,0.940871231740549
2.18640445789535,0.673285587335044,0.453464644217113
1.9254824357825,1.21025577574265,0.184006900305964
2.13314705479072,0.78859704276837,1.06293336886278
2.2665928918301,0.205985503994184,0.487263424330207
1.92020032019782,1.21861904774936,1.28823858852635
2.22734820920801,0.502104286517502,1.14572889051284
2.29499534979465,0.303384883809658,0.917017207003432
2.25098031794789,0.324483068027544,1.15876433339731
0.625207710945341,2.18662227451379,0.482455898166506
2.06934983264342,0.941013876942205,1.62342924856998
2.07313359272219,0.935050137667578,0.390589583658557
2.18513945701376,0.388947271117678,1.1902729053123
2.23658422528335,0.58835057141352,0.114592974272412
2.14326122332984,0.675571238627281,1.52617623849917
2.20876130226635,0.499362607416052,0.483445126873751
2.29872414457875,0.421329057284673,0.614156215921412
1.42566923744677,1.771911080902,0.92078362627067
1.56392648756513,1.65116189234053,0.98763702727839
1.9791338944561,1.06426817151983,0.967776682081454
2.22787709659729,0.498108689684576,0.116509848192959
-0.223390310216241,2.23730349271483,0.199290756806501
0.163080777095034,2.26839289219646,0.379796039737046
2.19636337558816,0.30761946240212,1.03338160757274
-0.291149330213508,2.27180552124847,0.0366552141171701
-0.926000546779191,2.07719152718039,0.144637440206171
2.27380145218942,0.0450400848873074,2.06367632506841
2.19387063412371,0.393245398120741,1.7674637765886
2.08108885079796,0.917208181554111,1.02904865172282
1.8256046773535,1.28775150670184,0.64545595067796
1.43699935225949,1.76273495308602,0.508009765215984
2.19173900307038,0.862504809599446,0.166421676504531
0.522021910918825,2.21352541836456,0.434873382057336
-0.30676221558926,2.25346368870504,0.393046728788604
-1.02681314728016,2.02410319862459,0.237750210307748
0.573509932481141,2.20114232553072,0.583431761276122
2.20270152039738,0.603070338200322,0.567606168492
2.15395507480951,0.875754997815492,0.627215533214544
2.25955869347736,0.258062325720453,0.380566431262417
1.97229447219237,1.08606413324973,0.343497054165528
-1.27267330189084,1.80736890041629,0.364151986737157
2.3180293731139,0.160034140304812,0.750470910997847
2.23507248406801,0.0498320033067777,0.154660781990355
2.16076611398646,0.709430372815537,1.20770538519568
1.94332660609062,1.18139043304307,1.35470233447493
2.26392189690407,0.216470085563011,0.774658860755329
2.06889390069814,0.94894559030177,1.27810339318658
-1.21237314979139,1.94269066350131,0.241370979609355
-1.40793603933801,1.76912576184193,0.431816439147349
1.9768562187654,1.12438478447279,1.44481675711699
1.84047404826801,1.29238312243321,0.526738815242955
0.0121753632395059,2.22530617730305,0.471720071311206
0.622651136105117,2.18735164432525,0.725825562398212
2.04880812234035,0.880010429742535,1.37032556261121
2.29111670693149,0.401258431950111,1.62091572697233
-1.08237889586822,1.9951458468483,0.350499174137161
0.59968770486374,2.19341886604742,0.463977510259518
0.652118844166245,2.24192333873455,0.548184232062245
2.26625064820488,0.190550919011958,2.04404423580244
0.871059109761127,2.10082309596203,0.508336672582664
1.90675403785918,1.18758531413137,0.977735419483007
1.92011686364592,1.10535235664968,0.660458134525066
1.80574086408211,1.3825706437681,0.662746347538154
0.272354767063795,2.2578805402596,0.256284488770778
1.37090605231631,1.81461242389328,0.761396025118534
-1.0735889118152,2.03136561666643,0.0279596393339169
2.15780007210795,0.718401351638687,0.513546446141366
2.22709854661286,0.460688307752896,0.0989311866383279
2.11105327738674,0.833454214283051,0.0357636150143369
2.11496463258644,0.702458257346486,0.553877931969246
0.779398940057198,2.13652496953887,0.50219402744538
0.267768546278662,2.25380366096058,0.396415510879744
1.73230521301134,1.45954427995308,0.524777021252519
2.07787098680848,0.971138345701667,1.08558255477616
1.8053903065979,1.26308489708272,1.20752051016506
-1.14973081293555,1.99720846007783,0.339423544852527
-0.184215532336047,2.2666922405754,0.37320685734119
-1.37852963420931,1.80882771452454,0.139617083890128
2.13337215539605,0.996909395912783,1.21532739529142
0.298287363890288,2.2815181932534,0.303349276358608
2.30543949453385,0.00158674602875911,0.981742500623185
1.51155989418749,1.73969650640433,0.37313495975285
-0.234182843051416,2.26215827236861,0.502035468021048
1.71633379783048,1.51227316432028,1.13662490319416
-0.544462832237795,2.20811274112917,0.140401836478027
2.10876048132523,0.778588606896106,0.232077501374132
1.9019870385001,1.12845685666187,0.652832062592437
-0.508155011145339,2.1748169611304,0.472516002579136
-1.10835598640201,1.98588737360209,0.142898532765479
1.21337784349494,1.92351653544776,0.262796768697722
2.21678121783637,0.352259649900123,0.719030828494056
1.3521469820651,1.86312538691394,0.145724882774776
2.26931432443146,0.149713560359568,0.428765858044862
2.06080919236533,0.953767019792344,0.592039451028523
1.62752174380462,1.58851333852396,0.173791451841743
1.89778847196429,1.25323603878313,0.557029902928886
-1.33138749080748,1.84380286433955,0.74041631241305
1.54245532992333,1.67123702939364,1.10637999394731
0.893955248695545,2.06279913288187,0.476748691432025
2.25948850026652,0.450883762757009,1.29239166755573
1.69651266426317,1.47033859433934,0.482935083175507
2.05354091425592,1.0179781646578,0.0864542126393824
0.8002259835276,2.14864262245539,0.637001541221582
1.72243355332121,1.44163134150675,0.38813649813631
0.376469977119866,2.24287137606077,0.23195790898512
-0.622292952450566,2.18745357312006,0.380016100876463
2.18315291287565,0.521851570079167,1.62931361108974
1.14406484269595,1.99881355921439,0.850136252292587
2.24389238527928,0.131715100989729,0.239595202047713
1.19703783029119,1.87711715903836,0.427001540238993
1.08232572776066,2.00021761226436,0.798039159865054
2.24403219496996,0.505734440258532,1.75615041915828
2.19487569977036,0.658232105149511,0.250131250378543
2.23898530618716,0.201227861500378,1.24119911871121
2.27079826541856,0.125207391943928,1.00080320955264
1.1471050890849,1.96375954939012,0.552041059072264
-0.528311084044849,2.21203278721196,0.0187930023036131
1.76988163943434,1.42561793476891,0.931433564268484
1.75354892269755,1.44819467922362,0.579906223268571
-1.0358349924674,2.05169480143789,0.118022305699652
-1.04968486128055,2.01751414994388,0.641087994507035
2.03657064322005,1.01221621623031,0.715614509581851
1.95187911578261,1.16720588183793,0.458394725322465
2.14767938095422,0.748114249195584,1.37488437228467
1.56892310432008,1.67731820889191,0.110088913392086
0.567156748676372,2.26593585710295,0.431813385950467
0.711679289451843,2.15409579528162,0.401649239198818
0.0699065551272527,2.27317283257908,0.0387071948534451
-1.45424148330511,1.7697001119778,0.132402124461762
-0.807441195412988,2.12608569187025,0.425145287468073
-1.37169952602592,1.84474738079199,0.229353487934428
-1.19155594844889,1.93711023820056,0.592360999560411
2.02428981054384,1.00867006487831,1.03164318404947
1.85765571051605,1.31198967770805,0.764951921458786
1.82653191425045,1.46090334045076,0.471748877888052
-1.43184914227985,1.74326028912782,0.745034115660573
1.88412908122773,1.31766692665333,0.389081150722171
-0.62159707192128,2.18765141953746,0.343087287461165
-0.501920619077059,2.22036110282684,0.574713818360854
2.19391367526978,0.599119719830355,0.19211766465274
2.04130878784398,1.00262659345157,1.31166447043978
0.998038212858606,2.04355606208867,0.666874871809682
-1.17911225569585,1.94470973198912,0.0618947071921309
1.09013294037983,1.99594885343392,0.062755201941248
0.701002674923214,2.24048228973863,0.541860533160099
1.91896222374827,1.2205677519304,0.0964972874295165
1.12723501054683,2.01283908721458,0.776854685252212
2.13919567365699,0.974354993839397,0.0655791326650926
2.07881151793181,0.906717767997605,0.83317185703415
-0.664782581043197,2.17491741755104,0.0191092355777549
2.26383887406254,0.217336617965367,0.413578365149838
-0.676468215352988,2.148639385693,0.278238209697772
1.31972388573897,1.82477431121319,0.77668690920505
2.00293841290667,1.07723691327779,0.619862339368568
1.74055373086868,1.44758230962856,1.07491299875595
-0.458900043169786,2.20744594027541,0.293040087959305
2.09318383621873,0.889259850110197,0.475813316060179
2.29056577155659,0.375050136236895,1.29247266066893
2.22807596856155,0.488009954784112,1.81587311114464
1.40536276257608,1.78805960716915,1.02565504641403
2.01588850839246,0.925008021258514,0.555544668283376
2.23542427615458,0.418425571403266,0.893332956393876
-0.514004693811614,2.21540082783342,0.195507463890034
1.84634510662203,1.34537375103414,0.0633577131953772
-1.32856235230831,1.90388489186965,0.519656429232719
2.21756929174484,0.50456722994626,1.71481410249837
2.20600003933882,0.554884628233868,1.81828457559819
2.22422555224124,0.140132748507365,0.658165574700615
-0.31026715907519,2.31635600123078,0.0255570285833917
0.378360119995168,2.21359507074659,0.147713961152083
2.04186771147937,1.00148784418153,1.28929802706423
1.55387653992297,1.72237300220712,0.399628654202191
2.18285393960393,0.668659075674834,0.825989719525536
-1.37679486554065,1.84764878017107,0.600700356314518
-0.638860592624587,2.12197604438389,0.423897271686648
2.28170350285408,0.0261762203815594,0.042855368852905
2.09580378514246,0.971226454467204,1.30001737560332
2.07114664499653,0.894663148384224,1.42316275142789
1.81517110288849,1.34957665736866,0.933627291781042
-1.13136359256873,1.91132399482705,0.155961595074782
2.25391150020574,0.303454448749175,1.5304470040369
0.867599596712572,2.16325719281248,0.544768859010585
2.00528027534183,1.07287122738488,0.571822283235583
2.10408393745375,0.943917770769553,0.682173120986968
2.24714121269677,0.350082880794051,1.92015149577682
0.825908349350117,2.13248804507306,0.4048789806535
1.81527303479414,1.32541913342767,0.775357348371088
2.11524106359329,0.835438146192814,0.0990502521701647
1.61795606967681,1.70434671056109,0.508868836495071
-1.37968344930311,1.80794779596769,0.530959633963157
1.97111161962559,1.13442524487175,0.814739129791773
-0.597970013676864,2.19422731638466,0.466729513468301
-1.05752973893462,2.01341314798882,0.546266310992438
2.22115796262232,0.488527336292249,0.674011436457945
-1.08757622847215,1.98609370796355,0.401145676124409
2.21858527096297,0.529394098963364,0.364029171560899
2.27722943202273,0.181632833764466,1.93723127731279
2.19178958580613,0.606844349711803,0.548808483679168
1.17628383837777,1.97838138964627,0.524442848251342
2.2050303739515,0.42623203377248,1.4129998379944
0.999611406899546,2.04278699046711,0.453405674254662
2.28221527427502,0.0390597112189913,0.224691569266856
-1.46660740805317,1.73817846145582,0.151818870240741
1.57664443935855,1.67481471828512,0.476421078109697
1.5880388600979,1.56187271359354,0.104269277020264
2.1992252153092,0.579318656331355,1.37150377077493
2.28410588695548,0.156726233848281,-0.0243035864783787
2.27066030523117,0.522115060793867,0.452488271662335
0.792572491778911,2.06113096518778,0.648774213990905
-1.53787612096475,1.76963269187754,0.209407113927097
2.21537166917609,0.514130353740471,1.94246222387918
2.24554532662333,0.256393505782585,0.609957486899292
2.22495730773272,0.279573995982211,2.02087229726449
1.43146734080713,1.68623550844445,0.293946034740055
0.5773971251325,2.16508718709606,0.201085772315853
1.19911450623559,1.93244044000345,0.785531616296542
2.27246653118943,0.0899862092170184,0.892466998795449
0.550616292021381,2.20658635729173,0.316871096895893
-1.12127091953697,1.97175634977611,0.263913498857842
-0.374095916149683,2.24931995637843,0.474613072418752
1.72353088525155,1.3616573476961,0.207368905739883
2.16621180032879,0.692624060614182,0.305693670653271
2.15287751470824,0.733021186521246,0.58108295963898
1.38171418162655,1.80639629470319,0.379160491460102
-0.956703403693736,2.06585917225568,0.247177723435429
2.25760433955717,0.172229137117217,0.133851325590816
1.1357172378662,1.95237057330302,0.844407327963316
2.21682685826442,0.369057887891735,0.912158478342047
2.23151777955088,0.31666379733473,0.257845665676835
2.07564299116156,0.929466420301048,0.684706460621482
1.98706781134394,1.10623829546177,1.17390908184878
2.11505369471695,0.835912388764239,0.136234354779933
2.27275067773688,0.559195614141228,0.969306557008399
2.11330489585042,0.837550422721199,1.02150742019806
2.11489645116082,0.738185700900115,1.07345237198395
-0.95630656858784,2.13895381328363,0.300072904985058
1.99845570297966,1.00107661321402,1.17651491903441
2.25438898740937,0.299886556338713,0.609785141221482
-0.188315644598394,2.26643748451724,0.596208778696596
2.23699512113958,0.409944485538087,1.04067640692274
2.1146964905883,0.974572148509919,0.859564567812867
-0.465579756571321,2.26409908191274,0.282208159310062
1.84637146340799,1.32782305761649,0.563367905843019
2.2299403416255,0.446730037065482,0.439672874416426
-0.620226629202971,2.13567456189289,0.319817416370553
1.92908437532932,1.20450617519614,0.843157323678518
1.00846277079274,2.06328976559222,0.763497617513421
1.8554542273791,1.31510123691159,0.562596844896258
2.19558417335641,0.413884765143346,0.0497360556796562
2.27971502949271,0.0948314056727276,-0.00449398745659001
2.23207831793634,0.435922052463304,0.834397254054695
2.25245988351741,0.576722244796003,1.26366692030378
-0.656287972061011,2.17749575222396,0.24923374380635
-0.526880960618398,2.21237386229434,0.0667419776257986
2.2664906974366,0.187674110251602,0.455353831170145
2.16462226353892,0.697575880759213,1.15395915255429
0.40436634688654,2.23801016770054,0.305641917451627
1.0374839862755,2.01343469175261,0.0953667572834595
2.26953683520087,0.132358106516267,1.94765608062259
2.01167113974557,1.06083970454546,1.23096795716276
-0.953472575973686,2.01393343523192,0.125503886897366
2.26403377614198,0.215296803770197,0.223917062291051
2.23797144622871,0.404580596532159,1.9926102641288
-0.746107089826565,2.12288066593727,0.191144902998793
2.31453233094857,0.0594697246774003,0.987723316881951
1.27004330657112,1.88658200263314,0.534911439654073
1.57616564008509,1.65460177898664,0.043048900882966
1.06296236158675,2.01055034034845,0.264789262310379
2.29878735673116,0.260866314992608,1.88917627798641
1.19888460229365,1.93258308064842,0.0788984224813222
-1.37380467801169,1.81241892505528,0.0614579266639127
2.24846107713586,0.201105601728236,1.41001597922418
2.27168242431996,0.290490833681202,1.41075368729312
1.16702840800601,1.87831229009444,0.886268853185594
2.00441269311198,0.951587455734453,1.46036493416925
-0.47800345989073,2.22344650161812,0.152658558072428
1.74674016196947,1.45639982827115,0.101333726847281
-0.188334848687545,2.21364255342823,0.14271491597342
0.695622922144577,2.14431128493047,0.457190860341702
2.23174785174846,0.172723308813621,1.47575947583812
1.70599245244601,1.50392533239606,0.987564466670345
1.47797775011352,1.72658303577155,0.440706560111218
0.188914584469858,2.26638763961506,0.347384390772225
2.2730588405846,0.0735197964194798,0.666716505797416
1.75787074355372,1.44294563382799,1.20874551619396
1.56076771488393,1.65642012749377,0.273837898895883
1.22086226554987,1.8990186366801,0.314606856687708
0.479195525589057,2.22318989325716,0.661239624834185
2.07263997164527,0.838132536126273,0.790511222090055
0.913028038130657,2.0829261760352,0.542794879733006
2.25830119483571,0.51598739397492,1.90102143859926
0.630447500452988,2.17490498226431,0.516965285854921
1.13140121164187,1.974083801471,0.24424400508826
1.06974772352981,2.00694829560409,0.623066219173468
2.27204663582301,0.100028685239232,0.733697558603091
-1.34179705525354,1.94134035990743,0.46223534110895
2.21828352204991,0.188108636999999,1.21401859671248
0.397760672645518,2.23919362729576,0.371030940285271
2.21000662737956,0.649991884872095,0.980620738308542
0.299202153731586,2.25447992327005,0.405976436186004
1.99984381151091,1.08297109046682,0.552978515264113
1.9966139860413,1.08891425005352,1.42468157250537
-0.270530990497123,2.25809978442185,0.41006040741049
-0.0971575465711816,2.27217122250275,0.451804826050131
0.000218291060578638,2.27424748116259,0.110085884634228
1.3915102023805,1.79886103129073,0.883276639330718
-0.84970856767172,2.10954900470471,0.392994050124283
0.285577990063867,2.25624618887577,0.212734741363576
-0.365980890999189,2.2446067897627,0.377581033506304
1.97457180163456,1.12839171098294,0.808143788366521
2.11569692433381,0.834283032063949,1.69983884434303
2.25983106689057,0.255666193192606,1.46002739230432
2.2737816373107,0.189858894617913,1.9513499215867
0.0510056479433585,2.27367545553521,0.146287386448908
2.18397528216453,0.38507765031604,1.03463862677157
2.14997423854148,0.550182677884576,1.63370255578892
0.963335012860993,2.0059490939686,0.264323834918882
1.97587925537866,1.25508394807853,0.72309261690195
-0.801780333125377,2.12822694998412,0.526883910998752
1.6062391348982,1.65166022617151,0.676909865062847
1.74273991835038,1.46118418764147,1.25919113713024
-0.864794219293947,2.10340975834504,0.516007442323233
1.26504055507035,1.8899402231956,0.937925629935396
1.86044567609125,1.30803040466906,0.579571679610096
0.959364993450375,2.0619942925642,0.54655637545275
1.78238414444851,1.40221957900478,0.144887812315822
-0.635219018386283,2.15275571438945,0.474404771889548
-1.07982882205116,2.00154224744145,0.53518768839242
1.72929897870942,1.48868900901328,0.673633684857444
-0.483757208552284,2.2222017497066,0.451163312194554
1.79457237859232,1.36640988740788,0.588323199424288
-0.683952909543746,2.1943371443432,0.561563027044123
2.28899400352714,0.2764265820546,1.06683660931263
-0.842293402151919,2.04436448336256,0.722949634904019
0.0565320050521998,2.31329496236986,0.0662690894430524
2.06099271579123,0.961514783391729,0.825794420394671
1.41122382300814,1.75616719350569,0.422185817275043
-0.77385449136003,2.07259549903068,0.5645950953099
2.25205758009543,0.316920035908215,0.983028147787279
2.21451672688044,0.517800463105338,1.93018447961431
1.52227883110829,1.68963570440049,0.0734180433897249
0.416010812274999,2.20962603966986,0.208158581486962
1.98755183363961,1.03635406044324,1.01056120801585
2.13701296255685,0.691073730587311,0.471852047760245
-0.106330251527035,2.28758134508857,0.077314530098418
1.73234969642359,1.4734877612408,0.310568649065103
1.20947932769738,1.91880268710778,0.635478460272546
2.18351892065335,0.406400209487973,1.14756446831106
1.46864520530222,1.73645700037984,0.591163748608608
-0.521433485082338,2.21366410592489,0.453673829108009
2.27376834365706,0.0466816088881273,0.901015481172196
2.23282683831416,0.295688912548994,1.99035851777052
1.39442100008814,1.79660561274269,0.831087764971972
-1.4163078812177,1.73640359330063,0.284002399209834
1.56413033800747,1.65096878799994,0.846536886078402
0.631815335593503,2.18472218712912,0.451571251855298
-0.689828748046411,2.14426427198263,0.0155476707601207
1.9046129730835,1.32725322419694,1.05080560386543
2.21366782805877,0.0857957323713532,0.0450991384784914
2.31702904577728,0.00364513569949024,0.93929626149645
1.65102008799031,1.56407618813081,0.163307859784537
-0.924382245530005,1.99626391486069,0.0610723237591261
-1.09384320164994,2.03982158507086,0.589628119553605
0.835289136452385,2.09696791018627,0.403539903568057
1.98822085349952,1.10416461224539,0.739538069138021
0.344070163905064,2.24806969988381,0.292473265326245
2.23210304817636,0.435795405605847,0.504607489295623
0.309930583462653,2.24878313772173,0.167437300181912
1.97141967041606,1.13388982547777,1.49151469512548
-0.789360630504191,2.05630084428559,-0.0220277280473863
1.87122325324137,1.29256535221788,0.618720021644417
1.09603588159532,2.05559954101868,0.731115873067996
2.25884259481166,0.102381436618675,1.44916084941754
2.24158091796607,0.384078952086354,0.68347581484656
2.27287832863645,0.0789034627892981,1.28363735473931
-0.911744829273515,2.15172109741203,0.267331409935165
-0.295068826674186,2.278167552738,0.179269060546364
0.355767965045944,2.27115701859932,0.437300783159312
2.22451030432466,0.481735199886175,0.998522970220579
1.89110409695263,1.25490959147863,0.061256971652163
1.7873307934219,1.41453809916229,0.412383900214779
-1.42268560645871,1.77430756026135,0.212334704836809
2.12108636304552,0.820484182496952,0.958249035087608
-1.45651967320093,1.69115472735814,0.599840837475837
2.27381929312036,0.201272715234079,0.385477095080762
1.21946133902727,1.91966551665731,0.41290893999123
2.25660861532223,0.442180822683127,0.925797665268932
2.29072505388569,0.0844737838718345,1.56922113633012
2.15416090176154,0.7772553232243,0.736559255295397
2.02336414616828,1.1356066458359,0.0300240625258911
2.27382419939949,0.0438766845901374,0.274820957620484
-1.31335943071319,1.85668755017695,0.194110293027071
-1.38426433102798,1.78698412876193,0.180717594465317
2.28235818869127,0.389774595071688,1.11228465206693
1.29093889370924,1.87234570150229,0.623693695774996
2.32188779608558,0.0153123660297699,1.64221699822595
-1.53183758736929,1.78679325511762,0.938627834117982
2.26013901408464,0.252929417501893,0.330070090885265
2.11816353883919,0.828000528959729,0.857512580696862
-1.3404889629571,1.84622261391855,0.259534890981659
1.06307683026942,2.01048981747476,0.367977939382357
-0.106799783123433,2.31226158871618,0.1397816274013
2.15165794840316,0.567816893247963,1.79614047489984
2.27230990177329,0.0938582097017757,1.31078758814219
1.84680779701941,1.32194680988419,0.625731563190188
2.05476217665923,0.760204205149058,1.12888005892074
2.23458242195687,0.422898395251986,1.1368542018675
-0.395965078877366,2.31273536187653,0.187169424187076
-1.38125100369306,1.80675048582317,0.702661750946242
2.08880244140742,0.929899837580826,0.0321346380181635
-0.464742136341735,2.28522266601709,0.0264398521704711
1.63178109469409,1.6716907729645,-0.0124327779808665
2.24795095589535,-0.0514686608876241,1.81401660014729
-1.42533712985212,1.75873041990945,0.772511479203352
-0.824551647958571,2.11950848855912,0.68845382175679
1.33331709473489,1.88213112260253,0.513146983441495
-0.229224378885269,2.26266609055557,0.170914228565933
2.11406500636682,0.838409686299367,0.275049021193094
0.0362083451330989,2.2111044244219,0.42682779821747
1.64527098557947,1.63378786923437,0.0677230339920292
2.20541245951417,0.653136125208784,1.51202662659524
1.26254030307583,1.90618379983699,0.850395074751952
-0.770140828421282,2.13987961288105,0.597481337151306
1.83232402447747,1.36512480490143,0.800342012159415
-0.366677669362358,2.24449306971894,0.542135236116202
2.32137100289871,-0.0282566074035172,1.27133795910502
2.04823907415375,0.98839179900238,1.00384442851857
2.30131955212619,0.334864849611093,0.477323637988019
1.58972436008504,1.62633886757267,0.751668480799615
-0.636725937517393,2.18329607101693,0.155046624141798
-1.06563036231832,2.00913752245352,0.28496204029518
2.3067936611061,0.0328392362488917,0.156487161581512
2.05610506863495,1.07163997700113,0.481507573645566
2.24802676175521,0.326580183067491,0.708038847419761
-1.0474988299592,2.02057292311692,0.707886801524915
1.18384248181982,1.94183383209379,0.917628832668165
2.229188393203,0.495600410867203,0.97412296105128
-0.508755813648085,2.24789252584822,0.566364206364424
0.947913497863031,2.06728364135027,0.00582083457211176
2.20969448093676,0.798196860932232,0.466888228733713
2.21396712504975,0.588122132676177,0.200971423676168
2.27258754258266,0.0868764324972618,1.0050838799271
1.66232715982576,1.59139196128086,0.998286376091381
-1.45959008905057,1.72274932393932,0.555984290898231
0.592554726737584,2.19569591452148,0.353725646969322
1.76573614395762,1.37673088720109,0.153605084889092
2.15692801322598,0.538007299587395,1.47608282088672
1.78234568635101,1.33346802613127,0.258463845818188
0.0211079989820818,2.27414953457426,0.285382552602951
1.86108117533321,1.30712605055738,0.350307809065927
1.33561217754383,1.84074489390083,0.966183503271727
2.02239735893531,1.04024544017113,0.286597173059202
1.86700047736062,1.15839319522027,0.908654441717855
1.40651828200053,1.78715079823266,0.116453460332837
1.84064629938995,1.40577829098229,0.0852433718064159
-0.875295307278958,2.09906164232516,0.65686707426664
2.21033810654624,0.535356991151623,0.756369860529772
2.18850286140097,0.718479887359235,1.36762477347162
1.82931835358788,1.35122019465811,0.0978182508151621
2.31621070344227,0.192021042592405,0.555690024118716
2.18421467678748,0.633567596181765,0.742104029126057
2.0820789278203,0.950274044428555,0.957604613177679
-0.237537817454503,2.26180844425524,0.249527837342804
2.15710384216626,0.701767846436672,1.01341266761679
0.297823859136588,2.31457343864624,0.613471882228202
2.18033112417756,0.646805876726532,1.66731218614928
2.15428656652181,0.72886970202433,1.31434011920324
1.01479810462839,2.03299043418376,0.28662453304549
1.60161883807783,1.72012332460104,0.51806853661026
2.10599664382843,0.862656399380294,0.326734375591059
2.08812163100867,0.843009740963162,0.242564429305848
2.21700559203969,0.507038320139709,1.01678629725783
2.26925872879719,0.150553894015055,1.52544841589057
2.12986242941737,0.778095534292024,0.291742890144702
1.88616772110121,1.27065848326812,1.16091705430913
2.27417793551391,0.0177868166644366,1.26239343457111
1.26055980179623,1.89293175770306,0.814088194907708
2.20203171146003,0.315095828969999,1.21242261109516
2.24325043096856,0.156123100936457,1.25313317665038
2.22121249987704,0.488279309018242,0.127335028978273
2.13042351346503,0.651980364026937,0.645470817609327
2.19730859282831,0.586546333300463,0.0995901595775593
2.25738682713061,0.276417014531607,0.281373555109082
2.30828682327002,0.177039384797848,1.76228561827488
-1.43350875695379,1.72472257897551,0.298568958729461
2.21753623494237,0.161992731433132,1.88700944559867
1.13624033447523,1.97006587593841,0.387497158508234
1.78060089700912,1.32265409017099,0.0461980977287738
-1.39113275988555,1.75085890543533,0.545272035510629
2.04007936260776,0.88138396856911,0.830441085608844
2.27126716175618,0.198802029798629,1.69877622211749
2.00833093329438,1.06714971564363,1.51530079669484
1.01100653307888,2.03717143198534,0.368190820628375
0.0271057394758928,2.28303326427848,0.165180118748722
0.940580930835012,2.06196957858348,0.706960303849079
2.2909429061539,0.446062726926806,0.647701058991869
1.93610380312425,1.16512849785771,0.884385154676663
0.678415211219178,2.17070367724657,0.636915520890942
0.775484245411662,2.07032518252289,0.635012831180623
1.65132050376102,1.51837773372294,0.0150270306386824
-0.372908306846155,2.29326958539139,0.218121230125306
1.97614213843518,1.12563933030353,0.705638815761014
1.63583621869921,1.57994984693098,0.289284589395311
2.25598460247133,0.531718774047252,1.79143758320838
1.43817518470461,1.79268768696714,0.549581332269826
0.384696800372804,2.24438434482896,0.0917892842028183
2.09811067044578,0.778002329780772,1.62619640543417
2.0342491013487,1.01687376152961,1.09207517081037
1.96025750797083,1.15307942296676,1.47784048006507
1.94466504803267,1.1791859497914,0.442290742775107
1.94930217900843,1.25979845337277,1.11095273138833
2.15669266951916,0.866235905578429,1.56664472471257
1.14035077226491,2.04511711684086,0.106736429848691
2.1680494902706,0.686850100795466,1.13408878603688
1.06979476814221,2.01019286263368,0.327562103995407
2.24465265582954,0.365699477580609,0.952611034286403
-1.08165664729591,2.00055506062341,0.273620316231326
-0.45173002308389,2.23635528865937,0.644026801477077
0.412835856073799,2.2364633261391,0.389724151402586
2.29173315823833,0.0020777666235627,1.61157142685131
-0.481723275217612,2.2226435475215,0.493288068649246
2.27274800931787,0.0825720253296063,0.839047522827199
2.04916429082119,0.908781073842639,1.0769566197084
-1.03087114758015,1.99561011258302,0.422816726467132
2.26507576915777,0.204042674947405,0.99515153669112
1.80155238611833,1.3880240103459,1.17825254049397
-0.663972413066108,2.1751648875229,0.170850835829067
2.27846613346829,0.144679357885045,1.23622866590157
2.27101890507415,0.121139531207523,1.34579552408004
1.5466493597696,1.62074867761745,1.11062397850096
0.475648930193764,2.29640462937915,0.0644362111142874
2.27550871341403,0.269956809525889,1.6959143021553
0.627088976854211,2.18608349985386,0.574771177781699
-0.991250474499859,2.05601608923458,0.0950861854963242
1.15128835259093,1.96130996591916,0.14089390420988
2.25544000752194,0.205857576709369,1.67429039946344
-1.3714065857265,1.81423417172407,0.0148798565266414
1.96456200596328,1.14573023786182,0.268610713677203
2.2311003342328,0.697500233614934,0.378567773670781
-1.1531909983897,2.00773775268937,0.745606051052961
2.26093467904069,0.245715344121069,1.0526591450261
-0.0615477580505173,2.22960169104936,0.343053339529078
2.24975545094164,0.270398674248554,1.66106790593656
0.455863579392242,2.27032678975032,0.0482523267632301
0.51430087469119,2.2752702644353,0.436847394200316
2.19654178523194,0.255163968976598,0.232251784038199
1.45045797705877,1.85350762449724,0.707872744000001
2.20036812706591,0.710001981641068,0.79729502455102
2.24113428921959,0.558046069397427,0.969911542410213
-1.13886166722314,1.96855168998812,0.598117880787883
2.20442900741736,0.372452433431926,1.53353778855381
-1.48398517093088,1.72336579566922,0.804763384560503
1.29361416296628,1.84613874474697,0.420026531794198
0.839259061919442,2.1137279579481,0.298584687393924
2.08399354472988,0.91058912729593,0.539797063259746
2.27174900426451,0.107263579180171,1.53175477129245
-1.42265359262258,1.87178420801196,0.792709191102786
0.996990340298427,2.023367865046,0.11764622259584
-0.908758301330255,2.05441010189436,0.0949658852733532
2.06889115239259,0.783252475427764,1.22989485420078
0.994628348439949,2.04521786167268,0.163376359654365
1.70060065180422,1.42468624332522,0.542595751656859
1.99337109704259,1.09483940498165,0.433554008393778
-0.292699700793662,2.2678783195118,0.244660395448635
-1.29083146686621,1.83742632516955,0.413800272826419
1.96349923283807,1.14755061582036,1.48554945178215
-0.172174307425138,2.26772080757046,0.0882492269598412
-0.397368145054534,2.29553690469165,0.56586260815547
2.27188985456994,0.103528459505353,1.33219139579052
2.04113057560257,1.02345688526206,1.07863955638322
-0.871101611704213,2.11435312622627,0.402113534800288
1.88298543920067,1.27536954996722,1.26704448548714
1.96429224732184,1.14619266283494,0.516878827180758
1.85438168393822,1.3263414303303,0.829396131419042
2.05661562850821,0.924742250002887,1.03570017610059
0.127605428812248,2.27066477221165,0.124290109739855
1.88140683347784,1.27769713945373,0.550960171086115
2.09560275993052,0.953443649650791,1.28619197936626
0.812680405449486,2.12036065598327,0.633247821893238
1.05320755488305,2.01567742944218,0.592675242132157
2.30691921279883,0.171651498068303,1.02543441964725
2.21342089599826,0.398393399615734,1.46586028597116
1.93160472309423,1.2004602646258,0.23220781749592
2.20747935660742,0.611524760981872,0.169329935469915
1.66226848238506,1.52345781589372,0.260799353187339
1.2377194910012,1.90794447372587,0.00590537031358525
0.165131710045563,2.33002863289731,0.177949442656299
2.28045873734081,0.167371125104747,1.66610932341005
1.00858830423333,2.03348534353133,0.660289922564881
2.21596516287953,0.155352835443166,1.16667324586706
2.1667048719435,0.691080061296552,1.63939665057577
2.17973971121316,0.648796150255019,0.728644635971375
2.24271027001125,0.377428533647689,0.355286263596166
2.09475103138039,0.885561838471017,1.36420138769219
1.98328592946348,1.1804102878533,1.16334427618417
0.485119001176767,2.26615324513736,0.251756703218792
2.20900281753715,0.540840277104345,1.08286404928898
2.17560465577908,0.662530025717905,1.37521525309257
2.29435299823357,0.108887308556734,0.83692808479959
-1.2788624155138,1.91432418682226,0.271763997190613
-1.49176245663441,1.71663811742645,0.273830395478407
1.5938956119746,1.72858764052394,0.720180502565938
2.27937238036368,0.479978803983545,0.242769294478893
0.436670589934596,2.2697960949222,0.444264740572111
1.57308956345692,1.64243443661179,0.978971332917862
-0.100655605065584,2.23306507879102,0.426047309530106
1.95688109294352,1.15880025945178,0.521023382903854
-0.0254476382237452,2.27215933320595,0.196741587942099
2.20934211459056,0.292977425631964,0.394660351389341
-0.505812492540635,2.277426462475,0.390955342565797
0.566489056936574,2.20256482347205,0.354412095584861
1.88920690949723,1.17975224053302,0.373180297471408
1.37409796365229,1.77096276676313,0.85747666897351
1.49798301939849,1.69389437661615,0.297595393925584
0.396977683949617,2.22567447408795,0.42389858221739
1.50036536066022,1.70912417271428,0.918258046935573
2.28958546453069,0.0617116533590345,1.54033451132929
1.40327669204334,1.81110182749373,0.566322285890099
1.4575129312696,1.74581147562022,0.833322822656167
1.76274571977538,1.42455102818816,0.644330525026942
-1.37094859270019,1.8145802846385,0.490139022830771
0.680261047751946,2.10700493551489,0.710156254440208
1.71287980546435,1.4354971651215,0.132394345261029
1.71630009027947,1.4856127795079,1.02548271969529
1.34554562994138,1.83349628059917,0.890885065665995
2.27424190655108,0.00504020954605904,1.82755842937374
-0.850197058481585,2.18477259828173,0.449987222919338
-1.25779472462625,1.8689266703932,0.852753507557778
-1.50253400841148,1.68926646854462,0.153810471446556
1.44799099748052,1.75423860987221,0.995138648165209
0.905071778615464,2.04432332489654,0.772206806906047
2.02767922822832,0.965383389465722,0.984798944676006
-0.627473689728835,2.18597310640443,0.301671008348251
2.16609988784365,0.692973974337479,1.06110474877633
-0.341618776972025,2.24844352040372,0.00744560280121067
2.2351460328497,0.151197421790225,0.677454020760685
2.1898819459228,0.551354411084707,0.306347065229109
2.02044659414407,0.955616844851504,0.169199779484708
-0.97981798989965,2.05235434559785,0.508380957101627
0.19283112816895,2.26605776829154,0.32106482083892
1.59177826615989,1.65731644702906,0.292099666264546
2.0167384561318,1.02572365888535,0.559035757965328
2.18263469107262,0.6389894040997,1.03523769859642
1.8183392296707,1.41331061856715,1.21029336882385
0.323438493392467,2.18952019797402,0.620612198600188
-0.813533864015603,2.16530248235203,0.626872076848266
2.08949903435233,0.897883867026258,1.67001557340173
2.27293966909781,0.077116236078229,0.458975317050895
-0.725811853718708,2.18412802469882,0.0462085571214568
-1.48149787475436,1.72550447705119,0.501625193218709
-0.0190578619339446,2.27416763918667,0.29016085016561
2.16538801907196,0.695195210056133,0.0381035630806226
2.20966671067519,0.475332583407021,0.928844556857249
0.97884857238109,2.05281687580087,0.44514941489971
-0.86991438762066,2.08387355937979,0.361258227592945
-0.242910948245629,2.24590814525244,0.479181904748516
-0.158232045149931,2.27230081017268,0.621845427058734
2.121031775516,0.82062528627675,1.44149357186072
1.45782468224179,1.74555115911049,0.417198227278777
2.22059102448042,0.491097907980036,0.797218196877681
1.42450717142005,1.70683614148503,0.201721415007255
0.811747059952442,2.0834028861024,0.549350217664918
2.17126326216867,0.676622124661943,0.216515432298954
1.89372299867459,1.25937081811366,0.495292349399159
2.26068996560458,0.231204440980495,1.27024684596924
-0.931620449808736,2.07467708107154,0.472583838950286
2.18475544718929,0.631700315974339,0.508887187647802
0.18459116985384,2.26674386582105,0.368007719571667
-1.21068759232972,1.92521095129968,0.708531675438992
-1.31464834913447,1.85015700653526,0.177129742058846
1.4788488722095,1.70791294635288,0.0825963312952399
0.0753091405405056,2.23200655050342,0.278748937718088
2.27143053867618,0.113159008455433,0.78409387984159
1.09756029451134,1.99187425635694,0.710486661416065
1.52006105038712,1.69163118212019,1.01696936225095
1.02715471331865,2.04886629661061,0.418375208462581
1.37146104162711,1.78458794353085,0.652145029610521
1.81779526846839,1.25641983947267,0.0697558646239524
1.88506821832478,1.33008111991213,0.896260900260114
2.16485335744118,0.696858374421249,0.476102596724694
2.24696144696841,0.348435489212274,1.21207191101649
2.10661784195998,0.856949777502306,0.564484705816257
1.15090141699915,2.02269154713694,0.356804433777878
1.82940112125038,1.41164955934506,0.736246692388311
1.4292699844624,1.74725138187133,1.03706285029954
2.20471467260231,0.558063496062437,1.00072836686435
2.26088104270658,0.246208375071503,0.0211495231620796
-0.638612008314881,2.1827451422604,0.438639627752572
2.08681522047727,0.93261220969087,0.176930389977047
2.26255024613824,0.23036500803109,0.650901408473545
1.63476984554187,1.65246642052911,0.670890253660033
2.27383901648333,0.043101976097003,0.443245442598522
2.25451651406469,0.286661933988782,1.74134414541339
2.3219051288328,0.099678502786623,1.96444320379653
-1.06556518965148,2.0091720881568,0.649038006499451
2.25661574220809,0.654148089791089,0.863874388677027
-0.728658005903363,2.15435817905433,0.111247802886642
1.93171288364249,1.20028621103259,0.477139986811012
2.27108797067499,0.119837734794672,0.0426825971724189
2.19490838245392,0.595465234802901,1.22827025708191
2.18053918217491,0.646104115623286,1.63242771418679
2.15416734016995,0.504035104085494,1.68844526348767
1.31874264580393,1.85286790877369,0.0632851366287948
2.1749835428649,0.491060085134633,1.33062531804932
0.31100111435021,2.2355340408183,-0.0129228433370924
-0.443872014816644,2.23051099250552,0.0891623645510041
1.51778863012069,1.73796501608469,0.40218198806446
-1.43464934205306,1.69302328870488,0.214118902256457
2.00329380643262,1.08041581584299,0.643035624905374
-1.19483239863015,1.93509100365049,0.587601724196503
2.29415330528343,0.496935477218985,0.50216812079724
1.74024138525092,1.464158998977,0.145573255777585
-0.3366408374018,2.24919421122738,0.42124182869503
1.94508922823776,1.1417946561967,1.09035256596519
2.12369639273602,0.660626644910433,1.27443639199476
2.01565007126526,1.08383873992698,0.578554861709277
-1.48701546468869,1.7248045273999,0.944757530438462
0.420409927296098,2.23505193368213,0.56006118995266
1.71736677243253,1.49092354672197,0.826428663456062
1.46592172307009,1.73875678433085,0.0408976265869698
1.82182515150315,1.36130627361218,0.57035924990318
2.26841401907574,0.162786643450861,0.861144360742497
2.07426644948291,0.852758470314061,0.00239293338992703
-1.3244322680378,1.84880524139391,0.130486964115115
1.66960365714915,1.54422319671075,0.193964772223089
1.69280573112165,1.51875291272381,1.21829111586273
1.79093588774603,1.43054784114742,0.924109349570626
-0.478598605545335,2.22331847201327,0.222519442094304
2.10415525208988,0.972664726948172,0.18591042834724
1.96237842497644,1.14946621107901,0.799408466452768
-0.0420392181390531,2.24608983508542,0.317110425962689
1.6978845566991,1.42607564703704,0.442976551431256
1.86037199386369,1.30813519854525,0.281195233243972
2.20472272148152,0.558031696777601,0.53670929464414
1.98191400825647,1.11544543439028,0.113341862438471
2.21188154508908,0.629634820615798,0.408488846968314
0.488627874887463,2.22113584751323,0.417982177384098
-0.801560034215324,2.17531329810524,0.31841344781795
1.56941894495162,1.64400884256838,0.442887883999668
1.70075524471931,1.50984543936958,0.0403573584754458
2.03688841460353,1.0115766108799,1.35221712395801
1.11284767460724,2.04446430519391,0.376996602376204
1.87537505859166,1.17153638058817,0.667360010177667
2.0707285185172,1.04249303150665,0.681984194893219
1.86966101448149,1.27182666252661,0.323544172582565
2.20194534278459,0.62272909677953,-0.0190905924120446
-1.14521666617109,1.96486143041929,0.085544054671677
-0.846694983883869,2.11076035055883,0.285343203225168
2.22171931023475,0.717282253851207,0.47272147073267
-1.10295418137209,1.98889258810504,0.511768347288673
2.27359875857169,0.0543170161793739,0.230798801387018
0.609138760182112,2.13199690732744,0.343636792882252
-1.44030957060183,1.81333750881245,0.433237880882815
-0.066841612456756,2.26358411122028,0.368361584813348
-0.124287986332633,2.26998514409786,0.234851156826302
1.891574883363,1.26942055366694,1.2738684803273
1.38580629045834,1.80325887729728,0.340680703039675
2.2180276226813,0.502548622770091,0.470581985688083
0.953759731364308,2.0645929448812,0.20560235271637
2.07921036727525,0.921458573046274,1.38568755739635
2.09770453377818,0.814133015672389,0.670431341819622
2.25652044963023,0.277043912618165,0.918480804724167
-0.631362838888879,2.18485299709054,0.373650915045637
1.59138295837494,1.72248918406476,1.0667206785386
2.2383466165642,0.359082471522489,0.0204641409941021
1.95432465800376,1.16310652321438,0.971589858700944
1.60913844992543,1.64950448976821,0.311479057574047
2.23074419174552,0.406496816963263,0.139991030853477
2.1760194263758,0.661166476207379,0.427141942040366
-1.40781040759175,1.78613311640026,0.254497258928329
1.55987226841514,1.65499249528654,0.967096274159134
2.16812614687853,0.686608086499868,0.0210436148157012
-1.41495786825625,1.74681841121916,0.762628995062833
1.97770631132434,1.12288886332229,1.04379261382656
-0.0702447630307493,2.25869425901389,0.381850546926862
-0.653759335406104,2.17825627156098,0.202822474911072
2.22704018144975,0.46097037153554,1.75924520849549
2.19707120222582,0.587434920289338,0.687410289434776
-0.585269690457587,2.25170554674886,0.184859737330556
2.16638221691798,0.608238078841549,0.21033002922816
2.04883284747057,1.08341500512327,0.833468664764708
0.50479381884301,2.24072761886554,0.285872189752068
-0.475612801760661,2.27730262074818,0.0670744321437666
1.0361577831285,2.02449467810799,0.196901984671354
2.21292922202113,0.524543526840552,0.136993211956565
1.20825043806093,1.92674142846177,0.861596155345294
2.18602302540941,0.612460630329886,0.858901501909636
1.65935767708412,1.55133861280951,1.18357824901694
2.11182548174556,0.844034826221933,0.200491133795142
1.09714927462042,2.02237396333702,0.362036879388555
2.12629594803783,0.72488423134598,1.64241250737332
2.179621535257,0.649193050077772,1.2799724617224
2.02727610070341,1.03070522689182,1.57372909881801
2.2660853407105,0.192506835832704,1.41317512494992
-0.988728412355075,2.04807660497042,0.41050839053896
0.46964151110444,2.26593532137744,0.638465721947349
1.35478731927344,1.86217024884498,0.152068305843732
-1.05271980482505,1.98265625284374,0.242340891729356
-1.48482746560142,1.77830501744133,0.149175180205192
2.29582193421785,0.353134154928768,1.05303492513133
2.05692031177147,0.970196106077186,1.55430017659799
-1.02457153263124,2.00802555833979,0.44743713418856
1.69915836477943,1.46173024274186,0.961076312423901
-0.371681890373492,2.31134567820154,0.24381982392078
-0.18989794216886,2.26630545707885,0.033755596286924
0.31845346909696,2.2518412557828,0.344901132349102
2.08181926936549,0.915549115516959,1.4464694977237
1.14177448169846,1.96686366740747,0.0472018586134153
2.22544085549809,0.468630613495639,0.098519080548519
-1.48382463001421,1.82361104042023,0.921199394082751
-1.3097201475292,1.85282012270345,0.435121700689963
1.03268866109537,1.98636199267484,0.5870086060311
2.09358143490416,0.934522821638694,0.0801720801680062
2.01350317659279,1.05735831725868,1.00144197578167
1.98525697757003,1.08359896972328,1.51174312000559
-1.46945971575175,1.70374343354195,0.397253087733749
1.799803435668,1.32577570884592,1.04255643690908
2.26187130291341,0.234070207430464,1.5863055229475
1.49785112626068,1.71132803891743,0.748449567364071
2.0615191546342,0.941754188214434,1.20539323264511
-1.38446502854572,1.80428884548989,0.612849599057246
0.524898732052533,2.20053444187883,0.378218683181649
1.59645498516627,1.53980794510431,0.574361652239294
-0.130089805130294,2.2705237932747,0.358099163783662
1.99358581378786,1.09428157410356,0.233324901677832
1.62051983635979,1.59565570007749,0.802601505571278
2.02384684868663,0.947161039969692,1.19545461162782
0.99829218649959,2.09709735403784,0.628141317050578
1.80293959775435,1.33792096820133,0.749891703266091
-1.18207830935936,1.94290826437263,0.0781200783942567
1.14134010425161,1.96711576162977,0.891858626048137
2.23674733569858,0.411294310039266,1.48027302826061
2.19820791169822,0.743390335769957,0.287094732963353
0.591458155741876,2.21428122315367,0.0503655020329295
-0.452394159769783,2.20164985313302,0.462607429746767
2.29617675600683,0.0297886453084179,1.63330329156673
2.26573149188173,0.193548762821077,1.43451119624709
-1.1623701982855,2.02474816352564,0.706644846172634
0.404154638408398,2.2073007379762,0.470130003151741
2.04219464602114,1.02207905277462,1.24019871534104
2.03298977876524,1.01938913701364,1.42269995822958
2.27019535057066,0.135700860250472,0.00020233548019332
2.22812797890708,0.127931484702273,1.71938477130009
1.27162965741021,1.88551310460048,0.150498303047889
1.89926895347944,1.25099124520297,0.331052666241644
1.72886128574718,1.47757920527801,0.826223954435446
-0.301110423913192,2.22491977024116,0.467624057057748
0.493347873210417,2.22009223439571,0.544604503632248
1.72797018211134,1.47862121686369,0.799507146452545
1.81212998986757,1.28119166062558,1.136514223385
2.17936811555235,0.360828087659738,1.67282441311935
1.85997678070673,1.30869707283892,0.292054962597985
0.901022647272437,2.11552935791895,0.440383706274423
2.24188945115201,0.645408142213557,1.16197472353006
1.8536558920379,1.31763480795649,0.507616319561789
2.28650111122733,-0.00523665059828525,1.1495558317162
2.20967203123974,0.220764606748509,0.495284031782488
2.10742849542938,0.643626507686051,1.50960759620467
2.09518574274913,0.846596176481647,1.1871106961756
1.08760658330197,1.99732660653774,0.209244453826679
2.18155332262479,0.642671575355633,0.362966160358844
1.55329373259664,1.6347252412548,1.14495627804938
2.17709601506544,0.46162806110742,0.622071096853448
-1.42929429081247,1.78544830156678,0.276137311497963
1.88029545110857,1.27933211863292,0.984330957407609
2.07138719000194,1.05182188809865,0.248400280654922
0.296129989168346,2.25488551433116,0.340340845136654
2.25086980580822,0.325248782513053,0.737891479372419
0.995198307235824,2.0449405816552,0.801211620877835
1.93564522131503,1.12004536997846,0.734489889713459
-1.39280148154745,1.8334142715574,0.262389052191334
2.12589662613243,0.716870477979121,1.39921685352195
-1.45933697713924,1.7442870292413,0.627252028449189
2.00635672772499,1.07085682252018,0.60161786379696
-1.38728912380355,1.74940739443081,0.549043927956003
1.10192839729391,1.97730849579772,0.829670430255316
2.21486301498404,0.516317226209994,0.778139054841993
1.40899670916256,1.71429103224072,0.90692108736211
-1.16797713675648,1.89630037360409,-0.0527498930428785
2.0198872167379,1.04511113518332,1.37730063805412
0.104274708585606,2.27185572569535,0.308069340374339
-1.35896828723793,1.80121567444707,0.534391111412826
-1.23558648130244,1.90932650441144,0.48009774130827
1.66026379800353,1.50268761567158,0.559406079430684
2.11076788568201,0.640197269764105,1.0561859380499
2.31612041312182,0.147306551314264,1.05655224178518
2.30809175189348,0.327108045329367,0.39685445200044
2.26113124366853,0.119320712144999,0.685706954455537
1.85591984959691,1.22012750072473,1.33984519200656
2.28015901139296,0.140748767902151,0.118182651575323
1.70840179679167,1.52369728601652,0.848091215605349
2.00623750335942,1.01551636628046,0.302265221098313
1.70024687826504,1.50184627446588,0.946223384178731
-1.20237204816821,1.93041526905719,0.116684214854523
0.454344166346888,2.22840145210236,0.162977351895144
-0.138571851195187,2.26291808089469,0.500182421986564
-0.656646513827559,2.18172979668645,0.151508790094181
-1.44009207612277,1.76020921072291,0.172080017790594
1.85648353789511,1.31364779402617,0.448260876565121
-0.0466720728303154,2.3286979013951,0.315922956259949
-0.308794011545204,2.29112165615789,0.535494467854772
1.51528183239645,1.6959135065311,1.04592755325534
1.39106154257856,1.73201621786521,1.01589610112132
1.24238621878848,1.90490895755934,0.944895225094271
2.27368779392962,0.0504526407714856,0.549642163493537
-0.682600409202744,2.1443137900006,0.0844816469643582
1.9854958994516,1.10905711597115,0.347866785222603
2.27171818136528,0.107229462741206,1.05632451645316
2.03958389546432,1.00613079994002,1.3576959311591
2.19309163288599,0.602121867225257,0.888315620182265
-0.61916202028387,2.18834184849245,0.583289008440066
1.71589965814577,1.37603833934597,-0.0498426827743075
1.34683059765213,1.83255258981928,0.463678446575702
1.82417562495936,1.24660367816182,0.967226809945796
1.36724621867755,1.83818934922437,0.275499254720017
-0.214392118028933,2.26411962425849,0.185003037581881
2.11685414701996,0.699055129347579,1.84416870076108
1.88128869556075,1.20264875752455,0.97233191908045
1.22512423190392,1.98144891942227,0.881589434478222
1.71470982908097,1.56781356048912,0.581561185789147
-0.098654900596357,2.30051085402787,0.328194294096348
2.251418601937,0.321427957834134,0.896121989369087
1.58115776710523,1.6346687030552,0.456727745981074
0.641944064012387,2.18176751096551,0.445064049357981
2.12951548725318,0.79835170368341,0.437255411886736
2.29791173846393,0.439344428080136,2.06438939620072
0.7098194862573,2.16063832006997,0.453995225451065
-1.44927313463926,1.77193323350428,0.716970770824922
2.14025208934479,0.769105095081696,1.7549795558421
-1.11927850718576,1.97975182196592,0.2185355522944
1.42487281984843,1.80129121561325,0.699758945642161
-0.582581038962199,2.15580663025039,0.240324385642691
2.2726170410302,0.0861013242900363,0.849157605050472
1.70648278824484,1.49387041766544,1.20686117859381
-0.861525398717207,2.10475073122461,0.516467800106065
2.04979349195995,0.985164094729394,1.54230223569139
1.8761621586667,1.22577640969202,1.31588885693795
2.05598629824326,0.972173850019286,0.730390049244921
1.62325836768124,1.57791839354396,0.244387423198054
2.0988372799373,0.875833160807888,1.33597220803141
0.517383042859892,2.21461428700042,0.0531392022984897
2.02135344081342,1.02588504071365,0.582257180711178
2.18900834440113,0.501594512224026,0.106128127341623
2.05376847476134,1.09717632109308,0.285217060835795
2.21068141588388,0.53393757190424,0.242699294994678
2.17489082076056,0.755691557508375,1.21596162455859
1.9609602929882,1.09124664911963,1.384834598854
-1.2265286493234,1.8884273802204,0.785901368708995
-0.701747165217071,2.19101319641444,0.240126969832235
1.98425386084751,1.11127776407931,0.294176266782179
1.77724079374044,1.41901966663263,0.0678100936001343
0.295208433079391,2.25500634905185,0.122283738565222
2.0583880966498,0.967078123419085,1.46827306344864
1.98938373896621,1.00091092214949,0.611376122831068
-1.47165098777146,1.73391032738623,0.302179919338298
2.30880956741016,0.00106260527293455,0.25225085301254
2.21911000278278,0.278512184605528,1.11885698334759
-1.16405824705867,2.02866854520087,0.054133339421779
1.59552525573663,1.62064826891337,0.880418449017854
2.23483743619772,0.421548676898142,1.05659820153309
2.24144789056075,-0.049561720121964,1.17825018934554
1.97424008631551,1.12897198141065,1.13063709037145
0.59640285057434,2.19465379799461,0.496469133855818
0.269297703369991,2.2074062792522,0.150383315851322
-1.41441190561427,1.8273696051,0.186107570232664
2.31180708114099,0.262049216318702,1.34166396535314
2.15839554116486,0.76983930677672,0.568100371736955
1.71467945993426,1.52017651663208,1.19203922140433
-0.768723346862498,2.13037741340823,0.326820419184397
2.14151145806651,0.765591489108393,1.64170926217632
1.93314781060879,1.29066502856996,1.12141885401084
-1.07225936802252,2.00560751417452,0.462219582490283
-1.39764655163353,1.79950272832282,0.253215222591879
-0.394071507907882,2.2398458205601,0.0964930650481602
0.523889571600723,2.2595106980562,0.233541079239573
2.0502741223563,0.984163439892716,1.57137527930083
-1.45654087401867,1.80689680312375,0.0853733358528739
2.25562336973714,0.290456308454555,0.20109548855436
1.43216632570919,1.76666388108491,0.878398743133705
1.84083619186258,1.33548634135817,1.13070984730127
2.21433654209003,0.596665991879005,1.54047953903113
1.77754752356586,1.4265977540697,0.158553973717324
2.31308997785933,0.318379946868658,0.643026231624504
2.06429955298459,0.801093971119252,0.990881542879546
1.98580494775978,1.15309071390836,1.25224408610593
1.71182495960014,1.58291109891055,0.964888739220371
2.19683335941192,0.245770345861471,1.57036972522081
1.49344037017328,1.67226513749596,0.814342499559413
-1.25858070486639,1.92257009878246,0.385941341765217
2.03456063012367,1.15700534547528,0.411787310299119
-1.36690334820806,1.70998261507624,0.583645542513159
1.34173318274121,1.79711830209048,0.970087530031023
-0.27060174571487,2.25809130648905,0.551196188914896
1.72716285910053,1.47956416264014,0.978507279882505
2.11739010437068,0.998829617766462,0.807079252671401
0.606451547436914,2.19189830371683,0.306385669640978
1.05176978170406,2.01642802487953,0.268544983955761
0.00647603668372439,2.23456907901676,0.265149540863432
2.25508920133203,0.294574858501209,1.8516916667538
1.31799945812474,1.85339663364544,0.265869939281686
-1.15113271583266,1.98212966334727,0.37955797070681
-0.174690145777205,2.28296680970084,0.561368883515822
-0.222252955125265,2.26336149944357,0.344704630760822
1.52674047473866,1.63690405386679,0.802121261427655
-0.422206637713461,2.22474431314994,0.165149567210384
1.97445587469473,1.22440440195881,1.26155014068782
2.16367768071935,0.876432596524398,0.572954801504546
1.78046460241333,1.41497259788962,0.665378542964028
1.45795294404522,1.74544403123539,1.00415063764285
1.19508927766682,1.90514953938747,0.297751334862901
1.33720484032542,1.839588233338,0.100930299907368
2.21303647323831,0.524090852183371,1.27665687998318
2.26400888253859,0.215558421342615,2.00420104791467
2.14267035778309,0.797938370550522,1.22888440115828
2.16668338725486,0.664025267696762,0.361900728675716
1.93822525156566,1.108731132785,0.804305682928075
1.26450821958042,1.89029643596948,0.697206157913663
2.1751261120701,0.706524220931679,0.209697153939466
1.02238239056116,2.1042785293543,0.687158077027675
1.91934809861525,1.1586950122136,0.155212046466592
1.94018273302355,1.14358338763353,0.32643137765313
2.27275939608212,0.082258013261825,1.87431844306382
-0.800343113345274,2.08292946934978,0.619726103799339
2.23013069945871,0.445778775355189,0.419930454639288
2.05170783417954,0.981171043392358,1.07122928176881
2.10631615185574,0.792914012729721,0.824810383058775
1.26252195077822,1.94520780266969,0.209534111123098
1.79481050881078,1.32344082079038,1.13678834156479
2.00306244562097,1.07700626375537,0.38109775361832
2.2610260898825,0.400721705404352,0.918555838162432
2.12745289635452,0.845108233064256,1.65752649494812
2.08550323931167,1.00176628072838,1.21281058667891
1.14293080380027,1.89719263116108,0.334656612835109
2.22366587104287,0.120161215643647,0.127971684919112
0.8105154492161,2.12491561239673,0.612418358626353
2.17259955561586,0.650999459579695,0.850312101185728
2.19057852004327,0.658766279972737,1.78080806526824
0.831427554376334,2.08079293603597,0.554826526962477
1.42328594258821,1.68315591439486,0.714403429042843
-1.42011501313889,1.77636567256938,0.183279816217013
2.27413176430602,0.0229427940703649,0.720660757388273
2.2702276643777,0.135159184369887,1.44373196368899
1.27913754111355,1.88042782476205,0.575295427065013
2.2130264855485,0.574654464605209,0.441540830039042
2.2521731238785,0.316097885637821,0.187207368816352
2.19026803568442,0.80281695472648,0.0121423827602408
2.26008602188087,-0.0341808207382644,0.263534480274649
-0.27667490521535,2.25735523346447,0.518320219753684
2.21652263420477,0.509145426458192,1.08526306729643
-0.86643794400908,2.12972704104903,0.218310447835849
-0.46260824578402,2.17915527705322,0.0153992419853127
-1.01925178112089,2.03305864645053,0.488073577354473
2.24903700013442,0.337689539742839,0.70000139476201
0.44182711418158,2.2309169537209,0.477098773647919
-0.140584202739904,2.2883280085752,0.338388078485689
2.26940260517507,0.14836936627881,0.331652283899791
2.27234621518296,0.092974897521062,1.23435247357521
-1.14037251134673,1.91759538615761,0.276654962050549
1.11114890756787,1.98432602120622,0.268939186745377
2.04347950149331,1.06663336034074,0.0252177456185125
2.24672307881822,0.142355790292158,1.43544036060278
-0.625506522226263,2.12628619259031,0.448880801443474
-1.24812804534174,1.90115176555076,0.767202118440152
2.21903738681696,0.366866367587609,0.626394405289595
-1.00210339939498,2.04156568107577,0.718996672144267
1.64007966558035,1.51613593744393,0.778633389820429
2.12854223739586,0.944523656677927,0.114037273411915
1.21867168316943,1.92016691510565,0.850510370181237
1.94065194185941,1.18577893967749,0.138164238381613
2.18755870919036,0.621923264616101,1.55839119981147
1.72411971504715,1.48310918728565,0.779516257686231
2.0992958618483,0.874733409475112,1.50750296692815
-1.51188049988048,1.80885662279033,0.262933264314457
2.29876712715504,0.0049871508770622,0.924256575016022
-0.866195791966789,2.15691120611045,0.265308701623734
-1.40644901574297,1.77196673443976,0.252856761730323
2.21721053320357,0.506141388029579,1.88194399251701
0.686136330779562,2.16827548729623,0.659604604154958
-0.429745860414985,2.23327565443264,0.615228499830386
0.868641434714627,2.10182390107313,0.590120381015956
-1.44698552705311,1.69648964958395,0.424488565624349
2.29299874721749,0.114809782882757,0.560108379510151
2.15567477525106,0.724753693727499,0.405133980148677
1.9219681062714,1.21340777214439,0.281393482070607
2.1457404088357,0.753657582138574,0.812479920344373
1.73679496168236,1.47626783858552,0.719724728075371
-0.0526302853504055,2.3042052127407,0.222395792589222
2.21824985916643,0.661164128395836,1.72210908532676
2.20378199555415,0.56173531960946,1.90238014079059
2.23781194021695,0.40546192601501,0.326953346937315
2.20917925406622,0.161114315554564,1.09452055008603
1.42508912130963,1.83321561261302,0.357812563847929
1.06064138716117,2.00047503461148,0.122547346940435
2.22675909169282,0.283463493595453,2.04248976478055
2.30643191780066,0.244969464507194,0.804154030366072
1.96982097397366,0.954548892113539,1.24484266713817
-1.4828379309284,1.77371939364797,0.288891803259417
0.975274338406341,2.05451736864681,0.475037766639602
-0.1220226758132,2.28950850109119,0.560449553747634
2.09063425753834,0.895237429083744,0.470307089498305
0.0492513849840067,2.29589005476549,0.579381488101572
-1.28959755363836,1.95632671589476,0.539748093382198
1.71274326389036,1.52827748408996,1.14885898272439
-0.453235179378487,2.22862727377171,0.155017426831633
2.16163865240166,0.706767281124761,0.656209264357923
-1.11249555164066,1.94424141612897,0.705176760059466
1.45297758720126,1.74958788985183,0.714601876996415
2.28749184630592,0.482687715051301,0.269611112596155
2.27326341135221,0.334769690165177,1.67399941457279
2.13651784401603,0.63895565801146,0.181933372906535
2.13135185513425,0.856259872136086,0.359630070552732
-1.33103864168879,1.78063163339219,0.250552542850743
1.86178586426317,1.30612214162964,1.15303852593935
1.00725639608679,2.03902825036035,0.13011387692653
2.21643883794374,0.300591839705704,0.569661718526688
2.17499853435385,0.664517139571255,1.16831965809882
-1.41818933806619,1.79295076137835,0.871512292524337
2.19706744092963,0.587448987770252,1.87787396070714
2.20585535845394,0.409661193463104,0.80775427034431
-0.0468339894157011,2.32464299524528,0.040056138996058
1.45319596594704,1.74619320015339,0.0608323074687011
2.22146894698742,0.402266193459529,1.68903094858353
2.24933184666236,0.0376618485006181,0.434923460806642
2.25504165526008,0.29493861440514,0.936339552641724
2.20969801845554,0.537992862832796,0.129074192442839
2.17893775685473,0.651484385828422,0.764805529731617
1.51903781624438,1.7017386544159,0.644936746470198
1.75951695130435,1.44093780271668,0.783586303118758
2.26274957310655,0.440913024717182,0.602541668721559
1.62799493126748,1.58802838670873,0.569901434186478
2.1175024075017,0.829689826049382,1.62222312728271
1.87978498980612,1.25962179148733,0.647919551205862
2.32255222765706,0.200483367639302,1.04687951238973
-0.875179421416719,2.09910996223496,0.186317521988751
2.19743140220823,0.200714541169136,2.08369207989412
1.27621132717033,1.88241501843443,0.187117139145593
2.13833828265386,0.59121434288425,1.32788013767844
-1.16863347869908,1.90231123989958,0.0313351347189422
2.16704451515482,0.416817529795981,1.83494570358175
1.82549362143972,1.35638294419691,0.0990812041377967
-0.323537711916527,2.21057647880191,0.106505633586201
-0.544541467995828,2.2080933501232,0.260171322112179
1.85334178674774,1.31807658150809,0.517706946574973
-0.665664459426892,2.17464766817093,0.0780611967631662
0.547172857504745,2.20744275514348,0.597980519858943
1.93170073043481,1.28433823312535,1.36122966465496
-0.254373715908434,2.25997691711227,0.551449766706619
2.20375961655848,0.268785636341225,1.06664530187513
2.17038033016012,0.67944895001714,0.163295311252153
1.04503065246291,1.93738331617245,-0.0310584669860361
2.14438549772426,0.546094677118611,0.683945518168249
-0.555772603898628,2.18873913332736,0.468474161254453
2.07000949079041,0.867915643958246,0.0352055170998026
-0.677030942530667,2.16886938651116,0.494476846803733
0.308711159705045,2.25319752198934,0.420470553772667
-1.34863581290815,1.73321069495446,0.593197280027887
1.93197270181332,1.19986796468341,0.639041282121625
-0.770692531864195,2.11925927053127,0.341181014657287
1.92892192143747,1.20476631519284,0.505046791861308
1.78035835954255,1.31145818878423,0.247910898772368
-0.964914061261505,2.05940343488234,0.114251838332191
2.27719317808877,0.0184632325063067,-0.0496396318248056
1.78085481695544,1.28376426765862,0.682941639862183
-0.788117125022678,2.12450361501099,0.42771547714141
2.26741903758259,0.176103836509549,0.193124622945969
-0.457576192815894,2.2277400389169,0.269296414538927
1.18396800508154,1.91744033762236,0.323055054128038
-0.0954370588036342,2.3191874838001,0.301820423971873
1.84332255163646,1.3428428915785,0.953101360351399
-1.23332055227305,1.93519970680654,0.219479137955403
-1.51515693315965,1.64724466000969,0.603827928470495
0.137200279212235,2.23614120952993,0.436773922809601
0.554306359912153,2.20566228434597,0.532729092540084
-1.50245417607802,1.68600923978943,0.744295374009778
1.72595307974296,1.48097522590729,0.679172887198324
-0.56930018320236,2.12746844386183,0.517293162930356
-0.747157778327185,2.0792460218157,0.192695091706342
-1.40176955792826,1.79087792986875,0.0669653783378703
1.57637332542175,1.63928301160115,0.051053361179849
-0.723355708984892,2.2299398287376,0.242346019016714
1.32735752228051,1.84670616538493,0.582301418760802
2.09956272514559,0.87409268181617,1.31380885482547
1.99811762946827,1.0085111683021,0.899887494563157
1.57773918871578,1.63796846905422,0.917371344658901
2.12649491257114,0.806362846387673,0.42683536646926
0.593903567398657,2.19533145694597,0.200851937050096
2.210531047285,0.534559764866811,1.87144820038332
2.02920402202866,1.1132595596496,0.366628397207961
1.99269886185918,1.09606245222181,0.398598802044367
2.23478450156578,0.739449349025971,1.03736622289313
-1.41419667548074,1.78108096848082,0.149820050349882
2.15684122066779,0.721274983659945,1.05207532907194
2.1822871052373,0.471844109215112,0.947969717100695
0.287800452163959,2.2220323905306,0.248853539842159
-0.415226655404524,2.24475220384376,0.351528647636597
2.32292498948096,0.134864562026599,0.87161558696588
-1.46412995541698,1.74026582075154,0.905990631363794
2.27301384850645,0.0748979153464192,0.266945142784842
2.2639418667313,0.216261132167899,0.786880239422456
2.27424002676961,0.00582699444858228,1.33117044533634
-0.770853419948158,2.13962301777196,0.688322362749697
0.351296368690292,2.2469518273809,0.648460580076462
0.415811565576674,2.16074846731053,0.316995031071556
-1.41193871206004,1.76626400738368,0.80377449425661
2.27398411577391,0.0346106115708842,1.80347084074861
2.01778295965675,0.991592060319823,0.641913048221661
1.19120529413312,1.93732588906838,0.487368750568885
2.17157351739041,0.80720751017034,0.48291061837079
1.8790807551044,1.2989705442573,1.19613428682453
1.90513268469655,1.24204311798193,0.733157284502575
1.58181591444158,1.64385159528615,0.147606258516896
1.08729792989237,1.99749464702089,0.208945163083924
1.19205112875682,1.93680555545851,0.304596741451471
1.48667195303087,1.61538003761809,0.221317079073763
2.25655603709866,0.283119241060995,1.48895655601357
-0.0865656863581495,2.2725994005039,0.412579815815293
-0.0524380167191061,2.22663023342782,0.249304958428197
2.27939657984922,0.0783911912439207,1.16544732652181
0.883112871961363,2.09578465224877,0.642561914505838
0.359686232420717,2.27456474753061,0.680594116862422
1.44848001063277,1.72861296096365,0.875178212787465
1.86310144457653,1.20987048252102,1.17152866720456
2.09151316091616,0.984947948904571,1.24811742231439
2.26704382179877,0.180870017607611,0.334824278213274
2.16841062632909,0.685709128456394,0.707686062390458
0.214344347758339,2.33460651783323,0.278622321333394
2.27210976663692,0.151901009822233,0.617784365031951
1.60213224136,1.6141170758096,1.10778796275226
2.00590595577686,1.1872665515176,0.813933241794597
2.22201020876043,0.529727342668334,1.43112300248581
1.73588467946001,1.38938938944087,1.18870831944337
-1.13709712409085,1.88838742205181,0.760199571248294
