1.41024343205681,-2.11025899448698,-2.76140333930154
1.74369163285195,-1.9219882826317,-2.7329502163922
1.65849857647346,-2.09035660692126,-2.56217939581969
1.65780826773712,-2.06640657755694,-2.61391028250028
1.63849315221912,-2.12932082486546,-2.16391590184072
1.35135389709405,-2.20308783706499,-2.65010155411315
1.91259529808612,-1.81564851729553,-1.69628857481921
1.95732758853514,-1.83911807501306,-1.73708897115462
1.64860273939276,-1.94908625683881,-2.77574282751896
2.14045209562353,-1.72081372088257,-2.58427651803102
2.18511641748609,-1.55366701518394,-1.43088302034876
2.52627620245607,-1.35093064904657,-1.22225453403843
1.76450023084196,-1.81622204484153,-1.68286305534803
2.56738037450077,-1.31480777971616,-1.18330845585974
2.87810393026353,-1.15827650453054,-2.15574754211321
1.87479693382022,-1.85185464516342,-1.73447151579053
3.07754111934084,-1.01406183887547,-1.9383966829858
2.47115255371416,-1.5797001946606,-1.53589463523304
2.2284882634879,-1.84160240710324,-2.24139468828064
2.61622253025346,-1.59882011281591,-1.95060061794132
1.89905291632851,-1.97129411200761,-1.9481825987317
2.8519227117066,-1.39094700627684,-1.89540748755116
1.23474419446682,-2.10239224968899,-2.87602769826943
1.85983149685453,-1.90891302898715,-2.65015848701835
3.01540191189419,-1.25627298955338,-1.65784065511038
2.08961871773864,-1.76511289228586,-2.59083073571273
1.60225551754175,-1.87832991314284,-1.73604420858965
2.65512480572198,-1.32923350510706,-1.22101773885118
1.71828195057128,-1.92755898743423,-2.7465377448938
1.76298007654391,-1.9183577809637,-1.79694761473794
2.48397214709649,-1.44086103133318,-1.32795940359478
2.81066745186792,-1.21614064851006,-1.11492405286887
2.73515395898635,-1.26057488395662,-1.14986750758587
2.17320219771057,-1.68920236740155,-2.58103746195297
1.82025370011444,-2.05643006907454,-2.13974095159505
1.86215571152609,-1.77081519483807,-1.64204814009623
2.21615688671801,-1.85718171295952,-2.01823520001982
2.79236565247314,-1.44499987216423,-1.92756290040601
1.32216555080177,-2.23544428882817,-2.5971045858912
2.24243753297776,-1.81321935666072,-1.87160589745533
1.36127621313631,-2.24478627711461,-2.49354233854049
1.81560066195376,-2.05777914747069,-2.3929842322318
1.67519696608564,-1.92368898712393,-2.78065227163483
1.7755933084771,-1.88954012214601,-1.76310786889885
1.86954141253114,-2.04420763293231,-2.22311456936955
2.40411936583719,-1.67433619508248,-2.3132057889087
2.97164369181353,-1.29181565407326,-1.75170795210794
3.07202145956248,-1.16353510005909,-1.75968171142901
3.2037570093052,-1.05255883710586,-1.43521768481237
1.42240304542495,-2.14247600027741,-2.70356304844689
2.58492080214114,-1.23678038048902,-1.09370369478783
1.69423741950553,-2.10955610426462,-2.16491548144284
2.97789648276742,-1.15843402996842,-1.99779911899199
2.53132457681664,-1.31619599067018,-1.1819257044431
2.11980216327014,-1.68236989165866,-2.63458946126552
1.34579745599831,-2.21663760032806,-2.62270279129505
2.87816013904056,-1.22118641778936,-1.16450793904962
2.79295614830492,-1.28725003564409,-1.22071235054228
1.72631148997208,-2.08221691494721,-2.48383293443574
2.6348091853434,-1.58712734038783,-1.89309535707181
3.25336916183588,-0.962161858498815,-1.55098531669505
2.24125867747431,-1.84158305042563,-1.99908953196486
2.1260638804082,-1.8247166993186,-1.78744132684703
3.12970640720093,-1.01918447466577,-1.83186990829013
2.21924284750067,-1.71962699046108,-2.50309306976608
3.04753590418899,-1.22580601401443,-1.55616359740402
2.60025493604162,-1.6113856756098,-1.94957187597883
2.58721610520079,-1.58167598289329,-2.13806853194952
2.73556103515795,-1.46836198257839,-2.04074984427497
2.56820952211984,-1.63065864751826,-2.01029657432577
1.73981138201645,-1.8339619720559,-2.80768450991181
2.06078975389829,-1.84481754619089,-2.52520994743308
1.73066151081412,-2.06525017819419,-2.52626288328021
2.16760009838225,-1.69312442122264,-2.58299139734617
2.21547276368393,-1.85616115447228,-2.00789329153187
2.16621962478857,-1.89062302101613,-2.16618402700205
2.66211795053485,-1.42970736204107,-1.3863054032867
1.96454604008674,-1.67618435161082,-1.55233273122887
2.4703272434181,-1.54533581521874,-1.47555623108925
2.91526136011537,-1.20890623699408,-2.06107457884707
2.40957959366509,-1.64539659033471,-2.35112248878522
1.74449922125487,-2.0282024104005,-1.97002062997992
3.20670622471217,-1.01553321628065,-1.61471851789809
2.86581062881735,-1.19228520820563,-1.10647072742147
3.06133373549537,-1.21171985287731,-1.55723320237445
1.41648813499617,-2.03043393725543,-1.87230842027029
2.29284166764566,-1.77135592335041,-2.31401217274243
1.97141047096451,-1.99050252713979,-2.28941730310709
2.65479047565653,-1.17690819082706,-1.02712301264318
1.46439877366308,-2.1585166559243,-2.63324290090956
1.8705610726926,-2.01741398960557,-2.43426133153825
2.79524364342352,-1.39413401506242,-1.4451582545007
1.80213004195733,-1.84705709854878,-2.75662534087053
2.02533207238522,-1.89300251316074,-2.49136039249106
2.72426984051758,-1.49359147358692,-1.62929105732564
2.51430368150324,-1.67354372984137,-1.984122416602
1.54893996931957,-1.95525741892466,-1.80733499903418
1.47198013614807,-2.2128839731761,-2.3569057848952
2.68640230912327,-1.52147395445627,-1.64721016907918
2.51513733554151,-1.25925471551063,-1.11966933926554
2.53521654817576,-1.6594122549028,-1.95538908159998
2.76806075940165,-1.14748967667633,-1.00387137156564
2.0561762858755,-1.94915374564792,-2.23347866534946
2.72741050307113,-1.45637530860217,-2.08756659077108
1.75582474694636,-2.09146407972967,-2.19981277102495
1.93924502789586,-1.89519355939522,-2.58974068243591
2.68242430741497,-1.54962573626465,-1.89476407046456
1.49231324943983,-2.18661034167505,-2.51481671589817
2.59734842932452,-1.32470785061621,-1.20013572634063
1.66837377484854,-1.92564894471232,-1.78917865074673
2.84621222029667,-1.34845398786401,-1.40087209702381
2.42861427027195,-1.64637827211834,-2.32012825283595
1.76646460113515,-1.96511963276363,-1.86510651145439
2.79556238794815,-1.15801151922697,-1.02472136405636
2.70327302839136,-1.38197516012171,-1.32781874140125
1.254749673433,-2.24565797513187,-2.64515126668264
1.83346306301009,-1.96002356884085,-1.88410508211033
1.95107696528058,-1.99840912638593,-2.3142332490379
1.13066680347756,-2.09403451374746,-2.93171256517003
2.77294701895525,-1.4727275499749,-1.69767504316584
2.43510024935738,-1.72610716818985,-2.04716872296577
2.79180333001436,-1.29824037159131,-2.17833895768673
1.88188098692918,-1.93438969775866,-1.86079940372877
2.31619429112366,-1.61631742077505,-1.52431392669074
1.94180734005481,-1.95591450457046,-1.94561927812276
1.59442774979726,-2.15051275863601,-2.47168032233776
1.40146821826874,-2.19275815576782,-2.6215330658546
3.08117746375112,-0.960691476759926,-1.96397235498191
1.482106294109,-2.1688777986659,-2.12773323711207
2.74430466386341,-1.48683507105059,-1.65852763431173
1.18935484426946,-2.21446943751857,-2.76216633874766
2.74811174860643,-1.44580684570285,-1.51501877663298
2.34073077067336,-1.75690992915647,-1.83317854259593
1.90786793087525,-1.9233306329743,-1.85334278777944
1.26534424673189,-2.28036578653165,-2.49267009487756
2.67213749285207,-1.25995166116353,-1.13101163758684
2.75260862192629,-1.15503389643329,-1.01066815891698
1.91023406160411,-2.02352474781658,-2.1862839453437
2.88358653130584,-1.31091809628283,-1.99517019462799
2.70423607358554,-1.52577852629216,-1.7275813058177
1.12475834109122,-2.16863267992613,-2.8619214270732
2.78583829417394,-1.2555855393015,-1.16434576567862
1.54372359512252,-1.9436002469414,-1.79492547857849
2.22665163242499,-1.72201451709033,-2.49176960355008
1.74192362236332,-2.04260860405365,-2.00074516097065
2.76485446207987,-1.47782113683687,-1.89634961227986
1.63913812048773,-2.11347372247048,-2.10595418921297
2.63103454208294,-1.36285303612353,-1.26126202216284
1.33600549419264,-2.26194768135919,-2.39007659527677
2.26217295437202,-1.83323224960335,-2.0251073085499
2.1196189960915,-1.91240259877121,-2.06879838883273
2.00665842520373,-1.73831627238799,-2.68651869055442
2.95238040577274,-1.31756611413361,-1.71151212381791
2.9936276997261,-1.15946531829409,-1.15499043700292
3.06048712447175,-1.18599915009945,-1.35488230622557
1.49633948076433,-2.13290907603141,-2.04928526225122
1.58165462105583,-2.02857794999198,-1.90295809857129
2.62071386555677,-1.17091814382976,-1.02040179776181
2.17973243746874,-1.6988334040148,-1.60138171631902
1.49076316160217,-2.08995762703928,-1.96803496653761
1.8259224122498,-2.0649443373578,-2.24971544533579
1.85769321093133,-1.98242346580217,-1.9433567078521
2.43638956874489,-1.61048708032819,-1.57104168652999
2.89009492880635,-1.24735008854956,-2.06660734135369
2.53353200000935,-1.2321963694154,-1.09033061410166
1.6960819184728,-1.99955292909007,-2.68253006720789
2.85202067734377,-1.35466612899088,-1.42737955656983
2.66007102360014,-1.39010124443471,-2.2858001933929
3.01697398370188,-1.1889456059404,-1.25905196881609
2.55542771872549,-1.52893840333033,-1.4974741876157
2.62966581243339,-1.58339680541317,-1.98829019838423
2.84002037329448,-1.42150158575104,-1.76133169743761
3.01618662454109,-1.22631500168765,-1.79608223127237
1.70572698907405,-2.10454347154309,-2.161058119448
2.56651122908206,-1.28891853018921,-1.15251771292268
2.33872606305604,-1.63066188302075,-1.55429129405983
2.93791983725028,-1.20106294521802,-1.17938266440777
1.69319981312559,-2.11010614765598,-2.44074969357488
2.57092339038596,-1.6341133397092,-1.91953994246029
1.61666299288361,-2.10738362745334,-2.57470842274769
1.59047886839004,-2.16092114563388,-2.42224145438533
1.6560598422229,-2.11912520077226,-2.48006005397386
2.62500850527201,-1.47810508173574,-1.45107010733428
1.56595702017265,-2.1554696946063,-2.17017472015511
2.68509610792337,-1.50095966104781,-2.09253796298137
3.1863251930516,-1.07282780760555,-1.41218962051113
1.55540321382339,-2.08658063689258,-1.98733582015451
1.53583447761001,-2.18673308330511,-2.29955506551683
2.33462526666046,-1.63335940251254,-2.46378067684043
2.54930868739634,-1.41595131058608,-1.31069737152618
2.67714011240555,-1.53588951770798,-1.68443758473876
1.90716407085983,-2.0258820640418,-2.20243125544453
2.21324280184421,-1.60935807054742,-2.60462289949769
1.61401349593917,-2.05444481629295,-2.67727491910522
1.64397832715424,-2.14446482157922,-2.29535569446549
2.02872320697982,-1.94368163146159,-2.01181953252204
2.77544477688445,-1.23081524807846,-2.24847942869776
1.84900300926409,-2.05123428433937,-2.18976546576455
1.81345147513743,-2.06045495294271,-2.14715898880232
2.96204741522587,-1.20436064991457,-1.21371371611795
2.56265204406047,-1.29623297251335,-1.16078729080223
2.10591977824156,-1.72293002237455,-2.61468965170211
1.54955685399864,-2.17932148709918,-2.41549257334991
1.71674469521974,-2.01130690270344,-2.64685888227647
2.54213276924192,-1.50012059687546,-1.43671923865915
2.78748572270893,-1.30689887389357,-2.17710874475296
2.54001127579952,-1.5852525584456,-1.60582479771755
2.22804582904412,-1.84768030300189,-2.21056411930346
2.95359369128842,-1.29981787248776,-1.8089545392466
2.52149290285208,-1.3062730681105,-1.17030017248864
3.07315738516416,-1.19110921119065,-1.65381450951125
1.56872138501139,-2.17012582781135,-2.25387729613746
2.09086629295188,-1.88915866358272,-1.91212040210832
2.27339514249701,-1.77492425453945,-1.79711138993887
2.36029950641977,-1.71264536340915,-1.72872947720215
1.40819675801456,-2.17694304796474,-2.09608256179492
2.51166281978565,-1.55598397419457,-2.32100939655164
2.11174554513375,-1.87741118946802,-1.90169131530867
1.18572022525174,-2.26021040477262,-2.67623627911482
2.23697281916652,-1.81558634327067,-1.87146197342135
2.21798300888389,-1.60902001124052,-1.49340908988465
1.36974521928456,-2.1655497513957,-2.70809688679881
2.38996454030436,-1.60564278111408,-1.53654847694753
2.41560891129165,-1.3399189808673,-1.20843683091545
2.51352420599499,-1.64241758651764,-2.15911022550864
2.85662384453399,-1.39070032765727,-1.87656641854348
1.53982599852394,-2.17327711619966,-2.21055745487526
1.81737531634497,-1.93273877957604,-1.83215666806783
2.03207457067527,-1.81436519376047,-1.72400024978609
2.16285720880658,-1.67456964240859,-1.56509776685989
2.52965061701258,-1.43121887621323,-1.32630058643483
2.10201191774511,-1.83552960772088,-1.79377616072169
2.27389241223957,-1.80402032916289,-2.26274998739531
2.88188449202712,-1.27499169570015,-2.05019364566091
2.83139848145125,-1.33083882677298,-1.33873333209744
2.65007957311001,-1.56993556046186,-1.78090400807487
2.81507619117066,-1.29220649027022,-1.24528234654985
1.84577835853025,-2.04807786403175,-2.35846038310474
2.10841491993425,-1.89665133635649,-2.34315555764194
1.34053646369182,-2.20480075353726,-2.6570080609363
1.87701680241871,-2.02934938222967,-2.11730495759623
2.63041506417079,-1.57927857050596,-2.00847380613425
1.85189803117968,-1.8343700919317,-1.70935920941808
2.7101458726978,-1.38669505064575,-1.34113679629986
1.92658110743024,-1.80125874344686,-2.70067558131779
2.07148408266952,-1.66740306376103,-1.54558069166809
3.01251619751715,-1.17901275603428,-1.90093051914401
2.89936060395625,-1.28185717182273,-1.31023831271379
2.54835615706891,-1.20347057956622,-1.0594630318068
2.58595130609793,-1.46782444382267,-2.31437295019397
2.65172946706335,-1.24957552796948,-1.1140534918697
2.74492406143325,-1.32868945829221,-1.26149535552468
2.00784553165487,-1.74476747406115,-2.68076013457411
2.80407540728739,-1.1657243512056,-1.03808910591108
1.4850456972572,-2.20424138016149,-2.28920404166929
2.39710512459096,-1.36301942006197,-1.23280690980452
2.63717014778329,-1.58372021836759,-1.9304803851815
2.81287278747754,-1.38242576605649,-2.03261347210825
1.6528715080021,-1.95344317922963,-2.76860759104339
2.38674541438929,-1.74871266734209,-1.90216357592835
2.14258897718025,-1.80186978288623,-2.48822421678027
2.12954693854272,-1.91072166988023,-2.18747240377158
2.67103028501433,-1.55964499301009,-1.86808469603731
2.74145020368612,-1.47695824988817,-1.99914035982716
2.33877892083817,-1.51708699730384,-1.39921756157113
2.5797880350255,-1.55310680022382,-2.21329289749949
1.53670341073776,-2.01335641969913,-2.78838997125238
2.70452343233688,-1.2996174895011,-2.29519875596585
1.67158236523142,-2.09169431238479,-2.54118594048739
1.59218185606892,-2.05810427279318,-2.69112182473356
2.43661366153605,-1.71574838375994,-2.1205978827148
2.45433440684117,-1.54967911128158,-2.40427336444614
3.02474785165501,-1.21753847891247,-1.78895219517763
3.22968448903951,-0.940083815676436,-1.67650322751654
1.9914483203652,-1.95566218583631,-1.99965892288021
2.3131864982629,-1.74630479095133,-1.76486358749344
2.67880183336568,-1.52293965052618,-1.63530077785919
1.59303905879562,-2.1265632455263,-2.10141169245132
2.7894139751485,-1.35406364154601,-1.34423986160133
2.08257241529315,-1.62500683501469,-1.50221382844028
1.36106614097049,-1.97492072785713,-1.81360899820456
2.03524127048587,-1.79452923726449,-2.61321049539178
1.70592468750742,-1.99151639321494,-2.68453765506043
3.01947480282175,-1.04453583779065,-2.01521884512058
2.81060053624436,-1.27850564179282,-1.21730689592539
1.78123463329016,-1.92512536470981,-1.81039442273222
2.0978980836834,-1.88246222242925,-1.90072135364705
2.58870335961887,-1.59901594656252,-2.08187120460293
2.63858344483195,-1.11349251362161,-0.957372882555607
2.5314115944698,-1.63446387767861,-2.13483645676812
1.98352245133512,-1.84227095398228,-1.74988966878328
1.61992724876571,-2.06760889109386,-2.65063464460642
2.76934707321447,-1.25892165122885,-2.23934761502084
2.52321990831642,-1.64568492026456,-1.76697921585161
1.44165367846236,-2.00060377299055,-1.84343118412966
2.51509407253066,-1.50656185563221,-2.36985647592656
2.63277931876857,-1.42442035063168,-2.29214768703413
2.50805452469734,-1.63386781908697,-1.69672273390194
1.37809241841684,-2.1707902853953,-2.06650007854429
1.53082142932871,-2.18327046851768,-2.25056842035234
2.29903799548364,-1.47250409649752,-1.3474722811732
2.09516247842674,-1.64453919558958,-1.52255409904072
1.99415622687143,-1.86930362252672,-2.566396210927
2.97061793227614,-1.23280580401744,-1.29496163104503
3.12277129924752,-1.12217137093986,-1.30937262405386
1.80525330941405,-2.01397798681264,-1.97884662134195
1.08637837832047,-2.16335285387092,-2.88632248680487
2.18276722953589,-1.88211608828111,-2.1217362925242
2.10500506163351,-1.68535897106914,-2.64493665393257
1.50428031743488,-2.08028408852258,-1.95721301410914
2.66794353621946,-1.53924375467744,-2.03376259922894
2.85226920208357,-1.38229543127493,-1.51893450418646
2.91823874081113,-1.25758495872492,-1.99992323097934
2.79439867789703,-1.44515026847121,-1.91825831579643
2.39619326595629,-1.69325457680163,-1.71803769355535
2.83543503159121,-1.25289140445077,-1.1895611804092
1.75107036372478,-1.93576895482172,-2.71294534018051
2.20319738742681,-1.59377899573389,-1.47421857825989
1.46059208731699,-2.03622402121429,-1.88592645683336
2.42064631783032,-1.483318735317,-1.37018529034619
2.66738496293861,-1.56245685139214,-1.85545144167724
2.34603810501657,-1.76377246769501,-1.86983403353019
1.31496565409219,-2.26888627026077,-2.37773022750126
2.4022998023116,-1.74668618918835,-1.95855469364043
3.03314613970769,-1.17358248413956,-1.24721171965098
2.90700631839144,-1.25908729594159,-1.26758504334845
1.67839722193864,-2.03559331258499,-1.94940273993818
1.95422693771493,-1.949923554227,-2.4767595806502
2.76986259169693,-1.46876599774943,-1.9208036719198
1.47454949725084,-2.01951360372673,-1.86848435857885
3.00781595579113,-1.24385164728311,-1.77486765393756
1.10763513133099,-2.19890041955978,-2.83427030528612
1.31192757160984,-2.04577185965215,-1.87591821594077
1.72215819205821,-2.0796454400931,-2.08554521376705
1.6664567771689,-2.12359583505815,-2.18475794843611
1.91218638733817,-1.91818794897736,-1.84612698964132
2.73168110010109,-1.36161018965557,-2.21003108581951
2.32578909939842,-1.72081139418859,-2.35959846078513
2.5967351920397,-1.53955520174175,-1.55782251498605
2.56012104180661,-1.64146766820096,-1.90525629805124
2.38865579657104,-1.72159705179694,-2.2397416819344
3.10896625613747,-1.15109240396345,-1.39372295524307
3.02376434272196,-1.16738530282659,-1.21475937059451
1.47802209327381,-2.02922836267045,-2.81036606229485
2.72586023178819,-1.40676638808616,-1.39323521442261
1.76525232090082,-2.06719398051291,-2.09460985548296
1.88903786651582,-1.88381336389045,-1.78163433724658
1.51837487295643,-1.9458403194134,-2.85935300628252
2.55979550405655,-1.42835677711548,-1.33178708839574
1.89460981294338,-1.91812484277338,-1.83798380171387
2.84560939678669,-1.24806023843514,-2.13963733873201
1.90232339700919,-1.87047636910463,-2.65549380298057
2.61001401257944,-1.44674828415684,-1.3834811292285
3.06170810256424,-1.19646934386429,-1.40824981096142
1.84680671717094,-2.01141424890119,-2.00741453254823
1.54962874116869,-2.17672935349082,-2.25157684880167
2.55443914941369,-1.62364813755519,-1.7481072306137
1.77439468191432,-2.07364571063005,-2.42003909176894
2.75223025569091,-1.49502562659196,-1.83100603455915
1.3082298071252,-2.16387351487161,-2.7580918278703
1.55961518994856,-2.17754252793234,-2.38794504491198
2.02282813690338,-1.94960921774108,-2.35039912542833
2.23941773962033,-1.70836715077838,-2.49282770858821
2.39806038628824,-1.71160388078441,-2.24532603352365
2.86836369990245,-1.21551062000908,-1.14731208869562
2.27788913796275,-1.76777776432681,-1.78314459746349
2.25575434822033,-1.8397762148715,-2.09858445250923
1.5162973398492,-1.98908039308221,-2.82492528191252
2.888322291821,-1.35786870422829,-1.52274084571072
2.17852964627519,-1.61531957602823,-1.49635101387507
1.57659399055863,-1.95750614268506,-1.81285383985104
1.36350561058553,-2.14007846211935,-2.75343848582351
1.65887329101076,-2.05855887811753,-1.98393272030186
1.53908589267543,-2.1837667809219,-2.41492515799815
3.06289938777697,-1.07570515874198,-1.91513893839606
2.89247405540106,-1.36515343793558,-1.57740067065703
2.96393884341835,-1.28744698731672,-1.80960340674433
2.21279715457044,-1.67394183109626,-2.55584133497459
3.10739117810756,-1.08769390823745,-1.79924576180305
3.0458270464187,-1.19677869411302,-1.35070077538736
2.6400047945765,-1.56278703208603,-2.04335454435227
1.33133595140255,-2.18963518604005,-2.08193918367243
3.17050572876778,-1.02673640055796,-1.71829468673687
1.68177588906423,-1.99725619990578,-1.88646180829109
2.92690894065783,-1.20328710975605,-2.04613859015913
2.70266111252075,-1.53510735830634,-1.84144758259532
1.96406092797038,-1.97849400748839,-2.04508225342715
2.72983294640369,-1.40499985294326,-1.39328241842843
1.36906816220086,-2.24214104240821,-2.28097209317852
2.11120736825297,-1.88410668005635,-1.92126894906795
1.89645950896979,-1.88640519073474,-1.78779929480625
1.14394537008134,-2.19517794778537,-2.8189256568479
2.18563239751095,-1.74209820574745,-1.66896585371105
2.28700342741958,-1.61937541720268,-2.52815810148271
2.51590258149027,-1.47278600601197,-1.38157986712739
2.25075877929993,-1.70680760021675,-1.63963768298068
2.96643632527608,-1.24491812236032,-1.32063516919319
2.83909183761472,-1.31182266393133,-1.30576113512949
2.38321754023687,-1.56675027108497,-1.47395802953085
1.96544451391245,-1.89700192923008,-1.83402500118261
2.62601041876062,-1.48109085684101,-2.24038865776832
1.42541087148279,-2.2254783287313,-2.45350153310537
2.29041827486316,-1.5686326433666,-1.45488587897041
1.46075134659906,-2.17236667462614,-2.12036509880504
2.2482369579584,-1.78256727313675,-2.36954034272019
2.75081067477719,-1.43671860105785,-2.0726858442119
2.51405478074328,-1.67393208324834,-1.93377213197517
2.1489289770841,-1.87922802908667,-2.30881877937184
1.47315807751173,-2.17917005415917,-2.15079471024802
1.92151886698402,-2.0113000438961,-2.12153262922912
2.67602841315913,-1.53861352983678,-2.00708748806072
1.07844154564163,-2.14033952773404,-2.91287830785458
2.21111091979805,-1.73221652889423,-1.66393613101633
1.65592964777475,-2.1391585477405,-2.28410629283426
1.04651072280208,-2.17822460357033,-2.88879415189451
1.80159734362493,-1.83998593291972,-2.76251327176796
2.62047298900025,-1.34699649743249,-2.36480201441727
2.84963394678167,-1.35416538929806,-1.42188561496459
2.1992470656233,-1.86850823993396,-2.19314401760783
2.90016226464793,-1.35393052933868,-1.5466090504869
1.79516376423812,-1.95424073534592,-2.65305238659912
2.56730991687438,-1.55200340158945,-1.55603371213846
2.2197037306056,-1.85374755406193,-2.2065529170028
1.63206175624644,-2.14328775955526,-2.22777931635548
2.4810057781178,-1.41354076852024,-1.29265683978436
1.68652898070747,-2.12469901007027,-2.25116969940884
3.03802844263405,-1.03224561134499,-1.99308025988677
1.26154136569076,-2.09227579733887,-2.8721380133665
1.43179011901907,-2.22341366238242,-2.4497739867939
1.09417060928112,-2.10310375338001,-2.93926142061414
1.54734795593775,-1.9675562604797,-2.82492370986189
1.92347346789928,-2.01581504125836,-2.29214201409949
1.65191638462015,-2.0408657747094,-2.66327969601193
1.96025291996235,-1.88390775262877,-2.58294864305173
1.71803142240261,-1.84903144293815,-2.8110674693771
2.91413473965965,-1.22246755212768,-1.19834187632603
1.39664823699752,-2.14166180441483,-2.02009878662157
3.01603243883771,-1.22578114347362,-1.79814197372479
2.89967757447224,-1.19991342660125,-1.14287168307703
2.26577306072913,-1.58035917355148,-2.57704761210563
2.06250302723689,-1.74473789337355,-1.63504108019298
2.33741860975806,-1.65862982426375,-1.60016933843202
2.91770333393957,-1.34953119069219,-1.74450819167695
1.7704383812707,-1.97955763297096,-1.89044136486585
3.04086703662348,-1.21071055668329,-1.39156959043358
2.95199914970715,-1.26441731170438,-1.90868998093725
2.1172411951043,-1.89140645560702,-1.95463016547292
2.30211985111304,-1.77913004720833,-1.84753366233493
2.8122388537193,-1.42215433137514,-1.93587923471656
2.18536114160032,-1.87871008966174,-2.07109963869378
1.84365955585707,-2.0352248209966,-2.08305629283801
2.18634156913458,-1.61687479193564,-1.49888746531915
2.27194957036119,-1.70423202396677,-2.45888959259337
2.11231709118838,-1.70106507876458,-1.58919388622285
1.71988269722843,-2.11255805597546,-2.28907039157288
2.45667567261712,-1.66820270868475,-1.72491233944536
1.52736877367506,-2.19125575270704,-2.32407485464379
2.05844599059428,-1.94962712795496,-2.15013685139947
2.89177255410836,-1.31791628689804,-1.39209294498667
2.79998318117627,-1.4537933315424,-1.82667875177279
2.42682971162191,-1.63741862376522,-2.33679385944905
1.86849228692962,-1.72602307105831,-1.59978174223814
2.0289552300604,-1.71797537287174,-1.59766550854017
2.09069657032859,-1.92017043756256,-2.29488646112887
1.95605686468014,-1.99304663436788,-2.33061111008937
1.27703835816091,-2.20345048140683,-2.71611770302625
2.66181050575584,-1.56626768994837,-1.89222612016021
1.91357051593349,-1.91158828318156,-2.5939783682198
1.65888722552299,-2.11228310971428,-2.12410583218856
1.33956699789222,-2.20857201681507,-2.12900667521827
2.65613742738838,-1.10923048524658,-0.95148058416799
2.72233323797803,-1.51210614774274,-1.71997458857659
1.49490395578092,-2.03438502814841,-2.79409813283146
2.98683093602707,-1.15929099681977,-1.14676119104134
1.40530236352265,-2.10009455455601,-2.77808402875846
3.02247294128857,-1.2223901608124,-1.37863787229013
2.68286916444095,-1.54413248347523,-1.94572815085247
2.33665756960096,-1.64606058458542,-1.57838175137329
2.59608534299293,-1.38280982265115,-2.37024408548984
1.89975602698356,-2.00577363929113,-2.05189709389281
2.13894136078526,-1.56895768948836,-1.44669189936383
1.95100395245988,-1.98997803001243,-2.07260251191908
2.65502072425052,-1.54834464794918,-1.67922907458604
1.91661167137407,-1.92846452628103,-1.86749718566773
1.69808620802617,-1.96461112447264,-1.84375627298785
1.41316675093184,-2.09981878303464,-1.95921030750645
1.41041120316204,-2.23324306661274,-2.43424647202367
3.13393745215128,-0.967615091679409,-1.86852421653357
2.50904736422136,-1.25742267050757,-1.11814533414708
2.73318790776579,-1.4714432361681,-1.5677226682677
2.19423900220617,-1.83417840466293,-2.34840024418434
1.9688487892174,-1.97678610926146,-2.04618753303107
2.94516627802892,-1.22703528552358,-1.98439872095955
1.9832016252489,-1.86775493563343,-2.58026380734195
2.31770491591935,-1.79781865019948,-1.97938764042743
2.83311507332305,-1.42658635503036,-1.78749891297082
2.68581141804402,-1.51591096081097,-1.62474186150201
1.56677666029385,-1.98207786195876,-1.83937776593861
2.15838959573432,-1.83553799327067,-2.40794188512162
2.19344610666528,-1.68391782522653,-1.58435890509964
1.61506800181308,-2.10361297465647,-2.58551477917791
1.95442806792184,-1.99332756490709,-2.33422816109114
1.70399297379969,-2.11946748157519,-2.29790982408488
1.61292750842095,-2.07208583164712,-1.98692522887948
2.89426037541229,-1.35312631199299,-1.86317967967078
2.07366863938537,-1.73102943722926,-1.61975103483557
1.92974331070244,-1.96632492877174,-1.96204999844525
1.96375414687404,-1.81271962824552,-2.6599517205413
1.35540282360847,-2.11716176706438,-1.96853660397036
1.45323409292001,-2.17184241823105,-2.11336173673828
1.20416133426306,-2.19726620668353,-2.7791040923659
2.70873410815582,-1.41147620860906,-1.38754811892444
1.50479721049376,-2.12991084157409,-2.04757843125709
3.03061667178393,-1.24234238107586,-1.62431256242146
2.6901089366603,-1.46022736490018,-2.15811624842614
1.71423000544902,-2.10808670414128,-2.20054149215768
1.9936696210952,-1.7495696669546,-2.68842556664483
2.49920123730012,-1.54201238241741,-1.4850353458659
1.16500812155194,-2.11838917573909,-2.8946959468346
1.86894229726415,-1.88837690153292,-2.66553364363162
3.02008503839893,-1.23739260503662,-1.43657551746349
1.38327461585595,-2.23260062241065,-2.51330828499407
1.70426094843958,-2.00226496122029,-1.90226959956956
3.06803368790497,-1.12332142946724,-1.8474313499875
2.44111247031529,-1.64609592146124,-2.29996794798586
1.65383439109415,-1.91169332392354,-2.80487451608886
1.60323765199576,-2.06459371350691,-2.67134744837902
2.03434002041432,-1.89428056128131,-1.87237246872312
2.15367091973616,-1.85338953215481,-2.37577880675607
2.91141559282631,-1.33438570512206,-1.49352566460423
1.69371650526844,-2.06140604128662,-2.58315105013198
2.20536150163878,-1.81080326586274,-2.38281258085226
2.0965096843702,-1.64606548978212,-1.52423876660324
2.42671273865265,-1.67859423660746,-1.71483458369417
2.93408372477928,-1.16844836825299,-1.11352623770763
2.1249799886903,-1.89939023186976,-2.29074251580141
1.79833481567979,-1.92690649603513,-2.68364734514929
2.08081699401087,-1.68414399432398,-2.66562466347944
2.19863875913358,-1.80409275932505,-1.79724651122022
3.0267807233662,-1.10740038031497,-1.95514956826026
1.36631434577211,-2.23910188590795,-2.25843821392219
2.92339865584332,-1.17301853875558,-2.07870017006033
1.76130741158364,-2.09191815515804,-2.22586990123804
1.70098586647452,-2.09189194270179,-2.1025513717849
1.24885816057451,-2.12930770337692,-2.84025644228691
2.80277377027599,-1.29817350290199,-1.24686916691584
2.99999406022897,-1.22315579511086,-1.32375271178035
1.21625501780826,-2.2713077792015,-2.6146528694934
1.82866532880169,-1.96464557903784,-2.60523281901414
2.25727317848486,-1.8182959358103,-1.91638894376259
2.64402686202347,-1.12578476683188,-0.97017383134957
1.51237393408835,-1.99682751971742,-1.84815165299931
3.06680713567117,-1.12805470424226,-1.84347402568833
2.95636998450865,-1.19419979955407,-2.00126573534019
1.73685819609862,-1.91313564471974,-2.74662009826375
3.11354268979546,-1.12056403100508,-1.7157713399518
1.4592950059336,-2.13512264093433,-2.68415867852
1.37781342315596,-2.01785697861963,-1.85453211700554
2.46224205474306,-1.65349546250637,-1.69041069778116
1.35635586423352,-2.17457391477656,-2.06371825403004
3.17130198879473,-1.03231090088704,-1.70622222152499
1.50709243484285,-2.09041359087149,-2.71526944399052
2.30952909390429,-1.43776982949274,-1.31203331420941
2.59041577391457,-1.25014252802705,-1.10899222585357
1.99064024892219,-1.97631475099681,-2.09176098281797
2.3535481847394,-1.77709666705675,-2.10832194930256
2.11168155452968,-1.91865659981487,-2.21928648857814
2.20591443310682,-1.86674284421736,-2.16874972850431
2.99336550000742,-1.04093970259112,-2.05670827115463
2.75628335432878,-1.4409335988278,-1.51436946573578
2.89499107111768,-1.32677928707475,-1.42477738733646
2.97192429679687,-1.28242603488033,-1.79309204343584
1.31572188550771,-2.12651276548362,-1.97151089538959
2.94091241243764,-1.29119023485846,-1.88198568028039
3.08277001743982,-1.12529112966046,-1.80526425928868
2.46696932733002,-1.46104087260469,-1.3507858737737
2.81465544441473,-1.441520708116,-1.81415801377679
2.76284834206073,-1.30682075371834,-2.21344395021342
2.72282647442629,-1.44403242036535,-2.11999719188242
2.09805659183455,-1.74159248588774,-1.63891626578596
1.95779143314088,-1.70187526707806,-1.57675635366549
1.83473015491513,-2.04904266149358,-2.3861386281071
2.56226164391843,-1.54661462535845,-1.53931842636979
2.7688173642133,-1.40550259606829,-2.08940669883879
2.29013864511805,-1.67682326341124,-1.60783352575855
1.74253528102334,-1.86136069568002,-2.78638758965509
2.28676933451109,-1.82024111845458,-2.03790563924121
2.13847103817128,-1.80522243390482,-1.75665603996467
1.80909597424113,-2.07024417416034,-2.20917778929895
2.63320980463953,-1.37464883414011,-1.27950607172117
1.9762830686568,-1.86705360926285,-2.58842573151087
3.28335262158231,-0.912811113584954,-1.54194894022094
2.9557949985209,-1.18740244617338,-1.17041835619678
1.9452211546693,-1.9717609594653,-1.99407655711064
2.46799072519008,-1.67207387320099,-1.7553431415211
1.81117458695363,-1.83173806561856,-1.7016927605986
2.52698777531189,-1.63815550212657,-2.13551550428519
2.15086842179306,-1.8989171566285,-2.17835282168955
2.7160442607992,-1.47787729553493,-1.5565649458552
1.93935972658351,-1.91999120330741,-1.86371464432117
1.54432266071177,-2.01992341873068,-1.88193273015198
1.27345115141832,-2.25425417997667,-2.59907577629399
3.17044842159303,-0.87701455286722,-1.85799870705283
1.69977832143758,-2.04699871855063,-2.60451928164757
2.02078596670881,-1.78662598219565,-2.63430151941971
2.02381913437798,-1.69813681028849,-1.57542973763241
1.74330109918837,-1.94262314864594,-1.82488487320954
2.16705558538525,-1.72630386244283,-1.6371887024597
2.21788156379491,-1.74093404690424,-1.68231678109024
2.72036315934853,-1.4201476258852,-1.41627401256755
2.61385746061268,-1.56752064259567,-2.10721986722914
1.64668943934209,-1.85891132256409,-1.71950170253421
2.63971090826783,-1.11055312073647,-0.954148671360821
2.47349423092737,-1.5172673389529,-1.43251254623775
1.63284372495683,-2.12723944915036,-2.14716989256162
1.50756491240638,-2.09426108143983,-2.70915447322481
2.24222097260131,-1.8423773232516,-2.18337437024473
3.20403459212107,-0.959591365987374,-1.72114169826948
2.66176294065482,-1.3064245785551,-1.19099931003966
2.86213689420189,-1.39640009851256,-1.81592585870788
3.19485820079119,-1.05849990308218,-1.51083984665677
1.81639603141604,-2.05173212359484,-2.41891958434884
1.95116146656709,-1.961139275192,-1.96874919390628
2.64659823492912,-1.53768199162475,-1.62248625995285
2.18240660816249,-1.84555727638646,-1.89241630233681
1.28183573914456,-2.2468582598912,-2.61181215661243
1.54122169413694,-2.1780594113878,-2.24022432532911
2.28461193973414,-1.82055045611728,-2.13028203716253
1.54870484592289,-2.13581014700344,-2.59005536897012
2.7804204311738,-1.4656506955234,-1.88078066429585
2.05361390697711,-1.8731194033119,-1.83955684200977
2.94580304130396,-1.24343364220188,-1.96007247229583
1.36544229510386,-2.25090059068755,-2.41989888637876
2.19301026639835,-1.81504986900552,-1.8186902601983
1.80896052589407,-2.02625285261258,-2.01320461889781
2.75257289847403,-1.43588617535465,-2.07025422582943
1.6174825128365,-2.01618020425613,-1.89511935073284
1.62353965749205,-2.14562562271351,-2.42603141275588
2.80906304664817,-1.42291705794793,-1.94472511331318
2.96131489708063,-1.29082705685825,-1.46676862049405
2.36589236880237,-1.50634845060566,-1.38988094499699
2.93075924422576,-1.32973283651653,-1.789768733446
2.60066272003695,-1.54154692591142,-1.56716412925322
1.91258694584087,-1.96862087000122,-2.49598198807749
1.59075788692753,-2.1658549214655,-2.36699695727951
2.69359733258553,-1.48613229088866,-1.54447090148906
1.41372026470491,-2.09621678571173,-1.95418142437047
2.80035537532109,-1.28825780007474,-1.22740920458134
2.05642717767718,-1.93800378431365,-2.04096404231753
2.77851206158819,-1.45410586091741,-1.61131263727271
1.26488706139997,-2.18780406010153,-2.75208185503179
2.17539051910131,-1.86231628436111,-2.30470608115738
2.87721051825146,-1.37913951137256,-1.59104306164603
2.71489557534419,-1.40117354021897,-2.19410525010135
2.72169260106364,-1.45841036407171,-2.09647963873929
2.3111502832477,-1.65964887866134,-1.58907268334479
2.41874249663366,-1.34684295564365,-1.21524344431331
2.94708528318783,-1.28950033729496,-1.86629550068453
3.2164273615599,-0.875084805671712,-1.77228781233183
2.35008508774922,-1.44707790605463,-1.32096952242083
2.58655080387103,-1.54576602135307,-2.21326059157352
2.43835700400508,-1.59477378029906,-2.37668780721777
3.06801112331541,-1.10820900244872,-1.86817915581957
1.93802788129318,-1.77466921437615,-1.65178819974741
2.29202096811124,-1.61139052447241,-2.529623722122
1.46510664588765,-2.07149520432652,-1.93272950737909
2.42352693537441,-1.72704556637789,-2.11216154686854
2.2860950597969,-1.70452377071972,-2.44066280322775
2.03545839639174,-1.95282371373672,-2.07128155054668
1.99821502923364,-1.93886444938773,-1.95423568664582
2.71007808282226,-1.36440778450107,-2.23914922698584
1.98141696152927,-1.77253526856502,-1.65514568667664
1.39691351175064,-2.10989220330534,-2.77129076398129
2.29059906199169,-1.81213132126954,-2.17070811333054
2.59342914530529,-1.45891839557537,-2.31293789024484
2.63559305904584,-1.33265702560486,-2.35615267996293
2.02128324953493,-1.77228017768927,-1.6620999286703
2.79195465811692,-1.45921608369901,-1.70526418136978
3.08537018247336,-0.958132473718998,-1.95861342413255
1.64585306756004,-2.09081893890169,-2.04802164846955
2.40016110489636,-1.73647553381358,-2.15555778894667
1.54156849679626,-2.03033989657031,-1.89510689945094
2.65979716356731,-1.50773514890218,-2.13618759018487
1.66209539011199,-2.05021532502795,-1.96912604166638
1.82718245125612,-2.02948479799863,-2.47451157724153
1.49212989662482,-1.95314790843874,-1.80049608847909
1.55747998418552,-2.12997707912886,-2.59349375689044
1.32301430704856,-2.10936559726766,-1.95024592289146
1.90595664259295,-1.95829984853976,-1.92289794751835
1.9276601863497,-1.86816926867786,-2.63491586863233
1.91419595536104,-2.00198225006958,-2.05926908321559
2.41270428314221,-1.47910750282235,-1.36345311317592
2.76430027599101,-1.48554628913831,-1.78616199665812
1.45221750448971,-2.05679175712628,-2.79781891677207
2.58856911533826,-1.58092003554815,-1.66043051163117
2.03908939928788,-1.88412976778153,-1.85313638131578
2.75757448266374,-1.49043432758885,-1.76978498227174
2.73971214784583,-1.50195858300833,-1.88515734882314
2.58195272626074,-1.36902591499297,-2.39439035746868
2.187012208617,-1.67406689712105,-1.56947340503511
1.58448440411405,-2.16865375332388,-2.36255560247777
1.42039249283878,-2.19872964133274,-2.58234394409215
1.92758854328876,-1.94602906562129,-2.52173067936424
2.12947647090694,-1.90744952261406,-2.22571822788489
1.4923051417728,-2.11094491689279,-2.6960099027713
2.2239301737875,-1.81445811293834,-2.34142070528971
2.8214283908278,-1.24657650751819,-2.17681663224112
1.58051916391039,-2.07431604035115,-2.67668051451573
2.34360000703558,-1.55299071785698,-2.5224321421758
2.3236807012065,-1.78068513163602,-1.89475576810712
2.48692288863347,-1.67340325621088,-1.79991921326589
1.50809126889117,-2.14279990484743,-2.62078128871749
1.95265044912939,-2.0043519873898,-2.21921804128149
2.94527938424767,-1.25421165430384,-1.3092302985118
2.8075516584103,-1.36620580491299,-1.39173375881855
2.22463976693564,-1.84755686963324,-1.98227828710665
1.53981302857094,-2.14869998193458,-2.56792922877241
1.67220114735941,-1.99578613433003,-2.70764410240225
1.77757322387713,-1.83314869915458,-1.70040877055048
2.06616265519907,-1.9199908592551,-2.35844064925672
2.21911952651512,-1.78717956641411,-2.40696452206214
1.48946849647511,-2.20617409614194,-2.37321027898198
3.27308500640159,-0.85396708690332,-1.6607916328545
2.01156343483842,-1.70483668183261,-1.58177784509049
1.64586923011543,-2.13948151838228,-2.23904594039897
2.24213007930338,-1.81373991548185,-2.30641944404608
2.34987401914411,-1.57678011138055,-1.47821103397305
2.99669926389529,-1.24694744682553,-1.39675632220869
2.32012126335512,-1.683877646811,-1.63579451245116
2.68390968354962,-1.54732535708779,-1.79180216215352
2.84411611409855,-1.41185221640235,-1.83195309149691
1.29704939630033,-2.27523858009513,-2.40735223978448
2.42062978408545,-1.42243893952563,-1.29667540422509
2.45640106700846,-1.5334431565038,-1.45053716893729
2.3182839688735,-1.6082502014141,-1.51337868051727
2.49969130286478,-1.37618574407912,-1.24961367655359
1.31511337473817,-2.26752787881817,-2.35121244122525
2.06966652096443,-1.89022462734819,-1.89294742801237
2.60335052718951,-1.60232242632691,-1.79188808637153
2.24221951278626,-1.76862151801023,-2.40505988869012
2.37782191547119,-1.47060974225652,-1.34870686538178
1.33077277089146,-2.1552223120369,-2.01901367934127
1.67280864077693,-1.88700946864974,-1.74789191859416
2.99638260987172,-1.27472457872035,-1.55426610324083
2.29718436463388,-1.81416554748921,-2.03730227420921
2.66015393250894,-1.56109473366456,-1.76514279684097
3.00114519860086,-1.25460971852762,-1.76542916030715
2.45306876084392,-1.60313181749799,-2.34577106206943
1.67190737125382,-1.97981156231364,-1.85812616256713
1.63444643755419,-2.14796509881233,-2.2873937743427
2.26842185888498,-1.82308121081572,-1.96953815422154
2.41146375166935,-1.64480374046257,-2.34916961195268
2.45997048466939,-1.53234804466823,-1.45028406152485
2.97749523148634,-1.29369317661568,-1.57702965906988
1.70810472205222,-1.88662368866701,-1.75067997350824
1.70882174265215,-2.08797892396647,-2.49504563209862
1.66451462072818,-2.09306915849329,-2.06913270411048
2.15020158684242,-1.89189201603893,-2.24616006112425
3.17672505210584,-1.00669334036782,-1.73149910109785
1.49257149154523,-2.15650874662614,-2.10216016135232
2.32564507708601,-1.79404417737964,-2.12663557226074
1.89924535083168,-2.00171928620102,-2.03629798268846
1.45189061957479,-2.21441589576099,-2.27808857887663
2.87736715980063,-1.14978308585374,-1.04496757830309
2.67306101406619,-1.1793875903948,-1.03093578399776
3.2078170143425,-0.986663647818206,-1.67085615224126
3.09343500705567,-0.969575964877333,-1.93933688055538
2.50908670401317,-1.66679689235395,-1.83129615504285
1.78571799178055,-1.80231313834864,-1.67017971395652
1.66773839930435,-2.11022381372728,-2.49138669695629
3.10913569017577,-1.13660521468291,-1.32006380621439
1.32063161230742,-2.25880541499626,-2.5023079185194
2.54782188931925,-1.64396569815951,-2.03151526784223
1.69998239158558,-2.07035557110699,-2.03771158004736
2.53037616986189,-1.57007891451929,-1.56139937792823
1.4113572343092,-2.23519908546158,-2.36687019686657
3.11785907998922,-1.12246581188894,-1.29282627093014
2.62459826630075,-1.5939869669963,-1.85463727353737
2.21835682976508,-1.85951034991845,-2.05251610616497
2.19487797136013,-1.6835537110847,-1.58423443151852
3.02791531149435,-1.15227374256721,-1.18450342571551
1.5820514107487,-2.15155683231629,-2.17627002875086
1.92538838209759,-2.01314870786246,-2.14804460246085
2.1695439912715,-1.67917011365153,-1.57235054133459
2.46397892584415,-1.70745314637581,-2.02193006403294
2.35368728786685,-1.63027382602875,-1.56021600209941
2.62419543994861,-1.40554666525734,-1.32317918853922
1.77198444080437,-1.93786860246494,-2.69348467113135
2.24327467717723,-1.79079166857865,-1.80680055562202
1.88448034397314,-1.85881380696594,-1.74559306238575
3.17733715378761,-0.93546026282045,-1.80716792729976
1.42817605764318,-2.2291252221781,-2.36686245726613
2.49335758244295,-1.4433477982033,-1.33336190651815
2.13137280735516,-1.56974128433968,-1.44766799431426
2.35504282106085,-1.60329808368218,-2.46980569618579
2.79359774469602,-1.21425304510868,-1.10447693401542
2.12157513800313,-1.83040565043486,-1.79616219931318
2.77484432300187,-1.33274390507637,-1.28936304472575
2.12410954808757,-1.85211708775487,-1.84695218350094
2.98137868637441,-1.28149384655615,-1.74842615554941
2.87410657889327,-1.20354528380544,-1.13063160613418
1.77264654123934,-2.05948772210598,-2.0765141650499
2.97411149512856,-1.29152688022114,-1.52892486910684
2.59374511792114,-1.58447083247546,-1.68190726067757
2.61180904581898,-1.51925348712624,-1.52637564033727
1.91049865801514,-1.72078908015498,-1.59457216164133
2.22343556577422,-1.60704283541434,-2.59723013557478
2.32137577895926,-1.51143819006068,-1.39076415172927
1.42954046238828,-2.21579004507077,-2.24132399245123
2.52025623368511,-1.66726242945739,-2.01378085246858
1.99681585478893,-1.66908478056409,-1.54524167660332
2.82508412034227,-1.43031431126217,-1.83034857537133
2.62777298270945,-1.35814391009848,-1.25333281219567
3.13825173519551,-1.12845363549281,-1.47235075532681
1.46005480843201,-2.20963423366732,-2.46785143226839
2.8426690849714,-1.19136972666071,-2.18435599674464
2.19624029988893,-1.87361127367506,-2.1527132660182
1.52728271440952,-2.00811505026178,-1.8637783866795
2.89313135775608,-1.30627723128748,-1.36241160013273
1.60540256942074,-2.05417386841944,-1.95100050174102
2.42561418399927,-1.50489924668452,-2.47340298566172
2.88029230848603,-1.36721370996469,-1.86838998455231
2.54968465734078,-1.58608387373741,-2.21079053393154
1.58648856240114,-2.14697874206101,-2.16348134682106
2.73910431444209,-1.49912475347146,-1.91184503687264
1.28550738494729,-2.27886161543838,-2.42306727211892
2.63103174579497,-1.28285535016439,-1.15270762387846
2.99399859322932,-1.21729289349555,-1.88490235661461
1.84755551218885,-2.0357275922492,-2.09138628254364
2.97886463108336,-1.29443604560248,-1.64504813994948
2.1742840475801,-1.71739941781086,-2.55394754531142
2.14241276738935,-1.79667105132108,-1.74280585044053
2.12672920001015,-1.61575956963955,-1.49363441098093
3.11846377474572,-1.00130443631168,-1.87199835268433
2.31519593815384,-1.80293090450821,-2.02362887323476
1.47006470335181,-1.98445340877506,-1.82969377331863
2.24134287688734,-1.72226322092366,-2.47396886742072
2.50720619627028,-1.51072220210693,-1.43669267374891
1.18763432708945,-2.07556067889286,-2.92243285238139
2.3953808854185,-1.44024007219603,-1.31523623732574
1.79610301283571,-1.95938195294302,-2.64531337080538
2.07801703518737,-1.92939547515701,-2.04788172218273
1.52226996718897,-2.03135482345282,-2.77893966721135
1.484321701224,-2.13329703179351,-2.66436374305136
1.93698565761143,-1.69207570497248,-1.56755074917597
2.9921217994999,-1.27896557605312,-1.55858706432367
2.1707793390655,-1.73913607811661,-1.65814129576164
1.56374251956079,-2.17741010440683,-2.35059843923967
2.665131865196,-1.5115541120448,-2.11642238956135
1.96254249830948,-1.98841810221443,-2.09023903939498
3.10970147207769,-1.13153915927799,-1.70101614010406
2.91728684260578,-1.10946326812087,-2.12893547199634
1.48991054832322,-2.0321422054969,-2.79974034235135
2.23812720007431,-1.74335947151279,-1.6981392303834
2.41957614075679,-1.68462799602838,-1.72257773501797
3.18082388183149,-1.06542657691621,-1.57970007976252
2.70020573120959,-1.18970940828032,-1.04624072214789
1.86599925954254,-2.04239297785733,-2.17545470593912
1.91533619303501,-1.99333958855791,-2.42686311671142
2.08422615532193,-1.79341318831279,-1.71039632568733
1.69097708814142,-1.86681367116953,-1.72880603201785
2.01080447320484,-1.89237608130797,-1.85142416399496
2.62757083981393,-1.53233847428297,-2.15657728908398
2.3547348690792,-1.77897336653904,-2.06803229202588
2.75089003842971,-1.23083804923896,-1.1126242867525
2.90271751465712,-1.17860516488067,-1.10752705955726
1.93206972862178,-1.9984869847132,-2.37153145424098
3.05286311679734,-1.19291916813518,-1.75160222683392
1.8707142153495,-2.04229988855457,-2.19783262395451
2.2525450719262,-1.47667440992657,-1.35296930936835
2.13984801331228,-1.90614557478188,-2.14941565316124
2.30241678827274,-1.68733075304987,-2.44180132991807
2.49998846909709,-1.57173937343343,-1.54040146713208
1.94418887217809,-2.00219878766427,-2.12734732905873
2.22772539971209,-1.73724640398734,-1.68093854596235
2.34617468807852,-1.75160518533002,-2.25291040960495
1.66629295292391,-1.95063630093475,-2.7618228272466
2.98463638184572,-1.1841992317701,-1.19767019743912
2.06745336893218,-1.7673010563608,-1.66637137318217
3.09780666354544,-1.17200845055541,-1.56590453610847
1.94148207675577,-1.81084224260597,-1.69547473480509
2.58152221056714,-1.48309020027758,-1.42990276292636
1.26580505645719,-2.13258602862174,-2.82678989162996
1.85130053906652,-2.03810785863676,-2.10889001272717
1.75523796617758,-2.05769323488672,-2.05179560187235
2.43856550299428,-1.64595438110325,-1.64628736002967
1.72892224937286,-2.0587039521641,-2.03085775433303
3.01891318874398,-1.15234936826759,-1.17176214828819
1.41483733391321,-2.23330008533859,-2.34557701070669
3.02369146013442,-1.18119602534355,-1.25037712108437
1.54436782495667,-2.08286052505259,-2.69532775052496
1.49018871059133,-2.15792194407086,-2.60595208908267
1.75999735138234,-2.09496038143484,-2.28700142248148
2.32755015460229,-1.64726764824769,-1.57618261613112
2.8314478941351,-1.18001031106284,-1.06938586413518
3.18510614665969,-0.863782106035156,-1.83892660147967
2.45435137846824,-1.66843927072635,-2.23016061974467
2.15018999249004,-1.77827818777384,-1.71381894325941
1.56717713506364,-2.01602914839322,-2.76442056637764
3.18827104517952,-1.06003226905093,-1.55634951689189
1.48417007196062,-1.99476947665409,-1.842107015564
2.53850904774915,-1.59174952921168,-2.22179508221245
2.72069815635429,-1.17933494206654,-1.0362439099293
1.75082735168626,-2.07542726688513,-2.46260012290012
1.88672650544844,-2.03154083091846,-2.1593091592557
2.81768372967574,-1.42407761389158,-1.90713185527116
1.52413092333689,-2.12129866663497,-2.03999454593777
2.61071255082976,-1.53367860297004,-2.18830748565332
2.23309374518431,-1.78103835272917,-2.39678735602162
2.60333166360624,-1.61038636410803,-1.88691507042289
2.00681197028386,-1.94404518526799,-1.98059462950239
2.67514301684676,-1.4694508574034,-1.47903487186194
2.53694285772825,-1.39982897105084,-1.28557395371306
1.82403144004982,-1.90325842801373,-2.68799624237573
2.16530063563446,-1.8868234087079,-2.04662951379573
3.01109005707613,-1.23110618541496,-1.80142810468564
1.90825242821672,-1.88511260818729,-2.63343881781509
2.85485263902231,-1.40626803037068,-1.6696840051664
1.35886576401212,-2.10500226188951,-2.80267916231206
1.34551077939982,-2.13143871502726,-1.98654677942087
1.36712252851934,-2.0423277992611,-1.87873467463143
2.57123270760536,-1.48253135815035,-2.31968747967871
3.0612543406064,-1.1449235713121,-1.83103023464224
2.32988330651371,-1.79393295744367,-2.0924399133735
2.70805264419875,-1.40960072318313,-1.38323886151501
1.94898086776989,-1.85759509792742,-1.76156494781948
1.61332766011538,-1.91175557383171,-2.82998539115661
1.75115411830309,-2.09873845869971,-2.3016211217786
2.11409449567626,-1.77033460649036,-1.68548778079573
1.32575560275346,-2.19121226859355,-2.69853314337248
1.30133852894982,-2.26763454238564,-2.49098863654619
1.33302299029259,-2.17587558157522,-2.05588552570564
1.64358607702877,-1.92168758062122,-2.80328663003266
1.71273687684049,-2.01943099988959,-2.6382236344918
1.60969733595642,-1.88089558705741,-1.73857971302126
2.63368215415705,-1.17154713727736,-1.02081941603556
2.04862579880429,-1.78116864489796,-1.68064094683291
2.10657789439609,-1.72711634183766,-1.62150409463767
2.05873095896406,-1.62119101910634,-1.4987159573728
1.92105994718635,-2.00180946843032,-2.07028259094623
2.81244555363628,-1.43878379378403,-1.85749642394032
2.9362104429914,-1.31823437702625,-1.50500683656542
2.1661091470145,-1.53817031583507,-1.41619931983385
3.01980703892576,-1.0297217584346,-2.02318399990373
1.84649596513652,-2.05105550735797,-2.17755128646316
2.65801969643701,-1.12767261524007,-0.971569057012707
1.85386669480932,-1.8424633907241,-2.72240645010865
2.66811113486235,-1.49949338848941,-2.13435656034399
1.64830046325219,-2.01453471336822,-2.70365575874713
3.17500230101549,-1.08663372433587,-1.4587968763953
2.3591950787599,-1.73419204007309,-2.27126305009747
3.14186494063819,-0.998121247555527,-1.82651109459245
2.55438013915249,-1.6438233856943,-1.87673661777437
2.35124130106605,-1.57073080909097,-1.47021421704687
1.80906525791849,-1.94029569763178,-2.65815364178788
1.89162467466531,-1.97786977414494,-1.958389138215
2.15099294373961,-1.89331301150141,-2.23364978434898
2.89053387029442,-1.3759848492284,-1.66374190002896
1.45720560595554,-2.11615389935822,-1.99934424778893
2.79431750405671,-1.33622186285656,-2.13624367510957
1.65181875933031,-2.13622759324412,-2.40171001159964
2.54860237415213,-1.58377135989937,-1.61196183711742
2.10875268183015,-1.75433743214616,-2.58291631421677
2.5235737114292,-1.3695641833131,-1.24454299324959
1.646108066325,-2.12478767270638,-2.47695252703656
1.74609579221485,-2.06001092708427,-2.04969357321041
1.9582289484301,-2.00125341011218,-2.23762589568749
2.96521991485188,-1.13981607005131,-2.03667769582484
2.98800378576975,-1.28113675184779,-1.70308396007435
2.01083304804344,-1.79939777155629,-2.63099641914014
1.95321039990546,-1.92886542114579,-1.89064962529204
2.78632092109588,-1.43647069937951,-1.55973328324051
1.16979889229632,-2.08847963603344,-2.91950048703343
2.84504169175735,-1.37989237221202,-1.49257187991138
2.61379374277808,-1.28564294668223,-1.15349429710209
1.69800497291925,-1.99375098250029,-1.88640776058233
2.24085423989976,-1.63971709513776,-2.55724812671786
1.68474362247456,-1.96527576366275,-1.84138601560691
2.92061856703469,-1.21002552780415,-1.18003323787756
2.40573005049154,-1.72748150287977,-2.17570150828936
2.75551577294774,-1.4928098809954,-1.8050698644253
1.7613798802492,-2.04485144746829,-2.53363358718718
2.56587992222003,-1.34131739313633,-1.21575832168543
2.15343041503063,-1.65489044916181,-2.62548079663901
2.29097016761239,-1.56870205270962,-1.45505652243062
2.51187535645311,-1.43249560902852,-1.32329112456226
2.70940651596082,-1.52979602919583,-1.83236195273122
2.49480672863782,-1.30101132168969,-1.1645438713413
2.90290952966207,-1.33970058357645,-1.49001212709649
2.36633731502625,-1.67544525285014,-1.64999378306683
2.11923034662648,-1.61376501306381,-1.49135922452513
3.0689240168291,-1.17669524066904,-1.73522420478885
1.83365228292492,-2.04236068738655,-2.09685564173021
1.82829871306041,-1.81616970644355,-1.68654876676488
1.68330643718538,-1.84605440273713,-1.70858353661883
2.32326781307685,-1.59479706761013,-2.5112903819847
2.32008856881538,-1.5082470580713,-1.38700671300525
1.39040816249027,-2.20511122118487,-2.60181142633622
1.5934607192475,-1.96573423297845,-2.79735229129127
2.1115172371278,-1.80499653640731,-2.52133079098778
2.40828191513071,-1.43126154031401,-1.3058915798963
1.79095986098539,-1.77862227341889,-1.64811995666578
3.26805358145152,-0.946270585110073,-1.52564766346468
1.14225710683539,-2.08915969781512,-2.93085598179849
3.07823304193502,-1.05644308362675,-1.90290795138374
2.8786580574713,-1.37798303940179,-1.59080263964185
2.153709530284,-1.71727860114293,-1.62001783383452
2.7758060571712,-1.47599866445422,-1.80353199763716
1.41602537726678,-2.22910619185201,-2.29858587800537
1.94918097243249,-1.98542959746189,-2.0487650407774
2.35148968861287,-1.42914976745851,-1.30205268541603
1.95393447352328,-1.93590950708581,-2.5064105480191
2.322840455122,-1.75457477746355,-1.79914219948022
1.3069900506075,-2.11968258048244,-1.96021499470291
1.97280406222431,-1.98177782949778,-2.078025500063
2.46142253233667,-1.34386658301109,-1.21091909430039
2.49955871516803,-1.36876388200016,-1.24076588653507
1.91985150601706,-2.02042471142388,-2.24040252156121
2.18738660768028,-1.6503565840735,-1.53909013608768
2.64266378693983,-1.56182073667502,-2.03768670190853
1.84179080443242,-1.90774707309485,-1.8024587010956
1.67793910040136,-1.85078444716686,-1.71282708545817
2.90626532728767,-1.23447606994036,-1.21462185290173
2.24479031561607,-1.74677054086509,-2.4363122385569
1.34782996457449,-2.21024391506263,-2.63675800596283
2.69760063089757,-1.38356808698801,-2.23928640682474
2.79321273578715,-1.45503465546992,-1.87127405534383
2.92132866416493,-1.32551527593026,-1.85169278913222
2.50440791653205,-1.36814856646938,-1.24051881472253
3.21338563002402,-0.902522890123376,-1.75744494856795
2.29363722869306,-1.68725847165027,-1.62725174719457
2.58056341946199,-1.44877309041086,-1.3715339730758
2.77515455875474,-1.45092778721348,-1.58799956087168
2.85735535294105,-1.27950155521764,-1.25733585718793
2.65342951544159,-1.47543219245831,-1.47034318712998
2.11685627404319,-1.65093727793518,-1.53089494528644
3.09191476390693,-0.988168929365894,-1.93064148626478
1.46485696529531,-2.03998781098596,-1.89129932953884
1.38921015951861,-2.19008046108903,-2.64118483795286
2.74257740306049,-1.4123924402916,-2.13092047682159
2.6979736905565,-1.51913344479903,-1.66794250819573
1.19530123243126,-2.24140768289373,-2.70905568217617
2.03004557971328,-1.91046833710359,-1.90821728410701
2.67956239218143,-1.52946964259087,-1.66279877149663
3.00023793339743,-1.26963513732246,-1.53703564168611
1.6416581321698,-2.00395446328321,-2.72233033070146
2.27772798561013,-1.81022838045573,-1.92515580590786
1.53800292600308,-2.17778583501682,-2.46154075310114
2.49477190952773,-1.60149556567835,-1.59807639903664
1.73077948042407,-1.86018018039981,-1.72482225662228
1.58588235933044,-2.06913900391133,-1.96908055514903
2.26340461036735,-1.77572442071515,-1.78862054214773
2.91407384386646,-1.23105493695032,-1.21567176655365
2.99187714021473,-1.12268646257503,-2.00514711593121
1.35795404211758,-2.17460248255024,-2.70189856583909
1.59095476019943,-2.13111920326947,-2.11318188471366
1.50780562953063,-1.97543580772016,-2.84185864233618
2.19366040964565,-1.6248746739716,-2.61135401775393
2.0972820275792,-1.9228247380875,-2.25606552240058
2.60788828697288,-1.38361012545545,-1.28334234121294
2.49768100572798,-1.36297788076178,-1.23379217063943
2.4868709161035,-1.51672710946428,-2.39539764905131
1.52041882389108,-2.18313141657477,-2.22761526326556
2.94189571871951,-1.09663928130792,-2.10142041841
3.00379590825739,-1.18122649640807,-1.9181165209756
1.69389987549453,-1.89105780237756,-1.75399735822346
2.97868560005489,-1.15467175809614,-1.99999673071883
2.41790633162191,-1.5383844470858,-1.44411046261306
1.22609383814886,-2.2669674069186,-2.61658986997748
1.53685422766558,-2.11429947200612,-2.03226046827799
1.64414083226656,-2.09166199091445,-2.04885875246252
2.93112920468141,-1.21989747077509,-1.21083174570658
2.76752019338087,-1.48020033711074,-1.8568393529732
1.69362015217269,-2.10820621228106,-2.15730107848244
1.92440509965864,-1.7151209397563,-1.58923832334188
2.58597682237573,-1.27358013887075,-1.13593262360483
2.51868776752796,-1.66979633826052,-1.91061051150279
2.9508154897813,-1.30249071125819,-1.48329997393038
1.64576976079849,-1.91091812109676,-1.77035411107675
3.23852621975767,-0.923987786605405,-1.67300772694775
3.0560010995074,-1.18698288395229,-1.34427374714074
1.59047473427292,-1.8958745654186,-1.75171669725527
2.45649479777961,-1.59921855824449,-2.34594974006811
2.44580910478578,-1.65250241769596,-2.28030154978821
3.10177528040232,-1.16703650298217,-1.57268774570053
3.04377324816169,-1.12843093736284,-1.89760669318091
1.92427027984273,-2.00777305488349,-2.34760517961771
1.87114507421259,-1.8967915099207,-2.65409050162172
1.92352738594594,-2.01860116424002,-2.21763758490352
1.41919135378249,-2.19550649658611,-2.59326466689585
1.7206983795259,-2.00585413853562,-1.91492602561818
2.78119384130189,-1.41450221700334,-2.04539948712306
2.52902408760684,-1.64658697942753,-1.78589361025984
3.22051256661677,-0.941438494535235,-1.7000833139021
2.34467046764986,-1.76970322251525,-1.89371710290497
2.37320945327917,-1.76624529339038,-1.98633864268183
2.5742908173261,-1.25518457349758,-1.11420787992823
3.14162548735278,-1.09137162044581,-1.68269906553222
2.0026504077247,-1.65999033310645,-1.5365222825729
2.68292130805047,-1.55048994479971,-1.84641249383569
1.65418204571014,-1.94741303322701,-1.81249667602776
1.89395332489616,-2.03275959227423,-2.22067948414272
2.00708748066414,-1.94212223944062,-2.40888042994601
2.43902179867491,-1.47426900203886,-1.36212931404821
1.40125310662466,-2.09547345897445,-2.78655269077242
1.37767795016033,-2.23919227130555,-2.27975514556669
2.70256288166408,-1.28489304128218,-1.17346876584235
2.36389850059426,-1.75413566779407,-2.1980044032472
1.37507938953298,-2.16207393641131,-2.04815211593979
2.23157459636054,-1.77864741876622,-1.76642101784914
2.29590071596787,-1.76271394460245,-2.32817839226458
2.25352443399168,-1.56319631403206,-1.44395053113624
2.46728754208905,-1.70553419333173,-2.01391070154174
1.94734953958747,-2.00511942684324,-2.16964553737113
2.66760695675186,-1.55903926299309,-1.92953847141275
1.22627180249765,-2.13103219274965,-2.85078382621752
2.6232913441656,-1.53807881574024,-2.15418693906887
1.79348167525001,-2.04573062579711,-2.05514615462143
2.94145370127911,-1.15811768234573,-1.10083014358467
3.14936656563598,-1.1073781433021,-1.58354319596409
1.85900532231374,-1.92852981123611,-2.62614629856342
1.96254227749606,-1.94711797098172,-1.94143441067938
1.53585662651714,-2.11476769901575,-2.64906266148869
2.92917647133434,-1.11295747474214,-2.11042113772371
1.9601305017081,-1.83547810041936,-1.7327068712929
2.23316891746019,-1.83323405033519,-1.93119532082878
1.17215634312779,-2.11715303951251,-2.89249667065433
2.35220187091041,-1.76198265309882,-1.87572407072623
1.67002273695953,-2.09711849779746,-2.0861100417242
2.80747896789714,-1.32014064362599,-1.29222364678318
1.7036290001307,-1.90262561460816,-1.76777828868716
2.60031959127633,-1.58647940110307,-2.08865747874547
2.39377191046967,-1.67504824118755,-1.67150396593238
2.08986915190293,-1.90602329932403,-2.35305855011072
2.78383525285677,-1.20750451198832,-1.09072868899955
2.91772344713926,-1.27599835809081,-1.97373811714123
2.97142936633866,-1.18489578288809,-1.18278102428378
3.07137498038501,-0.973503601707474,-1.97295180279461
1.40879728681562,-2.23569344870795,-2.35172630043076
2.35902623742781,-1.5119230149221,-1.39569848141021
1.89831079394036,-2.01871728545627,-2.10730141400421
1.70881350829766,-2.1053287906025,-2.17103764332864
2.28002447225218,-1.82520719100919,-2.09317279506414
1.95982624204735,-1.85468029417753,-1.76074971460297
2.4274884862255,-1.6422158288335,-1.62829097814589
1.64899911062043,-1.89648195828936,-1.75570184439641
1.92086241022828,-1.94054226340335,-2.54025663817821
2.4241769642092,-1.69311536256363,-1.75364384438981
2.88892724584471,-1.31755703113142,-1.97052348449466
2.40239623267822,-1.53341159118075,-1.43251679713815
2.42159495745766,-1.7075594199384,-1.79815901205391
1.63085692266555,-1.89211596020761,-1.75013415405044
1.97877575964474,-1.83233295076121,-1.73359113133088
1.61209766001959,-2.09230095852771,-2.02849648862912
1.85416498588021,-2.04939851963935,-2.19452280335364
2.83963138466196,-1.17595368202326,-1.06693011864381
2.17269462202116,-1.72130794508545,-2.55167712653454
1.59466845202874,-2.16295124728983,-2.38638034383529
2.32826631326505,-1.72918434355208,-2.34021307118284
1.64124606628834,-2.10547774309148,-2.54702423609972
2.76475689811537,-1.34481726325848,-1.30414265834776
2.81510007824428,-1.44139741039418,-1.70952733771906
2.79110505774136,-1.46308366190406,-1.79992969979692
2.30976926593622,-1.80719075920338,-2.07801220540204
2.22018528561633,-1.82637596374799,-1.88283464707765
3.23047789819004,-1.00839905917864,-1.51426821562647
2.66913380753815,-1.34442839139805,-1.24844265144279
1.64660506135492,-2.04554526488993,-1.95312146241866
2.49596196120002,-1.40946309507268,-1.28994508114488
2.80962337965968,-1.28683665777601,-1.23141849618941
2.85316249118868,-1.29713734406621,-2.0773073966243
1.42002323743701,-2.21818534308954,-2.51104550493108
2.14957824108853,-1.81712833722493,-1.78777928064946
2.65987974879586,-1.56628211728203,-1.91930927940077
2.26028003692883,-1.64919795963637,-1.55438295010446
1.84258848984763,-2.05667967668762,-2.22744089966987
1.91581336090363,-1.97266701267353,-1.96610325896247
3.01724755635035,-1.12988637808023,-1.95138609316573
1.74020232495497,-2.00636528530922,-1.92455601550034
2.44274577362315,-1.57188153669697,-2.39638113480987
2.17329931628691,-1.6978119652572,-2.57338700186181
2.17052880144092,-1.71686053607983,-1.6244099281385
2.72696641208692,-1.35932589251046,-1.30332109121182
2.33007859991074,-1.74176394330546,-1.77164216494166
2.04974365252375,-1.81168567286105,-2.5803314693394
1.88382347549647,-2.01090679779244,-2.43030571654886
2.82509913527413,-1.41204759935283,-1.92332481343103
2.20213359100528,-1.66510917462388,-2.57375278930892
2.55482669143559,-1.55339944928721,-2.25707398537888
1.54944944986545,-2.16065622533323,-2.16925506233904
2.77218668578108,-1.36766426979014,-1.35581717585192
2.4721209574362,-1.65548847414838,-1.70907332470259
2.85310351209343,-1.30584819438979,-2.06654173219445
1.30938842963019,-2.11872777836963,-1.95949415399418
2.71744132250681,-1.50053021897398,-2.00108526872574
2.29714556508572,-1.77430749109111,-1.82447799620573
2.86927121449588,-1.30997256482196,-2.02827615934799
2.75827555229585,-1.42862570012133,-2.07125716116288
1.89986589413459,-1.80368081110726,-2.71935416053666
2.18574686553725,-1.88002858072241,-2.14701380432716
3.22064513008866,-0.935438580266893,-1.70704889824929
2.81217780140667,-1.41743016515775,-1.55120893502258
2.65362503925446,-1.37898376187295,-1.29494149237652
2.87644920035359,-1.17469935350401,-2.14807360968333
2.22792944458884,-1.75894399585289,-2.44090684214805
1.42386453674448,-2.2303471084304,-2.35186012281087
1.45056731949825,-1.9736122562823,-1.81726061333706
2.9606676511793,-1.09145505479819,-2.07713991004722
2.69964666425017,-1.50986049451923,-1.63323724720021
1.44042368102774,-2.22350640869063,-2.41043610248029
2.52135819839036,-1.55011526694757,-1.5138038209448
2.95376938279621,-1.29412966310072,-1.82843175102235
2.76142739098955,-1.48767308222574,-1.77783044348174
1.8905049232303,-1.75810976093394,-1.63050725803193
3.11422408025897,-1.1549175523394,-1.48971139296663
2.18597589134491,-1.69128174942819,-2.56686185459385
2.47908461049777,-1.58975383186696,-2.3253397699002
2.9378153344558,-1.31682328656265,-1.81349364367811
2.70278091320941,-1.52301730598241,-1.96550099915079
2.58857232269252,-1.53731936850533,-1.54391228061375
2.10604864214643,-1.91394000817786,-2.27779180988882
1.80579613558611,-1.87234883502945,-2.73268596654
2.86091887489898,-1.39642763762481,-1.82414128620834
1.48604400911472,-2.10660661525782,-1.99409297907939
2.19397254896048,-1.82778006846294,-1.85340629794579
2.74670759741555,-1.44957886997366,-2.05586535985201
2.33546618454063,-1.54381678795935,-1.43144388867899
3.18490687480437,-0.888284511112132,-1.82554404587987
2.75204677403535,-1.30057357562471,-1.21878813240019
2.98873725262326,-1.27548648386757,-1.50390804406505
3.05027442376843,-1.08930268250124,-1.92698443112358
1.97098235734191,-1.70629378706182,-1.58139125961332
2.89505209398324,-1.1513952984364,-1.0571825955819
2.76733225927486,-1.42482387624801,-1.48611917425253
2.94557539811791,-1.2206351195079,-1.99170245488239
3.0221821161206,-1.15380193034032,-1.17970288606431
1.53234133555112,-2.06668133555999,-1.94512724549884
2.89047312687172,-1.32901020895922,-1.42258140616898
2.214442879894,-1.60069455023613,-2.60913801766373
2.6432925040023,-1.57249379799979,-1.7660190741844
1.61632238586045,-2.13736234019542,-2.48410929818127
2.30705770144378,-1.7383198833599,-2.35821593554716
3.07367589932103,-1.18841911386588,-1.66541997989457
3.18965150873469,-1.06940400111164,-1.42721677227089
3.03177227265325,-1.24156812668802,-1.61470382469267
1.9178494341398,-1.79562103981898,-2.71200990535756
1.84408477117795,-1.7739196163077,-1.64447726381442
2.10967465744432,-1.89983459403186,-2.3292136610036
2.43874448549675,-1.68101613530291,-2.23347271924481
3.23406990449294,-0.948144055203653,-1.65162921982232
2.64197652730528,-1.36528962069504,-1.26893017768189
2.86974646170273,-1.19291667298391,-1.1099098023075
2.63715755988049,-1.18814952711518,-1.03955446231167
2.42938804595671,-1.6169376182025,-2.36157670282259
3.03584005493975,-1.23781298142776,-1.56833284533208
1.37149920791945,-2.01328663740131,-1.84941171711164
2.09530381481899,-1.83878660482873,-2.49187546058956
2.01002316940834,-1.96729811871355,-2.08990263379509
1.86706883532645,-1.78846128737168,-1.6603157784429
2.94218853984327,-1.26233310042686,-1.93804445243546
1.87767919007814,-2.04078775457318,-2.2508895885138
2.09623243464615,-1.61602946394865,-1.49334463259597
1.45534734156276,-2.03910314813679,-1.88847020733272
2.88358813047732,-1.35768291139546,-1.88902678632008
2.60822728728265,-1.45741449406458,-2.29403665932258
3.21682921751618,-0.984566902560669,-1.6448391438648
2.30105219726686,-1.79645818767101,-2.21563782432363
2.17084794671871,-1.88334295960308,-2.21651869353485
2.65185478630634,-1.55697462605503,-1.70923600126518
1.91425813824197,-1.9833539849773,-2.4577678221717
2.07847432413534,-1.89493766137543,-2.40654764382285
1.79437376529695,-1.96591777805015,-2.63795564902529
2.64457890429176,-1.5472900225253,-1.65135988072557
1.79509777678652,-1.84737958232955,-2.76132170038484
1.8211150479602,-2.06260349253129,-2.34423662143969
1.40366483118047,-2.22743766713849,-2.49768638272305
1.65905495101652,-1.8773872722802,-2.82751237183016
2.77661828425933,-1.34261898517124,-1.30953335481594
2.18594659882743,-1.78206789855234,-1.74067592659737
2.38569878871008,-1.75923833907893,-1.99825713164627
3.11942216512415,-1.14119431110811,-1.61080483299555
1.55566088385538,-2.093817117066,-2.00095744228188
2.85464142183307,-1.22928959178719,-1.16171353663093
1.52870541767176,-1.98208772191849,-1.83386903961003
2.43006097357599,-1.5996070883752,-2.38211303396888
2.5873769275874,-1.59928971315481,-1.72507424407999
2.85573576058745,-1.37874786358896,-1.51431417648664
1.42873358744451,-2.14453589955752,-2.03883314891623
2.47593360120866,-1.46329471852341,-2.44914807004146
1.92857726430603,-2.01125817978078,-2.14404533552616
2.7563042364157,-1.47392568605979,-1.95676631364562
2.20309033548132,-1.86033616436807,-1.99424255191771
1.60160761950517,-2.11186329717725,-2.06816499850945
2.68503974000904,-1.36101413410354,-1.2816057296957
2.07377519058829,-1.87408536414726,-2.45941622697759
2.16985755183424,-1.88588564151021,-2.19990096287533
2.94122873521588,-1.32797379839323,-1.72193524640553
1.92552589513513,-1.95870796780872,-1.93878973691258
1.63410397116958,-2.07192362034024,-1.99767608300364
1.31811458150489,-2.25928651072928,-2.28801406083252
3.23980863148921,-0.825594371229811,-1.75722857525043
1.4004911837125,-2.17994818955429,-2.65228721693904
2.36792651875599,-1.58859806825974,-2.46883992163521
3.16865654926488,-1.08636446028857,-1.55769514480702
2.96763864076963,-1.28175279858443,-1.8139311631888
2.37941433149455,-1.6759062803222,-2.35050705469263
2.80153323861184,-1.43537261010274,-1.59703442108102
1.46746436564072,-2.01985766911635,-1.86778093889783
1.34261790513966,-2.23944019655821,-2.55460562879024
2.56610221244781,-1.19490051300158,-1.04908817321024
2.32297525942964,-1.63856579178165,-1.56029191832643
2.78305873377144,-1.23415100726888,-2.23696335791367
1.86940943928743,-2.03600153084027,-2.13793209932067
3.021749207662,-1.23854624818483,-1.45012909852372
2.12335774056847,-1.88698229829001,-2.34177880110465
