-2.88539228886107,2.20241481219169,0.00645119444793851
-3.13141442427453,2.00897090704654,0.346929284373753
-2.24768774690765,3.41345399990617,0.355037747485201
-1.50060378967667,3.73258637139789,0.934832064032752
-2.3838145784785,1.71620829347263,0.0474652983001529
-3.27660688335722,2.8445119517528,0.502520235238266
-3.28878771836217,3.46546716701964,0.909845564336651
-1.4964187156649,3.35712799917483,0.583170594076776
-2.77669039627988,2.86449836606737,0.0220801971764852
-1.18777926906205,2.06465427355642,0.487027391502512
-2.28232443413996,3.97335340812662,0.989947480765446
-3.41976418818758,2.59588863921682,0.585413003325974
-2.37159117817594,3.42794895715101,0.381511010930818
-1.93759030304047,3.47687104550976,0.474060559050975
-1.91206607913598,1.58442515943035,0.248688279705125
-1.84234516541281,1.74647234775638,0.117320736891388
-2.02976511316997,3.22599683845651,0.172445272020885
-1.70838985831622,3.23194021327508,0.327530338542401
-1.47473224177164,3.38387750878806,0.622175719680026
-2.63081256952059,1.70772969260601,0.154766324396555
-3.31052947907309,3.36206425176277,0.847929133395957
-2.24018956852182,3.90229482749531,0.908716372570831
-2.75259915414281,2.85335499203121,-0.00698340166637534
-2.6939461678643,1.95205323226351,-0.02663504132535
-2.66573324533131,1.79961440211988,0.086942760362542
-3.33906267721883,2.94087948016775,0.611203702439686
-1.09197962129938,2.80466322281849,0.599338380967668
-2.61027738834309,3.01627708079224,0.0266413454051518
-1.62470880353447,3.2651881457256,0.412338287728472
-1.38398168854268,2.66729342280516,0.237196241763397
-3.4522183196138,2.87449918058617,0.700222079489798
-3.03709400397618,3.73660860323966,0.974945439547553
-2.81974599365739,2.02000914157152,0.0328445387358693
-3.21130644130626,2.95690675736977,0.490464231554658
-2.40778503761549,1.688163156618,0.084331468874107
-3.34363478036654,2.71654576603286,0.528479189001235
-2.95955685203891,2.51457076482437,0.0563879989952547
-2.54109039169999,3.435640278209,0.430570208416135
-1.8861116085776,3.19539840585556,0.193978928277468
-2.90063157561236,3.00546125817948,0.232501230388188
-1.85980453467401,3.26063782803918,0.273594383813345
-2.89394634333099,3.13186960595885,0.327210079136338
-2.95743674195414,2.25325583863227,0.0692107149404906
-1.83059368221697,1.71763708774001,0.152249633837202
-1.38624029562958,2.20025848256057,0.227414758497384
-3.33982852423934,2.48739560787559,0.482612485448526
-2.59065776192813,3.39706788447821,0.406705529345956
-2.47333648256679,3.17399364420732,0.124705156329966
-2.43866915562669,1.54140201241285,0.254185773438987
-3.29694510369132,3.31606793791604,0.802286535216315
-1.63532603407619,3.33420654356479,0.469788854365829
-1.53610707581009,2.53298833755898,0.0355577310554976
-1.26833510128121,2.15286075356906,0.370334104139174
-1.59894013180185,2.62204791993759,-0.0107558627615563
-2.73586209577383,3.50097821618802,0.57828029470417
-3.23982896630832,2.44514715751419,0.367427088695142
-2.87495360886917,3.21651410341196,0.385844010716372
-1.27070100215267,2.54409970065795,0.334994877909269
-2.73298945051881,3.55302968005025,0.630715779721674
-2.23917811544058,1.68331932158892,0.0676498825466159
-1.10422248872972,2.50818474957523,0.518555946902781
-1.85392710517756,3.65616584046411,0.69575526206303
-2.67491658077722,3.60410066834437,0.659744021710818
-1.83189426164441,1.8101516515116,0.0623437323146742
-2.63170507088195,3.14198469071931,0.161800424109952
-1.33068573045076,3.03397382457418,0.470645719525215
-2.1931735884619,3.9227706082152,0.932638864652497
-2.08506308089399,3.72681330091269,0.719947171984505
-1.6894829335111,2.01549616979897,0.00375666795048557
-1.3442151531579,3.28079033429507,0.635166084620162
-2.27445614072889,1.64709929436966,0.109688863908188
-3.13962454915946,2.20122538416071,0.283634315637624
-1.55953694628937,2.16486847675928,0.0522729977476269
-2.39044407476849,3.27582165364581,0.214513800221891
-1.46024840331479,2.4343844002365,0.111639331027903
-2.12957518241742,3.97672005293859,0.997233657667776
-2.30845387881003,3.45275643916961,0.402279015621518
-1.60731452018434,3.19189747027444,0.358593118714556
-1.3703961900084,2.58443023802552,0.230482326019999
-3.03771945140585,2.79758443736387,0.233230369311107
-2.76225080381994,1.83803654480647,0.120565254132711
-3.26109945655941,2.95416731712212,0.538741401139487
-2.99827498421301,2.56664270247904,0.109015856738564
-2.12806798906199,3.67701578161706,0.658891316090873
-3.04339183259569,3.50538690433155,0.761500654020906
-3.17791282011564,2.48170391747592,0.299152616781429
-2.36851765762574,4.07040106831663,1.10504882686654
-3.23791941456798,2.60026848716635,0.382883596507621
-2.67224852609195,3.60641328998398,0.661156594503777
-1.24476050382482,3.22730241843018,0.679467596154551
-3.06281433351888,3.57430929411462,0.837535284379513
-2.25642408727945,1.70751252894707,0.0405344065784685
-2.9729005465042,2.68528387433334,0.116674779396537
-2.77934076206634,3.04034678895086,0.163289987710674
-2.3346873437028,3.32757671772159,0.263618729727526
-3.14634581989175,2.94017609328616,0.416998655766395
-2.76288917439048,2.82476197309557,-0.0181532662111878
-1.26915845411453,2.67612146806379,0.365257414281447
-3.16933953386613,2.66261529401207,0.322001752719496
-1.8671071300978,1.86402534241964,-0.0105597906461661
-1.95736394424497,3.1857630828101,0.153276260161845
-2.17230625858431,3.63370197552623,0.60643006432902
-1.6913474249204,2.03548855893857,-0.0112375755029867
-1.46964772777204,3.42824381855285,0.665391272860306
-2.96324406351216,2.42949561527046,0.0538585079899928
-2.35195688656429,1.61708248168308,0.15189887517322
-2.04081751784927,1.68878586251928,0.0907522066624215
-2.62752281510411,3.89827638238691,0.961601903114571
-1.86087928579771,4.01672861068582,1.08794536729681
-1.84689241754732,3.58345653935838,0.619828984179423
-2.43090958216611,3.47970900873239,0.44994104929889
-1.50389814132159,1.83539553036684,0.294834183870339
-1.29076012554186,3.17313701224554,0.600421873386996
-2.10502600942525,1.76597070315939,-0.0110302386881398
-1.47189805706086,3.00126568551371,0.318950494202131
-1.45834149174262,3.1717511912206,0.456369809251498
-1.80508031832488,3.72946682120025,0.791714748966256
-3.073335042037,3.4502430869158,0.733009668769268
-2.22595404141519,3.33209406336163,0.26289308538491
-2.82372850411733,1.97373159561689,0.0672969867654752
-2.37611639047484,3.32224945669971,0.263722874052882
-2.60073271950736,1.77313234602809,0.0734582610709192
-2.65700947901219,3.15713588000534,0.190769547126041
-1.48640480220369,2.74390403232397,0.156959218938704
-2.27519605014624,3.57631724637957,0.540166821747496
-2.40299130241535,3.46435352947747,0.427464368144643
-1.63501602887366,3.85832842658463,0.996086048194382
-2.60313396144451,3.23153102262774,0.23818259863136
-1.32346375493822,2.01640748343943,0.363645916575161
-1.12024775521364,3.40918733387329,0.920322844143623
-1.82842548334258,1.87726477159597,0.00248185525702416
-3.04174201589673,2.276391199761,0.157445523098201
-2.12701764602332,3.16935471640074,0.0876188049707355
-2.31914004242593,1.75513572010871,-0.00802146430992035
-2.85981323330586,1.78031979544688,0.243815791993773
-1.27778151698472,2.50630794976074,0.32244169054712
-2.17384344482663,3.26119706913319,0.18521059120974
-2.59693571289458,3.12181381556833,0.123155024350654
-2.02411927233588,3.28102841019659,0.234448575677493
-2.11044293765935,3.83549166863143,0.839466449380215
-2.22512720845644,3.43045388106674,0.374313993778413
-1.88042883678285,1.7984512666099,0.0447508323104645
-2.31036215939859,3.44735280622663,0.396324386952019
-3.34997868919586,2.53074040737274,0.497938490257536
-2.8399888468204,1.77573256433013,0.232095454838524
-2.96024442768803,3.17049034263595,0.410589732059256
-2.8964802584607,2.78230638936417,0.082674901572961
-1.48954551806112,2.42822593876162,0.0783665990841027
-3.31194973309367,3.11726010479655,0.68161387078257
-1.54600381674034,3.83150699758089,1.01012798434205
-2.81052490873906,3.00680934638312,0.159428894221402
-1.83002490864158,1.78442757055763,0.0879206850108434
-3.31458686018335,2.28539466974664,0.461503811201357
-1.93460394159025,3.32648927587742,0.312262500067895
-3.13522789394663,2.05342536163867,0.33078247031992
-2.47386050524176,3.0591904778746,0.00181797493449865
-1.23029875412645,2.89021052610242,0.489486104723281
-2.3919813244088,3.43203652793968,0.389371650713481
-1.76823985144937,2.96175925661948,0.0417429361574176
-1.88498737054926,3.89059033963211,0.942619927334532
-2.3996615595377,3.61368268188157,0.594264618866921
-3.28385478817465,3.03474802345757,0.605469817864015
-3.17070842082737,2.38630132371802,0.289570055189446
-1.60042255123694,2.6896146938365,0.0140390508046637
-2.73088384456946,3.76924650974452,0.857197948432236
-2.85721040507913,3.56550788618554,0.70529316331215
-3.05616891789696,3.00903592578861,0.373074292139034
-1.23479850381991,3.20904590982075,0.675379632804011
-1.88967039390765,1.81810132492861,0.0202352412669601
-2.27603977412558,1.71356664169977,0.0345887501208275
-3.1683578110944,3.53181817082753,0.872800539610984
-1.51589435961882,2.02683805016149,0.16282326152099
-2.16182225825155,3.65742238103457,0.633934863480669
-1.55990063492286,2.09471726071487,0.0832956390973442
-2.67345137101794,3.30060239829031,0.34301169952184
-3.23996686867763,2.57910353097906,0.381202618035676
-3.09704015817294,2.52800664937266,0.212803338254908
-1.0084390135349,2.48345849694179,0.625074557173821
-3.14278814821098,2.40019050181549,0.257474743189783
-2.73371279163271,3.10063384997543,0.184295255886144
-1.66414694921736,3.44489805649404,0.559981245745158
-1.45214421174161,3.26686762055161,0.538195432140836
-2.2817709110107,3.30845164665349,0.237299768144022
-1.76846801545579,3.84873438390346,0.933008894810627
-1.32990803786159,2.07391703691707,0.332023372789395
-2.2832532643864,1.74969506997971,-0.00575634364686728
-2.51890219620038,4.01059683639544,1.05945498397447
-2.28521970843384,3.89358697171577,0.899735375390806
-3.02894965274719,2.8857915975796,0.271038808877429
-2.55029571357373,3.11123304585288,0.0893585672802232
-2.45690526450645,3.32888087267141,0.28887188210086
-3.22994605114725,2.57562170145752,0.369378873707258
-1.325803040449,2.95999045882049,0.430511749407917
-1.42502904232818,2.89930115900603,0.298773430656002
-3.0947556411758,2.75961845655435,0.275536474603638
-3.35823904258777,3.1869298703537,0.768979880451206
-1.25806236405759,3.32837902603733,0.743140438636384
-1.46408900188761,1.8261569711381,0.336773005541712
-2.89962442103692,3.07846951323199,0.288154047177648
-2.50376003293764,3.37408206417451,0.351823595016108
-1.10195640860809,2.51024286731226,0.521294879787075
-2.8434470240513,1.99599556986201,0.0704179034398824
-2.37961228851644,1.72774065566368,0.0337091223907786
-1.73520597194498,1.76322040633238,0.169216207159654
-2.8022221696008,2.75485451379638,-0.0255308950532707
-1.46090735274038,1.78919043573701,0.365601128385931
-2.51173232986949,3.75859498338504,0.777528434654614
-1.19245762128941,2.57949388351832,0.428306946403368
-2.67595147314917,3.34522882571779,0.389723830680933
-1.90815133891899,3.84692315236354,0.888459967173656
-1.24634790296317,2.16719377010952,0.390210132913803
-1.26348374400658,1.97438694383944,0.44515572338016
-2.12375022729103,3.54068938933034,0.50560130913701
-2.20813521439387,3.66060636401621,0.635325335826579
-3.23581002764704,2.80755401679722,0.444124451278705
-1.64094608487731,3.50922615869674,0.636457187522886
-3.34239946052905,3.06196048775005,0.678288452595534
-2.6995148818289,1.90456405895338,0.0170153562409809
-3.10837306783911,3.40849407448428,0.722578033912251
-3.4185439765345,2.84549642238854,0.653111435394415
-1.78911855067065,1.77714396269044,0.120499580932417
-1.46977767253789,2.19101765937524,0.139102845782801
-1.58017237571137,2.57315263508678,-0.00477283320373456
-1.18908653122861,2.13144844942378,0.463320600018838
-2.29505904022189,3.91126806420618,0.920148921093859
-1.75980490031051,1.86964736354051,0.0580269815074992
-1.80143513603175,3.66749068094259,0.726575682422105
-1.39439028677281,2.06715348039256,0.267092319542892
-2.58042212348191,3.4677561677705,0.47862409539244
-1.44848254125559,2.8230237237467,0.233924714892965
-1.28768768888523,3.25498866532905,0.662540805955014
-1.46458173415137,3.39415187736441,0.638439482962459
-2.24707303337038,3.49109449994181,0.442974402979941
-1.29624686836785,3.4946309970068,0.848075350073465
-1.33160742381349,2.67048326843477,0.295285075828313
-3.30571774969133,2.44167753944808,0.441963326359797
-1.59187362552153,2.7406208813274,0.046883823344792
-1.53042350136764,2.15323104197094,0.0877829076013702
-2.87948274435038,2.16051458953839,0.0167254822526357
-3.02844945741275,2.81714224015648,0.233445274124459
-3.3535408125739,3.10254884590021,0.712637036564835
-2.49387725581125,3.93423192828687,0.969379371386202
-1.47188114644866,3.74652579722752,0.964658036028781
-1.34960956966443,2.54248957594426,0.246134949968481
-2.31282620328943,3.53064078145062,0.490635128416723
-1.85532178317891,1.72511695132914,0.131124539294626
-3.16035911210734,2.68394567923424,0.318512188668151
-3.38483714776106,2.49502777801668,0.534032964669986
-1.34930374593147,3.28793066583907,0.636654765315594
-1.25809718463109,2.43675270812964,0.34064114946761
-1.72105810345804,3.88221725634003,0.986238705988551
-1.34345436137477,3.31635947702873,0.664005192945656
-2.06977263971857,3.63690976429564,0.621101313464804
-2.31670429730593,1.6601522460253,0.0985764343340483
-3.32964754357907,2.95094865631604,0.606499602089764
-2.61520535225655,3.29847521971824,0.313081557016702
-1.99488251762757,3.71237552018324,0.719125520679946
-2.80137235301425,3.20226376882714,0.322479171099049
-3.05903930364577,3.145792872662,0.472222124972964
-3.04952025484814,3.03917715688257,0.387302757081391
-1.95844744345092,1.77364349461724,0.0303826313559942
-1.50206253376066,2.98228423010702,0.278736447239313
-1.94097094662762,1.63908268044643,0.17915515258653
-2.66925921638017,3.53273634933297,0.58188757307401
-2.99623579271602,1.91354642077815,0.265988059787273
-2.92521418345322,2.769480411558,0.104714851201821
-3.09986198296469,2.90088521134253,0.349279605791727
-1.65141287800736,2.09813124875401,-0.0106041052992303
-2.62148663495781,1.75469289429178,0.103234820568157
-2.52217361347787,3.89737117244991,0.934012571270046
-3.25284504462477,2.45123601000001,0.38234791116616
-1.22470781391864,3.50554971158014,0.911631890061195
-1.48004917773601,3.64091414496524,0.857264230534877
-1.34615501657719,2.14129918069207,0.289507725413847
-3.23752236667218,3.31392768513512,0.749854845378317
-1.76257943434781,1.72451202255349,0.186656489565463
-2.14561642499087,3.24521866649517,0.170157757292686
-2.84205220913154,2.12184257017827,-0.00396558363502608
-2.21574240958879,1.65304864892423,0.102276131075958
-3.21039160680537,3.52008954205444,0.893827136411407
-2.40348849394828,1.76515363181569,-0.00156851515255085
-1.74704299770717,3.3733988225468,0.444175292924523
-1.57490697439377,2.75130871346378,0.0694811914622289
-1.33518299995328,2.1792928755496,0.289399300754553
-2.23357526320047,3.97367488396758,0.989574096415082
-1.24098720788454,3.35210730070652,0.77560892193612
-2.43662924004771,3.9603109298229,0.989006488237839
-3.11294342778367,2.67167695514086,0.263049362076852
-3.3771411057932,3.26342097480736,0.836621567645212
-2.14231585098308,3.58054650298686,0.548644442848648
-2.61434070106589,3.07864621105999,0.0895956140134548
-2.47491715528895,3.92123804097848,0.95137692515264
-1.20955337845292,3.09643187043926,0.624069336802189
-1.75211645386707,3.70799878642763,0.788786534470579
-2.6307913694861,1.75417191512648,0.109052955690536
-1.64675505301904,3.43550922403104,0.560516362966678
-2.96149509951191,2.02145967148319,0.168687199231684
-2.2226910898569,3.11709038116045,0.0194391028839614
-2.20740813951259,3.77505985400109,0.764958546904432
-1.61928478467685,2.12199041775275,0.00928747452323908
-1.2213680149755,3.36550842166077,0.802217160638606
-3.07195526809725,2.69486987973311,0.226346453153051
-1.08740305086723,2.78218090700066,0.596419387730684
-2.04291138722606,1.71540565867446,0.0610307603631935
-1.37115451624718,2.61999009707104,0.237861547407269
-1.35597626340784,3.38176795378469,0.707721552025713
-1.49552837979432,2.474880669467,0.0737241101378655
-2.65554936877613,3.56717524309932,0.612915339927732
-2.7446456971684,3.31934162331115,0.399565036690836
-2.91969141209901,1.93335538769825,0.181911583182119
-2.39829250946535,3.47380973738101,0.437227446466618
-1.77159279573995,3.54761277426046,0.611692940325127
-3.24576631389083,2.0967697664019,0.431617416938372
-2.71202944236374,1.86169329066169,0.0629507684691776
-1.86244032908204,3.00086086723985,0.0129606882128011
-1.93457274999276,1.77743156995656,0.037566606543966
-1.65853091350736,2.78649201528415,0.00637144513960797
-2.95972384219742,2.69585786913021,0.106818156573161
-1.69823118621609,1.95600420072972,0.0381666191226461
-2.14336818973159,3.58805995013835,0.557031013121042
-3.22183005366046,3.4807220345349,0.86951019390672
-2.04269914227351,1.66792768184523,0.113060048280441
-2.04280083161423,4.04489491036253,1.08338513766376
-2.09616894374127,1.72929328822497,0.0316814213205104
-2.6931031384231,3.825649595172,0.903626397021139
-1.53860314100599,3.15599922267624,0.379607877753807
-2.67038959841012,3.44354806337411,0.48875845645945
-3.33415060269274,2.77486430509422,0.536816734602309
-2.0098757232064,3.15299154645333,0.0990339844332523
-3.05168584781284,2.81011413805909,0.25360252570145
-1.23400377901929,2.48725505401372,0.370233584990068
-1.68429221922462,3.49567742274486,0.599861108190768
-1.69307810621598,3.16019143344901,0.270618374997564
-2.97702590688609,2.84832878404964,0.198860237486559
-1.31726383184203,2.47018191545881,0.274940681348387
-2.68207962473506,3.47159243794779,0.523174731390124
-1.13823291905306,3.05488502683313,0.668204071869711
-2.1009913171158,1.7786276030527,-0.0241452464288188
-1.16787427939487,2.54210428490305,0.450380296189985
-3.34252414554918,3.26478099517705,0.806184961245821
-1.34305945416357,3.21857120963608,0.588227965838551
-2.72675905156481,1.91657827327317,0.0280875634321696
-2.91497563393023,2.31885721389978,0.00789740396465144
-2.50468710249197,3.87408492888071,0.904420441235364
-1.6055635988604,3.37660066720078,0.528440074767719
-2.4165664412767,1.51867078949127,0.274135674525128
-1.98803399006222,3.85620646715337,0.88083755637019
-3.26463151765177,2.15369176665707,0.434113017835658
-2.79659079285319,2.9561013320791,0.10782820032023
-1.86789602052115,3.70195521137192,0.740907552478057
-2.07443793480334,3.82046518740612,0.826712085414341
-3.17839881891112,2.40082363403568,0.297786136280781
-1.35580841072284,2.16530340426926,0.271165275742397
-2.65418682953381,3.63556262796908,0.685422658722598
-1.90711205594443,3.19725808438431,0.186334229245898
-2.71621735734464,1.82418643102257,0.0987499948496647
-3.0532612767518,2.21752760660305,0.184231947588014
-2.92004029020656,2.64520224264224,0.045300043478838
-2.5058236271585,3.90367871820812,0.937628642367395
-1.27924920663938,2.73347910003305,0.372621477357248
-1.11039813880157,3.00225296697993,0.667336915632607
-2.08490174975477,3.99094626581499,1.01748684019214
-1.56338235191658,1.83390887684951,0.244182292534128
-2.48454268444476,1.56343369326075,0.243015388256802
-3.3225612662853,2.54570122042511,0.46884447871771
-2.54523371755856,3.26182052424197,0.245145346001571
-2.3673365686823,3.33149019726975,0.27261499768677
-1.35970783116793,2.66946337123108,0.264312241507495
-3.37271844585169,2.97004486169716,0.659839211609969
-2.12622938382487,1.68662809406693,0.0733389297150316
-2.94495134451915,3.58562453269097,0.77458388798328
-2.3893458835063,4.03043671053179,1.06199538204456
-3.32204466320053,2.25867104247388,0.474018540855516
-2.98001750431672,3.033889337268,0.321849326829083
-2.16375643208742,4.06803507947945,1.09831196790417
-3.19852540748787,2.32526747747892,0.325775264509505
-1.9839407781239,1.56869066911508,0.23919452616325
-2.73687492403117,3.58464928556687,0.665325751693474
-3.04384140133861,3.09306190919007,0.420284465872288
-3.24300416887852,3.37768566794175,0.803354711175116
-2.20710683090239,1.70443515029715,0.0444436848730186
-2.91509774874064,2.35131470649651,0.00338303825907815
-2.76018080786816,1.69847798129645,0.242245613552576
-2.37746713414391,3.38259466156531,0.331549982684321
-2.35303161458181,3.54961985347649,0.515934478318555
-2.70891591335654,3.25773704433235,0.31889981073672
-3.10924758532683,2.56144679445431,0.231824738052161
-2.56005851804701,3.26806412642899,0.257652037979349
-1.71468962162908,3.42852808365871,0.516479099892793
-2.21708399217386,1.55802499742705,0.209840835080858
-2.74928480407437,2.89891350383076,0.0243926087223748
-2.55284819028459,3.36746623453535,0.360958432514316
-1.59968367951239,1.68613905312841,0.333902210429937
-1.3510910690786,2.76745784375711,0.308930646319107
-1.85218039246748,3.71819937706956,0.763568227349235
-1.49314481183569,3.04971167602958,0.334441290082053
-2.96514202282979,1.95766744685746,0.209164951653156
-2.1167968968004,3.41154287360938,0.361076371637015
-0.980959169521545,2.9067877341809,0.756898670874579
-1.43290652491348,2.82984312042936,0.253153525625895
-1.46887520547177,3.06127473945569,0.363923764379111
-2.46433905808548,3.47281701405348,0.449693263887473
-2.3077369579653,3.12586065251708,0.0331907636547976
-1.41107757671416,3.24732161378872,0.554542185482132
-2.86903922344635,1.79261236123737,0.241251978141788
-1.11628323935587,2.46796420356411,0.502235937030219
-2.85639601229919,1.82144361887061,0.208148456120336
-1.96188557417922,1.64472121637146,0.165005352907245
-3.37443215410631,2.34618568142009,0.52241191816374
-2.6671116086012,3.32249129048185,0.362164359367827
-2.82198687839812,2.02502062260407,0.0317359859902779
-2.80434270937019,3.89933303312404,1.02439456651789
-1.90135460262032,3.88675700490852,0.934159537103217
-2.34852365750525,3.17706579884817,0.0964422965211889
-2.19568375985313,3.29065929680612,0.217002284856909
-3.02564262222329,3.33882819187839,0.601517407996101
-2.83642618889578,2.71939812450192,-0.0106201918885056
-2.41579598311592,3.3458518964472,0.297760358804258
-2.93555804017909,2.04312809233585,0.131130817100101
-2.90491205641852,3.72739139100054,0.892737704570437
-1.97341733011086,3.39104436415154,0.369520390310303
-3.33328364842576,3.25977658510255,0.794425688899026
-2.13535004386048,3.95400661751341,0.971121046429404
-3.38137419203117,2.97216311965359,0.669713227319735
-3.0408632181788,2.5894669021273,0.161390049541756
-1.76235219997441,3.70517211572805,0.781729991941637
-1.08713545360996,2.81344422336345,0.607719192077611
-2.07741885532857,3.70985958983978,0.701914365249816
-2.31572504390933,3.6624687355018,0.639858512102211
-3.31870223298936,3.38763279368763,0.874054623276202
-1.46072694115249,3.01423758846945,0.337917330945348
-3.02840344258688,2.62147101266659,0.155785594178993
-2.55589264122203,3.64388870611606,0.662283570265581
-1.075507439471,2.74115290226069,0.59622629739618
-1.11906172668274,2.70039524494295,0.536789278883795
-3.07053210249369,3.62461387270306,0.889157653013975
-2.65475478896075,3.80738743077059,0.870908358776572
-1.75862608256792,1.74341080808515,0.171613936093651
-2.68267631471583,1.5882488910081,0.301743645388142
-1.24750624420361,2.45236080693791,0.353047376339722
-2.37419781116236,3.29083959144189,0.22823294716176
-2.74891841521658,3.45048142868404,0.533092853816151
-1.42178323836278,2.6394338760562,0.187493505279516
-1.68884945318325,3.51614169022521,0.618192222664605
-2.60689529475194,3.24539741971417,0.254254311876684
-3.01806122928001,2.37005325606207,0.117826087004532
-1.32092367349354,3.54535218266786,0.873900542210928
-1.55656030069283,3.05695765877447,0.286158868358075
-3.20009282515575,2.26323525600865,0.336747728854978
-1.43294633831445,2.709652790883,0.199130509318196
-1.76732221749253,1.64441311293459,0.260128119443843
-3.07300850581159,3.36889926564956,0.662442612691804
-2.51621388757104,1.58290706162483,0.232577815170459
-1.12021537763757,3.3454983230372,0.873452537849428
-2.14182476246631,3.38265448394816,0.325436441584538
-1.66865522157468,3.84709022900097,0.969878450403148
-1.63865313540243,3.00092428078829,0.175024652520081
-2.07154461507004,3.86086032549891,0.87254335310024
-1.58313635331153,2.90235422320241,0.150950424292079
-2.83024495415059,3.73327692538136,0.862051231539076
-2.81689938339214,1.66951512100766,0.306982291872409
-2.87356990901208,2.76168487591043,0.0487349618987932
-2.04742065105292,1.78481699972651,-0.0159642798577189
-3.34898161376996,2.99678636884042,0.649338750828451
-2.84327788450732,1.92190720537261,0.121143912344509
-2.57798346152549,3.88470868021722,0.933148190055586
-2.59345633186371,1.81469598551085,0.0285167006057114
-1.99160097822947,3.32922717951682,0.296546210764642
-1.24321658272738,2.03147821314011,0.440962413804133
-1.86158658913139,1.74947067036585,0.103552075545864
-2.38447850895412,3.15908635252795,0.0833287285031024
-1.33314652091966,3.34559859555398,0.69576860805533
-2.39872855972069,1.77291021161539,-0.0114035702128276
-2.32340327828785,3.976528001913,0.995504493588591
-2.862072684743,3.13626969028987,0.306774732515927
-2.93161840510717,2.36732747527047,0.0203804512665791
-2.88538028490548,2.58575724099331,-0.0111986439130638
-2.87760944721394,2.75701946318059,0.0503077171208576
-2.92194920130832,2.37728241884571,0.00865226839074684
-2.3403092258988,3.49698404718532,0.455178643184269
-1.21148469376948,2.03937512935856,0.471340498574521
-2.96875961378608,3.08709841938593,0.351680433587474
-2.53046741453564,1.83423856315221,-0.0249897289878522
-2.09925190792131,3.88187461240669,0.892948144258512
-1.09481820201163,3.2239724737926,0.812781850281207
-2.23888719292703,3.51665103436493,0.471873767718239
-2.9447030041754,1.85228855616969,0.260029727739017
-1.81563838088225,3.11088419186808,0.146692105261636
-2.78772063113743,2.04573574150398,-0.013555539625928
-1.15803436168405,2.46538956177535,0.454862282226037
-2.96597350721581,2.80943296137333,0.166544260645784
-2.01975353804456,3.67417804346621,0.671536493466585
-2.72754221383101,3.47892953918251,0.551655968036705
-2.36459939911465,3.16940305003265,0.0907253883077942
-2.82968701910802,2.81561447993008,0.0374080700460252
-3.25123663408568,2.44683320633121,0.380391669793296
-1.60333063139237,2.89618848231073,0.128417366273647
-2.98646477213524,3.08697240232126,0.366500773745785
-2.82759962157675,3.53055764164654,0.654543606922895
-3.0810146071488,2.04915212968141,0.276166477285646
-3.26905891243902,2.67632130064941,0.435321902004728
-2.76404280539666,3.45844454981234,0.548846972644857
-1.55148038476796,3.15104245637518,0.365505977588797
-3.17334667574503,2.12486824375981,0.343788032771382
-2.03033253693128,3.36778878720819,0.328568367274505
-3.28080500862449,2.61377145359464,0.433412622002027
-2.8735046773773,1.68794033825232,0.331432513676789
-2.82603348793575,2.11978633544386,-0.0191213214775773
-3.06006620674684,1.89327981302229,0.339046525821865
-1.21898668380416,2.19226062592715,0.413694507068201
-2.31191309403391,3.33280233088446,0.267078317814368
-1.33100598881248,2.00532330831255,0.361023773527448
-1.12015421010244,3.12846909347081,0.72884975235084
-1.81634010665244,1.71969601179839,0.158430000572421
-2.14739219836976,1.7004021732467,0.0546089713747531
-1.17522079867986,3.20214113169655,0.724384246692861
-2.90996771353804,2.85854024427473,0.140109859421962
-1.71351280807615,3.65056815627361,0.744693119538885
-1.93497235103118,3.00811870218427,-0.021147904892406
-3.14649097318967,2.45455364471506,0.262061439355569
-2.27914570666595,3.10896728693634,0.011512721145799
-1.62209150349932,1.95294170345368,0.107355405997407
-3.16266777414912,3.17044602497897,0.579944756140815
-1.60685055736252,3.09991683643946,0.280368074726772
-1.63151663673756,1.98153927044652,0.079451470760129
-2.07392894496556,3.36890626449549,0.320337908831657
-2.17686638243303,3.08531454385353,-0.0136253300787386
-1.52236877094972,2.99433229689234,0.269020241434201
-1.92785743430439,3.62239130172779,0.636064949371859
-2.91733180831239,2.26692794830882,0.0214634555271714
-1.8845388270137,3.45421358356799,0.467485294628012
-1.78612495059397,3.85034852674599,0.928617639066509
-3.23195664632585,2.95213535258652,0.50846101229429
-1.43373226442634,2.09962467403762,0.211895168174232
-2.96455782851179,3.81523125339964,1.01215063026945
-1.76197084988595,1.79267859335064,0.124306228830245
-1.34315045138635,3.3180838662931,0.665630928708849
-2.89866226590792,2.39264561234312,-0.0186305709555029
-1.59097331522528,3.05745502885127,0.258403357864228
-2.35485511740863,1.64208980587686,0.12434841386405
-1.27929419639826,3.28566935745411,0.692747088037228
-1.13143538255193,3.06664433570674,0.681546903867645
-2.13798451728559,3.60749865832309,0.579475389423366
-3.12896930203172,2.28402576758517,0.253479065298097
-2.36898562048986,3.89102650814858,0.902627309884944
-2.50377599218773,1.68338390341157,0.12042002019403
-3.36988709446356,2.79102358109512,0.580969224019691
-2.06692593037517,1.77255132440537,-0.00854473127460076
-2.78345148074057,1.66764580578462,0.285993399995062
-2.28224789012677,3.37666114009438,0.314499489693246
-1.2157847039364,2.4516829922442,0.388940433456152
-2.8780725870952,2.13211635180584,0.0279385008089552
-2.19006225037752,1.73167435105686,0.0146960081010151
-3.06076686443439,2.88177070865753,0.300055440615317
-1.39905687816346,3.33465418615346,0.635405583828348
-2.54334820465044,1.7933913206764,0.0229615406391446
-2.18908151551952,3.22796407432696,0.146486268201162
