1.92920327753898,-0.152697128315152,-0.218141396548608
1.66690898572072,-1.63420874750558,0.361515097440284
1.9960135115044,-0.920161265398089,0.266901931144939
1.77953041759934,1.03688309200883,0.812495095148864
2.1198914795916,-0.588505327711614,0.24844501867822
-0.777413042137741,-2.0215108006033,0.45948490536079
2.15878888534469,-0.439545027282877,-0.220077374573525
1.72001810296464,-1.3725331860832,0.157416024686328
1.67809431710858,-1.38699855042465,0.402787558526667
1.6587867991491,-1.67867386525289,0.602263376064683
1.06168030380153,-1.90779279401892,0.367647821842319
1.40609657598875,-1.24084620269436,0.171039165208754
1.07794263395675,-1.87086822992674,0.489790850716097
2.14841123840021,0.0848946040612795,1.11483720660639
-0.578538949536248,-2.44838376153366,0.29480297440318
2.0988158248154,0.685185334640257,0.165820758635459
1.21438901357944,-1.82925496535793,0.284761178370506
1.88389493943826,-0.960072360155869,0.656661445281893
1.38511175289251,-1.71128434788237,0.23446672682473
2.20687489264846,0.135442659797064,0.115593370921511
-0.437257051668731,-2.109695894673,0.509894926491649
-0.530123363092945,-2.15618193986154,0.25448717897926
0.945333526813298,-2.10148765933588,0.734863555785525
2.16135647527684,-0.441949364764399,-0.187675994893555
2.20851655129072,-0.156343918508576,-0.00381511682140941
2.03840199617347,0.853345124026747,0.136831043962455
1.70550372277184,1.24545868814232,0.664900775332868
-0.24019771945089,-2.11601506507575,0.60563077302849
2.41566830012782,-0.414430491155828,-0.0812167213350408
2.15664117788858,-0.499058075630919,0.0429325084171239
2.09389115581189,0.621341360935606,0.362709352098158
2.07177948964559,0.443687648139935,0.642552994287584
1.81718294829204,-1.18820015580786,0.433624094661334
1.5184648291355,-1.58164495767518,0.307680229841352
2.03247643553739,-0.0389939425989415,0.877224227163092
-0.779796963754478,-2.16121659921137,0.452564865842414
1.40121605469632,-1.51424828279708,0.80352289289318
0.072254845845486,-2.18062018495524,0.376401619966841
-0.806433978107553,-2.40706107231029,0.759184236814859
0.613059304690194,-1.87400501334474,0.142925353493414
2.09214132754458,0.843449732527783,0.0448482893722451
-0.992993210504489,-1.96676273704221,0.218659903435134
1.75717207747496,1.38796281742069,0.228944809086104
2.06388498475148,0.721525900279645,0.348973463517021
0.0985637778414646,-2.14316664530045,0.546923436566117
0.557143523561603,-2.04131844599014,0.651623687038617
2.20365135769579,0.0101981923246672,-0.21405612323604
2.18365460549208,0.151294562919951,-0.332815042388618
2.11548242495472,-1.09255207381816,0.291283111444982
1.89268633642221,-1.04531268993137,0.47651143269094
1.90495602785599,-1.12782336458663,0.0340635218916542
1.95094564503247,1.51234224343111,0.497733996967078
1.74677191280406,-1.35625612403401,0.106585852509275
1.1036886095551,-1.80832147375451,0.643310371432549
1.96610952647548,0.71548803014768,0.724219263699733
2.07320964199951,0.547205751432612,0.551698268272957
2.43101831910903,0.0132839243198584,-0.0540499273608303
2.19123081857761,0.00206525295572468,0.317027708161259
1.99314404998602,-0.563046173618104,0.782533792034178
-0.156224968017844,-2.30598316503611,0.360336679245323
2.01638191375921,-0.883671045754797,0.235229237246198
1.90164664220235,0.947867605964819,0.622326588745078
2.2939934702445,-0.270647627471576,0.186962402988067
2.0795467865757,0.602600794015614,0.462991121718852
2.11716190030161,0.341676266063059,0.550350933874495
1.82537191123409,1.08129375505211,0.633107048025015
-0.677550281454414,-2.0159006728431,0.615689391355599
1.91005799054443,0.112444157389657,0.433032768180121
-0.593734768136947,-2.04818979244468,0.595315825866264
1.95422407898301,0.749446193881637,-0.722040154628095
-0.625664860596538,-2.09351599939452,0.154303048206246
1.82751759250485,1.23337781984957,0.202390552853718
2.14029061921334,-0.41733503922784,0.383393875324228
1.75828290125039,1.27547099572777,0.328247945795892
1.90916201661393,-1.09718543602546,0.230841604976894
0.695963794300704,-2.0277615068499,0.553010851300816
1.84993463002989,-0.2986891311612,1.01629996908665
1.99645027849395,-0.866431184223705,0.406800469274778
2.16410821189275,-0.353289589906583,0.306309396163486
-0.563468665217745,-2.11461312706186,0.336032319087675
1.6129046005744,0.722239867628816,0.446447116436035
1.53818348943991,-1.54546908488867,0.384083576534953
1.27919817812397,-1.72416485270397,0.541212449118325
1.54863788637383,-1.56319075989475,0.233202216358593
2.20745089117858,-0.142974991165269,-0.0933919066741006
1.65634119450096,-1.36490185428136,0.543672795782995
1.97163591668796,0.550040686401557,0.843866333387562
1.84741404831213,-1.12473565005694,0.473322706919951
2.21338207358616,0.0301183864591479,0.045122194323431
1.70074171991197,1.32744959611653,-0.807992076084234
1.20147871834985,-1.50126259734294,0.753604420184572
0.0090296554950669,-2.17826166538798,0.396355794355135
2.1360649543994,0.0133668247968015,0.764077314183927
1.98452613784995,1.2992497433044,0.769740601572255
-0.551419350260808,-2.12265578999392,0.303763774435441
2.18156295511355,0.0700132835832262,0.371328084440412
1.89418071395644,0.89131122048718,-0.720865496750375
2.05316920342479,-0.647991502109419,0.265266769798276
1.72992651069052,-1.26205675297923,0.562645850571834
1.95629749399943,1.0350907557941,0.0590810928911741
0.653110764361567,-1.97322892772324,0.762769468166693
2.14106495595843,0.292995026880274,-0.481661812775536
1.73270459196389,-1.43153294998321,0.802612605205767
-0.613397958118359,-1.87067952681183,0.0274596712804179
1.70619494058531,-1.55336798891873,0.478336846200081
2.21060364565041,0.403204646846373,0.26956157345458
2.11399177224986,0.657326186913565,0.0310548571659844
2.06858431499825,1.14870340420277,0.411830966900718
2.13692213919403,1.16401881141717,0.0854221078301228
1.34651777786845,-1.65625728360302,0.587966850844689
2.07137409830839,-0.671216842992153,0.40109927429102
1.17673616219784,-1.79700467879631,0.536721084229143
1.9990122403419,1.28842858586802,-0.160694499751455
2.07186049150728,-0.723963636342333,0.292017277367681
2.00374934109777,-0.577088090585566,0.744285729441737
2.19122608469964,0.108754272216502,-0.297832314067173
1.42927814611541,-1.63952413306662,0.413676118992952
2.14301463055014,0.0773189272357409,-0.104970740084637
1.84374340785542,0.275209430236838,-0.0791457555844138
2.0754600788446,0.812800284328191,0.254457249485507
2.18805504846277,0.308814256506468,-0.138029682209977
2.14370971906105,0.641985125456721,0.151735468420232
2.15236920859775,0.0299193844129841,0.518087785623921
1.98780905049669,0.690924196912422,-0.505888045078056
2.17349463810805,0.257144551903383,0.334366671242852
2.27302919332602,-1.05090850825434,0.0512662633223119
2.09797469380748,0.228750411747089,0.669461549728571
-0.455782260977425,-1.91760895675004,0.316174056074288
0.220600287742617,-2.00292903738269,0.77620288490531
-0.195810662736929,-2.17066016407262,0.389738334992613
1.67195065239625,-1.22154945563516,0.78383753207233
0.614977031744373,-2.0930973920407,0.377822565704238
1.36560160484583,-1.35221227154569,1.08114547036931
2.02561261242578,1.34451002557421,0.786828402211604
2.02977880945264,-0.438168907115859,0.768120646012055
1.8294361692801,-1.23109997554505,0.198895666214172
1.65249689263995,-1.34517928926374,0.601456592654257
1.87581697668476,0.962831954780551,0.303013528860409
2.01505058156984,0.900791907294074,0.173633023254787
0.591916929469698,-1.99073122001557,0.767220236671662
2.13774964287778,0.36051757405986,-0.449507370869467
2.14468497386926,-0.291541479556266,0.466190156324244
2.18015491481215,0.0821167368941401,0.60523696850355
2.13322558245259,-0.932194410753785,0.302314732304294
2.13720802816179,0.389730652381548,0.427147745225324
2.2316536234991,-0.198567069918626,-0.200781301889756
2.2448393543685,-0.514882192402656,0.33785656717888
2.03263738717868,-0.63006258349657,0.61107260322902
1.32818928748528,-1.8495608831553,0.826113046244682
2.15690875758604,-0.483151525481695,0.127720586318036
2.42569456897673,0.267303110387779,-0.46944168369141
2.12150867123121,0.134205788116573,0.619025926454483
1.3868959661432,-1.58546577061684,0.681777971625738
2.06858626608246,0.753612633906561,0.402083766112186
1.98245435834638,1.00412825503555,0.670295705285878
-0.028520571504451,-2.10876072119631,0.344470420168948
1.87100991221179,1.58440806899473,0.345359336695682
2.08231167110543,0.779352829308355,-0.928692152645687
1.79323257731144,1.03920646715528,0.109141166677594
2.2778715493788,0.576200383322454,0.212155373743133
1.95129890305395,0.675786956821606,0.798591205327422
1.81701296060543,-1.40859025829238,0.0788038218378405
2.16819415865466,-0.0941010270577233,0.438272084872566
-0.700416503216491,-2.08095768500193,0.284666767553627
0.650791616608107,-2.29475729325904,0.788198170929977
1.95819236451352,1.41366661602618,0.214922673916505
-0.730583616211876,-1.81811193010729,0.751753079041761
2.0201422260302,0.47974000863712,0.76868605036039
1.91094964014307,0.787854331602458,0.282787687837326
1.61877841576837,-1.33036890786952,0.715316952764685
2.17761018171947,-0.274651911329878,-0.290832524609263
1.9136444594416,0.926076856212868,-0.618344461066337
2.08169552793872,0.475280349093467,-0.585367962927225
1.87948247838737,-1.14198891673877,0.255754297670079
1.86251356743662,0.864591305990462,0.372141931306148
1.99954728679449,-0.435479642151926,-0.40876118409874
0.344841429038691,-2.07947854465055,0.677389625291557
2.01703921651318,0.203650444965261,-0.0107631690165956
-0.545613034400797,-2.07268470532456,0.55523676238309
1.90311716411549,0.947465278951947,-0.618431837897746
0.406486004021905,-2.09009463233678,0.606858212194025
1.40780594218619,-1.65302531513676,0.433120156490449
1.94424782408991,0.36029398376351,-0.512068989860278
2.19259466131428,0.252977897704627,-0.174740286554444
1.98836212622226,-0.194914072154723,0.649464776232472
2.12783684535542,-0.546152672529696,0.275737105106684
-0.970637168331551,-1.9501384534102,0.396013678147898
0.63896818538894,-1.9814819481444,0.753294285478581
2.11735777688158,-0.459705382471902,0.455489120947469
1.79734467405225,1.12073152274575,0.644605545955087
2.16848098168734,-0.0396148833483538,0.44511147634459
1.96646289441436,-0.734658458704743,0.703778350932387
0.968836230648723,-1.94532012163206,0.423189456215361
2.03379541409925,1.01172597275347,0.0896408066781381
1.98962916450493,0.945923304068506,0.220472728171986
2.16559078270926,-0.388926693656459,-0.246892531483231
0.12905023117982,-2.16149907986804,0.461812839641891
1.62982696653259,-1.37810184363697,0.367895225929405
-0.652404830366446,-2.0263942506105,0.608356484064478
2.11553279794837,-0.504059801947636,0.415268624099265
1.89316887979157,0.83588992915351,0.414931168738056
2.20350741816227,0.0524503051016252,0.20930207092779
1.91156938918404,0.945899705895785,0.594289113156954
-0.667632237431515,-2.04715117318907,0.515211221683736
1.75885245340681,1.13227948576812,0.725523636106773
2.05728978426038,-0.454383153025895,0.680513061682267
1.63259290474302,-1.2755387405904,1.04203295485278
0.289161629121363,-2.13733175872185,0.500201797976448
1.41119171637953,-1.30820119338308,0.976016906303771
1.33349632496374,-1.560054749686,0.242280881621308
1.23819595121961,-1.80125380543016,0.352645499195422
1.85227881511658,0.124516442232511,0.397388690386726
2.02268912134392,0.896550688549129,0.0832401018445
1.90111732376823,-1.08474406748022,0.333296508578817
2.13836399919364,0.393013254429408,-0.462573622532642
1.96476240972907,-0.641318555293089,0.544999817664212
2.06302291778171,0.685669485865777,0.419281683544682
1.3264673643043,-1.70740587359916,0.476710444117536
1.94586376468315,-1.0471653227687,0.138066394824723
2.12548082131869,0.612778085718166,0.0940086653774615
1.08174689815899,-1.8614689573993,0.516488433808769
2.21089015774415,-0.0112224923125346,-0.117652451535801
0.779142064604149,-1.97982125825794,0.612575515190067
0.651995906839118,-2.38119808859404,0.484719564658181
1.86276692524281,-1.74590775685897,0.0921082049690479
2.04517582152833,0.621008191119005,0.620823034052184
-0.549352543612975,-2.11869412782587,0.333691937028995
1.64889323783918,0.909530480931888,0.617401237211442
2.10023019311964,-0.700507305567279,0.0180550284280276
2.02987112573621,0.186498269679055,0.647888450447315
1.82501137839137,-1.15467901326138,0.487906936179225
2.10137784255165,0.674424972080899,0.177102945098856
2.19432243129653,-0.291174620133395,0.0465804829849824
0.302560584671058,-1.9007188509427,0.950384622377864
1.80811353130783,1.16651239806376,0.521514732640503
1.55707726522346,1.36057241869186,0.559856106361663
2.05000811632545,1.30898453163041,0.381721083302316
1.24538083175591,-1.80132035590535,0.325998301517086
1.49459924582592,-1.42859174770078,0.792024018621821
0.689096106406935,-2.00012659870562,0.653179514820485
1.94836747207222,-0.00960710784072044,-0.151562436821524
1.87311687761402,-1.09662833369596,0.436855575480922
0.346806274675107,-2.24841877929094,0.833224432953489
1.58754620406119,-1.1021845393106,0.695153436016954
2.03939070711254,0.0898293629162642,0.857216170284445
1.80937180871696,1.26911067208711,0.132420138615558
0.388712887476566,-2.13624083926913,0.432874925405036
2.28063694796891,0.485748953666489,0.776143551576523
2.20029818509674,0.193564354857552,-0.152394456869705
1.05215943180947,-2.12086333637957,0.537024386257562
2.31345744454756,-1.11418862710381,0.112533967294652
2.13134455313344,0.254267167184561,0.54288298630222
2.03591355071655,0.52836867457453,0.691292912616005
1.94397694999797,-0.88437782440932,0.136426505206959
1.55066030190078,-0.695141131595702,0.966415009095038
1.75115907946745,-1.26881475241849,0.474925610743366
2.16779870316535,0.432399847712824,-0.125229739074191
1.69549756541669,-1.36440260798918,0.407058794616267
2.15601694493297,0.601010346933532,0.367081477849184
2.16739818207909,1.05818959102086,0.774235759863078
1.50270660652748,-1.24298358261105,1.00843743393949
0.125589008171014,-2.18366129043372,0.343298853747034
1.89286223665628,-1.12542334096921,0.229124834835366
2.30270792816673,-0.846697492269754,0.363029618308748
2.22881516604079,0.322366590330178,-0.129796159223739
1.68418861183093,0.926781838532515,0.512106579862673
0.98540397014305,-1.82560258829084,0.773406451064488
2.15895540323298,-0.052153793577942,-0.290879273753858
1.74251553757537,-0.4802310051955,-0.0441270614416884
2.19086215748914,0.31918433064798,-0.015738591007423
1.85665474695218,0.906898592969846,0.623677780551784
0.345208683315402,-2.15767146656854,0.356774635611389
1.23941809935707,-1.72294581983379,0.630320402810691
2.131527343293,0.564836508209745,0.198882470529139
1.80427535821118,1.00854864928458,1.10182868832901
1.95579469357247,1.03338406243309,0.0948041634058922
1.75046439940795,1.2665248439987,0.998138156420519
2.14491279374013,-0.454442695034663,0.307951745368632
2.15027278582553,0.43811683354976,-0.293911415216353
2.42166429148142,-0.29808346338331,0.405163407286287
2.16596554885963,-0.822852413078811,0.353780977618951
2.16644771167357,0.269999333075676,-0.368249923311713
0.632065996619005,-2.24779975271978,0.379578014398388
2.45348740838074,0.36329844539897,0.359843239663509
-0.978437585559552,-1.96254591198683,0.305084853449344
1.82175974075326,1.14515078015844,0.521367884481928
-0.452438349862947,-2.12005686319446,0.450179708218169
1.47554071863026,-1.59125898478671,0.438950753838865
2.13071040633776,1.0710942435624,0.185954876237529
2.20089146611825,-0.0928077657090404,0.22241134478258
2.30207093488659,-0.594476710210925,0.301186426502025
0.231850244804594,-2.13008136682429,0.557675683518712
2.13765762305509,-0.453933139560474,0.355482664414561
-0.906956926657182,-1.99988975067293,0.282618915923876
1.13905930720821,-1.64695679314487,0.942680759634833
1.35100333022877,-1.63179652631831,0.643454296514
1.9739384179442,0.833103227498812,0.558130332262143
1.48485401475674,-1.56921693268774,0.484530810499103
1.88022296131362,-1.15853321983433,0.15673457686616
2.2074347778048,-0.0993682263782759,0.139143776793453
0.693624187546995,-2.02097719770508,0.580120665122313
-0.710496464078925,-2.05728072328925,0.405948436885571
2.00623530143424,-0.705134311815024,0.616286338381973
0.461478591437851,-2.12351272392891,0.423951122480646
1.91389411956001,1.09019418489398,-0.224698178971274
-0.37339936868788,-2.36370629077552,0.537177306579181
2.09044126740798,-0.4431898071508,0.579345696153338
-0.403973201701401,-1.95423160108102,-0.0480895654881581
1.93690916400175,0.875740407821136,0.619245477828743
2.01932004845006,0.571039098078955,-0.50959091082511
2.19201133764819,0.253648539508544,0.180975267158289
-0.672242334905998,-2.08271699369154,0.335236484656234
1.85251056775658,1.00513643391066,0.081568419435578
1.98578966244661,0.960350743422677,0.190707103757897
1.92779262460987,-1.73791389211935,0.500621047601291
2.02540139132343,0.864323193861551,0.229560349089532
2.08576687177647,-1.28115432151202,0.66441276359748
2.12474660134415,-0.621880541543919,0.0268291897297313
1.88697035961411,-0.450416875035985,0.972593295082864
2.31105938179046,-0.130291812174081,-0.403961467656046
2.07953181542468,0.661645625053602,0.373866057271845
2.17073412851499,0.261519699354053,-0.348603103035616
1.89791434404927,0.78991715992517,0.82216504207114
1.60729756396817,1.1457976555491,0.0800706048104973
-0.337678780005752,-2.23570125857635,0.685676563295577
1.91448384705659,-1.10061006312371,0.159412739786546
0.988825330088311,-1.91770263623984,0.968066239645241
1.97217022919011,0.700693357123543,0.722202699853176
2.14591701537042,0.256621863752932,0.480820876713698
1.72030662161015,1.18809755077562,0.728678715746039
1.51389511227251,-1.56519194984089,0.400373678563816
0.0693168726895019,-1.87913711008522,0.15620926851347
2.24930826453595,-0.236025840970251,0.756970972849372
2.4400297298648,0.00921753419323797,-0.119695621070356
1.19769071454529,-2.08129336086996,0.195912144610564
1.63627582797151,-1.23342936625215,0.840258069620672
2.44400109004386,-0.515517931822121,-0.202281322576248
1.92664853734614,0.743969850617191,0.797833070391706
1.70022839756012,-1.36740493706357,0.376072423238351
1.90221314476877,-0.98304003880099,0.398408273309552
2.21091394454892,-0.117005033108644,-0.0131409787477124
0.266762703628272,-2.43074221392869,0.220676748090431
2.41783131212487,-0.607871767970686,-0.10075939726757
0.0277959153266217,-2.15680142100909,0.499438034915624
0.36012938738717,-2.14979754518703,0.388176084198927
1.92172514502226,-1.04522602777643,0.341289248503274
1.44335293555936,-1.21645815760262,0.358249344102359
1.96086171761141,-1.30925271738907,0.637198539806311
1.9421446077347,1.09627535906985,0.716209415206766
1.703563846399,-1.55420349368584,0.402625339672196
1.61806391759703,1.23183455786968,0.259390496621875
2.20596657933706,0.200093343495764,0.117239343496414
1.84155057845043,-1.20093716081442,0.261619448971086
2.11738136223496,0.268425946705005,0.588767366021237
1.02886409710777,-2.01136135373907,0.729292113069845
2.09559537292676,0.0411897373527402,0.291714159877414
1.24543352100839,-1.72523869844151,0.611923288856158
1.30641420122503,-1.64020224106088,0.710648912299506
1.96205489629157,-0.572281677224834,0.851373947890731
1.73270239585581,-0.702653815678623,0.670505809263698
1.94568746917418,1.03971063932509,0.187897291275927
1.87682577086627,-1.13190742187422,0.313550550014401
1.85346270435706,-0.456725013314847,0.181056093504594
1.55811036770696,-1.38180034389736,0.75161374717687
1.85868783139648,1.12508342321317,0.425993156665264
-0.845424148871199,-2.01552453958128,0.353443308250615
2.33377646596909,0.729420448696148,0.0467585190216635
2.25991178403744,-0.644902348242073,0.179482598102958
2.18276228959995,0.00952459203255146,0.370757875901578
1.89467622556505,0.21372802864441,0.200160004716512
0.333587145603751,-2.09916460184479,0.619863633346729
2.07334834712247,-0.627339237995261,0.457903314305648
1.84033151946887,-1.21190978530112,0.215540956750312
2.16594989603654,-0.51968401949423,0.774007675724641
2.28192610687396,0.846727551306957,0.145694612121446
1.80555688104002,-1.25620483196146,0.750811298239139
-0.0169610442027489,-2.15935294021703,0.488784754111346
2.15650620907646,0.476149154636673,0.157373079176549
2.0058945808272,-0.705893264945447,-0.0465347335501864
1.5918254707032,-1.51685157257193,0.259338217204181
2.10867178820507,0.224116655460725,-0.102249857659923
1.54844213840995,-1.52506830147207,0.42248899765269
2.03800065641422,0.790151267317278,0.468338259131629
2.1460590562731,0.2072238794982,0.503480013555624
2.14213706541886,-0.50444474660522,0.24246159258139
2.21139774757496,-0.0990133869696117,0.0438142045146279
2.18484924357108,0.347499957651212,-0.0876407188202915
2.25501093269125,-0.963584939665739,0.352651606321834
1.75355955530708,1.13251288438149,0.737866374079469
-0.261789168599998,-2.33567983471996,0.400765774229563
-0.486427955743097,-2.08361032846992,0.569174117701348
-0.872255908921532,-1.7840647191199,0.49526565755955
1.85203860868312,0.464552462871481,-0.0945930116896598
2.12063813498207,0.394166518813934,0.499529768083848
2.18616931146122,-0.300098759228534,0.180576326329713
1.73158761729976,-0.837315762601493,0.604200921899509
2.09346471296191,-0.655258356387135,0.30007551593585
1.92907979109963,0.998693877499492,0.428094652982352
2.26811977295358,0.10652572388757,0.0124625192110268
1.91407068640422,0.483129540014274,0.247364492553596
2.29034217111773,0.219640732412644,0.725828051312627
1.92407059015102,0.851448726423008,0.689195736844482
2.2600826313572,0.457818063608148,0.86680922680945
0.929235337039057,-2.26505442807516,0.374907579831183
2.14783280493226,0.357971476750462,0.582760205265926
-0.119786811588874,-1.93343534999955,0.501387306499914
1.82999920867551,0.554876233044814,0.512249554403857
2.13208624569496,-0.592841585160839,0.0689233568423338
1.59176042423603,-1.30115259912084,0.821768823290993
1.54757393236797,1.39730724261737,0.54312928844981
-0.379132802331905,-2.14650954285355,0.388276234053328
2.03032736392206,0.972690444692605,0.129594067111079
1.83344259468357,-1.0831850762437,0.605971679122833
1.70895421243082,0.857054655860017,0.0943931773744232
1.97709234010649,-0.939315096642924,1.03554561504636
1.98886753728005,0.53407211054967,0.813127439693606
1.72268859038116,-1.36328208454533,0.275334908473932
2.14296475308931,-0.514961899269851,0.210996783419365
2.19888436205019,0.0984690669835891,0.239196025206414
-0.867861970110489,-2.00484319709981,0.359753650675848
1.82766254399061,1.23229860598152,0.454291722111739
1.68167324002892,0.533815247585877,0.937658599300392
2.08078063167753,0.452363680487103,-0.606401184619462
2.17714691551835,-0.199544769721443,0.349594803196207
1.7757628497099,1.07789566643334,0.395288989218269
1.95050549425535,-0.78708038049494,0.364613306166475
0.257958785473371,-2.16040110824689,0.410033717855923
2.17949585913538,-0.327184411489595,-0.211545489637534
2.11134562002486,-0.313806255527073,0.588003945641478
1.0499310489536,-1.67156662417215,0.380027427756228
2.15622921781002,-0.497957488922173,0.0686821140091897
1.85283903615283,0.345091502238724,0.314641522498959
1.20003077143624,-2.22015336455339,0.650113011945165
1.71114331566913,-0.685788854953898,0.941589350166036
2.18310626719509,-0.101312619617803,0.354663379186169
2.12968900940163,-0.114699582197717,0.0315635428630951
2.21329707607708,0.0562854302782421,0.0123018967270372
0.0582508209160348,-1.87335735892333,0.608078594497003
2.16307716105458,0.420528919580765,0.215071979616877
1.99833207613179,-0.948085344521593,0.0990274017746428
0.181215660776249,-2.35755545493328,0.713535716096074
1.70825265394926,-1.3858670313496,0.251493091335714
1.78357682806785,-1.56477454820116,0.639643319394094
2.32814331975066,0.077653809973437,0.604963847122099
2.26413352676257,-0.815534623238734,0.201229732127702
0.685201233119148,-2.0124038114766,0.618654591013845
2.16569876665783,0.209120686755618,0.409903310261912
-0.871032809100555,-2.11443372008817,0.0868251784851025
2.02039814076046,0.410332988716639,0.807230775230105
1.57963873264191,1.14147630737757,0.905039016993604
2.39405442638201,0.20501007768841,0.177607344987812
1.07185500635416,-2.09683173698636,0.442288365668816
0.968051866037165,-1.96275675990996,0.335357748360986
2.14333469983815,0.759919657615692,-0.445285790978763
1.29145497155932,-1.67547752157777,0.653393039768863
1.91872005817536,0.957946927440553,-0.550322047403859
-0.808736760893832,-1.98320749140534,0.561102691945721
1.8414102548948,1.21365527799816,0.195582393511116
2.19025070543886,0.258142085397386,0.860493030010652
1.78541491253309,-1.15653264607943,0.613782666709487
2.33196079048673,0.790152377084974,0.161084567760359
0.249296343938482,-2.16246034164478,0.692882316979583
-1.00487545980845,-1.95989670467677,0.225906065806039
1.90188335243433,1.10543625890336,-0.250706450916098
2.38784607486768,-0.19155915558701,0.320345120178008
0.338320874365396,-2.15393731183434,0.384832919528137
0.357640073385102,-2.0981323079197,0.609866977027534
1.91692725079947,0.0775913323729205,0.692887100598279
2.16410349158724,0.895148478405329,0.873857187173274
1.90595890333931,0.189335246143544,0.665657109749144
1.49259630876,-1.55207277096717,0.515004568906301
2.29715053615378,0.0338773812468272,0.236342195658769
0.661712727436905,-2.02455328477459,0.51829335428941
1.36973932617311,-1.5482772900492,0.792877635419744
0.0562685779046322,-2.00872421394483,0.316319869656275
1.98142507408246,-0.467061748093363,0.414714422559867
1.98801034072485,0.969117687684975,0.103097652171379
1.56490971711363,-1.54691526954603,0.245181686560623
-1.02331409072164,-1.93132630737029,0.353285011691753
1.2592165009736,-1.54520183269874,0.368793896955415
1.90605344805553,1.12593801110772,-0.035031151771777
1.93963247132002,0.778173420610256,-0.730941404596014
2.09598424989582,-0.569460830126319,0.429613454673575
1.95362656256042,0.864697991632357,0.581071398901527
1.09353773029989,-1.70850693572825,0.78556877814909
2.26047675345641,-0.136189483874918,0.0343966335961964
-0.746174721005765,-2.04648668905564,0.396382202610175
2.19034844277891,-0.0792778901429376,0.313196501651185
2.07057571066559,-0.618694403251316,-0.0129655914837124
2.12582633870883,0.308108214923871,-0.536595787203256
2.17106167374967,0.259666869347213,-0.347947782051784
2.01234001983359,0.784491972782378,0.288342751258502
2.03153098601819,0.45908805552997,0.458316992616734
2.10602746259047,0.531594181105095,0.429021312671078
2.21400461356718,-0.70548278603238,0.698662159540776
2.14235166247774,0.333002984303639,-0.448822570755743
1.72727937828025,1.27246161020736,0.547129539699994
2.118419461565,-0.33633775951123,0.548797986225945
1.89964465593746,1.08158622733712,0.351460875915014
0.927524960425012,-2.00400086701179,0.232956891306948
2.06400799971597,0.470117029713347,0.648740540415062
1.61515025635478,-1.35018832544253,0.685772898656572
1.9189244700539,-0.523593214830235,-0.499533908386277
2.04751610704282,-0.383899046560551,0.749868419621843
1.87134242568305,0.865676973613517,0.731729491345665
1.88218581822571,1.16409534644826,0.0652832546951013
1.97809876401009,0.905569463233089,0.411184338682221
0.19986002051858,-2.16737356174288,0.405649047025074
1.87418575653071,-0.264369883383967,-0.0285629468166617
1.07495694641588,-1.86302051742854,0.525000426941356
1.77163557478329,1.214726421978,0.536423753395432
2.18341627311178,0.354531377072501,0.0948905383997363
1.24806755040947,-1.30451503433339,0.397273848827611
1.68645129601216,1.24976706490021,0.704249702140991
2.1887885438342,-1.01236200031906,-0.0205087943811548
1.5393054997806,-1.53831951804706,0.40757204521005
2.06015723218765,0.212495901744045,-0.273374752669636
2.16998811311051,0.61066308898998,0.451798664982014
1.5155336258702,-1.84668610264362,0.547430757046645
1.93942637849539,0.797557758475963,-0.710302947753342
0.869871989551432,-2.09009480705939,0.0975407461516478
2.00350514099734,-0.922577664605892,0.191887821561449
0.246096122277435,-2.08295003679659,0.709055129101485
2.13598789860797,-0.355585159803477,0.461647294396827
0.06489035771692,-2.16654729207084,0.451514568969746
2.02984954198283,0.484080849271133,0.979997244115208
1.82905797629459,1.20885990356386,0.308557913858596
1.87525732092977,1.15155043003171,0.243608129357648
2.20798740964508,0.0781123537749112,-0.143851980634968
2.14751640787328,-0.50549449625179,-0.186150276578431
1.10156798872398,-1.91754407384962,0.353369279960466
2.16763537982877,-0.4265205525985,0.146425447316065
2.20321687708456,-0.192875745750675,-0.103139093107044
1.04781671307658,-1.77438313529514,0.427116813360219
2.00839889981087,0.208987316756038,-0.370481164108066
1.89204341123175,1.41551727978324,0.34241025959348
1.91817455008032,-0.914840772288151,0.621028252239329
1.60092513590149,-1.38306592803781,0.652817494584647
1.88542180098758,1.24736533648002,0.0735966187625889
0.626595706644042,-1.82972646221927,0.683588258162874
2.12497421144947,-0.616076897860682,-0.0832897946516004
2.15464309251318,0.703455416281462,0.303202035829557
1.79995709022991,1.20884202958865,0.448172683378971
2.16996602329836,-0.375449583046187,-0.228666573021095
1.01882247971556,-1.93673826643087,0.336227564998262
2.15084212510042,-0.496100840682603,0.172526641605189
-0.589444803342674,-1.78072756862021,0.406567032874821
2.03880207591871,-0.0230804677581122,0.862992885563763
2.17363816999713,-0.294934995502793,0.300522524372706
0.401480502480212,-2.05480934391312,0.720121725537852
2.0573068825403,-0.915034324484766,0.954115710901463
1.80283987510012,-0.534610738911074,0.984031410609322
1.40113186103331,-1.56162889978169,0.356897846378261
2.14765524514079,0.466429512997713,0.268372485027819
0.608224161705506,-2.09651805297106,0.369700900702339
1.65633550417721,-1.25215364917931,0.768548807653107
2.44369137594894,0.320759444739272,0.025393765871187
1.7434143464945,0.985969054182973,0.402825232312415
2.03552386845886,-0.598867827999741,0.632458092538299
1.92724886510562,1.56142000159058,0.554416856143854
2.03143850937335,-0.235223248788968,0.848487441957856
0.619723550154851,-2.07099359831364,0.478467940852294
2.17969317178057,-0.126588519251237,0.367309620052337
2.31831741208285,-0.529555897198427,-0.0705073935927824
2.12501031965557,0.121809742206044,0.60950542356657
2.19911975437215,0.0348785460583432,-0.254281588501959
1.89580801708642,1.01402147042118,-0.528843789007456
1.54856438777387,-1.47205848214867,0.580513131073466
1.79649549401905,-0.696672024392338,0.470640440817021
2.17311577781146,0.182761910169,0.382320851791167
2.37703282970837,-0.247315890575808,-0.574292658247477
2.03095482692184,-0.955315448272741,0.253417914039035
2.20099616365376,-0.230987780367677,0.0652982863350449
-0.150995007594288,-2.17423872429519,0.389730433444526
1.00083192905011,-1.84626849333996,0.701164341356632
2.13166525262781,-0.590479957434292,-0.0966436956228501
1.99602169014298,0.892347593691819,0.391910291155274
1.66525093582966,-1.26553838763969,0.546226794131052
0.0111901420962838,-2.11291636434208,0.661409518612596
2.02629741325002,0.584253144382462,0.275170392563156
2.16118943340038,-0.447888604806986,0.17509815515491
2.15145761929685,0.520396467844715,-0.0492032714391003
1.41750564731966,-1.78468786089514,0.522633038421216
2.14959855982628,-0.491158399436769,-0.199981978066906
0.590605090865461,-2.09634271872148,0.398166002570895
1.86736484854699,1.26322752050546,0.565029013013958
0.0695489577028651,-2.10460199812682,0.683971275171023
2.19572650310894,0.278323978125871,0.057656049476314
1.74513797623172,1.27468304530473,0.481331394387017
2.14939607020094,-0.529900083392952,-0.0361354164349065
0.601215805490437,-2.06905240557501,0.413395585128703
1.54668898502388,-0.943000737584717,0.625624131470652
2.18992249980517,-0.295972649667104,0.136539257329732
2.1973552745119,0.128764816849424,-0.23885718078488
2.20378556875665,1.09903897052418,0.843333395450366
2.01265918607699,-0.920534281296378,-0.0618301783445672
0.420822460203082,-2.25553267572515,0.582005917189909
0.72875863824509,-2.05727613975241,0.372194929149519
1.17697078597446,-1.85022915321902,0.305606254577884
-0.195677286468286,-2.13279218183944,0.561169530481669
2.19394708929054,-0.295361820935964,-0.0368903432218495
2.06273094113933,-0.292042178188464,0.633585288468805
2.50188088123848,0.170366406594855,-0.279248382618208
2.13983473733554,0.38817006215501,-0.41525249311084
2.03913227414097,-1.63522340078423,0.272054661694681
1.81974849797728,0.697156345212542,0.776992551911589
1.98788625672814,-0.545408598794152,0.807985782033849
2.19663114617678,0.195442289481865,-0.196512728402573
1.6912166469514,-1.35188219584347,0.462821904118603
1.86812342282059,-1.53223435420173,0.13696043628599
2.17308723473669,0.121230284832918,0.406199977301614
-0.66351859552396,-1.92164548890863,0.190226627217123
1.76636690603474,1.11826966714306,0.728988503413518
-0.229238983111387,-1.91354496347548,0.707674818430301
1.84904757717568,-1.14677025810478,0.409810158199017
1.78660199715977,0.617991015133845,0.00564877331313428
2.16399168613829,0.809409628383515,0.40634208867495
2.04065099972142,-1.16596089461791,0.440017019402354
2.20393308090103,-0.16538731071776,0.131640972571892
2.09121969254815,0.64004394183938,0.34517717669275
1.75796894668332,1.36000850399314,1.07119977272843
-0.00239009468025536,-2.402983739003,0.589226074571748
1.7599413897239,-1.32130558747868,0.242407059572047
1.98173968312247,0.986904579667371,0.0270279904039929
1.77061908600975,1.15563818746053,0.656819431226717
2.12103677457875,0.374751842034118,-0.512608418846837
1.61911419072898,-1.26479103196565,0.825091641052899
0.448414012537729,-1.76904885589761,0.741875729340727
2.19977257869024,0.273268634913832,-0.485211202942464
1.77103912952525,0.689542266432349,0.908747472243801
1.95948688711163,-0.804637623387398,0.644183799519297
2.15296716702066,-0.0290553178486734,0.515646680908332
1.92912134965917,-0.320059635055133,0.439943245932064
1.72982382172121,-0.930159570647028,0.504419970057875
1.83132731902979,-1.15838706318609,0.454293952980131
1.7718743440472,-0.933514332474235,1.2180080287617
0.0797091427715202,-2.15719141948379,0.492112756957382
2.17939007142085,0.347687089102735,0.174435254033008
2.02623445560912,-0.651353085061582,0.6100134611459
2.29607946859177,0.548539733568459,0.517485251709231
1.37862700383137,-1.65432988579613,0.297076883472114
1.95978273639204,0.913654002998898,-0.169944637053098
1.72350506521017,1.22149435009865,0.662936781426425
0.170255655768989,-2.17932843804456,0.351488127971579
2.17164818547208,0.422409166103988,-0.0867063332359097
2.3351738920029,-0.623715787953875,0.48820096896934
-0.0696466112389372,-2.14965139859631,0.525501234396198
1.94497151545943,-1.12600179764975,0.27085245575217
-0.0296786074605042,-2.28792158578178,0.246210767723647
2.03540099518099,-0.52078564725532,0.890067820835715
1.98544063131744,0.979763514190886,-0.00960672005318011
1.45501941021848,-1.47422497127579,0.78203745642417
2.12277460559725,0.480215462456047,-0.40647806428592
1.88161899948855,1.07260551645376,0.459380757251244
1.16824759785331,-1.85378867360369,0.317282897466464
2.20836818935763,0.0870623243284339,0.132413840711129
1.49442714841716,-1.33664980123042,0.75036566182371
1.98674352992209,0.488009770934792,0.846581326914858
2.04830039778738,-0.78852174921284,0.766100055091774
1.13103952744176,-1.85549371159025,0.424141493972707
1.99319958087246,0.914587271226748,0.304448497148408
-0.747789943238329,-2.06428317996097,0.285566957153436
1.04793378925108,-1.83066069495577,0.672695716194154
0.959265354793104,-1.73069237479578,0.539446044231658
1.87902354187561,0.914103127580941,-0.731908009602313
2.03980220610555,-0.770135511368202,0.384839690511012
1.83942796892542,1.23217974896733,0.0155288977628591
2.05308395432267,-0.422642216698546,0.712897725107178
2.14686824087779,0.162658385885397,0.516238645499836
1.81814395954025,1.20574393743963,0.377541299742101
1.83578410592175,-1.22702940474449,0.162169323959631
1.87943083630213,0.888276071686373,0.76204244325506
1.53719886420114,-1.38787386096855,0.782834038117306
1.15888344080359,-2.24584993075894,1.00699208311479
1.41314396058692,1.47764639164701,0.703267585796728
1.99202617997046,-0.461487747464401,0.524755595723462
2.10010813192097,-0.627632299948594,0.312452978217029
2.08161941065941,0.470669427743492,0.589350703952763
0.537967219138847,-2.10978502214325,0.401748384897878
1.91721079738061,0.197216997128642,-0.317985617123044
1.92658370063131,1.08916978288736,-0.0631487276427481
2.53878520224708,0.163305411778025,0.0199390280306763
2.18445784099244,-0.356014386741968,-0.0583183560762897
2.19725038805922,0.514645555945692,0.902852356670116
1.81385902971076,-1.06546056439909,0.690443726413068
0.81057461842256,-2.00809439157093,0.461008715542954
2.14516732373613,0.547463050850004,-0.0233386894407176
2.13305720291138,0.324419488720123,-0.496812135260887
2.12777250928397,0.719068459651746,-0.405090352954587
1.61105590848478,-1.26659362253044,0.837999277086521
1.36394461273879,-1.72452430780306,0.260142919321743
2.04632783079205,0.222112264786724,0.227352178187913
1.2329415658531,-1.58090655900388,0.465230090637626
0.0557640352887638,-2.24901973253395,0.868171367857915
-0.236586990378795,-1.95561029640696,0.455538078795909
1.87322730149172,-0.205156136261569,0.480005168840425
2.19628264407737,-0.00620112859600785,0.279834641573761
2.08669279575156,0.0998008260814072,0.733318692362369
2.04122970384376,-0.445015013213407,-0.247352242183149
0.542125546212371,-2.0149229411238,0.740397708514157
1.86457057322838,-1.22612386509219,0.571001965636983
2.119648296304,-0.526616549234,0.363000610666804
2.00228497462289,-0.944853030504168,-0.0105339661351117
1.83951371448218,1.17017935289532,0.385840523513957
1.93824808253682,0.525873111415603,0.825456627532725
1.70896092597475,-0.743992446203923,0.0626760389512582
2.08215525145299,0.674638791983145,0.333909183003876
1.87949426267128,1.1434491658459,0.249055525953744
2.03729707144813,-0.849426970785585,0.172909795173525
1.6363862895354,-1.41353110085619,0.475576567577587
2.1279651580941,-0.248407819034258,0.558624359186232
0.742664153767885,-1.9335339696339,0.782240165343142
2.08935137733126,0.748512840662298,-0.875782486302224
1.97801305231171,-0.956606427169957,0.272712012345821
1.98420315337334,-0.838114740714833,0.512352281966071
1.87352880031461,-1.17693384607115,0.0819749331191878
-0.295993192553425,-2.05737318115366,0.406226302141198
0.216029326081606,-1.9860680024535,0.49256087582455
1.85723206424649,-1.16312821018344,0.315951197981982
2.18265588516762,0.0523861622388378,-0.367793842043476
1.99531166699755,0.83771632695349,0.467938073248001
-0.069433899989986,-1.87387129317541,0.42269696436348
1.91909079347803,1.01859038020235,0.426107377362951
1.86238247798673,-0.950280857212902,0.728355086066387
1.90460285033953,1.26532294667495,1.03591932379298
0.72749477720086,-1.97498520944055,0.687159446513402
2.16481671506175,0.0562704236742098,0.460874780070272
1.40678406382579,-1.69246063791842,0.241948176597033
-1.37086062061075,-2.19616899929028,0.364621301715375
0.699704845743061,-1.99532610831555,0.656574583435925
0.882461528603364,-1.88778616007419,0.74801630842075
2.09430433622041,-0.0455644958202948,0.716809986889874
2.2075430392811,-0.143887197612746,0.567091794398344
2.16032915973519,0.645770133409369,0.419962304282978
2.15107418794172,0.333514830077043,-0.404538044423012
-0.667075138116606,-2.02229112326284,0.606096284574554
1.97716280800964,-0.458759404012943,0.88451702818497
2.02092763616556,-0.455355248492742,0.311857508645596
0.174700808000617,-1.79456407254935,0.584632132059421
1.85400496473001,-0.388349648081943,-0.0271417244328578
2.0984578303614,0.0599713585652547,0.703478147238989
2.07331048560894,0.734335491721183,0.773139773504371
0.0147605153460979,-2.09304666571511,0.601026920964402
-0.453967288721379,-2.13604262964767,0.365019065796404
2.16672336471466,-0.412203455090317,0.193394688932295
1.96537546461384,-0.637505283974016,0.795543606155681
2.10101505811903,-0.613917402148725,0.332933149734414
2.07835947354693,0.727869171856087,0.22941599917032
1.90857550215434,1.10772903676948,-0.17966431746487
2.20763837293337,0.13631778996551,0.09876035534094
2.06968317299031,0.374808026370445,0.691327592466205
2.29663926580482,0.477041059603443,0.381616999239156
1.70963354162106,1.27179183731928,0.601416668532167
1.30956594229122,-1.73943794367299,0.40174123039297
2.01685096421332,0.314919117801144,0.857403913386924
1.94754973246015,0.760262703945871,-0.728734515361638
1.60108560055335,-1.38756484603704,0.642800148599055
1.3894856939772,-1.64648396594083,0.510316949971768
1.95426224425403,0.955246252059792,0.412755389916332
-0.537660583027213,-2.12927953041565,0.281234976679296
1.89924901533152,1.1371285902658,0.0423683874889939
2.09508320800501,0.591429473823264,0.403535453615424
-0.252012088712329,-2.09509381640573,0.670130689416155
2.35475027821958,-0.348383257040095,-0.42710521868277
2.02800145685442,-0.263487723069375,0.848402996272473
1.23936501403068,-1.26271159448774,0.731284248381647
1.45673893147373,-1.45338438226594,0.817061109226395
1.87258291492206,0.0293305611620064,0.0350968584270724
1.90354674684837,0.946079107410436,-0.619231328649095
2.25627818129651,-0.551265883260232,0.363503301206362
1.48112288039662,-1.57993696961491,0.46051874935305
2.04869486921598,-0.118853276879318,0.831099611791029
1.4545947933293,-1.58263811867043,0.168564295622895
2.2018549619569,-0.18404243268224,0.14130266371944
1.38459397119546,-1.83850589022374,0.117071035842581
1.70456190317228,1.29422077172087,0.566978523046489
2.15907647544144,0.45166108525187,-0.190773086572871
2.06502217083036,0.208514900487943,0.770849079619113
1.91185049135913,-1.04028324893747,0.405760759519695
-0.12708343902683,-2.44988480576303,0.280224913449434
2.2223853769882,0.130626299071842,0.189153519124444
2.24043042796369,0.293912321410986,-0.239528153685024
1.96653397461583,1.01703290783035,0.019786974702251
2.04783149582939,-0.671928616891519,0.50685444832561
1.62323793853835,-1.47170611440979,0.318092818206684
1.88547118587689,1.15184562875738,-0.142314398556723
1.93416519182046,1.07735598062021,0.017675832880505
2.10468960594752,-0.727569071911366,0.88240208545743
1.10447884615704,-1.89307702472759,0.313670512060338
1.92763809610749,-0.949960140388285,0.532719847015875
2.00777592681286,0.796863301526295,0.485641884198031
2.13892245818331,0.0188230129286013,0.571541551734766
2.1504376748873,0.31537778063176,0.422087662938779
1.88111563113098,-0.608060517905281,0.0605423048798806
1.35746654713436,-1.6322237432045,0.62859649921602
1.70443179895849,1.25345560940207,0.652506407059457
1.95809482257458,-0.57153377223257,0.860939687957446
2.00405476488788,-0.740675939586511,0.492038062902847
1.73824824959528,1.26477000952303,0.529955827485752
1.89834858954509,-1.13845219332154,0.0469315393908722
1.83531529092964,1.23563407530545,0.0826410800990557
2.14870015241981,-1.29396048631313,0.661130340617452
2.17968211237312,-0.387454548676259,0.029465149020328
1.91901354122548,-1.09474376296873,0.144659791684954
-0.765624930000746,-1.82871134857013,0.388463537952403
1.95029866381497,-1.00031854960669,0.312571998954438
2.14867089665093,0.135868430001985,0.516484734440545
1.94709578527988,0.159469130714766,-0.584511088027159
2.03171253567513,0.286587245829316,0.831874543548818
2.1148505425227,-0.419597604658645,0.503337229153774
2.20305500732687,-0.015513720199136,-0.219798299523952
0.53225992686865,-2.21152106554128,0.924087420185428
2.14836570212301,-0.525660614298198,-0.10103990208419
2.1946905409127,0.237281357751446,-0.170394601405123
0.915317683565321,-1.96221256941992,0.462513463435563
1.79480201562215,0.867202912333156,0.250181194929877
2.00725050666532,-0.145026400550926,0.293077231104728
2.18476979535452,-0.179559357163017,-0.310713230902402
-0.665419684979356,-2.08068135806468,0.360534412144161
2.16966450768164,0.557805276329256,0.629556164435719
2.14554811884363,0.140491817895529,0.923643883816235
2.05352808624401,0.0053672314690853,0.827645410263011
0.481987862066481,-2.05129299965999,0.679623471977365
1.94149611105971,1.05787174977667,0.116204754896346
1.41188024129061,-1.56762738246764,0.67167098142385
1.72180761046954,1.14353279502272,0.793545608350743
1.1438765387446,-1.87475099120353,0.280817589169728
-0.539591485467552,-2.07512206607703,0.552007946489139
1.77697340553551,-0.104726482663981,0.918069231539403
1.73228199537513,1.17867576188958,-0.502466371756535
2.12050897512476,-0.6213748304285,0.13906235946991
1.80423897456382,-1.16813138914984,0.531219459022186
2.19267252765363,0.153396616994998,-0.265819483227998
2.21275348535524,-0.068152167384969,0.0328729132421368
2.13566263297337,0.480829415246572,0.331287676877595
-0.466948738585091,-2.0781235586498,0.604454037801512
0.543085613455963,-1.9323323865902,0.353937425137293
2.09843031092431,0.409701699303169,0.57509832296596
1.91556860345161,-1.29349196190766,0.532336239711211
1.96277373231328,-0.498410696585496,0.673238956939182
2.18131823114974,-0.0362622024456247,-0.377543587448658
1.64943018072252,-1.38564920088607,0.511233512498457
2.18587205333679,-0.121391606435954,0.330500798220152
1.5221595396805,-1.5884023168928,0.249021582890518
2.06998233568543,-0.286146239130126,0.73163979735799
0.929410719203021,-1.97305772328007,0.381106637217786
1.1383299491204,-1.9305248156131,0.509812731249364
1.88512664484788,0.490935089099408,0.0826514127202386
-0.649050239987328,-2.09764586954282,0.283934720064965
2.22654221245556,-1.2690629144715,0.315788834872771
1.92262515004074,-0.730171725389189,0.819978729705249
0.778574659357565,-2.21977012368097,0.786156304514301
2.1526678513581,-0.06443900587536,0.513684795908105
-0.497087486558854,-2.1093016509185,0.453601046554289
1.87632002391336,-1.15637704203592,0.210282281255652
-0.615516960235387,-2.10219975604987,0.322332732781678
1.54054179200877,-1.53749629807922,0.406004253380599
1.97535484923448,0.321400276309474,-0.0597395847281308
2.00328745720766,-0.204259773201504,0.922864448550603
1.82213191912595,0.811277341313827,0.0187384638754579
2.21637800438182,-1.30734109473231,0.337280729923514
2.13674271315326,0.109624490106136,0.716748120644833
0.724918079911119,-2.23894676913084,0.742848461022965
1.74969207146642,-1.3187800655772,0.318433865943641
2.16013533452529,0.455000147563638,0.16968658034279
-0.122652722638579,-2.327546536103,0.314986407072292
2.18358922372007,-0.23382904736367,0.281541137240432
-0.0718534164603848,-2.18270176733486,0.364216164814658
-0.238389318777705,-2.12884314119922,0.559643409822519
1.91140641251003,0.883766774119273,-0.683728855961484
1.77032365907717,-0.914519525083386,0.139213769080161
2.01063262686915,0.00490016834582302,0.410460210865654
-0.893178374016669,-2.2711067003052,0.272978592077915
-0.857277032701912,-1.95594408499467,0.486817825100376
1.76915477991489,-1.30224277818305,0.276149315897098
0.0752140289195791,-2.15952879484092,0.639415287649446
1.88473187968397,1.1356714086756,-0.245029644157128
1.88343141831309,-0.772928960457773,0.870212760129883
2.18191937820242,0.374937562645892,0.0255535601817221
1.72740277639537,1.32334766743222,0.408453097061716
2.37190016029668,-0.0520094170698395,0.480651236191679
1.90355501346977,-0.959928355650205,0.774609188577857
1.29125558205036,-1.84313391746264,0.78207366250586
2.02566428575943,0.768202707640523,0.456675086542433
2.02199373412577,-0.230674859111129,0.735234621429866
2.10279055235572,0.352188348583844,0.375417749972179
