0.0716043363764982,1.11609680471362,1.37521771418087
1.25195094346071,-0.249784920821038,1.22973547902588
0.39749116921708,1.05251911733668,1.36975446628656
0.498809273552316,1.39585842531028,0.972003901733549
0.142452235878243,-0.20405376601985,1.75501921383874
0.691496124163435,0.701634910013195,1.47362294471634
-0.858117525612149,-0.127733598248324,1.54574948164072
0.671157311530041,0.467827264833095,1.57248482769637
0.594123324022184,0.235647437608877,1.65333323346443
0.843878378044835,0.0762886647523742,1.55694326890078
1.46785636843621,0.65436994429953,0.747810589330903
0.00300779465946197,-0.580375210748459,1.67486673732471
0.479278729884438,1.51547325373071,0.784637327804354
0.568919274944756,0.634365228986262,1.55432771149661
1.31794961055939,1.11995735764087,0.388236218002862
-0.343972142823563,0.498274652241689,1.66596175099296
0.623661086457956,0.194470424483242,1.6478019065155
1.01958936751482,0.60275361154611,1.31876784359325
1.19348288465126,-0.0349081483498625,1.31011566096281
0.0307361501255564,-0.318049978755817,1.74353735835101
0.443549833688363,0.661792241765955,1.58345116554005
0.53673590986975,-0.619475052039268,1.57168325143267
-0.30339119837275,-0.12937603873873,1.74161954548832
0.295581783206856,1.18300777372513,1.28652517916242
0.638575737874302,0.247871064438143,1.63487124333671
0.67798400046656,0.990947010619563,1.30398801264898
0.615884070049057,1.3567055130308,0.960239544618098
-0.125621354182532,-0.578319176637928,1.67086481355701
1.42111323346703,0.834190202990653,0.653136205378359
0.982744815148167,1.00974124623542,1.07548048044912
-0.488918300138582,-0.313344545321766,1.67475285089575
-0.928664044110592,-0.389518294807808,1.45872602330352
1.20662138138281,0.894060982388412,0.941670229771149
0.185576064272032,1.59557992043553,0.749472655771361
0.469274611993247,-0.424586809794085,1.65575674522685
0.321705541495947,0.122365782236003,1.73883730687644
0.698589240267808,1.26391297653879,1.02787162671009
1.17666977466875,1.02752032930702,0.837659378338543
-0.522985445263386,-0.366835213554864,1.6534633863547
0.0345832388405816,1.25882968736336,1.24746736938514
-0.124985629534206,1.66874187840627,0.584552953580591
-0.289238235015544,1.08678352970342,1.37013350548303
0.627414528754857,-0.316453165531337,1.62733875484155
1.12900988710051,-0.572689347550242,1.24072019646192
0.97054929140365,-0.0222956357902928,1.48309136517523
0.39887994500747,1.7229761097642,0.119461853867181
-0.222602558560723,0.0727875612033961,1.75703531317188
1.4304892435403,0.899340987089265,0.535639181663885
-0.0730204238606409,-0.246435661241715,1.7538416412106
1.09898457861781,0.744523013466569,1.17470906962347
-0.366547117763271,0.356611518949996,1.69720194876401
0.854141879533229,-0.498897091777374,1.47090664602491
0.969452753345335,0.934824328780576,1.15251371064636
1.34904671317256,1.14596981969411,0.0940699628217565
0.922249144034814,0.341138464839628,1.47482340773757
0.689859329656232,1.52993847408005,0.570443152901854
1.49886292220945,0.631759486430282,0.704494791753517
0.0710735543989643,1.08212408167347,1.40213374597582
1.2367284362844,1.06733702186317,0.687980723946937
0.0472542809819039,0.810545617322218,1.57569218283438
-0.14190207688633,0.409591261695977,1.71875589273008
0.157556258425117,1.13562199073302,1.35187341843509
-0.503794630132909,-0.395601973139142,1.65278948126324
0.571568140560098,1.36554233462632,0.975001032264438
1.38339438304491,1.10690284375711,0.0548552214373381
-0.239117412631658,1.11556871306541,1.35659586070527
0.261448851081898,0.0981320609683943,1.75043926394342
1.33446555601891,1.07656422212842,0.449704542237365
0.424458870683375,1.67163071128774,0.409277964291473
1.12591572273094,1.18474487595802,0.686087737884309
0.513473512926933,0.813720805549992,1.48869957412981
-0.279347322827051,-0.637492634864107,1.63021202105742
0.746032365622764,1.56986153074275,0.347841204594942
1.45153417694796,0.91387164836331,0.447113143786307
1.56810798608632,0.78246043739176,0.26611281022479
0.977558365765099,0.562812425907082,1.36734956563565
-0.279129658624483,-0.110833248889183,1.74694752196326
-0.910581488589588,-0.300186665147114,1.49088978082974
1.41847278936443,0.434200485218438,0.970272077484193
0.343189989999952,-0.432721514257601,1.68433836913465
-0.297506596558455,0.304823028838822,1.72063818566556
1.13070563863983,0.58536049562389,1.23323998831849
0.879112620063901,1.42637255076683,0.578485408234346
1.43864742738133,0.78447756428553,0.675952328717382
0.727590684098276,-0.243614371859301,1.59790076478915
0.730623538934622,0.374111056458472,1.57106752931467
1.21857563109478,0.316127091729608,1.24786221717515
1.06427503185491,-0.241186050481025,1.39684321435884
1.01489435616831,1.07461315673729,0.978375709562312
0.724927952057927,-0.338617796843218,1.58172073131223
0.434713450676326,0.930811626407077,1.44451962666598
0.443880444629564,-0.142974908289288,1.71013196752527
0.765029894946956,1.17748910981846,1.08179095761294
0.816829894892141,-0.605706520219513,1.451871741598
1.10585359347504,-0.246683975678999,1.36317932269319
-0.0620356009259685,1.74475505263466,0.306601386820575
0.74173970692193,1.56006231607535,0.39755603003064
1.23517290888227,0.0384928941754676,1.27078290913045
1.13464267606072,1.07605594587408,0.834693128573332
0.421727860000969,0.362568018055528,1.68306656560548
0.500681478360069,1.3067823460698,1.08796184542668
0.422152626788147,-0.69056953987688,1.57699837988719
-0.368299470401128,-0.662381663739298,1.60238230504488
-0.830592150158238,-0.0828474584475241,1.56373782924154
-0.345411067756281,1.45234416176204,0.955725195829798
-0.486844321966345,1.20005663838838,1.21031801222069
-0.642963028230675,0.478541565671806,1.58101851163405
-0.215889292481201,-0.532707349962045,1.67679387897413
0.0857732283074809,0.202266240909224,1.75890714393083
1.49353414264187,0.824183748483742,0.481767509671445
0.632312895207339,1.34313684282755,0.968600456261761
0.47088956271555,-0.306252247315232,1.6812184868769
1.39346941169023,0.545474740819032,0.950117532565753
1.40434231706392,0.893328645523434,0.609761926876002
-0.348601812567765,-0.198995964447798,1.72652842498602
0.104719991146729,-0.43777098155733,1.71447172943659
1.005659095907,-0.160868599705415,1.45079085202695
0.849108772383809,1.17602602281374,1.01882290227619
0.566195061607883,1.67737820426249,0.088591940675925
-0.578320377031081,0.397897339117821,1.62765053648206
0.138226587389389,-0.17491244352766,1.75849994811333
-0.234602707170924,1.05103340364407,1.40794650966902
0.601299438449477,0.0414639009921353,1.66695613322954
0.382662674206106,1.38340511121857,1.04008778278591
0.682787617744287,-0.323500697182974,1.60348725840087
1.21453571933082,-0.431122202325171,1.21698794283616
-0.280850486992168,0.0645167221414773,1.7489950304095
1.27859444867194,0.827551444851221,0.906850517906167
-0.173213416790634,1.64322519420205,0.641740674462899
1.14798036534235,0.79725989565656,1.09020216448275
1.16132917807175,0.295691326547034,1.30610267568855
-0.212150764426658,0.956213285960219,1.47738661994181
0.455132663831304,-0.545267520713194,1.62405683676583
1.16525332621039,0.186949498187124,1.32259502144834
1.03393988727897,0.609545030164338,1.30439494999492
0.455847675624332,1.45164968729301,0.909361920187305
-0.0462020114083208,-0.670852232437304,1.64007489958613
1.02147453340507,1.1634249267187,0.863165822638513
0.165337244237333,1.43110937126905,1.03276937551936
0.189050683238185,1.63536379116201,0.657166744137388
0.614506677658431,1.24019306522432,1.10739592014755
0.740661491221652,1.44139600217288,0.71820689234933
1.29639932529219,0.34129309620961,1.15969428373962
1.28336166260178,0.490944145357493,1.11981235436118
1.08689965896879,0.0394116046372738,1.39968527770717
-0.601341605607868,0.676337685035808,1.52413209041805
-0.854738315128413,0.175235601202385,1.54296400366289
0.447245796585472,-0.305101013440172,1.6878707263624
0.668839084872297,0.0497000261080752,1.64079468728686
1.13059503113035,0.276356974671137,1.33693856179359
-0.606261950273802,-0.494903308752609,1.59045282310186
-0.500145893423154,0.702072087837169,1.54886148142713
-0.128175851222648,0.767380536493608,1.59270872517572
0.669872227426237,1.01125805376061,1.29253679541591
0.257308871196879,1.31025941842181,1.1657767458296
-0.460325393378745,0.93738969512642,1.43227934131518
0.0791057314829859,1.75364915120509,0.245926732180427
0.355400902700484,0.337741062469433,1.70342131986142
-0.729037630494839,-0.293995574741447,1.58873967509836
-0.158873430168286,0.9251868183403,1.5035995491595
0.0656368999528917,1.34042996704669,1.15799927490674
0.915490427125562,1.2437805784925,0.870005844970631
0.156813001180013,1.72559921597429,0.373818202294328
0.308502638321529,1.72419852915813,0.272008408094901
-0.9093487391634,0.0176029138447396,1.52144603186667
0.783669193956543,1.00406256089363,1.23277896969894
0.0707985086390345,1.7432650970397,0.313109234125053
0.901198327356975,0.792287133612091,1.30466305709883
0.54532468622633,1.10490573451864,1.27429483413248
-0.930320960665525,-0.191989412600316,1.49655136746872
1.11950659263364,-0.0818993551882904,1.37186752441564
0.530631833211425,-0.516767038785974,1.61040513694033
1.03071105479266,0.525715305698645,1.34286304542166
0.966706582746007,0.575776767637701,1.36966511111328
0.834313495119384,0.968601763304131,1.22790660714182
0.340106893496169,1.73822434787901,0.0701885839271346
0.191329071850778,1.63623899282017,0.654322676144023
-0.0915857554637828,1.44963138906079,1.01597436243369
1.42773115213689,0.514337183082229,0.916004388195629
-0.375740088358139,1.37358817474416,1.05550837612989
0.440047147119989,-0.287286747654948,1.6928815235598
-1.00802171734831,-0.213149844888158,1.44238773596251
1.58106050914771,0.777066486090307,0.19605703885754
-0.369916085425622,0.875891277903912,1.49599451165837
1.22633201755212,0.92189266151459,0.887832598663081
0.553310432384078,1.34353451630577,1.0152761145554
1.46043156625632,0.998038689944357,0.114374094676157
0.209520084922295,0.816023215974254,1.55956098466265
1.00573761940522,0.684177803104655,1.28934696436946
1.04840600349526,1.15879259004173,0.836700427259489
-0.678008746273444,0.611590446118471,1.51930388206904
0.941380623614896,0.980172813571873,1.13801880340079
0.872685464049279,1.54273993895678,0.0199143531520727
1.08259495616657,1.15350375746294,0.799650087399688
-0.267851918902256,-0.570368174971841,1.65679163276388
-0.69885105760976,0.393218686036912,1.58082550716575
0.311178621713615,1.73675927641207,-0.169876723131124
0.15212497407931,-0.420324326609657,1.71528670274046
1.2345685535517,0.594905985820741,1.12425547563384
0.391180743512171,0.832810453030012,1.51506679559218
1.20263539901848,1.26640867858734,0.303150417619803
0.954294316403284,0.997029950638891,1.11232938246103
1.07604922499427,1.30224435752151,0.536936419484981
0.632575895890318,1.36591768226946,0.936023312251856
-0.0237758625804922,1.70883827783844,0.470456659459127
-0.477652828468995,0.693632126073921,1.55972602370111
1.17634759470335,-0.133633223286239,1.31923141182528
0.70451323520318,0.188361027378793,1.61561265304066
1.58818245723681,0.77323075013815,0.147694649337017
1.42261363021187,0.760712767971256,0.734513147368824
1.28914707969758,0.0835377130188879,1.21373155075062
1.2406585970444,0.88854382586417,0.901819901629598
0.516350651628085,1.15428152507575,1.24219128370343
-0.387150529118074,0.494752199626525,1.65751553496341
1.21461030520655,1.12789120277053,0.628176934530119
-0.283829433719452,0.621145036930808,1.63573919544879
1.14000723891034,0.102764293647435,1.35345706066351
-0.0169690469042856,0.712530302157095,1.62297123814066
-0.501491496962915,-0.581815458441048,1.59750432571235
0.232678663572857,1.71861501949387,0.366396061884915
0.878306607911739,0.51252492596963,1.45186732266937
-0.529377611741538,-0.253532997123049,1.6725738798132
-0.351571691184643,0.234488406183435,1.72146320123314
-0.183703075463399,0.0301803017615058,1.7627720639174
0.0866852599268721,1.73216978671609,0.366191910855629
0.921759196825338,1.40437515393132,0.565785674937987
0.965642328591732,0.339259769474695,1.44722518010317
1.04773575261446,1.256416371153,0.68241535362921
1.4921422287365,0.813521950808549,0.503702913085352
-0.201487596644067,1.60683792618989,0.720761851954658
0.702792507801558,1.61790990226811,0.174565915910106
-0.25465502658023,1.09573906535613,1.36986486120589
0.979871224291083,1.25967183697699,0.771428717905971
0.520313863410507,-0.523135108009369,1.61171528570886
0.539339790931727,-0.173427117231461,1.67960073970073
1.46209079429118,0.967567639434191,0.261010329767759
0.352634885449146,1.16834344597759,1.28555250755549
0.0530119153501452,1.3774821721541,1.11434089133679
1.11879335328628,-0.303101779267637,1.34106441453197
1.1099947825464,0.815455117573255,1.11578114064547
0.641259333848917,0.431303794855526,1.5952387041354
1.27958692066461,0.961464676831786,0.76175193307634
0.444372872708871,-0.262938291104016,1.69570611396801
-0.339794608291378,-0.443992424720941,1.68209196265937
1.43414574661286,0.416725566990173,0.954771595286386
1.36881500485042,0.921760740533396,0.647090132504272
1.13582586347457,1.11720055686919,0.777036384907523
1.08156690392109,-0.272508462181041,1.37767020373492
-0.726407719333196,-0.43096205815816,1.55840513012437
-0.22451193360974,1.24520356019491,1.24140465007244
1.58547838923497,0.754587951171926,0.242648554687173
1.14418805451153,0.734319539106294,1.13737923766727
-0.24615647433018,0.517361392182318,1.6774287465944
0.926688714565658,-0.375187075808621,1.46373006538759
1.41252905696279,1.01451446176042,0.342848494223786
1.26520223135378,0.363960439262303,1.18693686955379
1.39659970252149,1.07784119158885,0.17259970019658
1.34360039312844,-0.12348544097769,1.14957050646247
0.309153643841472,1.74494386221544,0.040223899524181
0.819603879390388,0.896409889415301,1.29101580583795
0.625564869582167,0.671477214552558,1.5165124345544
1.09864791591152,-0.587757043816963,1.26076858867262
0.397057018691849,1.71655021734774,0.194484177011173
1.29489504363614,0.102431291295297,1.20614164856657
0.59494881028986,1.31291085154771,1.03166081097407
-0.409276706951404,1.38175107230755,1.03212381582865
0.707542562149883,0.619598355902994,1.50249939101
1.25426224822167,1.21940561652586,0.286180318938682
-0.173176508416872,1.18430967225558,1.3074568891597
1.06916877276938,1.41370503527302,-0.0184181555877636
1.23333369151227,0.245558822466959,1.24924452769107
0.948385083984459,1.43259551900833,0.436186693137003
1.00842589879089,0.53734935403177,1.35512209717286
0.137985769844671,1.68180656923942,0.542687396997783
1.16652352957877,-0.238287986091156,1.31318875661515
-0.185655356632758,-0.012533942562072,1.7627813275373
0.987141267922378,-0.138238813481033,1.46576436287989
0.600518612584142,-0.529622204216914,1.58142364236063
0.547580943144367,1.54299857559262,0.679215375489246
0.459570474603195,1.43303669949867,0.936602272386565
-0.557970403569826,0.015683655439496,1.68239295991422
1.17007503347627,0.467584720236215,1.24672048403556
-0.418705754916746,1.36293637299743,1.05314431766826
0.678748123171437,-0.546217340746155,1.54368734588199
1.15217386992193,0.925388908805797,0.978863504685445
-0.751494437894354,-0.349773790804834,1.56682399297324
1.41307585063088,0.987283607938901,0.412929458546749
0.0873567392110377,0.412233572749301,1.72175936224825
0.188690805267725,-0.420093161072634,1.71170690712638
0.789329597646591,1.56568936194214,0.259997361634749
1.54939291491768,0.717673668568332,0.475761621532569
-0.0241483469065724,0.747523063214833,1.60706227234054
0.701595713370934,1.31328881124511,0.961799861257357
1.4531087778587,0.791794025252609,0.635263820125934
0.400594344789496,1.69055408250931,0.351531058244503
-0.957324257153246,-0.295842922012539,1.46220048284693
0.736378607496962,1.4200082704285,0.763770959262155
1.30229714344055,0.251172136058087,1.1759922313227
1.03056027129012,1.37299905939319,0.441409254570613
0.239847512034882,-0.53796752593263,1.67185140843597
1.02582841968553,1.44528722086331,-0.0290503433958198
-0.338876156061232,0.89637057196276,1.49120949851087
-0.275609948619333,0.869149116770576,1.52007959953277
1.2138721187664,0.198161038903013,1.27642849459701
1.35200613665975,1.09074913786704,0.3526595306431
1.0204923871306,1.33353247719117,0.567723031029741
1.03041481256388,1.38538482846066,0.401219654300125
0.161938298432145,1.37140886105138,1.11132206997224
0.560541948271117,1.43564059131635,0.875643669919447
1.3249350688802,1.16612203452658,0.163491540208463
1.2601339870791,-0.154362086003557,1.23703585270981
1.34185163175667,-0.297423751653523,1.11937318628822
-0.646540223421238,0.779813098606847,1.45461345058278
-0.0524205818336773,1.72485997839996,0.405133505638623
1.57752016042329,0.785849283798794,0.189457294627918
-0.974067911877815,-0.0410630654519278,1.48038121697839
1.27427003221045,1.20843723493218,0.240703872250902
0.257414118500936,-0.699781301807093,1.60812534371991
-0.253056508897628,-0.256574598771204,1.73555607758628
-0.0967522263903124,0.863181231971694,1.5451796618313
-0.0411246910103204,0.0198623858318393,1.77198681295745
0.915023843701178,1.35055790079128,0.693359749297074
0.0730023498994223,1.56022082593496,0.838095848399642
0.823027902840041,1.56843548121549,0.0682512438552777
0.776869752341837,1.58701099356849,0.141040824110655
1.47350132988867,0.822644973525931,0.542284148971354
-0.328482272161687,0.120215773783934,1.73771993844974
-0.914554985051053,-0.184909043086464,1.50712336753826
1.13399225916204,1.35601455347342,0.131564078705336
0.918918991833962,1.51189134037236,0.108607003598596
0.239867235766325,-0.280215312593315,1.73377221908496
0.364333684273652,1.54064450843125,0.797307020551653
-0.0191209703852015,0.197459689192095,1.76143892301505
1.57654690606773,0.77093942506792,0.249349705676465
0.644547637703342,1.23285638299463,1.09847462488542
-0.587096511352816,-0.273326110503285,1.65004046724656
0.753114723399664,0.72772126798389,1.43012691373853
0.379925450649586,1.73116334583595,0.0274434301702697
0.793636925821341,1.57565241275227,0.171705923128854
0.479564809411384,-0.237793343189299,1.68982097850211
1.34324213081136,-0.0872069252293536,1.15330765630084
0.634424378472541,-0.2965200821497,1.62837482440573
-0.0169941563668006,0.439556866182289,1.71712666391216
0.639802890254778,1.37297940246106,0.920653486343289
1.04743807612775,0.65877869539521,1.26921516184133
0.640735458400495,-0.414849943403446,1.59980643100445
1.13873153467393,-0.465670220828038,1.27611314437626
1.18043155915129,1.1465386723767,0.658827311805638
1.07857375586741,0.0945920042171531,1.40347925733478
1.08784343154229,0.796231092317232,1.15092820625543
1.07670368827882,1.40425808215908,0.103881789618953
0.901757711998231,-0.383797940540248,1.47700886577079
0.963943636933528,1.08551508164264,1.01710013873682
0.794998768867732,1.17467632212292,1.06307832054806
0.401698513512546,0.279123667334575,1.70374625530102
0.469116975368462,1.70054717882169,0.173469236175921
1.00083222617651,-0.153439036546508,1.454927605411
0.813978039179312,0.805321086017673,1.35311519096707
1.07256492645962,-0.230777488244591,1.39225329926883
1.32244624996822,-0.190540674283419,1.16484041278853
0.61171736227464,0.00658134478330852,1.66366510285855
0.335463563248014,0.478253552742259,1.67354735723226
1.14576926425325,0.676407317197154,1.17119979261075
-0.510986737531242,-0.191976053613716,1.68643433574593
-0.0158456073844337,1.65854476327169,0.625300891433409
1.32200747398012,0.24426035974971,1.15527318642491
1.40342280702794,0.147599466352263,1.07267974816489
0.43751228753528,1.57702181137558,0.680887820847221
1.4605502076913,0.88747844641886,0.470317039699404
-0.225903694959547,-0.114774333313912,1.75437093936622
0.344676552357932,0.980923992637325,1.43562154302582
1.41248325829459,0.906972729828396,0.569486200238315
0.730980913445753,0.450899800532501,1.55060610534542
0.0577319313141141,0.133827817744102,1.76657299854303
0.793733586962845,0.0467845223463479,1.58424152870472
1.11971033693238,1.09567128689406,0.829322743158197
-0.502567824382193,-0.382406944929868,1.6562649335906
0.449753444496864,1.71244706986013,0.0852636614707179
0.712676045443221,-0.628966485261642,1.49616744869876
0.175490918845926,1.44508752903928,1.01140891369144
-0.574176350506696,-0.398324289396278,1.62901267609325
-0.144017912287411,0.240088695329063,1.75032547807324
0.13373452783609,1.057536331374,1.41624680185525
-0.200034594824902,0.914634165400913,1.50514236012124
-0.101268530749887,-0.335149427460562,1.73765432863655
0.940853142611495,0.131291971701586,1.49652290396155
0.844408988221925,1.19567580717682,0.999677870425683
0.78752580360992,-0.0878805561440548,1.58559236135177
0.619602733112458,1.65929173783895,0.0697595995954767
0.544674483848976,1.11026828179587,1.26990435425611
0.243535082159552,1.68375699775845,0.497670630169912
0.267470624738072,1.74962554357408,0.0963999069090754
0.756986764528922,0.96622359193743,1.2788299451406
1.01311097344433,1.43953476617154,0.208251848363625
0.23150144078285,-0.251429728519623,1.73931400109605
-0.468140904429213,1.02418908473191,1.36890607135513
-0.218963600313893,-0.349731908027156,1.72388095706229
0.267636924304085,1.74809894214663,0.120596787235878
-0.303951463912343,0.785938338850387,1.55946704196895
0.258894494263247,-0.0133001184355653,1.75351640071216
0.105549714680889,0.169011420031979,1.76133966556888
1.33189633748209,1.00189829624968,0.603551961350908
0.550425712093503,1.54075130278894,0.682011714193582
1.24349980993655,0.742700773026475,1.02182523178398
-0.0958230117194245,-0.275890680948861,1.74834930790941
0.509189138308423,0.774933879440325,1.51070411523932
0.740093019486423,1.53950929012536,0.473493915485628
1.17301659963931,0.645261260561038,1.16176287703926
1.02045672984884,1.31530541418427,0.608820786275003
0.76592566756843,1.41185304213323,0.749701193180148
0.714419992482998,1.56094079259143,0.441690996332687
0.587084510169722,0.568583310551722,1.5729169770708
0.747136545084117,1.05074854154556,1.21644461662518
1.02825346254676,1.22405396133763,0.765773945999075
0.722718372555295,0.156701907600373,1.61094558753614
0.130033701616314,1.09957832008259,1.38421160749542
0.0670553401442383,-0.235671076967642,1.75555852785254
0.0104379258870515,0.38743732542425,1.72968389841844
1.20340776749583,1.15971923868018,0.590664077494555
0.142519340858954,1.76635859134392,0.0410923854671736
1.14439223975551,0.787075663842939,1.10131799261172
1.11708897309613,0.774698023753852,1.1375316338703
1.24123559847381,0.419196581114742,1.19399808849923
0.708676391618435,-0.137346554698712,1.61893073222785
1.34096306579528,0.113861161182606,1.1536362997166
-0.815233653939068,0.496697029145679,1.49355588131136
0.629326281005396,0.0458021670612598,1.65646419019704
0.0627603882422778,-0.421812144274846,1.72051116488289
0.971417068497781,0.974042537090213,1.11786091927698
-0.648300905816158,0.837143018915072,1.42159084172502
1.37085908375654,0.991918899375824,0.528076973006739
0.909485912278732,-0.258802329083861,1.49929308332428
1.15587409734777,1.26712770463953,0.44762201810476
-0.59085268553518,0.677586389394326,1.52767562289256
-0.0704647957854597,-0.266465209530423,1.75101514115143
0.137975744011565,1.76685909027099,-0.0345639851284094
0.999533416312257,0.0209827295554845,1.46373347799806
1.05156715885916,0.651815007095242,1.26939620560762
0.73776404215499,1.6091566825224,0.091334599541226
-0.272030915694908,1.33912286292176,1.1290580847694
0.659599059188578,0.0399084998316098,1.64479768136858
0.595204962562854,0.0583101730381521,1.66863836589524
1.02293951581308,-0.201178720207764,1.43357765377408
1.49436319256075,0.638348176749607,0.708105411529126
0.175405282037199,-0.650717418319796,1.63945809595897
1.38569474097476,0.61047977780367,0.921513725130783
1.49535670603132,0.620820796953818,0.721465785518288
0.282404428878735,-0.444187662629971,1.69262165849127
1.38545626642588,0.576214344139651,0.94366889495506
0.799680822320476,0.996535098946401,1.22859732982677
0.0733075877844787,0.820369816904525,1.5695994332829
0.540385472501547,-0.193673567359287,1.67705012158025
0.444283552337738,1.65022244439674,0.470532707692195
-0.133769704855977,1.07812379751038,1.40063477151657
1.2710385869057,1.00803113663896,0.714392859734654
-0.442869155789065,1.06723904346162,1.34420636616501
0.84839928747655,-0.432162280042092,1.49515130759226
0.572902444277867,1.67433145802434,-0.102078292928831
0.127820507379041,-0.694646025152129,1.62577730255729
-0.336145259735783,1.44229017167316,0.974078254006779
0.396675143693384,0.452304887551801,1.66736083045912
-0.58236747650533,0.440995105538487,1.61505246325828
0.700323610196159,0.0940938923390755,1.62564331890579
-0.595924324214721,-0.602907689275057,1.55672718801304
-0.670409706067435,0.549708595321846,1.5460900058265
1.40433698927525,1.01918896844166,0.362097344697365
1.34947258930851,1.09654814622091,0.344280283491823
0.867151249346303,1.53363381814326,0.195036003038417
0.743067494599427,0.421645183879735,1.55309016391757
0.634884839384055,1.64803707122635,0.151387160818579
0.149878049054033,1.23021155527735,1.26733544081691
-0.00851897914512595,1.06672861658862,1.41564137599251
-0.850045542386155,0.0370588196952453,1.55501518951712
-0.164684573219832,-0.424063913315618,1.71320512742741
1.41209608517299,1.06259863570819,0.137447464534421
1.16949052891052,0.695769086434339,1.13587864713958
-0.620488184551734,0.913609511911377,1.3864829939287
0.0867023453638304,-0.281121376101163,1.74799213244343
-0.484678842296402,0.396594420001149,1.65825881747419
-0.720083989333902,0.69512389691457,1.46297807096347
-0.233063845143602,0.137816930315656,1.75177360343224
0.810315676401676,1.50094207684894,0.482270055465636
-0.683170575343603,-0.0973783097764162,1.63273342883844
0.0205827496453168,0.687925235626923,1.63351101633304
0.195012019828736,-0.399649856364619,1.71588849413556
0.424709610783402,1.00752386185721,1.39518473119988
0.453283296831728,-0.49316892751368,1.64114036012314
0.0292098755691985,1.76719303917706,-0.134902058287144
0.0777336479688489,1.69244378776967,0.521166504190388
-0.77407895579585,-0.356004358224114,1.55437630160659
1.0559462500655,1.40626439161307,0.222308339318306
-0.749871199842423,-0.392308315782303,1.5575013286966
0.0747303684956014,-0.665206621188481,1.64132219354649
-0.21318997399938,0.594568200091987,1.6562191009351
0.213005759568999,0.819486630854558,1.55727108369667
0.295358733783272,1.41785591399296,1.02199356427027
1.06232658171534,1.23409088418398,0.700360580866552
0.190389934742967,1.50250710127576,0.921003313371467
0.895191357205045,0.442056662533352,1.46466424854709
-0.170732961199658,1.62482721002924,0.687611673392277
1.38698792904207,0.477722970923326,0.995021742285328
0.874962412038939,1.53486824522306,0.143677650320461
0.548062292472531,1.65401038816663,0.325423384659676
1.0754029459507,1.40839983707237,0.0440615779541185
-0.326579156619977,-0.0698886873973547,1.74082872383012
-0.402260221346834,1.06093684984092,1.3618453417508
1.24052688174156,0.0823452536512686,1.26346164752018
0.961241620792908,-0.490650398546097,1.40616490951052
0.0955305707524342,1.76234258812251,-0.164455258408217
0.135219664535965,1.47793536215546,0.969250085112162
-0.033359017923141,0.374693321673341,1.73219950077736
0.958734279966981,1.4807729582163,0.17367511770046
0.179887242450789,-0.135733660633678,1.75819224581704
-0.510048699998489,0.883224965322879,1.4497541185101
0.772710916016939,1.44117144648026,0.684080201434733
1.08998909658569,0.355029709180242,1.35199877766234
0.461542477446717,1.63677634773549,0.499964747640033
1.37001180814291,0.321559845530948,1.07781720675068
0.408351892614353,-0.350708888934581,1.68886797201477
0.0501952924152444,-0.348057831397118,1.73734256797536
1.31769981365724,0.236801744863999,1.16172938096347
0.245973822519532,0.581987294191128,1.65614331744326
-0.248917062277974,0.315365027706968,1.7264438060021
0.927096886516111,0.0904943013591074,1.50808659045507
0.29420789104377,1.20122356975231,1.26985301204345
-0.591823533130979,0.727652897679388,1.50409081707452
-0.0589040103046501,0.780177247413117,1.59055864401966
-0.895577872310845,0.0438524457557362,1.52906515803126
-0.647391886439348,0.456801855248314,1.58563515043371
1.00347189869103,-0.204879214615602,1.44675211277974
-0.651449155581163,0.458586486429602,1.58345680459982
1.09963660232347,0.894073498756344,1.0646384088172
-0.707326426614832,0.80051948307381,1.4145249744378
0.825464163591232,0.780759778984025,1.36053155127846
1.28373235533953,1.01552420014315,0.680268225521956
-0.328240907033122,0.989278611001248,1.43373943122251
1.12431453042262,-0.206433979639901,1.35474162429864
-0.441969979675064,-0.354775529787878,1.67952966047239
0.080378240699346,-0.10063979007471,1.76788969988304
0.380783206751132,-0.0234885756473313,1.73103306038536
0.398260850096913,1.66174185070104,0.471195645974695
0.584961930092557,1.62859811583345,0.38407126594276
1.34702555286075,0.934113145444651,0.674520430620472
0.503537614556364,-0.484639099576436,1.62898675064144
1.30263177500005,-0.012379175679726,1.20208994449103
1.31579510007837,-0.17587490141924,1.17463794146846
-0.0769831430352277,0.0558321240759055,1.77002242626649
-0.633171834290094,-0.139710764141683,1.64972644717886
1.23686432461829,1.25173159222328,0.212973433539149
0.791269193084774,1.30601523614242,0.900133482832161
0.179291800375459,-0.230915646662935,1.7483007276556
0.9579474192748,0.34215593015095,1.4516504679998
0.717369688836451,0.302251070699685,1.59249742218828
0.652373175954772,-0.177810355854561,1.63854073386117
-0.663860948212039,0.539007506700264,1.55266949768343
1.1970597230208,-0.187606125564927,1.29378320481007
0.636450830959906,1.03223192196779,1.29284593781234
-0.544900178400269,-0.0232630635206349,1.68658401668334
1.33166843104287,-0.440484525684032,1.083815294353
1.12250865359551,-0.303963027986815,1.33776074845131
1.21328825898813,0.486127537004726,1.19734482846171
-0.0662890116954504,0.131945564576813,1.76641420816118
0.319915889505084,0.275104345453797,1.72162552334454
-0.271468413690241,0.826587345206408,1.54437083661595
0.968763470214457,0.785117748669592,1.25980573080883
1.40698340914853,0.455838573284435,0.977052660486391
0.38712405633351,1.12641211355209,1.31276568180606
0.123449812040801,0.0862566915782668,1.76616617195036
-0.244703832847539,-0.413338057521895,1.70625165326528
0.554755731047654,1.66176432459725,0.269830369384826
0.647809949676105,1.43057931079128,0.82207549806166
0.223592574260969,0.655433629983828,1.63169731791724
1.14433258057744,-0.476238830914654,1.26717107796649
1.27808623272084,1.03735118034432,0.657587355599564
0.82632370782059,-0.436290648106464,1.50627441727768
-0.0798310637606574,-0.671291367192677,1.63860242934891
1.32448051022709,0.0672106267435811,1.17611952179958
0.884719881524347,1.35676182748699,0.720063257350669
0.965402007238932,-0.336697436628182,1.44798370863204
0.685193721185042,1.2107398429548,1.09847240156824
-0.712342088848541,-0.417228121242606,1.56860207292226
0.675610686779675,-0.0421439417312907,1.6382298703055
-0.303937181253701,-0.442691309871931,1.6892807978226
-0.593180542925199,0.100324880362824,1.66736162296962
0.928998146320841,0.748126188958901,1.31121800986831
-0.258384275919369,1.59457691464255,0.729784248338788
0.149460875394092,0.0508645302778747,1.76553030734756
1.0067289299337,1.08344135522824,0.97707456792841
-0.212353481450943,0.109209430560552,1.75641746719538
-0.144076223020054,0.755892456586863,1.59683801805696
0.706342072142393,0.204405232727757,1.61286155569281
1.20012535685664,0.898526836655752,0.945712256194167
0.287974084869114,1.35494522475203,1.10599158416427
0.450744993609035,0.629969669096753,1.59436199987056
0.869867486112478,1.48979935415935,0.407248647422531
-0.0676825251134865,1.67783745705516,0.567717855429668
0.923136746612098,1.19240799817723,0.931667715880576
0.163031724278229,1.66230324048115,0.593457339192538
-0.737749052051949,-0.247941002279093,1.59256855910885
-0.483384393871966,-0.0192826706057786,1.70528318066299
1.55832797884184,0.758794407538856,0.371305773350194
1.10465799826382,0.596590505608838,1.25133268772373
1.12358257566122,1.01719460285165,0.919184614469102
1.08609940242021,0.613837616197611,1.25921185226317
1.10059524890292,-0.495894123884254,1.2979992819205
0.440284220727818,0.658900047377205,1.5855672651834
1.54123433940602,0.834549337448114,0.264853042794174
0.527620752165968,1.67921465113144,0.20946960921832
0.658492496921768,0.168459906800407,1.63708030077186
-0.231717739761117,-0.466464501610923,1.69432605412701
0.383845729068403,-0.303654427488167,1.70366647699
0.0510426258135458,1.38089995190211,1.11019502478778
0.323578153715869,0.850120183748314,1.52138616777539
-1.04807717316804,-0.48843626553234,1.34349814792342
1.00564866166337,-0.371352211930454,1.41166260978528
1.00720282498771,1.37453764116123,0.488069423590972
1.4039896903015,0.726072962037106,0.802280514036395
1.21615923562682,1.19821628107436,0.476715299990097
-0.890790247502324,-0.115218623102912,1.52814934601359
-0.0636399099264547,0.49190700103278,1.7017639331224
1.3903638183637,0.589153153680059,0.928337241508003
0.377039035992587,-0.329236426521051,1.70043169832433
0.534791435222104,1.04626749702645,1.32715691060094
1.23542982295081,0.399431245803053,1.20672733138712
-0.832736678699173,-0.321077150101488,1.53149668870308
0.305737573170228,0.680755295765405,1.60783076955135
-0.00563267155175096,1.72944613694732,0.388596644717782
0.768232845981253,1.41330702833742,0.744583479459708
0.628933595434114,-0.397468210701365,1.6088768050702
0.0493382131793886,1.20428989672033,1.29972097207606
0.831309020887677,-0.0857980357732865,1.56319769342363
1.08207770600182,0.672970407385443,1.23216950491158
1.16471271212258,1.12267355134912,0.724618116802196
0.850799258596972,1.44893150204027,0.564589358598701
0.0621349213036617,0.0520736601067765,1.77072036339858
-0.14410970745468,1.64157671461712,0.653055359154892
0.792154995437669,1.52781289592041,0.424618932855313
1.06019416840126,-0.390118551053961,1.3659498018918
-0.0259317028177712,0.168100963384932,1.76439582655785
-0.0396924082602992,0.906028129942447,1.52301036121105
0.138619706199717,1.54697494568193,0.854210813770362
-0.556414285412726,0.770429509900885,1.49628357377178
0.516854114866444,-0.229690792163517,1.67991874321875
0.955318903327366,1.15808307453972,0.942460824271633
1.31489985025247,-0.455647078468422,1.09792856942788
-0.107155004921505,1.07508511489993,1.40525187084651
0.700943998463065,1.27113525310071,1.01730806505205
1.2248443084065,0.463884405557258,1.19439972300806
0.226448256077244,0.242955173304997,1.74118264147121
0.724300291439863,1.40800399066509,0.796829260235864
-0.802923560870161,0.228583149514224,1.56367724260299
-0.565290086449352,-0.557260572522461,1.5849071872986
0.639348081325103,1.03047959435479,1.2928143162887
1.07026450214832,1.40318446944905,0.166223524252557
0.614454118967362,-0.163470045364818,1.65461376152539
1.07689896829369,0.0419676741352372,1.40732027139966
1.25957345302982,1.19275823102832,0.364452381818888
-1.0316296346256,-0.343775148210574,1.39985069357835
-0.199883987753777,0.582973546089553,1.66199014915136
0.911619854852373,1.44895818842133,0.459883059399283
0.0438788099796691,1.63802519993151,0.675996386307535
-0.925314542029117,-0.226670376076414,1.49480318396622
-0.232024265723827,0.846370211911189,1.54007961624764
1.36257397298352,0.347899625214908,1.07906489091249
1.37211060100358,0.704873006881369,0.8732064834049
0.733903871480982,-0.234772998040479,1.59633635763051
1.12102794196821,-0.409902551841027,1.3104576571555
0.104294572695905,1.18989166240694,1.30969595468466
0.621867751090296,0.749955097766127,1.48083451856216
0.688634676155356,0.503168173774892,1.55390704084034
0.974978742439057,1.46475419553932,0.214323629865318
0.461353917887619,1.52986721240704,0.767256081584491
0.188641570607695,-0.0616160260682036,1.7614314755468
1.15755616301099,1.01295918878496,0.880908866573686
0.473862337522677,0.511054604875925,1.62981615398467
0.480594259840629,1.33909410225217,1.05729804813895
-0.245826697476083,-0.139690913237248,1.74987962541533
1.3014966636617,1.13618765593063,0.396493461314408
0.786404906715613,1.21024262897026,1.02903018497685
1.5848427588693,0.773219650074577,0.180077267512695
-0.199796539357359,0.00579760514810093,1.76126964162564
0.356731166166497,1.73613539404203,-0.0244905801636586
1.35136942715663,-0.0578761664047477,1.14563259406556
0.281692701314669,0.0258403517089814,1.74985842802392
-0.386268340361621,-0.312409298729575,1.70153466587616
1.03325998923923,1.35244034606642,0.495279643076341
0.833083635824204,1.30709764179777,0.85993629438777
0.800309363969736,-0.291451310150084,1.55453661122242
1.24898114282287,0.0925385913367659,1.25439456865175
-0.270390259409087,1.27571751818729,1.20060690539556
1.08670583426464,-0.220002982916488,1.383001134186
1.31778469544115,-0.479410225129983,1.08426581260253
0.0645443874107262,0.848641724134148,1.55488400403025
1.006378033229,0.863776192454872,1.17605993191632
0.534265138070052,1.61162298032796,0.509171043362193
-0.723424221438857,-0.598835073502076,1.50335523761222
0.5154081527732,1.53556527049589,0.720011636002173
0.394387765905411,1.1941773413556,1.24916843835158
0.828166007751645,-0.0370231119934039,1.56677802277788
0.177566660190466,0.128164590697354,1.75899600305314
1.34755683047482,1.11807188721549,0.275733319596641
0.446418255020315,1.62049986875024,0.562773432956641
1.02686946703857,1.43048714508639,0.203146856444368
1.48394961646516,0.540735270944637,0.804687468789012
1.04385639459062,0.557043541454558,1.31988232061528
-0.227758321321161,-0.148687876927689,1.75158245087134
0.573126744896279,0.0720002745349251,1.6758176257064
-0.710754721780949,0.0577099103311781,1.62281246963178
0.966358208668798,1.46557702477002,0.245476713521723
0.488258742206801,1.62635216957475,0.50853224190299
-0.311927571013911,1.07861518560463,1.37160981758705
0.88663583289578,0.054250467804894,1.53393507243458
0.609246075837616,0.247588859029202,1.64606864857995
0.084593721713742,1.70791213475724,0.466800880539342
-0.680507187532785,0.328523056630241,1.60343555806128
1.00170512013029,1.32035667311061,0.62870352945867
0.89284863051416,1.34816301009692,0.726154832712783
0.749866634710169,1.60527811740457,-0.0529642880366264
0.933888505970937,0.139554473679006,1.50013326980248
-0.0818288059277129,1.49402529481468,0.950376496369249
-0.648959389322279,0.238112566793628,1.63223072401611
0.684614351864324,0.493262360766734,1.55885164545859
-0.351862746732278,-0.188029277159533,1.7270960072531
1.16460121261621,-0.560906478912547,1.21289362986353
-0.459508718755992,0.34915853349941,1.67599614431194
0.891756701310725,1.01226480704975,1.14983171201384
0.114064323122763,0.113572238144226,1.7652517375123
-0.0704671963615498,0.349200034339636,1.73640914825132
0.864356027309456,0.123258767774312,1.54263377186463
-0.343947157117992,0.885103574752044,1.4967681967988
-0.558760076694743,0.670771571781528,1.54268457406515
0.152868980179582,-0.619057447386592,1.65391111357618
-0.839989390224796,-0.167093430446053,1.55194092338861
-0.347967018176456,-0.0840220500603074,1.73605364814622
0.583888028415068,1.0344941535168,1.31564419068754
1.26572276440139,0.685295229254688,1.03457206240725
0.838646644289547,1.25431366177837,0.930264512799853
-0.314055705893571,1.34497363286899,1.11105263617869
0.0475372230602907,1.75594796686621,0.23750783136323
1.16833939192398,0.325894528619099,1.29259384238499
0.972140745608943,1.10036227053852,0.993060050640919
1.33908595755579,-0.28759814945024,1.12523736277571
-0.0441718898128775,1.18697644619789,1.31573507219292
1.28367987456446,1.22136287491883,0.049615796727818
-1.0254289626171,-0.18993161700968,1.43333333295603
0.836044842989554,1.53725362437387,0.282671779165731
1.27834717044454,-0.112724405539088,1.22276111325517
0.852361584673455,1.36537953139542,0.742456385315733
0.668357622650015,-0.269347769023073,1.61949772690321
-0.392007899070969,-0.168689699592915,1.72043500667533
0.453514132051034,1.48256650404785,0.85926975565423
0.919113097499712,0.00693416033893973,1.51565367129223
-0.959871299606172,-0.55785677440026,1.38183426188701
0.932655955078131,1.50713566258338,0.0267952216522565
0.802080417608883,-0.109899962573188,1.57689949641425
0.414027520032939,-0.474380945394476,1.65697524157084
-0.400234287433764,1.15805133841468,1.28091866745516
1.15163843223849,-0.210889726303745,1.33089348356942
0.749523851364813,-0.430402626948834,1.54757571537794
-0.683268766167933,-0.296629342361782,1.60847065447465
0.561774088691035,-0.532795812330263,1.59454116143655
-0.0201653437720705,1.34395804562456,1.15559212111727
0.381599063858198,1.49191075254782,0.877842514789229
1.41050886579504,0.558942740053479,0.91655374786852
-0.354375815736681,0.507251990669765,1.66106478472673
0.0472038171643529,-0.272930461308991,1.75080089753561
-0.372457579498793,0.00863557773413348,1.73298118805365
0.0708688261670125,-0.191674817890432,1.76075591537871
-0.75175376426568,0.0197357251706881,1.60514790562773
0.649472870640157,1.4843408029933,0.718985667971464
1.24288842159659,-0.530569746899546,1.14706021420535
-1.057780466251,-0.393909348291613,1.36673294041778
0.722059584251222,1.30109807012512,0.963222086844145
-0.147133684561745,-0.0691219795895287,1.76510533699313
0.343981540345667,-0.310134802303844,1.71099857515374
1.36690649406501,0.211057207039206,1.1086227995655
1.32246584716269,1.09883519695604,0.430892460940764
0.278513739361294,-0.598950918969274,1.64490453021736
-0.487375511375129,-0.342505423219798,1.66948440120104
0.442688870513735,0.651459068649876,1.58797061234578
0.152224473691517,1.32936740224825,1.16259753970401
0.399875474567375,1.27126538999035,1.16876299262465
-0.035514079403673,1.47012382774175,0.989695761912109
-0.174202313969415,1.5851565393724,0.773922037009767
0.761207028709526,1.30213161730439,0.931149896921122
0.276875898374863,1.23379364142378,1.24222220522662
0.252247733151208,-0.0622607913143139,1.75343026518357
0.753182869033488,1.11560064238414,1.15333160555987
0.565512718374259,1.5036934245833,0.749082418762201
0.337882142893418,1.41325651923502,1.01516732031238
0.758866877136905,1.08845063104273,1.17533795414081
1.12886348622104,0.407827204161643,1.30436468094599
1.06910952892601,-0.0732965970016341,1.41196864126096
0.733450755277872,-0.562389218516937,1.51254466920979
-0.822331469066183,-0.412399802215333,1.51516348226617
1.11706187526054,1.26847135685471,0.534018916851557
0.415818786531577,1.5517304451295,0.749166458340423
-0.55049446269639,0.666836804381158,1.54735501509514
0.545119559532082,0.418872116407821,1.63383409065557
0.0547589772220798,0.336578561478173,1.73946524720778
1.33073210699846,-0.29651489498463,1.13280801388957
1.24752108388942,-0.510856661569543,1.15097334307017
-0.110523813235511,0.390581222099862,1.72547205585243
0.716930146727093,-0.593677100881414,1.50850312710304
1.20996047941309,-0.024690743487647,1.29514826383747
-0.230125972796283,-0.122864904545301,1.75327387243191
0.220663671011994,1.6188553930559,0.687486567538638
0.127273653538645,0.250610516293884,1.7501482240412
0.917952426621519,0.0429712366563086,1.51576377947114
0.246586912603563,1.63803504569729,0.630919252739091
0.570761836175801,1.67680231379184,0.0677343834716678
1.01783939939612,1.44486115980162,0.135654730143778
1.14506600032951,0.292187113723069,1.3211637163275
0.0150423363850001,1.55202412006261,0.856164632963021
-0.392062041693654,-0.483171980841327,1.65977565118591
0.560664814266395,-0.545079861861016,1.59077526071848
0.132806402875702,1.01788784246109,1.4450916301058
1.23509993162873,-0.35475267056391,1.22094296406311
-0.480501413986602,0.932877913243299,1.42859378761649
1.13704829780541,1.22470715685505,0.590962408519008
0.968357005423002,1.33911088687552,0.641162820644174
1.09632119808187,1.09094018475045,0.865997900580434
-0.76140643723501,-0.396677253849498,1.55078380617423
1.54734467681939,0.813263814059155,0.293852751794814
0.40310697755286,1.55155705047536,0.756438036884137
1.1794803438014,0.446323120871398,1.24565035633539
0.102967337658403,1.17101588805321,1.32670363577524
-0.666221979433575,0.324393024966577,1.61026099106616
1.14037329454642,-0.000120459524039107,1.35704522933157
1.38509756838438,0.0941364648093682,1.10211890099281
1.01602536656486,1.4389519683569,0.197819885591087
0.969066484898924,1.45391996227604,0.298412317134584
-0.948579450824699,-0.1231725446704,1.49232991311883
1.00494272938816,-0.371376645651666,1.41215881457828
0.263775112659337,1.70724984696034,0.39716957319537
1.02809287556224,1.44171041500717,0.0807411812816324
0.660883364927792,-0.240274668289041,1.62712147107001
0.71750852196209,0.537220578893819,1.5292477204173
0.897788838101565,1.34207206512971,0.731328102875485
1.31280179791004,1.10887665354067,0.434703377618966
0.22401934326081,0.83248300431263,1.54880934954963
0.562330526787116,1.45061333479679,0.84942824972437
0.0484221115532315,-0.377175412499097,1.73130500698046
0.315286759725088,-0.548865907750986,1.65570634302327
1.38569436744888,0.631298403246607,0.907378898782344
-0.0350449891427972,1.45031512021122,1.01851898396614
1.08230474866976,0.972743269790629,1.01213140548086
-0.241227995586837,0.759686690144753,1.58325873022662
1.16618073337019,0.525423702762423,1.22718191380428
1.12094103393103,1.29832354363188,0.447068444846556
0.91251163951963,1.3075861539296,0.774315166885895
1.28974343287291,-0.355500936897718,1.16284305953245
-0.165009028598433,0.264188393325991,1.74499270290439
0.090996220455795,1.63415095645826,0.680656564829914
0.413606208682662,1.17188955725289,1.26397301775691
0.5511839296828,0.0685895440137868,1.68330471691496
1.02975660840465,1.44032059816482,0.0842669675841298
1.08756630155695,0.477841217610411,1.31563305307638
0.992490484535713,1.21752001319574,0.821359041741575
0.398679954159944,-0.0816979637894248,1.72522542200735
1.13221417902686,1.35370247545375,0.166143554306642
-0.643426072436375,0.750243888706996,1.47144827182054
0.561795849063371,1.29271450474929,1.07484773482699
1.48558290470394,0.857344891705581,0.447242875621816
0.207659100767006,-0.424362536084367,1.70845461037553
0.488419411329623,1.09397067454102,1.30640639226752
0.455273986604456,1.09301133640463,1.31911896184119
0.0307051737324832,1.7709288502493,0.0699372542890513
-0.24762824481109,0.0778814451685873,1.75346449999621
0.267682626060557,1.3713558707505,1.09075758413141
-0.169592321453634,0.418121094710076,1.71418675019356
0.841761201463473,1.55989286080588,-0.0139772098202981
1.16165029509283,0.787279979987992,1.08295052744693
0.499205083693074,1.39526896644553,0.972646809261075
0.110436511649946,-0.32280516410674,1.73943198280282
0.469162383044936,0.867370751542346,1.47294862693211
0.998557623404788,-0.506100002230637,1.37432473613738
1.02673580923754,1.14548537914153,0.880738238115644
1.3366610750016,0.139096810167527,1.15585996896402
-0.57815417779359,0.747341972182415,1.49974689304264
0.589139584274894,-0.151543519462115,1.66492406187975
0.343635147734426,1.40012215701268,1.0313078350136
1.00783696099901,0.273013940394337,1.4323934753661
1.01562060037355,1.42745935007472,0.269995592293401
-0.33577112368489,-0.383405372748071,1.69772821515225
1.30959792919307,1.13803024141618,0.363130077729992
-0.0193028552628227,1.68585058956489,0.547319111048717
0.81647550502492,-0.520577574591284,1.48471874723925
1.35781135272957,1.07673294372304,0.372850530611084
-1.10747764458244,-0.377978993193303,1.33140833981594
0.852156279716678,1.5479902064655,0.139925035297669
-0.374593405410553,0.430457983394749,1.67821593516192
-0.16637658124151,1.60615611656796,0.731166453211891
-0.150467638102089,0.0252996263280884,1.76599616043421
-0.345690864857152,0.984938680491351,1.43262578557801
-0.616132734277807,0.838081794508192,1.43527780563277
0.676269462585328,1.57766247944809,0.442338936555443
0.426550173326913,0.0940688976212984,1.71791414570456
0.667141746720741,1.57235137394563,0.473978972645846
0.051251117892034,1.11832455905462,1.37431674784485
0.48603902365204,1.00328243872528,1.37811952874544
0.558086636386239,1.66334287651107,0.25269111841081
0.137845406789272,0.261575001510003,1.74774145178538
-0.155037494196444,0.187285141901897,1.75582193598691
0.0249072925465569,0.372674175883825,1.73277713664627
0.339447530685287,0.469029750943707,1.67535354075433
0.681444918957196,0.483339322853144,1.56334223421745
-0.554711350643174,-0.623350663426241,1.56389011370698
-0.862604271272898,0.185518568990739,1.53737430433129
1.42571229967066,0.835258810298428,0.641646458934656
0.729776635793802,-0.147725069697692,1.60861007876646
-1.00762615669296,-0.15965166698491,1.4495598964699
0.931482174554961,1.50434137622936,0.106400197967219
0.410883173194257,0.96901448950998,1.42625697438514
0.517023965547048,1.63045120156193,0.465121616625166
1.04727534916833,-0.495395328496616,1.34157401264515
1.34051563256791,1.10729388541183,0.344878398928302
0.0662039281407945,1.56181383067892,0.83568990545268
1.55543940804274,0.829117038144492,0.187606515992609
1.48513446933499,0.884544006452233,0.392403527659024
0.883677917916061,0.0619740238177233,1.53534868275454
0.0318196940403159,1.21841006512959,1.28704601321741
-0.214271647457888,0.299007489249574,1.73398535240211
1.38189359718348,0.892268997829746,0.660491590750367
0.834168060130994,-0.271980801499627,1.54019904913282
0.828184229932334,1.54431951576413,0.266854144427575
-0.0826473845947905,1.73777300870063,0.339613603861726
0.13843376084374,1.73027619746603,0.359170425032304
1.14534212534549,0.926051429767181,0.986226741278073
1.15371235476246,1.22909179758189,0.548000160093154
0.353655393569595,0.508453994703647,1.66085081140534
1.26600430580997,-0.427197735347438,1.16479964477217
0.585192678460182,0.871141403226077,1.42852553513706
0.998974338666369,-0.604887100843864,1.33348599010096
0.817200227640097,1.53654200083784,0.33651966879063
-0.423976607487666,-0.368171065667962,1.6812843074819
0.767819758391942,1.59646600354054,-0.0614177339126025
1.24004402582731,1.26348051586685,0.0890551509547027
-0.0250727008640539,1.7638240446911,0.17412386085093
0.702740110836855,0.260391977661634,1.60635468513875
-0.664040221070755,0.355374246566825,1.60461295942483
-0.274926376444342,0.766379279129199,1.57451621393155
1.06627354098941,-0.0503047432221544,1.41511596290622
1.56457320357371,0.731185852880072,0.399375711684955
1.2610126267211,0.957006581874303,0.797501459168533
1.2454709419077,1.247656827637,0.184871829089924
1.42416746288157,0.442614820897629,0.958051239688134
-1.04739171712909,-0.424303198061436,1.36563553222701
1.38794074412319,0.0523511078820165,1.10131869691884
