1.08575880095073,0.178504128710723,0.256785514894731
0.0318245538055174,1.09987412715448,0.353286622636805
0.0994872268423767,1.09582762764221,0.132462733854679
-0.207793680160694,1.08053583202688,0.0690460951746575
0.315608776211567,1.05410008926429,0.118230626682348
-0.212341415616614,1.07965134234283,0.341452950291914
1.04573563092138,0.342305255627504,0.0597458513634084
1.07408009676758,0.238930624944744,0.178866476634833
0.852242941852921,0.696001340423011,0.309372840838197
0.363271956672778,1.03863823504812,0.506479160929046
0.39351428415019,1.02756138793676,0.654183045770226
1.00387109377572,0.450531602543358,0.595357328421718
0.807610878675741,0.747328954646711,0.303337761838268
1.07899228741173,0.215665346114659,0.107953703030001
0.680065646508884,0.865012493694283,0.311120317386994
-0.185645708606034,1.08456054173334,0.336737328310042
0.981035512528687,0.49830233891316,0.332388162638021
1.00986993602355,0.436919454962294,0.227518968995387
0.887362421378238,0.6506334074842,0.356311924842633
-0.0851176329126985,1.09703732223479,0.617774323505478
-0.170117707968735,1.08710434790972,0.537779371939117
1.01633292818552,0.421667258504372,0.110462398122471
-0.184047608152802,1.08483287917632,0.271641628554504
0.265892070825522,1.06772529448396,0.487829610999682
0.925170835286473,0.595646559080197,0.466738293674473
0.992539133342088,0.474975753689898,0.242895850223551
0.0934825873334772,1.0963561937957,0.499192433359725
0.709295333807529,0.841211047982381,0.513685613737944
0.0343336324371139,1.09979866316177,0.539850004416095
1.04182180913723,0.354038438329493,0.06882332290574
-0.0971450852140446,1.09603774124229,0.0630894453108621
-0.261263377190837,1.0688673189632,0.217693591144288
0.131756340832603,1.09241757787906,0.107476483895787
1.09177657760725,0.136966427992188,0.607312478371727
0.00374972888734575,1.10032805896334,0.0453712306399728
-0.24289359158486,1.0731908502106,0.24062932238144
0.767739465805393,0.78823347458326,0.04407396621267
0.021897592229826,1.10011653621936,0.32417066795902
1.10021837902561,0.0159817478084854,0.00448359330308142
0.952289989745598,0.551252821524823,0.638212100864242
0.19648154841848,1.08264994293623,0.0719915506764364
-0.0717689099780207,1.09799140313999,0.0574269008249307
1.0965522185928,0.0911544278022619,0.402273398192252
1.05031578023736,0.327982712338822,0.387068714399147
0.166374964121202,1.08768344159614,0.0558264731126753
-0.134080011675887,1.0921348123184,0.0965094374980176
0.250212932164744,1.07150799641733,0.223226138256612
0.832467203474861,0.719537527129401,0.0285397900877133
0.184220209881273,1.08480358225812,0.426601568747623
1.08234382060464,0.198160924018062,0.0462115730938775
-0.128853425116961,1.09276378629802,0.304515878448302
1.09359569360348,0.121590940208063,0.243831444539168
0.60597239280585,0.918440720441936,0.227873693189466
0.222344670303618,1.07763572017464,0.097608757442633
0.680728367065835,0.864491057258912,0.0890235274287949
1.02313081043934,0.404894112748617,0.427014233429969
0.909559326369298,0.61922348923743,0.557605790385457
0.474205115751531,0.992907551589686,0.125558808698499
1.10029484118819,0.00933596612032511,0.323423437185535
0.495495169124493,0.982456327366789,0.317294788319816
1.02762506912619,0.393347956791627,0.30207720328837
-0.102777315551571,1.09552394826255,0.540113287110253
0.14999370673948,1.09006320263887,0.51103835764042
0.836690002631525,0.714622793720721,0.394193101151634
0.974715031888205,0.510555094402088,0.662223631427823
0.770488061886437,0.785546971414969,0.535547801141086
0.389750162588144,1.02899499929361,0.522549737274577
0.297726738622416,1.05928970868125,0.407233233790656
1.00796743621509,0.441290771871254,0.261611407149076
0.346696148271065,1.0442881204834,0.563652920560457
0.416741536265971,1.01836260229813,0.508694637094583
0.752518148477563,0.80277788585676,0.534342761291775
1.07887184544599,0.216267054616995,0.361847806647268
1.02830335001249,0.391571344919205,0.523391658813774
0.222238020270224,1.07765771938734,0.468715194503532
0.375661440402435,1.03422163002111,0.315821677334769
0.389349192933063,1.02914678436612,0.0733983572237321
0.365416704640052,1.03788560534326,0.403538864328818
-0.181999065670647,1.08517843597436,0.392844210641818
1.08685904785739,0.171677919078928,0.644840169879275
1.04975669582995,0.329767762780008,0.607027892029168
0.504194398915527,0.978020401582176,0.080390576866884
0.926216774146614,0.594018842376393,0.266703316133181
1.07994214226092,0.210857457012208,0.424018698447382
1.01749256609466,0.41886128461683,0.0654631673598667
1.03080600020824,0.384934913645709,0.112685600707801
0.799933692058478,0.755540856683768,0.499222574358536
0.496121370533915,0.982140256535847,0.289023388538352
0.69970876394641,0.849201709528034,0.541570738982268
1.02306805191024,0.405052661970437,0.57118168852626
1.10006525275656,0.0243379844358646,0.102094759927093
0.541658031856826,0.957779971775219,0.104217286716502
1.01425914093592,0.426631331288127,0.007171219013393
0.490926358306777,0.984747281554204,0.309684674653385
0.273420155860643,1.06582236614639,0.450233080812557
1.03738889187718,0.366824460496555,0.341037717486799
0.0525734535924479,1.09907776330254,0.156038032240215
0.847540728518925,0.701719752686469,0.587664437191113
0.895024616141493,0.640052212174539,0.486722445261176
0.539403818920789,0.959051311423126,0.263861500042242
1.08528879852342,0.181339795986265,0.250611814770335
1.09680331006786,0.0880817622038307,0.510220151260376
1.04097877742384,0.356509582987492,0.620080092604704
1.09765467239019,0.0767471041064644,0.638852624582236
0.252910218413183,1.07087455812105,0.351222336411814
-0.193152590273908,1.08324880552864,0.405684329067627
0.469819925813118,0.994990017597014,0.263817268402515
0.395942799934013,1.02662807140131,0.106909213570033
0.719119188547864,0.832828608100737,0.00146951766652857
-0.254045982581603,1.07060568676936,0.195934158317331
0.170935191365877,1.08697610744738,0.620519090814206
1.09514305878327,0.106759442709153,0.628335289639355
0.506219116974175,0.97697395227234,0.390558338318493
0.735936182407493,0.818006010511069,0.515635130564477
0.79843434710202,0.757125148952616,0.637138990981819
0.881526201669681,0.658519136835502,0.663671781353306
1.03758402915881,0.366272139594759,0.557013589124494
0.970640253686055,0.518259969255797,0.557531600519935
0.916637714236864,0.608696310689793,0.540144395235014
0.266415772506595,1.06759474238517,0.452535020292545
0.932755105363202,0.583698390633066,0.491233599116622
0.788908787861006,0.76704551510613,0.147299178905063
0.78800191159163,0.767977138420595,0.289198744359786
1.05778504993423,0.303029183321318,0.417574744307609
0.945060776035199,0.563556587583267,0.34165646784878
-0.190465205161837,1.08372455145734,0.417274967820606
0.244897209382206,1.07273540756589,0.350887720610121
0.597827228632954,0.92376322860016,0.282964218715264
0.319944202053722,1.05279228976135,0.539645093144266
0.563861206374244,0.944879059856303,0.378912408669863
1.09532947970335,0.104829522089644,0.608162835148804
0.615526829442302,0.912065030601139,0.649586033417641
0.836472493157325,0.714877378296389,0.589375950202432
-0.130163962374692,1.09260845718293,0.410384928062256
0.909955307321399,0.618641444203641,0.115857727850675
0.439666712224881,1.00867689572534,0.0982802978590205
1.02240807302892,0.406715662366274,0.576573818612841
0.931976295882334,0.584941092523164,0.185657876190825
0.57630077503836,0.937343754712717,0.0659183418158085
1.06949688262127,0.258674149988236,0.15945207738408
0.989973882818732,0.48029949942255,0.0120104830863951
1.07058746793554,0.254122748505753,0.252010276753078
1.05009088120794,0.328702052035997,0.135731342973114
0.97097086867948,0.517640290148057,0.560287431691127
-0.0534538803268611,1.09903529537807,0.613096762959253
0.272727600959559,1.06599979056452,0.338422335680866
-0.0302722323924409,1.09991794682818,0.369381663099418
-0.0240403045025905,1.10007179836962,0.474276853619725
-0.182686350629806,1.0850629452259,0.0116273823703976
1.05652266890524,0.307401606856718,0.411763882541766
0.938127875110283,0.57502346712966,0.659313691734548
1.08119304595526,0.204346507645086,0.487297548864444
0.854016864548808,0.693823531508533,0.561167715309408
0.74964724025516,0.805459442173578,0.032443439991713
-0.0418424704323243,1.09953858753428,0.195242307049524
0.583005770303125,0.93318817480828,0.153310846094959
1.05359622786605,0.317286757421702,0.261398411917383
1.10000331319007,0.0269927542056891,0.0507082954855693
0.474736016929474,0.992653822860058,0.128349108229713
0.677933303420083,0.866684679639996,0.033823141809334
0.410070419411789,1.02106716181267,0.541018715160556
0.969356695148635,0.520656792310699,0.496976383173209
0.129096910247945,1.0927350482039,0.182708989879861
1.06419349775056,0.279692862179526,0.601087403505765
-0.142883986621171,1.0910179027752,0.245723365546504
0.708378577169946,0.841983188202373,0.0552017756321397
0.879965747458548,0.660602892143584,0.29277706010146
0.889528314985079,0.647669108919482,0.00240263302483958
0.856741807476367,0.690455916862819,0.518515923563319
-0.110490407133165,1.09477292976228,0.0234499862713474
-0.255273092589921,1.07031376054329,0.159664110761242
1.10032434334384,0.00471563926597315,0.660859131168688
-0.255332547498317,1.07029957862122,0.371951776782358
-0.250846511431382,1.07135984874899,0.0977031245991677
0.903426576521589,0.628137181388931,0.557187413384467
-0.0560688772851234,1.09890499080163,0.190117634822123
1.00294221934562,0.452595627975817,0.209212448546388
0.227765542121528,1.0765030216543,0.504710489668467
0.338815561164319,1.04687148844625,0.336129450544724
0.0268629340688431,1.10000649115447,0.257090662867199
0.24466061800405,1.07278939210202,0.128352190557047
0.976445320190644,0.50723804518839,0.640328798928889
1.07934321310661,0.213902141479344,0.660080836971675
0.929691877989213,0.588565127925228,0.608948804388856
0.340540169565007,1.04631175598929,0.286892958894168
1.02269433833344,0.405995305575652,0.410359813078792
0.47861717463313,0.990788321466775,0.210594980765056
0.998319378583362,0.462703270091836,0.168247538904954
-0.0615459729890845,1.09861184729529,0.297339861284701
0.26246182797568,1.0685736692734,0.0941059456867366
-0.144489248688762,1.09080646992127,0.339744635220711
0.910564091933932,0.617745038255495,0.265456489459445
0.299413377442317,1.05881420807304,0.119569441785981
0.306310624731252,1.05683948591331,0.0627546737754281
1.05319686703038,0.318609882279467,0.29012657928556
0.652253132691684,0.886172527616736,0.216053118287018
0.409791858002689,1.02117899063947,0.579042395992512
0.754243746696608,0.801156831324436,0.187377087222044
0.194799850408884,1.08295379222265,0.249644480313794
1.05021442827804,0.328307100814734,0.439997632595766
0.136328972383513,1.09185635918724,0.505379334753276
0.667205024891922,0.874970486683819,0.137295860277327
0.901177739046349,0.631359311688724,0.0844353235676502
0.413693045293811,1.01960480681698,0.505173591265664
0.142576779487786,1.09105809183546,0.22014557087981
1.02334926922906,0.404341651301336,0.160369702694856
0.74518438702014,0.809590098228831,0.568302004326268
0.541045419309347,0.958126167085067,0.165486312170944
0.523216460368403,0.967977496333623,0.604607842847965
0.324222432472649,1.05148262567209,0.222766992911529
0.720066734535807,0.832009492508161,0.635450878945191
1.01575447388703,0.423058798026045,0.554059351143961
0.0206153814434612,1.10014131085815,0.552467507894503
1.08245911693259,0.197530144479916,0.00408471808166618
1.09266653280046,0.129675540895587,0.382686491547918
0.824140414437582,0.729059994170164,0.279847347764019
1.07537519907432,0.233032356175302,0.583807732444308
0.509792023452435,0.975114347465476,0.145022152928457
0.666381522876203,0.875597832214049,0.544085750966024
1.07395084238311,0.23951093075964,0.51780443460762
-0.17553217852001,1.0862432287995,0.284162729824603
0.151477670812102,1.08985797838713,0.333971304285508
0.0277459569036157,1.09998457247557,0.238954429357354
0.13592885701521,1.09190624306269,0.605810632592665
0.584492939965178,0.932257422035144,0.209191672582642
0.431865526397396,1.01204153319824,0.445279494487088
-0.197421683158777,1.08247890364085,0.407812455687458
0.162324156088202,1.08829534877211,0.535641675686946
0.0666761433352905,1.09831242809989,0.140008371592951
-0.17583086315889,1.08619492052281,0.549114942702716
0.688855402180134,0.858029214360441,0.50223306962663
1.1002237737208,0.0156059459280369,0.0792402132751192
1.04475442042161,0.345288428445346,0.46526402951675
0.196136375150451,1.08271252886054,0.462075742896389
0.384948228704844,1.03080102785443,0.296896946025095
1.08209323345385,0.19952476518503,0.215100819089889
0.881489625404113,0.658568096793085,0.460590148848371
1.08239374268343,0.197888058276659,0.0207248496220541
0.876045846832785,0.66579243916988,0.0670246105160604
0.999932812895431,0.459206127467589,0.575381869484807
0.923351504066499,0.598462946009928,0.118410288511135
1.09958582340396,0.0405821977939096,0.674919099010794
-0.225755065334956,1.07692643587404,0.521892951004443
0.952757152852189,0.550445006787907,0.355434045854484
0.990140420921487,0.479956086185153,0.0865257984614802
0.201539249219499,1.08171984766518,0.507325823944502
1.02743595559025,0.393841662307465,0.555512364311546
0.627082523362906,0.904158949909561,0.121611193589069
0.962282531889186,0.533618053133219,0.148998015494002
1.09828270500597,0.0671639612702351,0.165439342713421
0.611842118889067,0.914540933672237,0.475667071256346
0.237762270279459,1.07433933216666,0.284518185224156
0.115255572956633,1.09428152260339,0.523464582319801
0.597903992949417,0.923713544895761,0.0662639938659054
0.190488418286142,1.08372047148127,0.318441207974241
-0.0742557862475504,1.09782602265455,0.554450591654934
1.09918038245209,0.0503823842353142,0.432338601764259
1.04723139599936,0.337701496949583,0.519459297943515
0.229565672453322,1.07612057867128,0.149398466219807
1.00418220093797,0.449837754227152,0.466573738641033
0.320208666579675,1.05271188254717,0.296920115093661
0.897920976884066,0.635982560358627,0.270074520657937
0.676903983414974,0.867488844335009,0.361318003225618
0.183010932817561,1.08500824710137,0.224289110911797
0.99999379077999,0.459073323348475,0.441679023056418
1.09484325731769,0.109791346265223,0.563990937765038
0.193554414650668,1.08317707988029,0.273162352816585
0.674943736022099,0.869014873873445,0.447255546824021
-0.0245627706255985,1.10006025658049,0.393439448823801
0.342597800720738,1.04563982553749,0.333920352206625
1.10033271406401,0.00195350179755721,0.23233475300242
0.997982517983459,0.463429381468357,0.0160903121116262
-0.030850224359291,1.09990188719982,0.0374847966117506
0.723027773816409,0.829437602293769,0.182009213573682
1.0367811060045,0.368538784988535,0.10180104276093
-0.25020065978538,1.07151086212493,0.49894048588354
0.730306998552502,0.823035591984931,0.133765951470662
-0.00227669896760259,1.10033209280224,0.0351325434930879
0.684007526204928,0.86189883507507,0.0132666031047084
0.755116740898749,0.800334058642515,0.393602309051398
1.10025327416256,0.0133652722872237,0.488154649516654
1.0505202658647,0.327327158690355,0.256265642440157
1.07274788830289,0.244842532968505,0.0218632340836471
0.484678825637855,0.987837200042122,0.136667683375752
0.967627929539974,0.523862661184144,0.311368619906871
0.913081081787799,0.614018595720009,0.0995309134037903
0.769710233437521,0.786309134088055,0.0180637110404743
0.352377308226226,1.0423848283892,0.391396176099969
0.687408283691398,0.859189006750666,0.0485001741099536
1.03159513320048,0.382815071497744,0.572983433563416
0.391290745194761,1.02841015676318,0.563905281158525
-0.162008045092812,1.08834245122294,0.147571755490573
1.06671232820754,0.269927224745465,0.283426906945863
0.495996643082669,0.982203251806607,0.345621657059021
0.827982245537919,0.724693934625325,0.15662545894248
1.05874649473539,0.299652728494625,0.143446980664502
-0.0814655751609522,1.09731456650882,0.632753847225356
0.232193055619796,1.07555673152591,0.647905474541662
1.0873826567151,0.168329604300498,0.334428729379674
0.799155631944525,0.756363783995569,0.214981315062229
0.469207292774835,0.99527906348705,0.115877179555248
0.17244878285334,1.08673700364953,0.300102472535634
0.729732148782365,0.823545316811541,0.338609539374643
0.475984939094026,0.992055560724502,0.533170384345381
-0.0649268912808684,1.09841722337068,0.344717741764559
0.621763292845859,0.907825041226681,0.0876687429386228
0.171409842619859,1.08690135875423,0.288370763282568
-0.117843908432693,1.09400580942427,0.362079220652363
0.407345392203509,1.02215734075499,0.521108349428975
-0.115761058966794,1.09422816406618,0.233442201994209
1.07863476736835,0.217446398988266,0.271018207073576
0.908324996635187,0.621032686979064,0.55689950838222
0.620642858208425,0.908591404517799,0.594171331395973
0.940295990820085,0.57147121314763,0.03698557033795
0.807672078862497,0.74726281242591,0.160290478168635
1.07106681505374,0.252094774835564,0.295854101728345
0.972472099897617,0.514814444950283,0.155425161040385
1.09563628106441,0.101572818332914,0.243687439484599
1.06643132953286,0.271035269290767,0.485303282173872
0.890124671689054,0.646849261156881,0.13028636962862
0.773720574731945,0.782363323555762,0.210086147532778
0.586321255466986,0.931108631254359,0.535683665722483
0.406126966537647,1.02264206096741,0.416425161045985
0.860132816270719,0.686226956759169,0.0736428604484583
0.87645723031175,0.665250795747743,0.494446525409232
-0.140236187518314,1.09136140188256,0.332368806342453
0.515362886601987,0.972181563763692,0.16520586547198
-0.00149075913066444,1.10033343830221,0.618906974551701
1.01370253368093,0.427952183097157,0.565694747052502
1.09096075925113,0.143319641302013,0.350695120397181
0.665194327978306,0.876500087754838,0.142416783746529
0.18676173028687,1.08436891965281,0.578205617708443
1.02437747871398,0.401729609205421,0.515395736219205
1.01714482625029,0.419705015744403,0.546627018167474
0.62478470661543,0.905748291849463,0.156896115479117
1.09931467308466,0.0473618765412864,0.176446270074388
0.931728560438242,0.585335619514507,0.198544633576483
-0.244267070800567,1.07287906864253,0.452400057574081
0.930726756652796,0.586927254657096,0.481955726263219
1.09016194361615,0.149274359820467,0.33541434932412
0.0635200324209776,1.09849947805631,0.573580321015348
0.812867859452157,0.741607538310134,0.230479525575359
-0.0694174309692542,1.09814257639269,0.098368356367697
0.935408780602089,0.579436200958537,0.314877440318058
0.580981708455815,0.9344496520672,0.0736720678085864
0.659477537262555,0.880809443441012,0.560340314376232
0.983880146125127,0.492661908279449,0.190786116265397
1.06932805774779,0.259371167869693,0.0538956619473257
1.00040746427897,0.458171150579863,0.536467645223537
0.530650054752952,0.963922412437556,0.450357388710734
0.313957581643778,1.05459306594399,0.157845732004425
-0.185609705937003,1.08456670374428,0.254350570823919
0.743988212290456,0.810689482959783,0.0928524114858076
-0.158992944888021,1.0887870045535,0.122453090500044
0.140436701921339,1.09133561774653,0.564919086009883
-0.234333769073212,1.0750923599769,0.624897682028923
1.03512117979783,0.37317561675799,0.442153929992787
-0.234468610258651,1.07506296030145,0.596157067502345
1.08750832098337,0.167515818956515,0.60824398610164
0.30111965030121,1.05833021973826,0.234423969528842
0.86701318710274,0.677513122528781,0.0510852883385209
0.643774623027163,0.892350902142752,0.150507643598693
0.0699202820555362,1.09811067382392,0.145039928915221
1.05726772998792,0.30482920617117,0.446269582648209
1.0426405893881,0.351619821923046,0.597045288569741
0.187571358237112,1.08422916552629,0.656337292837087
0.75754145217292,0.798039376251882,0.0954357642898486
1.09984151718335,0.0329322773061266,0.42354506519762
0.992292629753537,0.475490520142683,0.660508675176909
0.536433743770705,0.960715741701412,0.0833336933836912
1.05362582053922,0.317188474099887,0.399854807293094
0.844820154101518,0.704992769489615,0.493377333206784
0.298240656113168,1.05914513115528,0.438910251714764
1.02839412872051,0.391332868312803,0.445413191110368
0.793865579295518,0.761914260149094,0.517968746043948
0.454949083570911,1.00187685329422,0.176872004708092
0.14852707285765,1.09026400767754,0.189858876159295
0.90320654988992,0.628453519398767,0.604822859537045
1.09050926556504,0.146715505402606,0.249557697515529
0.808703143546066,0.746146851114083,0.227474275658744
0.487016391759596,0.986686845947696,0.365129060554577
0.138893387470801,1.09153310748032,0.321338113745638
1.10025669777452,0.0130803979705127,0.521176993575893
0.47905007219052,0.99057908626369,0.056293805036146
-0.014305651343294,1.10024144902307,0.484703644893589
0.70771760464442,0.842538835831983,0.580112893214692
0.472058834013627,0.993929753573382,0.496595929607277
0.249743891395879,1.07161741611416,0.00414843977303588
1.04849142050606,0.33376884056773,0.653569957501085
0.504910226018602,0.977651042791135,0.36528264675022
1.05996418521318,0.295316480871128,0.154328804421113
0.680755016130257,0.864470072253657,0.386639523001989
-0.116636524283831,1.09413519229195,0.460672734049515
0.991997272431909,0.476106405435174,0.417932856500625
0.998697692932734,0.461886150408933,0.116271255970882
0.757775521916132,0.797817119516424,0.0790010786066461
1.10017698410052,0.0186145497992266,0.172791527830458
0.9683819630883,0.522467483556632,0.653628446736654
1.07786701324364,0.221220703303234,0.350384861910921
0.5741324833404,0.938673419982762,0.607453606048669
0.879739368060449,0.660904336567216,0.141068150191606
0.200687209492687,1.08187824719549,0.307458225425202
0.801282482273248,0.75411025812594,0.53782524462003
0.723541295891403,0.828989680845629,0.217299701662432
-0.163160141862599,1.08817032945956,0.195392245113801
0.328362260932351,1.05019718310617,0.130509275020299
0.735445701466945,0.818447016001978,0.427146668455456
1.04799412837218,0.335327011596427,0.426503559641988
0.449191304927952,1.00447153736971,0.158886375539407
0.851526980963008,0.696877104302311,0.0212485822077687
0.0592047136041587,1.09874050607766,0.0691229889663784
-0.110438510839099,1.0947781661745,0.0843808218606184
0.0659957827477474,1.0983535198051,0.470689711025114
0.18682466090456,1.08435807918171,0.0490658296415708
0.305162734547636,1.05717151080237,0.152666252273856
1.04456635166275,0.345856957111934,0.337793949287556
-0.253626817335472,1.07070506458923,0.101321639853245
0.671895089772869,0.871374136721912,0.571510038189191
0.846638017828727,0.702808625854716,0.0552834966797018
0.612174467268921,0.914318499994812,0.550952341958138
0.825012421525918,0.728073074723059,0.305917373606217
0.396915594862149,1.02625236095415,0.371746990438479
1.09602844278697,0.0972499378443134,0.304056411578091
-0.220647807160865,1.07798443541818,0.18024990864652
0.186638198915769,1.08439018831518,0.250792713860855
0.694550580635471,0.85342567851435,0.250420551638068
0.629819027526433,0.902254892131047,0.249232161077821
0.638271206549516,0.89629557886814,0.0627121932174862
1.01820745268014,0.417120463553851,0.304236175088975
0.614351109587161,0.912857388619807,0.637956557848081
0.575643536257959,0.937747523042946,0.12015864232011
1.0979731685249,0.0720473386610479,0.0799765202877987
0.638285284961189,0.896285553164148,0.168453617304467
1.09363428709193,0.121243325200501,0.557510907050059
1.09129844231692,0.140725291278517,0.185969951604045
0.498204456144143,0.981085224476889,0.25195263690124
0.416407391504985,1.01849927938549,0.33893192179262
0.60529425384773,0.918887786439492,0.177426809163217
0.470461447828711,0.994686847161288,0.320854644268412
1.07706122020797,0.225111140845746,0.576660174254614
0.521858502209207,0.9687102773692,0.0699924326175546
0.922552679180266,0.599693631737124,0.527601663205183
1.09792534850532,0.0727724324055335,0.108015060401288
0.472869429953457,0.993544362383604,0.343267628720745
1.04173173463342,0.354303388166688,0.593347688922419
0.613186746136455,0.91363992479058,0.419095747241912
-0.139934076260897,1.09140017963612,0.558205856036857
0.620849297650068,0.908450354954065,0.447540397388817
1.07455605074966,0.23678089366764,0.240479691573117
0.215779623789842,1.07896943968115,0.50486140108657
-0.183863914041824,1.08486402784956,0.0225011030786671
0.799000357060409,0.756527809948906,0.0084356062865816
1.09984327769738,0.0328734286717956,0.658257378845498
0.611400868702151,0.914835982872889,0.418304581583533
0.999949020726368,0.459170832868472,0.0902795345115393
0.941611076853359,0.56930174578672,0.374867535543884
0.00813716467058368,1.10030435987497,0.447894158152238
-0.100072509518172,1.0957743338149,0.0806011653250338
0.588504225210572,0.929730431210065,0.599563644331481
0.625094407312771,0.905534582307625,0.246726912041758
1.01589431466392,0.422722887057547,0.001508572938245
0.797658946004135,0.757942018671825,0.472341049034471
0.615877211794949,0.911828469505328,0.562681721596568
0.247642988201953,1.07210486809974,0.512711609811469
1.09843160328828,0.0646831562796512,0.0449556675592096
0.886119776903214,0.652324795473657,0.0200465630061654
0.914365841834886,0.612103753537201,0.0860490746035264
0.910544918707938,0.617773298891999,0.0958300264590531
1.09203623589232,0.134880529754569,0.018830808905357
0.368331660129324,1.03685470821862,0.46189743847703
-0.171138197166918,1.08694416382775,0.312177200093942
0.386104550409513,1.03036846514333,0.358782659699484
0.993454514961507,0.473058161869496,0.0213401844778787
-0.0897849830044886,1.09666519714799,0.0476714411791948
1.07939230776002,0.213654262202397,0.40502605856821
0.636917614105709,0.897257962155054,0.0474930421822727
1.02520712816503,0.399607610248315,0.11011316645278
-0.164936396123982,1.08790251541321,0.311688224995925
0.0649212952300829,1.09841755413613,0.632991282087582
0.558495324719888,0.948060583546629,0.545962548186229
1.07208975260568,0.247708417633781,0.50077829696814
0.441501564727172,1.00787512428485,0.327219417959779
-0.00830753755523587,1.10030308671226,0.0734693535676575
0.338646138463291,1.04692630624732,0.555630166788553
0.981062276038007,0.498249644599848,0.254864132603776
0.364220852127852,1.03830586470655,0.535542637232867
0.988327304339715,0.483678650867849,0.335438207393169
0.523911312184481,0.967601588864903,0.186248158657127
0.0937164925273208,1.09633622435689,0.110123559269644
1.07884387649944,0.2164065339781,0.354347472773686
1.01166179393091,0.432754332744615,0.149882859062205
0.408025397354257,1.02188608607939,0.549309587815388
0.802816929718267,0.752476494760125,0.616160247504937
1.02145344252712,0.409107275122609,0.257190454565586
0.398221057145574,1.02574650253102,0.628183312828177
0.991572850488646,0.476989706369614,0.546437676223066
1.0451201211207,0.344179938749211,0.568993157479195
0.93452181299364,0.580865628908984,0.149724369352649
0.117386147224193,1.09405502158192,0.551204140564726
0.309357980136978,1.0559514846499,0.450941680718237
0.52436047164906,0.967358255033121,0.594643322562327
0.12318033804034,1.09341780766961,0.133151187520833
0.962058048749659,0.534022666789293,0.0377889774236127
-0.0548518411350729,1.09896641137609,0.169829042335975
0.0475870623611779,1.09930494827622,0.341215788471567
1.10032991908009,0.00315705336668787,0.401224319151097
1.04587224122609,0.34188763189308,0.265822684360073
0.74787125460661,0.807108719034731,0.100278752901002
-0.0166741037392414,1.10020810398453,0.47864857896868
1.01560909863029,0.423407671857889,0.418247580231343
0.413864093771294,1.01953538913351,0.142183680335929
1.09644012396948,0.0924929854558398,0.468520768739838
-0.234548361012309,1.07504556375774,0.394277815919079
0.780869535042547,0.775228138712202,0.278727172877453
0.60184763035916,0.92114891718973,0.504611728094036
-0.0781481370922854,1.09755581474372,0.528342518231896
0.714414172544797,0.83686814246683,0.245243617486749
1.06685552391643,0.269360704071248,0.0227361857488178
0.496509049731963,0.981944327007907,0.538452049314877
1.07087417736751,0.25291183059754,0.627277262392849
0.559971928056824,0.947189177301489,0.0646815639207328
0.38586732104724,1.0304573297117,0.648875727877752
0.32704388226414,1.0506084888684,0.263951682741571
0.612596179948894,0.914036004827365,0.0414992234867153
1.06139948787602,0.2901155372352,0.281774978066575
0.778267173559379,0.777840667726138,0.148647327139825
-0.0807456231970087,1.09736777888877,0.502026229631886
0.294089218374274,1.06030534726783,0.621422114714856
0.249968591860363,1.07156502410824,0.551381125513148
0.092712528889028,1.09642158169007,0.172019570763399
1.09947009904444,0.0436050354428042,0.41763623431346
1.05948629753383,0.297026401430601,0.464708994131628
0.151266671682558,1.08988728401006,0.167993635181483
-0.0519506020330229,1.09910737999395,0.487619681484388
-0.0163639625380131,1.10021276057806,0.612765168338585
-0.197597748981269,1.08244677809409,0.0555711229273353
0.895919432380707,0.638799083038932,0.374988857968331
0.362705192688991,1.03883629172512,0.652720160063781
-0.249460969699281,1.07168331255341,0.130709910040332
1.09254881825826,0.130663604462864,0.616087861765092
0.332684780043177,1.04883589514107,0.36464047713621
0.120714606821315,1.09369277290687,0.653751905254912
-0.0557192606515326,1.09892277335634,0.507903706368442
0.953998650844104,0.548290499640819,0.664797749843269
0.194673983905072,1.08297642532018,0.0262078394945039
0.30095799755124,1.05837620037428,0.178487824608157
0.545927235777733,0.955352998134633,0.454578641015029
-0.250018175547953,1.07155345629811,0.62450499142182
1.0687892385501,0.261582609070736,0.646338635237312
0.946789169352184,0.560647988140644,0.421589027527915
0.360513902761164,1.03959878016698,0.14273962786459
1.05563901054753,0.310422578461971,0.444636843930373
0.80299835400747,0.752282886466283,0.513441670066575
0.389951431945083,1.02891874243437,0.392125833196438
0.278734789613235,1.06444483880942,0.246175630155403
0.450722149006944,1.00378555588498,0.118828368872813
0.309011671126276,1.05605287979177,0.51173008022627
1.07249194199405,0.245961241187653,0.630097473248087
0.483633889807835,0.988349208750678,0.187621738036848
-0.0750547121493759,1.09777169210766,0.504073459443958
0.0264742408082887,1.10001591460414,0.232251930575718
-0.0556351792162044,1.09892703335678,0.285404345716214
0.216085036484478,1.07890831622351,0.407980002088872
1.04911996329599,0.331787884683219,0.448405294044501
1.09919173113854,0.0501341800114068,0.0452914952433049
-0.0940271817469127,1.09630962182291,0.34116279026899
-0.166161874135713,1.08771601504826,0.0125771201911963
-0.00570426535238981,1.10031966226435,0.361077865556551
0.111932949935077,1.09462638033604,0.31457376871984
0.990821459498691,0.478548569327745,0.251317065184045
0.715058634037466,0.836317551948554,0.352159319859708
1.06947493383716,0.258764881123305,0.475130125266733
0.387652876788093,1.02978694152075,0.237128148204782
-0.158961362762432,1.08879161594745,0.628797486604549
0.0685667305285394,1.09819602133379,0.0718820662174309
0.405878940241007,1.02274052607569,0.0341853204033787
0.0085386860880392,1.10030131720754,0.0746300519435681
1.09724820905536,0.0823545113126786,0.548224755779791
0.125888982483618,1.09310926347643,0.51519223173111
0.712954893450242,0.838111697635884,0.3985175326435
0.686421779197102,0.859977347871811,0.518507847243612
1.05290765198914,0.319564350626687,0.625866350160494
1.03869276581626,0.363116009079365,0.0958124752588706
0.460235163020762,0.999459600248055,0.655627766070061
1.09502249339693,0.10798905853617,0.459500171198569
-0.173281667492145,1.08660451016913,0.301090416398031
0.931495839296051,0.58570589819712,0.034195525965009
-0.155395588534763,1.0893062511859,0.4862080169699
0.162023661417216,1.08834012649985,0.23843403172648
0.617519963131704,0.910716746822286,0.462328283284747
1.09891428118098,0.0558864959113426,0.1808470363005
0.254172220150919,1.07057572376376,0.0371687988862428
-0.157733479799517,1.08897017735064,0.295186834128654
-0.0193241946794264,1.10016474825761,0.358729555608267
0.596909541379621,0.924356477349902,0.279146342349904
0.392213042299321,1.0280587664424,0.0623626091847608
0.353626526137194,1.0419616969068,0.469579718417049
0.59056450866455,0.928423103393355,0.155938404344601
0.326350596257315,1.05082405098629,0.495866948517759
1.04857666623038,0.333500933800697,0.251480692167634
0.302638527399045,1.05789688511806,0.26581312320885
0.284286090090293,1.06297568965143,0.655521821808336
-0.0015610596414406,1.10033334081157,0.553360685498234
-0.108088469666397,1.09501268510183,0.197998802274121
0.308363696231768,1.05624226797408,0.629759481015833
0.726021758078749,0.826818181104523,0.586962224512359
0.293191144654153,1.06055402997921,0.486398971603311
0.97597169552774,0.508148745287694,0.474111480431409
0.204158010158755,1.08122865514042,0.402611734288628
0.852642035627691,0.695512370047734,0.26293933695092
1.04867489209875,0.333191939413948,0.136158651992787
0.662302007955561,0.878687628265461,0.257046174467648
0.334485031993401,1.04826316408673,0.0621461478018191
1.01710904541152,0.419791719249946,0.185214405830352
0.745530647344846,0.809271247282593,0.263969321901882
0.982567537592104,0.495274602497381,0.61223734394294
1.04789721016103,0.33562975843253,0.210601584071382
0.661200607047858,0.87951671675318,0.436802836159846
0.309990319469159,1.05576602504729,0.496908348710656
1.0626139454531,0.28563525821814,0.449894888837822
0.647285524226032,0.889807478017678,0.477820971429193
0.894448977945243,0.640856398627227,0.288313418639456
0.413392495043182,1.01972670007739,0.451691693363463
1.02747109057305,0.393749991549678,0.207808478216348
0.4194230126107,1.01726114361127,0.428031408039575
0.757865766989951,0.797731394037794,0.150513579129634
1.04013802503664,0.358955131850234,0.194874048801414
0.807005639771189,0.747982483208159,0.247310975411194
0.807963342613762,0.746947879574703,0.115077345529158
0.769112644883421,0.786893663266631,0.505817572602878
0.927190031858787,0.592498559180063,0.138465261542761
0.682349756324104,0.863211855718621,0.0442056288333806
0.632303262468043,0.900515675644249,0.0518786769659097
0.202513853433445,1.08153781116348,0.35743086653735
-0.047016521148988,1.09932949771567,0.648251233140722
1.04898732637386,0.332206994080144,0.52917708611146
0.349172710213254,1.04346265685509,0.344694024593586
-0.245158636273878,1.0726756923083,0.148977404120365
0.908883168744653,0.620215513657493,0.342981106826821
0.862535912045522,0.683203994602307,0.0933952115216887
-0.0218914073399367,1.10011665931092,0.365471265343488
0.954643343945835,0.547167235558437,0.206035454229047
0.953941536364882,0.548389864062565,0.592043431489935
0.683064907729671,0.862646062784156,0.10651156588499
1.09906691718251,0.0527997098825477,0.0465425945403586
-0.160760189161834,1.08852747296033,0.170138582186433
0.785643087776261,0.770390054737294,0.532282282085449
0.709324455584624,0.841186492115943,0.229992083019054
0.322360974587637,1.05205479889199,0.294159297707298
0.312194924486187,1.05511621489474,0.169266228707982
0.702728154602093,0.84670481192579,0.123696247814469
0.085873624759449,1.09697840378898,0.614857202473892
1.09751134008877,0.0787702747570862,0.148951847133934
1.07072595586541,0.253538607010547,0.112438175010553
1.08217224556149,0.199095777818499,0.495290086419109
0.53080158176519,0.963838979604125,0.167079211688389
0.637756114050384,0.896662164251455,0.298570783058972
0.982127370868702,0.496146878655182,0.219224697641372
1.07894129148702,0.215920326354603,0.636486305033662
1.08355845411051,0.191407874274765,0.179831137589475
0.0959810913671039,1.09614028660055,0.0184493444868352
1.02611360315349,0.397274176397252,0.545548832632865
0.334453342361168,1.04827327524467,0.55651581160733
0.0482168422900603,1.09927750542269,0.138172502434313
0.742794824166163,0.811783066465856,0.0600020153863801
0.733364692933157,0.820312211885088,0.471399299441279
0.00893200902706966,1.10029819459249,0.0163746597907675
0.464893588270282,0.997301283160676,0.461347782442302
0.835490821016569,0.716024431011825,0.374919119791375
0.503716725841623,0.978266506590175,0.250774502709523
0.823448255779439,0.729841673147368,0.197434344993871
0.117638264975319,1.0940279413353,0.546054381297931
0.871467795009992,0.671773607749793,0.485478583260143
0.971119185518548,0.517361986742881,0.246696076590734
0.342975536070956,1.04551598718795,0.016606441940214
0.198272130385658,1.08232345448165,0.0105436057473583
0.0627848743598557,1.09854174129178,0.476434006408045
0.796126100538732,0.759551927026548,0.271321367740381
0.499916506561172,0.980213948215604,0.153394207502554
0.25974330206172,1.06923772606602,0.211288134918308
0.46441371072038,0.997524838339215,0.209091750915278
0.379186121717843,1.03293454918757,0.315085934513973
1.01353545855604,0.428347723302398,0.152024616637951
0.521027422038411,0.969157532753451,0.560833295548006
0.149688035205371,1.09010521965777,0.304322998802671
-0.133988533938076,1.09214603903593,0.358821676610772
0.929296954379192,0.589188482907046,0.335674266054221
1.04253018516914,0.351947028428926,0.407237004567941
0.362108238036405,1.03904452347092,0.54960423970505
1.09685382736253,0.0874504385862426,0.0920159260807775
0.934009846780727,0.581688493891182,0.66561404882901
0.838737116074414,0.712219030866155,0.0920841313099746
0.7060671431835,0.84392244141594,0.118196211861211
0.368503674942122,1.03679358570687,0.445667110859779
0.4147853229038,1.01916094593167,0.0055487721074977
1.06470093958584,0.277754940646912,0.00483797782473526
0.162303027449919,1.08829849999407,0.588332017545922
0.116964362501621,1.09410019454954,0.591883867156015
0.79360181529417,0.762188990061224,0.157720258744801
0.985523087777741,0.489367082327548,0.635549488464087
-0.0455101626512789,1.0993928883271,0.0655367089050862
1.06366179828763,0.281708140940731,0.649099838023572
1.02659354161022,0.396032319556047,0.610014886764994
0.872605488895748,0.670295127953174,0.0772752438975542
0.671797807404072,0.871449140097017,0.292926118435332
1.09902349786591,0.0536958932072646,0.071500629538634
0.585771696504754,0.931454463397267,0.210410019697351
0.882088271249965,0.657766052279986,0.411702452305621
0.939277040604549,0.573144431013605,0.0916426523994858
1.08000676352938,0.210526218176134,0.563178068451008
0.539481312424296,0.959007722259685,0.633153273161702
0.817654358687027,0.736326861881906,0.557970532119957
0.877534964267102,0.663828505186005,0.213282329478646
0.516654899492594,0.971495554616204,0.100143423686282
0.852406354588543,0.695801196079613,0.556822217401103
0.0569308332689091,1.09886067271154,0.647405767691347
0.692408230320296,0.855164744592213,0.618434295574235
1.04911541498426,0.331802266193519,0.0593257011466442
0.047872628892562,1.09929254942061,0.206072698419135
1.00222911490706,0.454172543249116,0.476642940096442
0.359113279759933,1.04008343420555,0.293708914697517
1.09924137431661,0.0490336496630615,0.62263507396668
1.07732313955937,0.223854307036292,0.443209752761986
0.716182916013483,0.835354971625341,0.317756160146825
-0.109623086253351,1.09486011744379,0.613865252745777
0.98648042451436,0.487434374925196,0.173214278256181
1.07340627108916,0.241939816886802,0.11993119039119
0.947180792993749,0.559986109821023,0.246915541179378
-0.14561518021224,1.09065673660438,0.323987441974589
-0.216237531216756,1.07887776318823,0.51379171973902
1.09729623289075,0.0817121477659171,0.188251932327363
0.869043218090371,0.674907240218892,0.564166484071448
0.75566491108406,0.799816503933914,0.531186937026926
-0.22684608966123,1.07669714841926,0.222035631436633
0.873004455314753,0.669775424160472,0.114818235954624
0.806019505941132,0.749045027919659,0.523631115776152
-0.223604632608305,1.07737498861114,0.0645978148856477
0.136489990354803,1.09183624245658,0.585945638801549
-0.00315811141531054,1.10032991604384,0.543626041613858
1.09970864694355,0.0371051161746815,0.528219021075598
0.807421997355123,0.747533020003674,0.0471731365436156
1.08557570779418,0.179614254601086,0.318984904533214
0.830753824940614,0.721515058855523,0.405330301242103
1.04612439518759,0.34111529957207,0.509801685281366
0.359253509572349,1.04003500598235,0.549760381178149
1.05503824818331,0.312458305504963,0.0816395335986726
-0.253441136353397,1.07074903138534,0.322042841731832
1.10013355123415,0.0210253955418184,0.00804020079193025
0.550837483279089,0.95253029601347,0.608066604426552
0.5073002066359,0.976413026416548,0.349066032792084
0.534380556820929,0.961859302757167,0.391967815932227
0.365957178590341,1.03769515814951,0.46064732493708
0.450128519578602,1.00405189789708,0.00622956591586406
0.587551226188952,0.930332980396056,0.449687075562465
1.09791545192879,0.0729215895654883,0.251371701268762
0.464401331140531,0.997530601757987,0.223694008226747
0.898208677687151,0.635576170994672,0.440412445264278
-0.0490558807055471,1.0992403824355,0.0774782679170914
0.418201229832903,1.01776403413316,0.488098176044987
1.09389703554959,0.118849372840429,0.274275196980347
0.0443163933357255,1.09944165606478,0.597840845912726
0.514842239269067,0.972457385427846,0.551840429688765
0.203603345542183,1.08133323979834,0.382820979754381
0.899700039444345,0.633463287675452,0.656709905643461
1.04527865436973,0.343698170678518,0.35018231651237
0.0460585848315728,1.09937004896989,0.562516317731028
-0.0543892494692729,1.09898940274732,0.0921881359559162
-0.154178054853961,1.08947924496532,0.534733146985878
-0.0283138392510871,1.09997010155532,0.548740065849388
0.0178708227860434,1.10018931620958,0.635717362453806
0.290382157046566,1.06132657588404,0.0795126400385967
0.309569397139026,1.05588952365469,0.106740058414465
0.452965042787725,1.00277543239803,0.595708615604738
0.859393344168477,0.687152805282545,0.355760708340464
0.197081588813965,1.08254087459057,0.113275252929486
-0.0918512917359095,1.09649406656634,0.411201373646703
0.493430489455656,0.983494916043953,0.0222014260474413
0.936129771967934,0.578270652760465,0.579769455902361
1.05005782413274,0.328807639489066,0.135651818398149
0.00980055404382562,1.1002908010836,0.454912218032921
0.569915907673297,0.941239478554566,0.111571382600274
0.177201524619505,1.08597215317948,0.280759992696112
0.996766235515049,0.46603966520663,0.249902072753789
1.00262153409147,0.453305589183302,0.0745808889167979
-0.121516520799015,1.09360396532824,0.114062863475197
0.193468369592136,1.08319245186445,0.618381315847171
0.27255004016044,1.06604520233304,0.0102176585649566
0.960901951147022,0.536100119465194,0.030937385049166
1.09752499528973,0.0785797844424552,0.324265968589753
0.996141849513847,0.467372777829305,0.197012333559613
0.95890984656306,0.539655264009495,0.426177639205684
1.07848963056053,0.218165108535165,0.0941712267689054
1.0975417936793,0.0783448079707174,0.0706187131847404
0.481475021127444,0.989402699530922,0.25919433199502
0.752451346631659,0.80284050019973,0.575101033489525
0.623678500987009,0.906510355823554,0.250130020077107
1.0703632764754,0.255065391971544,0.428506087147654
0.912873814105143,0.614326702439245,0.570235120834435
0.578931431217988,0.935721270334623,0.0952639650369911
1.0218195011614,0.408192117580712,0.342936610568845
0.153695979187158,1.08954735729589,0.122966995539815
0.0783920076769234,1.09753842344636,0.357353751837847
0.117268721757843,1.09406761432099,0.587399439182947
-0.131411556119315,1.09245910711891,0.363304627436065
0.124634016584111,1.0932530629817,0.445211209072942
0.462057402436713,0.998618473022699,0.297561870892591
-0.133759788602634,1.09217407804879,0.551864881269553
0.329924988049857,1.04970729256734,0.171259085483753
-0.021319198859587,1.10012789691414,0.418415175379484
0.938194621148692,0.57491455944028,0.209342013920439
0.824916219580743,0.728182070969455,0.430013884784291
0.491125069673894,0.984648192882393,0.104851733446526
1.02794046952046,0.392522978857048,0.395420650144029
0.933811964027272,0.582006111349596,0.173603010328569
1.09118884264871,0.141572622663161,0.144860778136346
0.642177802166954,0.893500737667726,0.157559203327508
0.549218784154187,0.953464537851799,0.359014038181392
0.616214210455499,0.911600759456383,0.523099221882212
0.738544430611335,0.815651899906896,0.305191505766121
1.09106441217799,0.14252840519503,0.320442738545985
0.983236797272485,0.493944630801972,0.393786426156859
-0.0780475192963087,1.0975629742937,0.519428863154331
0.816185120751421,0.737955111421241,0.263241452169861
0.261008048382561,1.06892969670052,0.62824803804484
0.567988952470838,0.942403548210547,0.074869430735552
1.08450367066091,0.18597764954895,0.453827544346418
0.944900948239541,0.563824525738962,0.449869739821868
0.984646587640302,0.491128287982944,0.424981881385164
-0.166188733812697,1.08771191156596,0.234518899698019
1.01099238733611,0.434315887986128,0.0407963685048515
1.06597302025161,0.272832215664507,0.411953656150455
0.243652979189006,1.07301869673416,0.506987006385797
1.06558660388796,0.274337542861462,0.143806406467886
1.08948906806307,0.15410862526092,0.147145430225822
0.996543162153765,0.466516477493908,0.347652609336326
0.587768277703968,0.930195866220476,0.512135560956697
0.63081307823545,0.90156017998571,0.0758876886522744
1.02040087993201,0.411725566418607,0.306584640367423
0.93706452980162,0.576754683376232,0.191324938407936
0.578778669312431,0.935815766995663,0.422997765471134
1.02818022270936,0.391894536116656,0.146458387227809
1.06769991123394,0.26599397993149,0.621248470915083
0.833021638440349,0.718895574961278,0.508686608571408
0.162726774155504,1.0882352203369,0.155500530501893
0.0253247059363458,1.10004297965033,0.492944425904701
-0.0529794462955484,1.09905826782704,0.232753379996253
1.07338840077107,0.242019087881251,0.627943338149312
0.0872644497935477,1.09686864008913,0.455781339630462
-0.129262410471997,1.09271548311888,0.0310307898252796
