1.76100577910482,3.15391762749629,0.364583036435007
2.88640455319205,2.01076424241244,-0.144794081469802
1.63433543655641,3.17509061936549,-0.258664816297617
1.9107981754969,3.07173116184074,-0.285405859385006
1.96987028221761,3.08927102702869,-0.304757852096853
1.98708273051019,2.82323552095778,0.157019334094346
2.62072901092594,2.50673929824504,-0.245113447700292
1.8350670618046,3.16785578195034,-0.274772875613296
1.56541968261229,3.18124433173459,0.152217242719909
1.10390864374519,3.10585140598773,0.18242323542346
1.84589278248787,3.13230450619918,0.316586410050791
1.24254567072165,3.03806904376242,0.504457106860001
2.56080380069476,2.30588229927362,0.438047163943903
1.47626331254776,2.97265994847192,-0.53271272839731
2.63001649311742,2.48924095241968,-0.289110401041482
1.50503632774355,3.24335742109295,-0.0192219641757035
1.34642107408473,3.17627502333517,0.702869578801157
2.77410241272058,1.96403477736411,-0.0656838692046579
2.0995706453967,3.02812997920093,-0.287448516091854
2.0202874347984,3.06758538152193,-0.587490350032028
1.32937161820295,3.17431813216515,0.223900007951435
2.51737749885486,2.66802242029974,-0.268478958303141
2.63779326419893,2.38230333483084,0.410988786096119
1.78470300093647,3.3410162938837,0.413657928877021
1.87732563885059,3.12271967908525,0.779960687707045
2.74358816100184,2.18054723900692,-0.556985882147743
2.23566860418078,2.94313303234978,-0.556641928029947
2.59946728531256,2.39262985584307,0.262045861007801
1.06767387928619,2.89134968300452,0.237355666746729
1.80248501514334,3.17258685525881,0.0193231360073826
2.53580242794059,2.34533840809289,0.390417544735431
2.20181037773566,2.91010035944681,-0.860256108439548
1.7780577105975,3.15006594751065,0.40358900394108
1.22696694644574,3.15767471757996,-0.53571648668273
1.40328771600311,3.1312254353967,0.622987538518746
1.72956738030573,3.16038708042726,0.567880511238377
2.30840073694343,2.8871497679336,0.0333550704264448
1.13183312922533,3.1747722740433,-0.584102545465487
1.65001154533815,3.17316898862883,0.00761938305449794
1.94378232761478,3.09951252861064,0.634058435457484
0.821944584827512,3.11114220097779,0.504385516936423
1.72356532790774,3.16152988817758,0.88260778819883
2.39464359748202,2.80892770800033,-0.0723631718589612
2.43747431815799,2.28625245969405,0.202040990488797
1.47069956074047,3.18366498942135,0.42609237150402
1.67081418316612,3.02560858393987,0.676165307593603
2.13103474817678,3.0197037633303,-0.729770477328771
2.63798229157801,2.47369481266983,0.474186105643711
1.12179309029073,3.12558439673777,0.485825858077808
1.77822407809461,3.15002717117983,-0.25437561191551
2.23083091297872,2.5613273434661,0.0534050798845745
1.68340115951343,3.16842435527216,0.750931387971802
2.64306126444292,2.46350358327724,0.0368105871559342
2.56863214829316,2.8285449218406,0.275341503826169
2.75564762905759,2.42504509394415,-0.187018464191369
2.30794306232116,2.58136523697055,-0.640195475667157
2.09152608242222,2.99455004196429,-0.110944660890355
2.24919149948223,2.93333706792465,0.800504250352324
1.89105872979438,2.8686394878731,-0.135686060361768
2.6205478768538,2.49363706940873,-0.674579084682206
2.69258239626796,2.21298718525726,0.1680386193435
2.19993845558751,2.96776857104998,-0.009276131703709
2.71426863748351,2.00132933079666,0.00907033108898702
2.72519316001944,2.25162636263972,0.213661555101406
1.96498807986427,3.10355586684166,-0.565640453389613
2.69574021568846,2.30963834190033,0.175025137447527
2.58238580165815,2.26811918479465,0.116109298585851
2.04093465403483,2.90973309469715,-0.536173537274632
1.16546924623227,3.14355077959205,0.0750846671273675
2.49746357322257,2.35916836229677,0.610807976271968
1.35226053996983,3.13757086803433,-0.0889134824583169
2.0047597573162,3.0696072009656,0.145722107070742
2.32074692247804,2.87679710973623,0.770474358658958
1.75318809374929,3.15560257734352,0.255661169917019
2.49383796302088,2.6984133252517,-0.619473266242226
2.70038809926781,2.32829791602447,-0.136202273601857
2.44724593560956,2.32300455207046,0.42499289957204
1.74692909668385,3.1569151158198,-0.216175702445735
2.65840479188958,2.33803720813775,-0.374374658997293
1.47425853522444,3.18369978680018,-0.63761640876077
2.66220860970006,2.03753428970558,-0.0978289045619425
1.49638000757493,3.04545919003746,0.494005793190446
2.50047256276369,2.56021628983289,-0.19513624675203
1.33082966865168,2.98658952635546,0.272724608772734
1.76569567088385,3.01347315397695,0.499687963653325
2.33100918377924,2.75168541219406,0.248385507087124
2.05217465548769,2.9511960187766,-0.287976074307647
2.0076045538481,3.2663871923742,-0.748956656489752
2.76355062144881,1.91228668949122,0.282491132408703
2.65288955478594,2.44311394868923,-0.128062843324337
2.68306376889864,2.37390720259425,0.524221050436058
1.20053490376627,3.12686073376972,0.307687596209765
1.67035544118784,3.07965543343837,0.147382744370119
2.10424694834234,3.01140448286911,0.797915544278415
0.824525253752819,3.16604974733405,0.185748200959754
2.48322754959461,1.93249098682347,0.0383270532983142
2.74254804928121,2.37412331465254,0.180275564257572
2.7721221986203,1.99366631781601,0.195983270331345
1.82659924172402,3.13775816198314,0.262136808886939
2.63991703146098,2.35807899547576,0.163921162105507
1.60668918609359,3.17800672856113,0.719765858880516
1.45219057230204,3.1833257662937,-0.472257752201299
1.17632069974763,3.22906797545836,-0.0405832203859719
2.3043172600688,2.89051663005992,-0.0776037333097863
2.06604825422678,3.04564281360576,-0.576458484642697
2.68587188852618,1.75590963833448,-0.598026433192197
2.01172103368543,2.87291445166152,-0.467501733313835
2.03483048440291,3.06085095322438,-0.515115849900069
1.7295818093,3.16038429762221,-0.104541219341535
2.29818433322799,2.89552080131308,0.293018041060458
2.26096149675383,2.92459096425955,0.199567775699434
1.24029555467984,3.13543552433471,0.363455502249809
1.67594870112051,3.16956056973808,0.660602936565523
1.69893390182539,3.08275756735756,0.0723999860586302
2.77589280496307,1.91420095462361,-0.291549458988394
1.3767019474396,2.9772872441855,0.725008327745767
1.3024169556027,3.17075426135416,-0.12537362882218
2.57065680178907,2.55291323829936,0.481005537036359
1.14593294729347,3.25053319794799,-0.303621957681453
1.32646721007767,3.17396185679624,-0.00583726105899984
2.11610710299014,3.01902326515798,0.643380826654912
2.15301374952444,3.04732478725844,-0.0385650524669058
1.85199352281118,3.13051244337892,0.264018296648404
1.18685825170427,3.14882267583845,-0.559499142742064
2.42709710549483,2.74307603462912,-0.55050342155262
1.07931857792109,2.85227406019968,0.872426357302424
1.24202687959482,3.16065490398404,-0.360504992312218
2.79876236997525,2.0244229425328,-0.407664735562048
2.44926241413666,2.52308808744742,-0.462664784098291
2.05473573800671,3.05286649563393,0.802098235771169
2.71532016908156,2.28413633512228,0.578595887418692
2.64591378154925,2.1040233899838,-0.633632959188271
2.25603632381282,2.92827605115055,-0.396357662299189
1.69963019889415,3.1039106278666,0.643633150486953
2.73098600694735,2.03326872728192,-0.466666007845189
1.75430485085661,3.2509989098747,0.0141735989197614
2.6744598416023,2.36652226406042,-0.190693119167645
2.72579856741475,2.24952758923027,-0.241933489169111
1.46540633412021,3.24865071566673,0.493351408252153
1.71550797865663,3.16301782404288,-0.488833809543988
2.46566178428622,2.73247968895102,0.20080803678573
2.56029471983744,2.6073110188482,0.348479613814804
2.40624270460926,2.5131160849166,-0.821096513822847
1.46170091295396,3.18353322958717,0.811325066793552
2.6654177437531,2.29070602770163,0.406201271042598
2.75033901349222,2.1492424154247,-0.60227645148725
1.00425039636666,3.06874332694628,-0.544181555134458
1.95062740557865,3.10667976441313,-0.234628779438354
1.85430525579277,3.12982484444244,0.208471820654281
2.68224273032893,2.37594647237705,0.144224155112212
2.5421190020824,2.70055102989569,0.737566992586463
1.66416707143546,3.17126613661042,0.688317891507024
2.08910201226573,2.90744021798396,0.750386762655528
1.11860244437343,2.91951255012865,0.861696958468084
0.891198113161544,3.26831318496302,0.355013804218581
2.43509737111224,2.49084750089439,-0.543140874957473
2.77494057301661,1.94677924870586,0.205992651519555
2.50991754168359,2.72528082202813,0.527326953100615
1.75535740056841,3.15514010417924,0.320416129563079
2.62762128069523,2.46872908021286,-0.0581356592182208
1.8400586769633,3.09844011646931,0.0515591531265344
2.55192648276149,2.6197458810756,-0.18191623234456
2.06926934355438,2.99210356420091,0.696744920386553
2.62004832466714,2.50799667581348,0.226374625013481
1.96821367975445,3.08994087816872,-0.297392737321025
1.43785712080662,3.06243336227803,-0.0739639051893942
2.27280199828126,2.78089761204771,0.496628995723626
1.42720994372648,3.18083032323455,-0.476771969679961
2.07547707484427,2.8501591208898,0.779621554706579
1.85681117704438,3.1290741718598,0.650797626542228
2.67318692077846,2.00902837600082,0.190402584352742
1.16509237616751,3.14345441121639,0.861734843654719
2.48830555214423,2.2967300510106,0.155139746878767
1.53985685572905,2.98096430929108,-0.0974341399791415
1.43805764443753,3.19649829074373,-0.210800766074911
1.47760201639751,3.25188368034206,-0.434901585499365
2.02813123314121,3.10589231789179,0.13769260949407
1.52179414017833,3.06838877829982,-0.0579647000953657
1.88963768142589,3.11872530237049,-0.45462311407666
1.42525427181583,3.18235739771073,-0.243382179910034
2.07810717732818,2.93247709869579,-0.414086897281171
0.980774691725738,3.08116026502106,0.63043490853367
2.20069911575541,2.89578036561196,0.143808677571729
2.01740473064955,2.99041006250467,0.00832936165735651
2.44330253879343,2.75790693298555,-0.627735657550216
2.11603545228407,2.96610408953658,-0.10301354486259
2.17262547817148,2.98543866650776,0.549517930632265
1.23318062476695,3.15892688944336,-0.00137647138447616
2.76498342252913,1.71329514508223,0.0449120930380162
1.62940510404212,3.17565480481154,0.779609015057617
1.12599821107429,3.00736971875152,0.384787660264608
2.02536970553394,3.03693582871528,0.0789563375512106
1.44433748174113,3.32284278351661,-0.169223814349402
1.64605019369494,3.21148846174696,0.493397229260529
1.28418348962652,3.16801482638005,-0.543893852969932
2.2124478105955,3.12700587163365,0.672247056191424
2.71678582598038,2.27949891100508,0.375938536230064
2.02904865199779,3.063554610344,0.617003999764507
2.76009242301542,2.05173389523737,-0.54975871720012
1.27252163946123,3.16612274566167,-0.0822627133604029
1.45758213326688,3.18345198732181,0.395253698908125
1.71417482175807,3.16325892079596,0.626559278563327
1.523448339348,3.18317564204002,0.625985353819866
2.7320537803879,2.22700786016526,-0.454494937867235
1.67258241909245,3.09376270911337,-0.329247358212581
2.41138520585847,2.79199747926732,0.592547476182807
1.99462245041067,3.07894188048664,-0.497507477625795
1.162481180972,3.14278338488572,-0.334206788091969
1.40368053947851,3.18117521399582,-0.386390798374528
1.7341007903218,3.23031119325506,0.187772945007156
1.70184754534183,2.96465817932129,0.707881449172094
1.37086138381309,3.3454862187764,-0.0218315266498389
2.66426109038864,2.12528008046146,-0.310747775857207
2.22459424442794,2.95095904775508,-0.500401824610166
2.39989756006966,2.81625142073103,0.398007361420194
2.38603726270636,2.8173924255177,-0.349472850343357
2.7597317998617,2.0975164014514,0.297733973802978
2.48233548964285,2.77016205376902,-0.42644361148766
2.19893489067625,2.86881661795488,-0.304280432197222
2.52219574446094,2.4896664982434,0.526902189267791
1.4701116385878,3.18365829666896,-0.536430082644433
2.55343950443007,2.61752054833102,-0.15875808808647
2.48498712218134,2.70937228666456,0.158361667722678
2.59480609235742,2.17880930611398,-0.452492629882547
2.11679751131615,2.92833948577603,0.57700184613204
2.77042079572373,2.01342185606734,-0.31121686503966
2.35735114078367,2.84450146494408,0.71529023839721
2.08693546581986,2.83175802137488,-0.53148751621465
2.72975546992279,1.92507142099399,0.100197696496561
1.67414846636124,3.16982836334791,-0.228348295998717
1.40535067114524,3.18127967092186,-0.602698600686747
2.55707844679128,2.41999925763553,0.255874168506871
2.48849892956108,2.70505326220185,-0.0420160648163527
1.54737629663862,3.18224237386546,-0.387564797112658
1.15946325488357,3.07854107107359,0.333566714734418
1.56248259299575,3.28468738373771,-0.32550319960682
1.33585901129901,3.17508980755119,0.305336361562443
2.50336337539105,2.68633979948645,-0.144821227414219
1.74254723431699,3.05927615918243,0.111405562012817
1.2927512123638,2.96890857247207,-0.431714373132805
1.56316922270654,3.1813826453342,-0.292687494613546
2.72835538934519,2.24051251321326,0.104036782125096
2.69535864573911,2.19173568206425,-0.397535146664036
2.70004948471428,2.32924163618387,0.575592820115952
2.47150525059387,2.29325334563252,-0.279362025080659
1.95086872391168,3.09679511788419,0.0394718751838278
2.66337528248439,2.42029064649443,-0.0239767829765486
2.60537031797186,2.53433546152471,0.616877610523498
2.53160807594098,2.6344018760042,0.0887596088697111
1.57510266276423,3.2077542566906,0.949667175103885
2.69876595859292,2.33279808689403,0.130706168682814
2.00134577198745,3.00202744085116,0.221289668981329
2.38401864718982,2.78518717166679,0.511821434761887
1.98577173214913,3.08270474708689,-0.418745197627108
2.32779012463649,2.67477391406066,-0.543019490293504
1.50128674295767,3.12189739503001,0.0592557788934376
2.34231735022469,2.85806444936525,-0.291870740144172
2.15100893578885,2.99874536162982,0.573801868066357
2.19349227488625,2.68175295264166,-0.726683888890134
2.66523647234855,2.20340224786236,-0.430556660219072
2.70322749989543,2.22696871977317,0.151283751641257
2.15122040275214,2.99861800911078,-0.249643418269955
2.74535385032141,2.17271346048324,-0.136765594904201
1.39653777316755,3.19435437472513,0.67418871957424
1.79996049780294,3.14476047937482,0.362155245130583
2.63618277904675,2.47725241031877,0.391213774646312
1.81072353848585,3.09924346114541,0.582159142392989
2.27323683630649,2.91524533364473,0.556928916814898
2.64822275464036,1.97838554690699,0.587776305104729
2.6485202943227,2.45229141879505,0.143809448837746
2.53663233286211,2.45896488388732,-0.66888799993203
2.74525669017341,2.17315050774792,0.0749165701991739
2.26908120984668,2.91843513634072,-0.113943569484706
1.93279609097673,3.01869889072497,-0.530091948092229
2.55942268248545,2.40056911468995,0.818699805173984
1.52612639481744,3.20268609182608,0.107295196629686
2.35487839133847,2.84676182642836,0.751414171255389
2.65520958604695,2.43816381408418,-0.316188874002027
2.65113420396349,2.44682340807692,0.236583671432354
2.4050136186417,2.7985146316898,-0.610644483635047
