-4.78696299519716,2.86690376376103,1.1464281400008
-3.78398925070234,2.92975464997587,1.17920551859621
-2.79068482256149,2.88926440680695,-0.404264682963354
-3.05927476974661,2.56186198539971,-1.30142308638406
-3.46961114919587,2.94514629710733,0.851285515961333
-2.9374771088181,2.52083177735495,-1.443026331136
-3.98168699679719,3.10347180232608,0.978208772913868
-2.96015804920237,2.77377581818387,0.500112883617964
-3.70535126856271,2.8143944327629,1.10683010213069
-2.70689128391782,2.60381521233784,0.188870380067581
-2.72810645752405,2.88442324277121,-0.207140689931992
-3.01042594983389,2.71695254490504,-1.65613122788967
-3.21227724173059,2.4152464322011,-1.59734285689574
-4.35094897999764,2.62087841235089,1.13974203575656
-5.02749322897821,2.18917436034401,1.15842357760551
-5.33638515491893,2.38547971763966,0.865426743627227
-4.20286118290244,2.13448490736675,-2.04715713915305
-2.67653761033854,2.9420331128709,-0.855264865396004
-4.24561818748569,2.52540196108512,-2.19717013749059
-2.94988668737274,2.88934148380946,-1.29306007128354
-3.07932514597755,3.10114568496007,0.509213532974054
-5.10369616248784,2.3985541126609,1.19199738663748
-4.32656538589786,3.08825666883879,1.09208912333921
-3.40290600490769,2.63158869501687,-1.7771318620974
-3.82152629924141,2.74638065687597,1.16867084184738
-5.34724798405376,2.70933598964729,0.71406267437246
-2.63496827519977,2.61129294193124,0.096178887389698
-2.80192150140226,2.69709417170519,-0.811902950090179
-4.5929587537753,2.8432138346894,1.21552466996821
-5.33086000314008,2.71322652429719,0.667536505278823
-4.26525547536026,2.45365694910533,-2.09798064228978
-3.92324395214679,2.84761348437558,-2.0569123794005
-3.09534170621106,2.84659019107251,0.0182077398047547
-3.36673596229394,2.31215186627885,-1.95802518454578
-5.27097410323989,2.46864365727937,0.78465834586114
-3.0728073163272,2.83863385488484,0.451616577858196
-3.97153896629475,2.68418674320627,1.22184549597974
-3.1708540325174,2.82347180327637,-1.5776596607668
-3.97453387568241,3.08888716301421,1.12019090115727
-2.91223116585476,2.48806203448511,-1.36358349439603
-2.8341164252631,2.7938201240517,-0.731982319569331
-3.56763470129208,3.03414407597482,0.803268631950197
-5.32290930953861,2.16446464818496,0.756253730276562
-2.92540095244227,2.74529235348905,-1.15765190440715
-3.15412440197386,2.83110635087007,0.804282885418937
-2.77485377312388,2.56215901327431,-0.942618235814067
-2.98880455166733,2.50748007330507,-1.52697540828498
-2.85911044086606,2.74709022194449,-1.12516782056493
-2.88466197047525,2.95068077564974,0.292187304515241
-3.97858001308146,2.16422621727987,-1.9581158115267
-3.97567082155229,2.57769159244133,-1.88157386507138
-3.98919891977013,2.1810569803874,-1.96359945242089
-2.85313303304826,3.04342875322279,-0.143841594077316
-3.21830959136941,2.56753123043956,0.707690708819218
-4.63823438421741,2.74696747544409,1.20613508763939
-2.9550207359353,2.61378920203386,-1.49803777983859
-3.4929591613333,2.74045409410863,-1.83300242290007
-3.91191732054849,2.85905994481061,1.12687649503879
-4.62276606388629,3.04085869726371,1.1006291229965
-2.81980055105197,2.93128251101714,-0.915199788380332
-3.2910247341464,3.14645535734536,0.772226850205643
-3.67177771923065,2.87132447617505,1.11096497678159
-2.69556965344088,2.8517437548411,-0.0432263585136657
-4.25916734405392,2.39860391249542,-2.04369343185018
-2.88507045539873,2.70981776490051,-1.1801205738994
-4.00526864936002,2.66610394335608,-2.05995484394067
-2.82851348864511,2.7294897027451,-0.864724355233504
-4.23071308023796,2.24299803380181,-2.00870020082735
-3.49675374821167,2.71575064867273,0.725687511222896
-3.50793221619964,2.96046829173905,0.965537282504922
-3.85061502753469,2.37500376817026,-1.90096515626832
-3.57607411768674,2.66383061909771,-1.72026589206299
-3.51231844331617,2.44175180167196,-1.87287844292755
-2.94179419367462,2.77067539557486,-0.0943213079938864
-3.52543711760369,2.75120213246476,-1.87415535347184
-2.73737563404234,2.96780067886705,-0.295767736434744
-4.6776607360865,2.40870034523411,1.44138831143431
-2.8015848154952,3.11158445925337,0.0539895231898472
-3.4703980925884,2.83190179762959,-1.85146070589332
-3.14780877811085,2.75049246924894,0.747683593143316
-2.6937352704085,2.73443491538424,-0.378553212152965
-4.58430938536126,2.49594427964013,1.27784898400825
-3.84347970685984,2.27969705063952,-1.96407935036557
-3.44657861434526,2.67656659772772,-1.69313379852636
-5.17982517569768,2.61163573899879,1.0666964055602
-2.71800165779817,2.91129950557648,0.248388390523929
-4.2504706361391,2.79998090105711,1.30076559178437
-3.46614655941064,2.79204279437449,0.897580860693696
-3.55374369478184,2.96084158499117,0.744287760269159
-4.96826292721969,2.33304837806943,1.167008594108
-3.05647273202459,2.56687096987229,-1.0640985749068
-2.85572879105449,2.70544745579901,-0.0699417727462299
-5.2773072850849,2.97538121071493,0.875376418511412
-2.72811494442612,2.79528863810193,-1.19903419380378
-4.50704329184865,2.46633287396937,1.18299231727104
-5.4261674267696,2.34968826990293,0.783034887873323
-3.40798153792785,3.13884946477484,0.580661116189885
-2.8551153445565,2.87992821423321,0.216203030887018
-3.00573662084796,2.6171144673419,-1.10985676178214
-3.27813195531656,2.64029068497265,-1.43774332608592
-2.75688419535921,2.57953914801868,-0.139010834272909
-3.25494605883973,2.95385478138786,0.49860002369771
-3.88655426376163,2.94127983563052,0.884664925372343
-3.6104129366796,2.31653566051256,-1.8574231750379
-4.77481266379326,2.33846888423521,1.24468773273133
-2.82268848474789,2.622658328426,-0.968168134293881
-3.94834512962125,2.63564585880188,-2.03959502171008
-3.56075828128151,3.03717759671738,0.978250442441666
-4.46019357901671,2.60475922592255,1.26263344579479
-2.85399836308274,2.95048252969817,0.212895388086173
-4.41145240310054,2.63042262056821,1.26172884117623
-4.11256058212023,2.68084919028578,1.24495904060764
-4.17372123370067,2.26844751114231,-2.00945157901052
-2.70854703348454,2.931375883674,-0.217358619931174
-2.92164549101711,2.64875544229451,0.339290896553061
-5.15734905986453,2.71364747911424,1.10571609035557
-2.84352069831432,2.75650621291127,0.293431386762268
-3.61002848984206,2.41758239546786,-1.85820116447631
-3.56973437608691,3.01867587555131,0.645236130839482
-3.71160489240452,3.20782009666579,1.04965997806367
-4.54628722694466,2.95185525223911,1.18095065067839
-4.46642961263785,2.8262660013803,1.19764172186786
-5.06434545494431,2.91910805657826,1.08133304494585
-5.14958158948096,2.29373903997157,0.970140221016072
-4.89210083749017,2.33277750907438,1.22868435024196
-2.6699989161957,2.59121447098277,-0.654084122977888
-2.89554846476623,2.80725720306997,-1.2491465369182
-2.77244153119125,2.63482747199479,-0.799771118632996
-3.52327879183289,3.11614793576625,0.904102470642926
-3.2578166731551,2.67111792586691,0.87923500280298
-3.39891356827956,2.45940267997935,-1.7883404515702
-5.4299954723743,2.70907864582446,0.801540006007614
-3.14674020739572,2.56272204285884,-1.54515083969618
-3.77115022106883,2.18054114460439,-1.87873505297036
-3.48197887155408,2.60368846347354,-1.92467046889127
-4.07908121968992,2.98543252076182,1.16694008917323
-3.80660741697681,2.5857353976284,1.16304660057752
-3.52008450164152,2.744710519151,0.941743901699171
-5.25078448728051,2.41502519500333,1.03551204336239
-3.91565513813405,2.3458694279632,-1.97721597440232
-3.49954321132392,2.62122624893901,-1.84036564236312
-3.15226504678924,2.40484045548145,-1.53840084865413
-3.93200787666171,3.03972771952046,1.00955118612791
-2.69759056167681,2.75992141624205,-0.359330003243715
-4.64922808539257,2.86479151151063,0.984702070144257
-3.86691075356359,2.4680298184468,-1.98517008024547
-2.75385943297987,2.96991295101315,-0.747742693335109
-4.99035802969001,2.26357416923483,1.16682093640486
-3.07379908285206,2.87156920478613,-1.67787448039825
-2.79204736873265,2.70697968806079,-0.463525486875862
-3.53731599740286,2.61996135549996,-1.86304135236435
-3.54639111314329,2.69657873241002,1.01244253391168
-4.24436412387678,1.93454958175723,-2.04656421640227
-3.01866732457381,2.76381174057519,-1.07999485479834
-3.40681503182333,2.73896347960498,0.70856479731019
-3.04501141559338,3.06169346573692,0.181130802892683
-4.8845922574268,2.4125771338521,1.12940964030886
-2.93253747178429,2.65496334351958,-1.39478363666147
-2.82702327205586,3.05271420774141,-0.0734299362439497
-3.30538132773799,2.74220795923441,0.894452456257086
-4.18228359987526,2.70968832407688,1.07644355232561
-4.74054889625827,2.75458762563742,1.18014232805439
-3.98800010783057,2.94067507961574,0.974254000259603
-4.07046424740829,2.56476641966071,-2.04742689132366
-4.50933584763252,2.4505917131443,1.28775245180446
-4.01486672674581,2.22788189749646,-2.08462729150236
-3.647084996501,2.86466214272022,0.886864387444184
-2.63571486160508,2.72986172698869,-0.923127859544739
-3.89437742622771,2.38414349134213,-2.07423684770596
-3.84764129779856,2.42015250807283,-2.18094274612731
-5.35530093918902,2.2676665105304,1.10145278653216
-3.84904675312026,2.77000818437564,1.1626177647581
-3.68454336576393,2.56272017145342,0.92236284973655
-5.36088711815239,2.6629313051477,0.769309625644885
-5.14290452884301,2.44697800880289,0.897232894780125
-5.14479998481957,2.73181820571708,0.952395471953856
-2.91781772695281,2.68866350938957,-1.4268307233829
-4.92518238223633,2.14457469559143,1.18497491245522
-2.91898188087993,2.5489891850632,-0.197521326300915
-2.76321056249171,3.081613466882,-0.127646262548647
-3.779321482709,2.95254182618398,1.0256735620702
-3.42301479730012,2.63368677430013,-1.87064569776321
-4.14148117972088,2.5498785433063,1.2093260505285
-5.15645015668253,2.74465413459342,1.00425861184489
-3.36717842980193,3.1083690362994,0.87186938462143
-5.13541147367884,2.9017672573254,0.84390839445241
-2.90973374204162,3.10921369007594,0.102466853130436
-4.0219554219459,2.80092374423106,1.20251794376489
-3.76756607416372,2.3640291313555,-1.93281184124149
-2.88689469738733,2.43740631140212,-1.17383353412287
-3.63186290897792,2.63365091501297,1.12626037458371
-3.27435087181181,2.82212780133185,0.84199609457206
-5.49333414858191,2.86551089803855,0.706479424719901
-4.69017820109188,2.50909545113522,1.23965097884781
-2.75758450882999,2.95600567145244,-0.602476164061053
-3.75496539744228,2.35393956051306,-2.10502618445557
-4.06840953055181,2.45827036949185,-2.03315314184543
-4.03620524308529,2.6092721509469,1.2246021109133
-3.20497007980553,2.5177059256289,-1.47647252644694
-5.31750020082775,2.4704790251804,1.00127178395486
-3.03217214383698,3.09129443927754,0.471883504672022
-2.68669221374379,3.02602074245208,-0.289673180575
-3.23182747902916,2.63156086054274,-1.63578753078733
-3.6836167937927,2.41061329465281,-1.90632456745994
-2.5083573469331,2.59966841077381,-0.176391391571304
-4.00306088166382,2.98072987558937,1.15399804288691
-3.44254318430024,2.51230488965653,-1.98884100598102
-4.45567949686961,2.38717073097647,1.30802125174493
-3.56771324630414,2.19544550842472,-1.79679539164928
-4.75998405386519,2.5160800167808,1.15058986846642
-4.12344305035825,2.72723166754983,1.14656970724562
-2.74433764393755,2.7955825066703,-0.780714306401114
-3.0835481462363,2.85711281238804,-1.45797839225545
-3.0617626734784,2.94247567546084,-1.53454568942092
-2.86606432554457,2.90078598872669,0.267124357824254
-5.21007764297194,2.35299936792924,1.02009061482625
-3.2355752982238,2.46763492071127,-1.32445197550921
-2.93960211352447,2.5751359258106,-1.32987938047589
-2.76892807888287,2.67452782297963,-0.905080492386166
-3.40813607711046,2.43730136351983,-1.7553631290679
-5.41674776618298,2.23658250573216,1.05369900495731
-2.99602394998171,3.12619538652037,0.335181937785895
-2.7440186767804,2.58974997066526,-0.263573967810221
-3.32454136225646,3.07503535897256,0.798655461236061
-4.27698199653996,2.32360000490646,-1.96658355666637
-3.34006537053868,3.00977409912048,0.888360385929078
-4.62137975847222,2.54464402800381,1.24874919606119
-2.91635218190587,2.71068436209412,-1.23790274758342
-4.05874917236318,2.65815510009064,1.24346682902957
-3.34786820547269,3.04262386578099,0.605516630205916
-4.13865192524262,2.92952839684103,1.15870537750835
-2.86431059479682,2.53006588491163,-0.169683403370316
-3.01424047833913,3.09285413019121,0.207370217214198
-3.75972788489884,2.38862966965774,-1.93402580393899
-4.57196721950621,2.44408309851357,1.27830010984662
-3.50730772139746,2.10382020410663,-1.73826192491093
-4.13194189731357,2.78290600634789,1.11545381778265
-2.73308561702478,2.76508049322073,-0.753497304635354
-2.66000151983189,3.06487577905959,-0.213493066655965
-4.84776985041261,2.72827471419663,1.15154197649271
-2.99193147020178,2.63785620654552,-1.26156870785123
-4.215418795944,2.18166944621969,-1.92925023048629
-4.12000991813838,2.24682642520748,-1.99879928525696
-4.85314959315985,2.17853384750486,1.07827962161021
-4.77202522267242,2.95291554272305,1.01357394305953
-5.32299894899888,2.50827822094799,0.813724013744867
-3.67292464750127,2.61347156050058,-2.10550544239433
-5.32542369162065,2.10221383448148,0.961262450409832
-3.17428785059488,2.70143702478419,-2.02128400854941
-2.88679122221776,2.51132282435464,-0.612289767132719
-4.71068207639606,2.95724668145732,1.12920162072505
-3.45526802427792,2.9430243105837,0.937973604662265
-5.39662202445255,2.27617542056466,0.656101692681441
-4.7191262835818,2.29824394645658,1.12141904750173
-3.1702476320843,2.75499062052586,0.453581572528626
-5.28300310449697,2.76065876510236,0.951487861024714
-3.53186249461745,2.59376725467938,-1.85646669884753
-4.53119951191073,2.4124863360084,1.22108063842339
-3.27312625332201,2.7578275735641,-1.82782523979924
-4.71181724419654,2.32955373193268,1.26608326170028
-3.9388150983674,2.93533475423149,1.05752833098223
-3.34670656970254,2.6160978587518,0.698080382040305
-3.62395626876392,2.59969008870758,-1.90755978183896
-3.47490091567476,2.61035920746932,-1.84022654262284
-4.64403251728708,2.37513629260905,1.27585248038871
-4.06098385290398,2.21990723086838,-1.84128657201562
-5.44909857729307,2.43123812144879,0.761060587725239
-2.87068266328242,2.83132594389445,0.0722459101513166
-3.02380131511914,2.941001048382,0.521099288241648
-3.49343756176485,2.67970750486602,1.04220692158636
-3.5782387112735,2.78146629955849,1.05799616903727
-2.80081098992047,2.80202445770111,0.0493747789246476
-3.73243371866502,2.28565396019826,-1.71905076812762
-4.23132415830502,3.02472126382274,1.280186105623
-2.79239291034666,2.7386158913306,-0.0171491754422994
-3.48821016198787,3.0091497224725,0.802737004374928
-2.96550067205853,3.06576764679099,0.229261624946893
-3.07387010348731,2.69968664032901,0.55394064739857
-4.05578842326786,2.95749003162039,1.10618371276811
-3.74036003915314,2.58439677660559,1.18344006709363
-3.6419605168197,2.87847390307267,1.22176020981688
-5.13582424580308,2.20106758527161,0.930097487608081
-2.9007564216267,2.77157505485533,-0.796533356175204
-5.02915889414505,2.26792197245318,1.29854792904767
-4.42462170342085,2.75313499779504,1.08477548510207
-3.88175959916746,2.29833905224732,-1.95901729802618
-2.74764281584978,2.92976201719115,-0.735110390017464
-5.27614206247451,2.40421346537918,0.968554923095142
-3.0375722152619,2.58798501307154,-1.41883610098856
-2.99187973867306,2.45196643008011,-1.35282279967175
-3.83666820455375,2.4821967889161,-2.02298435824109
-3.06283026124512,2.69166564464067,-1.12880192395104
-5.25959823876555,2.31464063538016,0.991623386732154
-2.77192940003595,2.72123115987835,0.127767104851462
-2.68558366087655,2.90197754227518,-0.0844761552270012
-2.67322110537567,2.80683680126798,-0.931989319646921
-2.7913715772639,2.89625124397821,-0.928209119639545
-3.29386743776426,2.55088901604176,-1.81618345699616
-3.91779279118583,3.03608409700128,1.06672984872381
-3.7832143808985,2.16063688306203,-2.08374908632242
-3.12655163850748,2.69712414663693,-1.41851823027807
-2.84993599158081,2.73057175458418,-1.00015720501824
-4.58529043342735,2.62676818649042,1.23994868582086
-3.57619576074975,2.76942110649897,0.768945495291748
-2.94524288368796,2.80299967899048,0.467534129842015
-3.15091354782069,2.86378020345931,0.651285084807196
-4.97798849832099,3.03887050284895,1.16854338992014
-2.95949415830678,2.43318926012132,-1.33076580447624
-4.08573445926334,2.64097954096147,1.17694130681924
-4.22824079921232,2.37838128813758,-2.03732021353695
-2.88489202456943,3.00166956483799,-0.326130354343805
-3.56812614076894,2.77124674667765,1.05579173592143
-4.21408899294384,2.52195838367943,-2.06630163696741
-4.25809881595997,2.30221620526475,-1.96761430679755
-3.28347027633593,2.59160214147394,0.881523806132344
-4.14944352552616,2.49027413796696,-2.04540513549267
-5.16413905995008,2.06327827273198,1.05824574853633
-4.73744337099446,3.03299744115516,0.922782665778985
-5.30547752055915,2.80613619658816,0.973228658646341
-2.66210257931257,2.57892152500456,-0.428298542368033
-5.37288059941639,2.45705296872156,0.88379898362876
-4.05444394027446,2.87708588473804,1.24342468563466
-2.79653500462363,2.55643865317807,-0.999726377267602
-4.50573121956914,2.86514594425896,1.20371968808193
-3.74560160379922,3.03511641364734,0.899129971293214
-4.52491045992337,2.72978958760731,1.13113836422696
-2.73105275489613,2.97039908610733,-0.568626603571021
-3.36417004730269,2.14864368337528,-1.61612925262977
-3.74806473022689,2.79897210215134,0.980546610014568
-3.99546031277068,1.95189688665538,-1.96030475053016
-3.32054020644313,2.27433654972031,-1.69258939590683
-3.99820586451646,2.36313182956018,-2.10444106884426
-4.24610996257324,2.4967942568219,1.12263428964615
-3.47100224633704,2.17771188502313,-1.79934457828412
-2.79912479385154,2.92513959128792,-0.725409172814468
-3.70287330971651,2.16698535590529,-2.08376224341092
-3.87643158628699,2.25297593038126,-1.94920928607092
-3.16710167563123,2.54426891260152,-1.51716918841052
-5.24770935383646,2.29654520011739,1.14105680589513
-4.2328128702639,2.40372525818001,1.31979033641573
-3.39836928058764,2.9823730535801,0.893509112628397
-4.03786542849992,2.85964682182116,1.19086594681767
-4.00179159748938,2.72802277519399,0.909690490098106
-2.65754326238192,2.81783609493974,-0.603317378068826
-4.97934884364448,2.40558185567232,1.15038164159396
-3.45415742102671,2.63250900822936,-1.78560124650359
-4.28505841999649,2.68413613597674,1.25443789541166
-2.73627329206861,2.96816776472065,-0.850264685227768
-3.18894984936372,2.56505829013781,-1.57401108686976
-5.29091107919512,2.76126075494329,0.914903565039748
-3.15789763565751,2.44701051376433,-1.61195984763067
-4.09885813062341,2.87945202454731,1.0961210435961
-3.19251833979188,2.29786036461807,-1.54753987642539
-5.17956528255317,2.69531485474197,0.97265273705058
-5.28367259937643,2.16459492025614,0.976445393006808
-3.67008866812555,3.12688215050614,1.00291769261479
-3.95481836006243,2.66915267203089,-2.09621224367654
-3.34612455811149,2.85076647360986,0.814676083001205
-4.10782491096958,2.98750143011574,1.17080330732628
-2.84552840463743,3.06684568463298,-0.835590821598357
-3.88813741199467,2.54039431375123,-2.04092173662418
-3.55478511990866,2.76748154873425,-1.82924510724291
-3.73896780859866,2.21389114102012,-1.85611589150816
-4.29666261013246,2.22352620685652,-2.07555005229094
-5.66308505379041,2.82237816132655,0.586275395997033
-2.96749356601746,2.710649283833,-1.32266635879364
-3.89946783183016,2.56813989605802,1.11570532671462
-2.99745915266137,2.84562605222319,0.5253532735182
-5.11396363633812,2.93253117828322,0.924306471810587
-5.00319684826708,2.65356198492025,0.841449995153312
-4.46928793862731,2.70156563087671,1.25186355601503
-3.47800322418026,2.43349490727318,-1.80138544360099
-4.06191573644644,2.11451272726523,-1.99733992245684
-4.08691612932684,2.67056518869875,1.19640167040962
-4.78696142768066,2.43360413933281,1.16003746170808
-2.6574633501185,2.72883073281259,0.236268617962577
-5.13547508949066,2.73339324771403,1.05376967767769
-2.89052594709232,2.62885872344706,-1.40340055618173
-4.43004236993601,2.59242873718313,1.14000329480968
-3.44657246211043,2.76844060216198,-1.82478545916456
-5.09674307096664,2.5326445551667,1.07000781549262
-4.93210483456893,2.28641966583689,1.12826902144343
-5.26742904158617,2.72420373178404,0.860845109224706
-2.7631205372532,2.49258411974321,-1.04644678040263
-3.73551890648702,2.46534081258664,-1.93731443374914
-2.91234481628913,2.79538731488145,-0.761607332728454
-2.71382041616994,2.65949122536598,-0.69413014817796
-2.74544105685507,2.86267682224544,-0.0795877530525596
-2.71836232734727,2.72448269697888,-0.0906995918333418
-3.86580235080078,2.18219291267804,-1.93323758265711
-3.90917745457343,2.86472823393478,1.15103123860939
-4.66963043528017,2.45216062389749,1.2074199764299
-3.41582176047007,2.83558763618968,0.945480101593099
-5.54131739145429,2.79804862303303,0.621733913854104
-3.83517151615739,2.28522913359416,-1.94250082860276
-3.19853066806969,2.66479021951352,-1.60655109489278
-4.48396061651025,2.76597739746644,1.22665135993107
-4.66889738241089,2.46425305722,1.25194196862909
-5.35228814149389,2.56196257404003,0.91015536754098
-4.85927582449328,2.84602851208445,1.13422298054419
-3.08957199173843,2.42261931293132,-1.39307618126761
-3.24881559716329,2.49877455187285,-1.69065439508457
-3.22841702162628,2.52631700405489,-1.65769170645258
-2.88093230718329,2.72546594043849,0.022635395255862
-4.50053783047676,2.76025398534451,1.32954512342014
-3.10669917148892,3.13984194691001,0.552587846638717
-4.07816985428717,2.45242993273483,-2.03373941228946
-3.1775288032967,3.13046347575923,0.638944249841345
-3.75848078841269,2.08921743629586,-1.99351955587104
-3.19829053042356,2.67678521649008,0.525023374569163
-4.23269393736902,2.43426220337125,1.34450537520096
-4.21319413102634,2.20157741386516,-1.94286323247376
-2.76420649848895,2.58743560445408,-0.810636372494519
-4.24992735629534,2.71768340280093,0.996654203502308
-4.22745695066929,3.00379778549209,1.19464494895727
-3.45319553173743,2.79991746550977,0.959477602888339
-3.2258599353028,2.44280785945847,-1.59209738068767
-3.41132447492374,3.04984883539022,0.634419109783853
-3.7289844805358,2.93448590651521,0.96007546280396
